<Qucs Dataset 1.0.7>
<indep frequency 181>
  +1.00000000000000000000e+09
  +1.05000000000000000000e+09
  +1.10000000000000000000e+09
  +1.15000000000000000000e+09
  +1.20000000000000000000e+09
  +1.25000000000000000000e+09
  +1.30000000000000000000e+09
  +1.35000000000000000000e+09
  +1.40000000000000000000e+09
  +1.45000000000000000000e+09
  +1.50000000000000000000e+09
  +1.55000000000000000000e+09
  +1.60000000000000000000e+09
  +1.65000000000000000000e+09
  +1.70000000000000000000e+09
  +1.75000000000000000000e+09
  +1.80000000000000000000e+09
  +1.85000000000000000000e+09
  +1.90000000000000000000e+09
  +1.95000000000000000000e+09
  +2.00000000000000000000e+09
  +2.05000000000000000000e+09
  +2.10000000000000000000e+09
  +2.15000000000000000000e+09
  +2.20000000000000000000e+09
  +2.25000000000000000000e+09
  +2.30000000000000000000e+09
  +2.35000000000000000000e+09
  +2.40000000000000000000e+09
  +2.45000000000000000000e+09
  +2.50000000000000000000e+09
  +2.55000000000000000000e+09
  +2.60000000000000000000e+09
  +2.65000000000000000000e+09
  +2.70000000000000000000e+09
  +2.75000000000000000000e+09
  +2.80000000000000000000e+09
  +2.85000000000000000000e+09
  +2.90000000000000000000e+09
  +2.95000000000000000000e+09
  +3.00000000000000000000e+09
  +3.05000000000000000000e+09
  +3.10000000000000000000e+09
  +3.15000000000000000000e+09
  +3.20000000000000000000e+09
  +3.25000000000000000000e+09
  +3.30000000000000000000e+09
  +3.35000000000000000000e+09
  +3.40000000000000000000e+09
  +3.45000000000000000000e+09
  +3.50000000000000000000e+09
  +3.55000000000000000000e+09
  +3.60000000000000000000e+09
  +3.65000000000000000000e+09
  +3.70000000000000000000e+09
  +3.75000000000000000000e+09
  +3.80000000000000000000e+09
  +3.85000000000000000000e+09
  +3.90000000000000000000e+09
  +3.95000000000000000000e+09
  +4.00000000000000000000e+09
  +4.05000000000000000000e+09
  +4.10000000000000000000e+09
  +4.15000000000000000000e+09
  +4.20000000000000000000e+09
  +4.25000000000000000000e+09
  +4.30000000000000000000e+09
  +4.35000000000000000000e+09
  +4.40000000000000000000e+09
  +4.45000000000000000000e+09
  +4.50000000000000000000e+09
  +4.55000000000000000000e+09
  +4.60000000000000000000e+09
  +4.65000000000000000000e+09
  +4.70000000000000000000e+09
  +4.75000000000000000000e+09
  +4.80000000000000000000e+09
  +4.85000000000000000000e+09
  +4.90000000000000000000e+09
  +4.95000000000000000000e+09
  +5.00000000000000000000e+09
  +5.05000000000000000000e+09
  +5.10000000000000000000e+09
  +5.15000000000000000000e+09
  +5.20000000000000000000e+09
  +5.25000000000000000000e+09
  +5.30000000000000000000e+09
  +5.35000000000000000000e+09
  +5.40000000000000000000e+09
  +5.45000000000000000000e+09
  +5.50000000000000000000e+09
  +5.55000000000000000000e+09
  +5.60000000000000000000e+09
  +5.65000000000000000000e+09
  +5.70000000000000000000e+09
  +5.75000000000000000000e+09
  +5.80000000000000000000e+09
  +5.85000000000000000000e+09
  +5.90000000000000000000e+09
  +5.95000000000000000000e+09
  +6.00000000000000000000e+09
  +6.05000000000000000000e+09
  +6.10000000000000000000e+09
  +6.15000000000000000000e+09
  +6.20000000000000000000e+09
  +6.25000000000000000000e+09
  +6.30000000000000000000e+09
  +6.35000000000000000000e+09
  +6.40000000000000000000e+09
  +6.45000000000000000000e+09
  +6.50000000000000000000e+09
  +6.55000000000000000000e+09
  +6.60000000000000000000e+09
  +6.65000000000000000000e+09
  +6.70000000000000000000e+09
  +6.75000000000000000000e+09
  +6.80000000000000000000e+09
  +6.85000000000000000000e+09
  +6.90000000000000000000e+09
  +6.95000000000000000000e+09
  +7.00000000000000000000e+09
  +7.05000000000000000000e+09
  +7.10000000000000000000e+09
  +7.15000000000000000000e+09
  +7.20000000000000000000e+09
  +7.25000000000000000000e+09
  +7.30000000000000000000e+09
  +7.35000000000000000000e+09
  +7.40000000000000000000e+09
  +7.45000000000000000000e+09
  +7.50000000000000000000e+09
  +7.55000000000000000000e+09
  +7.60000000000000000000e+09
  +7.65000000000000000000e+09
  +7.70000000000000000000e+09
  +7.75000000000000000000e+09
  +7.80000000000000000000e+09
  +7.85000000000000000000e+09
  +7.90000000000000000000e+09
  +7.95000000000000000000e+09
  +8.00000000000000000000e+09
  +8.05000000000000000000e+09
  +8.10000000000000000000e+09
  +8.15000000000000000000e+09
  +8.20000000000000000000e+09
  +8.25000000000000000000e+09
  +8.30000000000000000000e+09
  +8.35000000000000000000e+09
  +8.40000000000000000000e+09
  +8.45000000000000000000e+09
  +8.50000000000000000000e+09
  +8.55000000000000000000e+09
  +8.60000000000000000000e+09
  +8.65000000000000000000e+09
  +8.70000000000000000000e+09
  +8.75000000000000000000e+09
  +8.80000000000000000000e+09
  +8.85000000000000000000e+09
  +8.90000000000000000000e+09
  +8.95000000000000000000e+09
  +9.00000000000000000000e+09
  +9.05000000000000000000e+09
  +9.10000000000000000000e+09
  +9.15000000000000000000e+09
  +9.20000000000000000000e+09
  +9.25000000000000000000e+09
  +9.30000000000000000000e+09
  +9.35000000000000000000e+09
  +9.40000000000000000000e+09
  +9.45000000000000000000e+09
  +9.50000000000000000000e+09
  +9.55000000000000000000e+09
  +9.60000000000000000000e+09
  +9.65000000000000000000e+09
  +9.70000000000000000000e+09
  +9.75000000000000000000e+09
  +9.80000000000000000000e+09
  +9.85000000000000000000e+09
  +9.90000000000000000000e+09
  +9.95000000000000000000e+09
  +1.00000000000000000000e+10
</indep>
<dep S21_phase frequency>
  -9.25018008494322856450e+01
  -9.45096061504533082598e+01
  -9.64430103417826387613e+01
  -9.83101199142475508097e+01
  -1.00117895499804561155e+02
  -1.01872338667209263008e+02
  -1.03578645037542358409e+02
  -1.05241330202727411347e+02
  -1.06864333652072573955e+02
  -1.08451104875464423571e+02
  -1.10004674980161269104e+02
  -1.11527716494829093108e+02
  -1.13022593506919463380e+02
  -1.14491403860345599242e+02
  -1.15936014807250074909e+02
  -1.17358093242383674237e+02
  -1.18759131437033190082e+02
  -1.20140469020125237876e+02
  +5.84966881816332886501e+01
  +5.71512519420697842065e+01
  +5.58222376580140746682e+01
  +5.45087522532660173624e+01
  +5.32099836794040115251e+01
  +5.19251917764442367798e+01
  +5.06537002950372610144e+01
  +4.93948899139867734220e+01
  +4.81481921130796379771e+01
  +4.69130837830962192925e+01
  +4.56890824728977804625e+01
  +4.44757421885528003713e+01
  +4.32726496720560760423e+01
  +4.20794210977034310872e+01
  +4.08956991330738475199e+01
  +3.97211503189923860191e+01
  +3.85554627291937990208e+01
  +3.73983438757284787357e+01
  +3.62495188307034368336e+01
  +3.51087285388270231579e+01
  +3.39757282985206643389e+01
  +3.28502863922084671344e+01
  +3.17321828488147907876e+01
  +3.06212083235908139045e+01
  +2.95171630822035275798e+01
  +2.84198560775690687308e+01
  +2.73291041092628219644e+01
  +2.62447310565102398527e+01
  +2.51665671767760770194e+01
  +2.40944484628551762739e+01
  +2.30282160521402801123e+01
  +2.19677156824057533413e+01
  +2.09127971890494208651e+01
  +1.98633140392278235709e+01
  +1.88191228987912104742e+01
  +1.77800832282948668706e+01
  +1.67460569047253997610e+01
  +1.57169078658701213413e+01
  +1.46925017745217285636e+01
  +1.36727056999376976876e+01
  +1.26573878141741857917e+01
  +1.16464171010773398507e+01
  +1.06396630758696275620e+01
  +9.63699551338359761132e+00
  +8.63828418310378154388e+00
  +7.64339858925576098869e+00
  +6.65220771425980839098e+00
  +5.66457976389744022327e+00
  +4.68038191259236402431e+00
  +3.69948004721381318305e+00
  +2.72173850781649084851e+00
  +1.74701982372477870875e+00
  +7.75184443335739881142e-01
  -1.93909544020491514393e-01
  -1.16040669588612654906e+00
  -2.12445451593982159721e+00
  -3.08620376660842987704e+00
  -4.04580879702233620065e+00
  -5.00342788844377306390e+00
  -5.95922361944517486876e+00
  -6.91336325330532641686e+00
  -7.86601915027371489941e+00
  -8.81736920761207088049e+00
  -9.76759733056975143484e+00
  -1.07168939377662422174e+01
  -1.16654565047991578552e+01
  -1.26134901502875038659e+01
  -1.35612082690129085449e+01
  -1.45088332173344181086e+01
  -1.54565970566240427075e+01
  -1.64047423611413485389e+01
  -1.73535230975157617195e+01
  -1.83032055838565561601e+01
  -1.92540695374997632427e+01
  -2.02064092215130557406e+01
  -2.11605347013659219613e+01
  -2.21167732246341550706e+01
  -2.30754707382984847186e+01
  -2.40369935601296376149e+01
  -2.50017302228849800372e+01
  -2.59700935126113385820e+01
  -2.69425227253281818207e+01
  -2.79194861698016332241e+01
  -2.89014839481191039283e+01
  -2.98890510504085291643e+01
  -3.08827608054664715098e+01
  -3.18832287353409711272e+01
  -3.28911168693191982015e+01
  -3.39071385813756620564e+01
  -3.49320640252996525987e+01
  -3.59667262536184892951e+01
  -3.70120281204955574594e+01
  -3.80689500853452216234e+01
  -3.91385590535164951120e+01
  -4.02220184136097458349e+01
  -4.13205994585243630013e+01
  -4.24356944100451727309e+01
  -4.35688313056502636300e+01
  -4.47216910524852053754e+01
  -4.58961270084845409656e+01
  -4.70941875161045402365e+01
  -4.83181418919127096956e+01
  -4.95705104675244996315e+01
  -5.08540993863021242305e+01
  -5.21720409882391606970e+01
  -5.35278407645399525450e+01
  -5.49254320349850999605e+01
  -5.63692396949735226030e+01
  -5.78642545918323492060e+01
  -5.94161203127966146553e+01
  -6.10312343815187503537e+01
  -6.27168660316659654086e+01
  -6.44812927939263857979e+01
  -6.63339579922833308956e+01
  -6.82856507231307148231e+01
  -7.03487087041962979583e+01
  -7.25372420787289513555e+01
  -7.48673721414711650368e+01
  -7.73574719513939044191e+01
  -8.00283843589373020677e+01
  -8.29035749702193953681e+01
  -8.60091503598037405709e+01
  -8.93736328236708317263e+01
  -9.30273311586342259716e+01
  -9.70010866356463736793e+01
  -1.01324120827936368983e+02
  -1.06020705769895243975e+02
  -1.11105486956067636584e+02
  -1.16577610895251609691e+02
  -1.22414411114947611736e+02
  -1.28566215800421304039e+02
  -1.34954494604990600237e+02
  -1.41475424949230898619e+02
  -1.48009526440598307317e+02
  -1.54435601913373744765e+02
  -1.60645174836657986361e+02
  -1.66553361953230194104e+02
  -1.72103855459586810639e+02
  -1.77268161095839673180e+02
  +1.77959035740485717270e+02
  +1.73566094689254896366e+02
  +1.69530488579836543295e+02
  +1.65823785783111986802e+02
  +1.62415282241913388361e+02
  +1.59274401076426045165e+02
  +1.56372127488402668405e+02
  +1.53681759817148417824e+02
  +1.51179211299745588803e+02
  +1.48843036495839925237e+02
  +1.46654301895514322496e+02
  +1.44596378243276006970e+02
  +1.42654702393638018521e+02
  +1.40816536638444887330e+02
  +1.39070740709423319004e+02
  +1.37407563795903598702e+02
  -4.41815407539017925842e+01
  -4.57040780255147041089e+01
  -4.71666527976503004993e+01
  -4.85750914863188043569e+01
  -4.99345470011992844661e+01
  -5.12495887106738834404e+01
  -5.25242795574953902360e+01
  -5.37622421586315226705e+01
</dep>
<dep S11_phase frequency>
  +1.77497433707147365567e+02
  +1.75488979792303297245e+02
  +1.73554921069353980556e+02
  +1.71687150755138191016e+02
  +1.69878708041037668863e+02
  +1.68123591275828999869e+02
  +1.66416604833284139886e+02
  +1.64753233180256444257e+02
  +1.63129536939384337302e+02
  +1.61542066777191621441e+02
  +1.59987791780170454103e+02
  +1.58464039644878397439e+02
  +1.56968446535674445386e+02
  +1.55498914882952647076e+02
  +1.54053577727919645213e+02
  +1.52630768485273847546e+02
  +1.51228995206766768433e+02
  +1.49846918597921586525e+02
  +1.48483333176015293020e+02
  +1.47137151066741324712e+02
  +1.45807388025252294028e+02
  +1.44493151338830983832e+02
  +1.43193629326595242901e+02
  +1.41908082199132280721e+02
  +1.40635834079812497066e+02
  +1.39376266021488902425e+02
  +1.38128809878610127271e+02
  +1.36892942916573105094e+02
  +1.35668183058214935954e+02
  +1.34454084682405749618e+02
  +1.33250234902276616822e+02
  +1.32056250261154502823e+02
  +1.30871773793138743258e+02
  +1.29696472402699725990e+02
  +1.28530034524010943642e+02
  +1.27372168026054268353e+02
  +1.26222598334088516481e+02
  +1.25081066741949555876e+02
  +1.23947328892942849166e+02
  +1.22821153409936812295e+02
  +1.21702320657685646665e+02
  +1.20590621622503718413e+02
  +1.19485856896222827572e+02
  +1.18387835752909964526e+02
  +1.17296375308183172592e+02
  +1.16211299752123949247e+02
  +1.15132439647804886818e+02
  +1.14059631288337229194e+02
  +1.12992716106106371399e+02
  +1.11931540128543943524e+02
  +1.10875953475368532963e+02
  +1.09825809892736998563e+02
  +1.08780966320206957221e+02
  +1.07741282486791121187e+02
  +1.06706620532740018348e+02
  +1.05676844653980154476e+02
  +1.04651820766400035723e+02
  +1.03631416187406074414e+02
  +1.02615499332362929863e+02
  +1.01603939423708055756e+02
  +1.00596606210668895187e+02
  +9.95933696976459259531e+01
  +9.85940998794122123172e+01
  +9.75986664813781175098e+01
  +9.66069387032296020834e+01
  +9.56187849642969922570e+01
  +9.46340726490504948742e+01
  +9.36526678511337138389e+01
  +9.26744351143501035040e+01
  +9.16992371690083416524e+01
  +9.07269346620055472386e+01
  +8.97573858789840954842e+01
  +8.87904464568439095729e+01
  +8.78259690848151990394e+01
  +8.68638031922062907597e+01
  +8.59037946208314764363e+01
  +8.49457852799923784914e+01
  +8.39896127817349622546e+01
  +8.30351100539222670704e+01
  +8.20821049284691355297e+01
  +8.11304197018383632667e+01
  +8.01798706646419105937e+01
  +7.92302675968776668469e+01
  +7.82814132249931304841e+01
  +7.73331026365628702024e+01
  +7.63851226479315243978e+01
  +7.54372511196485220353e+01
  +7.44892562139554286205e+01
  +7.35408955879185697313e+01
  +7.25919155150463666359e+01
  +7.16420499273834963105e+01
  +7.06910193690859642857e+01
  +6.97385298513705151890e+01
  +6.87842715974494751663e+01
  +6.78279176646007044837e+01
  +6.68691224288370449358e+01
  +6.59075199157096562885e+01
  +6.49427219585509334365e+01
  +6.39743161628983472156e+01
  +6.30018636528692681509e+01
  +6.20248965718243638889e+01
  +6.10429153056684583589e+01
  +6.00553853925161504890e+01
  +5.90617340770368031144e+01
  +5.80613464615322953932e+01
  +5.70535611984134973795e+01
  +5.60376656601576499384e+01
  +5.50128905126958045457e+01
  +5.39784036063164336383e+01
  +5.29333030841490170815e+01
  +5.18766095917871794541e+01
  +5.08072574520625082073e+01
  +4.97240846458573741984e+01
  +4.86258214124175296433e+01
  +4.75110772500512368310e+01
  +4.63783260594055519732e+01
  +4.52258891254774724189e+01
  +4.40519155797764128124e+01
  +4.28543599189713830810e+01
  +4.16309560790870705205e+01
  +4.03791874727764366071e+01
  +3.90962522892102484207e+01
  +3.77790232294131413937e+01
  +3.64240007025731529211e+01
  +3.50272583397762318214e+01
  +3.35843794913629238863e+01
  +3.20903831665133125739e+01
  +3.05396376583185613640e+01
  +2.89257598942331561886e+01
  +2.72414983969013455578e+01
  +2.54785976985492403912e+01
  +2.36276422336194222851e+01
  +2.16778783230975946594e+01
  +1.96170141613841586548e+01
  +1.74310002086132591614e+01
  +1.51037968498684609386e+01
  +1.26171438148799630596e+01
  +9.95035851676439975222e+00
  +7.08021100073908726813e+00
  +3.98095596257654271710e+00
  +6.24654565356728919134e-01
  -3.01799449865720825770e+00
  -6.97593025935926647207e+00
  -1.12743005525240587161e+01
  -1.59267961916452414073e+01
  -2.09093407142798213272e+01
  -2.58750847366447729314e+01
  +1.46754134000957094486e+02
  +1.41119691929133921349e+02
  +1.34834575558580183952e+02
  +1.28358049608239468853e+02
  +1.21848809480073555278e+02
  +1.15438726634098969726e+02
  +1.09240379059946292273e+02
  +1.03340562866098906625e+02
  +9.77965981233982404319e+01
  +9.26375649675372301317e+01
  +8.78691406072847485120e+01
  +8.34799211277345420967e+01
  +7.94475401239054264124e+01
  +7.57436790914025976917e+01
  +7.23377158901374599509e+01
  +6.91991344201347118315e+01
  +6.62989659333345997538e+01
  +6.36105442998125596432e+01
  +6.11098106124980091636e+01
  +5.87753415810841701727e+01
  +5.65882215326197055560e+01
  +5.45318357395152659706e+01
  +5.25916330113942507296e+01
  +5.07548855707114014990e+01
  +4.90104614693371232192e+01
  +4.73486169229173086137e+01
  +4.57608112571340086561e+01
  +4.42395445066320576188e+01
  +4.27782163068538565653e+01
  +4.13710040704601524908e+01
  +4.00127582278336575428e+01
  +3.86989123405097430464e+01
  +3.74254060495295206579e+01
  +3.61886190282022397469e+01
</dep>
<dep S21_dB frequency>
  -1.22813661641243889733e+01
  -1.30296917875992548375e+01
  -1.37990160972155599950e+01
  -1.45942495697232885732e+01
  -1.54211502856946385265e+01
  -1.62865967122915940024e+01
  -1.71989754360438844571e+01
  -1.81687447606209246942e+01
  -1.92092781847133124984e+01
  -2.03381727788670296775e+01
  -2.15793689923676303977e+01
  -2.29667737480011133755e+01
  -2.45508831091557375714e+01
  -2.64119906939884501185e+01
  -2.86898453599421578986e+01
  -3.16627865009547804220e+01
  -3.60278811649526033989e+01
  -4.47264293980480687196e+01
  -4.81974779764739054144e+01
  -3.75195681182316178592e+01
  -3.29739622202627344905e+01
  -3.00739613731889043891e+01
  -2.79544620306467237469e+01
  -2.62917309068099136482e+01
  -2.49288544365057802565e+01
  -2.37777850968160890943e+01
  -2.27841581372197339306e+01
  -2.19120507908302606381e+01
  -2.11364908185055782042e+01
  -2.04394197506855022084e+01
  -1.98073595736286698354e+01
  -1.92299870787539859407e+01
  -1.86992226436897155395e+01
  -1.82086256470315284162e+01
  -1.77529804945231610702e+01
  -1.73280054233065499147e+01
  -1.69301428417061394782e+01
  -1.65564052694935384125e+01
  -1.62042600837897090571e+01
  -1.58715419105236925645e+01
  -1.55563850741436198177e+01
  -1.52571708409533286499e+01
  -1.49724857355331568698e+01
  -1.47010882570283474280e+01
  -1.44418820455260625835e+01
  -1.41938940567672560178e+01
  -1.39562566656402218257e+01
  -1.37281928807332285203e+01
  -1.35090040439178427079e+01
  -1.32980595309597138254e+01
  -1.30947880755149874688e+01
  -1.28986704193433183718e+01
  -1.27092330530371988573e+01
  -1.25260428589170942359e+01
  -1.23487025045414782198e+01
  -1.21768464640801674648e+01
  -1.20101375675195516379e+01
  -1.18482639957053095259e+01
  -1.16909366536422698601e+01
  -1.15378868660645395039e+01
  -1.13888643486572043173e+01
  -1.12436354159400551112e+01
  -1.11019813930426245463e+01
  -1.09636972037242976796e+01
  -1.08285901112097562304e+01
  -1.06964785919086384780e+01
  -1.05671913250006959117e+01
  -1.04405662832994909905e+01
  -1.03164499128467497258e+01
  -1.01946963904078220509e+01
  -1.00751669494866042953e+01
  -9.95772926670665192717e+00
  -9.84225690144950249305e+00
  -9.72862878252696994252e+00
  -9.61672873642538839078e+00
  -9.50644505230689418340e+00
  -9.39767007951067334659e+00
  -9.29029985377411016145e+00
  -9.18423374880395115838e+00
  -9.07937415018326454685e+00
  -8.97562614890057375305e+00
  -8.87289725205260459973e+00
  -8.77109710849399348831e+00
  -8.67013724740257529788e+00
  -8.56993082789042226466e+00
  -8.47039239793535614353e+00
  -8.37143766102096975601e+00
  -8.27298324897736847561e+00
  -8.17494649959438746123e+00
  -8.07724523764502144729e+00
  -7.97979755801391821279e+00
  -7.88252160966240822404e+00
  -7.78533537919401474880e+00
  -7.68815647280311242895e+00
  -7.59090189540159254733e+00
  -7.49348782572097782406e+00
  -7.39582938618530949526e+00
  -7.29784040634279485005e+00
  -7.19943317863366960552e+00
  -7.10051820525956145502e+00
  -7.00100393491116257394e+00
  -6.90079648810515777768e+00
  -6.79979936988949873466e+00
  -6.69791316869212494112e+00
  -6.59503524014080255711e+00
  -6.49105937475148220273e+00
  -6.38587544851614019592e+00
  -6.27936905560543046079e+00
  -6.17142112268608755699e+00
  -6.06190750474588391228e+00
  -5.95069856288215159879e+00
  -5.83765872527847928808e+00
  -5.72264603365375812416e+00
  -5.60551167890704160612e+00
  -5.48609953162416630335e+00
  -5.36424567573468813464e+00
  -5.23977795712510818760e+00
  -5.11251556373317228577e+00
  -4.98226865996641699041e+00
  -4.84883810674926785111e+00
  -4.71201530982718086449e+00
  -4.57158225413331642528e+00
  -4.42731180235939714152e+00
  -4.27896836317001572070e+00
  -4.12630907116281964164e+00
  -3.96908566997292000522e+00
  -3.80704735625700285695e+00
  -3.63994493157938769912e+00
  -3.46753672938499324374e+00
  -3.28959694572898753151e+00
  -3.10592721888350187243e+00
  -2.91637259165569373565e+00
  -2.72084337233747231011e+00
  -2.51934490957993695304e+00
  -2.31201793648147191362e+00
  -2.09919293414498220329e+00
  -1.88146290225304935184e+00
  -1.65977992863645207322e+00
  -1.43558181811307838949e+00
  -1.21095532943589123676e+00
  -9.88841419277497357676e-01
  -7.73283799124038884187e-01
  -5.69712720483317891507e-01
  -3.85238108950088087301e-01
  -2.28897133556493159734e-01
  -1.11761450392556443978e-01
  -4.67681829838371213026e-02
  -4.81217809831735801596e-02
  -1.30163348762798253277e-01
  -3.05757570832164260466e-01
  -5.84489169924636398079e-01
  -9.71177565628612127213e-01
  -1.46523686503570371720e+00
  -2.06114216022029372866e+00
  -2.74983794819384685937e+00
  -3.52060317037282821673e+00
  -4.36284238482887243293e+00
  -5.26746061316816494013e+00
  -6.22773209437837493851e+00
  -7.23975630605718833976e+00
  -8.30267342789485951471e+00
  -9.41881864410278879518e+00
  -1.05939785360032878714e+01
  -1.18379114839826797834e+01
  -1.31653375366229177246e+01
  -1.45977324109066408653e+01
  -1.61665662442820554645e+01
  -1.79193537408763923224e+01
  -1.99317553645769649506e+01
  -2.23345004778545899171e+01
  -2.53837859139967747524e+01
  -2.97010721558512038598e+01
  -3.76836644934516016292e+01
  -4.54222589474404188081e+01
  -3.29056085039565644479e+01
  -2.82055636502737812066e+01
  -2.53203413565726478396e+01
  -2.32641118768604435729e+01
  -2.16828518773994183277e+01
  -2.04085742605318429810e+01
  -1.93482976072595818096e+01
</dep>
<dep S11_dB frequency>
  -2.77036892769611131637e-01
  -2.34304218076866438425e-01
  -1.97789693521029985579e-01
  -1.66549983518039068642e-01
  -1.39816173393714993090e-01
  -1.16956755398132911106e-01
  -9.74493551600573160165e-02
  -8.08589445410946155990e-02
  -6.68209130877152474026e-02
  -5.50278110717441412691e-02
  -4.52188904936754523800e-02
  -3.71717953680255550064e-02
  -3.06959155633561714405e-02
  -2.56270375551382115220e-02
  -2.18230132107347790660e-02
  -1.91602329245739930186e-02
  -1.75307382313882598179e-02
  -1.68398458360975895876e-02
  -1.70041829563460436536e-02
  -1.79500552507873487040e-02
  -1.96120850573548721751e-02
  -2.19320704047542801296e-02
  -2.48580251839176646911e-02
  -2.83433686392370320917e-02
  -3.23462384634719060661e-02
  -3.68289066280661353536e-02
  -4.17572809395763550055e-02
  -4.71004783982718264190e-02
  -5.28304589139558244959e-02
  -5.89217099348423103966e-02
  -6.53509741664646537362e-02
  -7.20970138776976521289e-02
  -7.91404063689204878562e-02
  -8.64633660625661881749e-02
  -9.40495894043053559663e-02
  -1.01884119365222236553e-01
  -1.09953226834876349738e-01
  -1.18244306610091887144e-01
  -1.26745786031641161085e-01
  -1.35447044611350903009e-01
  -1.44338343236100730138e-01
  -1.53410761741441192818e-01
  -1.62656143821027193708e-01
  -1.72067048385835669189e-01
  -1.81636706612769482927e-01
  -1.91358984028858453152e-01
  -2.01228347069515867140e-01
  -2.11239833627370865443e-01
  -2.21389027176325969837e-01
  -2.31672034114043357000e-01
  -2.42085464016640189433e-01
  -2.52626412544020517714e-01
  -2.63292446772531330001e-01
  -2.74081592766264592331e-01
  -2.84992325228068499321e-01
  -2.96023559098144373181e-01
  -3.07174642992437962885e-01
  -3.18445354394716995117e-01
  -3.29835896535648931405e-01
  -3.41346896911171093780e-01
  -3.52979407408992806872e-01
  -3.64734906028289951330e-01
  -3.76615300193376911775e-01
  -3.88622931676874727724e-01
  -4.00760583162567962656e-01
  -4.13031486493477428823e-01
  -4.25439332665125680144e-01
  -4.37988283639769493405e-01
  -4.50682986073535740701e-01
  -4.63528587065164532355e-01
  -4.76530752053633821497e-01
  -4.89695685011044989920e-01
  -5.03030151098929012576e-01
  -5.16541501979021933089e-01
  -5.30237703995272258162e-01
  -5.44127369472515831639e-01
  -5.58219791408395060728e-01
  -5.72524981870822347041e-01
  -5.87053714452909103372e-01
  -6.01817571181551547177e-01
  -6.16828994326898194522e-01
  -6.32101343616476407661e-01
  -6.47648959422941761233e-01
  -6.63487232568327645055e-01
  -6.79632681471712296606e-01
  -6.96103037463803087093e-01
  -7.12917339202822075706e-01
  -7.30096037252405127838e-01
  -7.47661110029502529173e-01
  -7.65636192498930889805e-01
  -7.84046719186430762782e-01
  -8.02920083309810239669e-01
  -8.22285814090805589061e-01
  -8.42175774618305172936e-01
  -8.62624382992465799092e-01
  -8.83668859900755943038e-01
  -9.05349506270698545229e-01
  -9.27710015227313777864e-01
  -9.50797823270286390773e-01
  -9.74664506401642594113e-01
  -9.99366227902219184109e-01
  -1.02496424560968990569e+00
  -1.05152548793000688576e+00
  -1.07912320947056672438e+00
  -1.10783773917369976481e+00
  -1.13775733623886665669e+00
  -1.16897917203793189067e+00
  -1.20161045978296354697e+00
  -1.23576975804558575334e+00
  -1.27158847955726606038e+00
  -1.30921264328557152012e+00
  -1.34880491591369144899e+00
  -1.39054699896546463123e+00
  -1.43464243046313355556e+00
  -1.48131988589644070231e+00
  -1.53083708335785195764e+00
  -1.58348542321036878100e+00
  -1.63959552526322638322e+00
  -1.69954386838037585505e+00
  -1.76376079176577826857e+00
  -1.83274018801299765080e+00
  -1.90705131108324010825e+00
  -1.98735324565804760688e+00
  -2.07441274898737804122e+00
  -2.16912639835516252163e+00
  -2.27254827953864246837e+00
  -2.38592486759734789814e+00
  -2.51073933052260178656e+00
  -2.64876830321522982459e+00
  -2.80215534810886168771e+00
  -2.97350701798199112957e+00
  -3.16601995157833204786e+00
  -3.38365123214475538305e+00
  -3.63135011498701221200e+00
  -3.91537856727710309457e+00
  -4.24376337668227066047e+00
  -4.62694864793001414682e+00
  -5.07876384307699524356e+00
  -5.61790927281797713988e+00
  -6.27033366899375277370e+00
  -7.07324875275796927099e+00
  -8.08239464282487496405e+00
  -9.38645489149309852905e+00
  -1.11395025495438737551e+01
  -1.36487710660076171365e+01
  -1.76958242817519746382e+01
  -2.68515936791892642077e+01
  -2.67057097563423972986e+01
  -1.68993807839264285064e+01
  -1.23147237900350532414e+01
  -9.33755695953063913350e+00
  -7.19304953267455360333e+00
  -5.57828736916393275180e+00
  -4.33766274984565303185e+00
  -3.37590976429457390040e+00
  -2.62751414984413589337e+00
  -2.04420085435654330652e+00
  -1.58914440644302823458e+00
  -1.23386550779314885240e+00
  -9.56268973671008271076e-01
  -7.39228489526722598590e-01
  -5.69491655959692866240e-01
  -4.36813637103297125464e-01
  -3.33272562217402923412e-01
  -2.52733585186357467833e-01
  -1.90433545416803573502e-01
  -1.42661705846319319946e-01
  -1.06515692324018529380e-01
  -7.97154797058704928103e-02
  -6.04617442543382566100e-02
  -4.73279149106678523329e-02
  -3.91777355737043808670e-02
  -3.51021191202468690884e-02
  -3.43705993661068548439e-02
  -3.63938503718518324703e-02
  -4.06946203652435167797e-02
  -4.68850859977797129741e-02
  -5.46491249473222834299e-02
  -6.37283725797822414583e-02
  -7.39112031845258615759e-02
  -8.50239820332426010641e-02
</dep>
<dep Zin_ohm frequency>
  +6.76098388062355866168e+01
  +1.04078823652563642099e+02
  +1.43607182288126978165e+02
  +1.83251149398240755772e+02
  +2.22300734102871956566e+02
  +2.60578845979824848200e+02
  +2.98069569845470482505e+02
  +3.34811943059948646351e+02
  +3.70863443166812089657e+02
  +4.06285945079544831060e+02
  +4.41140033909216469965e+02
  +4.75482744358388572437e+02
  +5.09366795695825317125e+02
  +5.42840498909840107444e+02
  +5.75947962787383403338e+02
  +6.08729422694678532935e+02
  +6.41221607154037997134e+02
  +6.73458101490229296360e+02
  +7.05469689836897714486e+02
  +7.37284667944563352648e+02
  +7.68929124878343259297e+02
  +8.00427194486024404796e+02
  +8.31801278809888913202e+02
  +8.63072246117053737180e+02
  +8.94259606313842823511e+02
  +9.25381666393496630008e+02
  +9.56455668356356454751e+02
  +9.87497911796332914491e+02
  +1.01852386309999474179e+03
  +1.04954825297015099750e+03
  +1.08058516377212481530e+03
  +1.11164810801016574260e+03
  +1.14275009907334151649e+03
  +1.17390371524429087913e+03
  +1.20512115783665035451e+03
  +1.23641430421775407922e+03
  +1.26779475637856876347e+03
  +1.29927388563138993050e+03
  +1.33086287394640862658e+03
  +1.36257275237797762202e+03
  +1.39441443698031162057e+03
  +1.42639876256835918866e+03
  +1.45853651464177437447e+03
  +1.49083845975817803264e+03
  +1.52331537461425136826e+03
  +1.55597807407030359172e+03
  +1.58883743833436642490e+03
  +1.62190443950550456975e+03
  +1.65519016766279673902e+03
  +1.68870585667526574980e+03
  +1.72246290989953081407e+03
  +1.75647292592544408762e+03
  +1.79074772452503657405e+03
  +1.82529937295758486471e+03
  +1.86014021278195696141e+03
  +1.89528288732813257411e+03
  +1.93074036998154565481e+03
  +1.96652599343736824267e+03
  +2.00265348008700857463e+03
  +2.03913697370555655652e+03
  +2.07599107261739345631e+03
  +2.11323086452673533131e+03
  +2.15087196321220108075e+03
  +2.18893054729774348743e+03
  +2.22742340132827121124e+03
  +2.26636795939652984089e+03
  +2.30578235158813458838e+03
  +2.34568545353519175478e+03
  +2.38609693939537146434e+03
  +2.42703733860296733837e+03
  +2.46852809677218738216e+03
  +2.51059164117079126299e+03
  +2.55325145122465164604e+03
  +2.59653213456193952879e+03
  +2.64045950915952425930e+03
  +2.68506069221503639710e+03
  +2.73036419643647604971e+03
  +2.77640003451849497651e+03
  +2.82319983266173130687e+03
  +2.87079695408939505796e+03
  +2.91922663362690445865e+03
  +2.96852612453520487179e+03
  +3.01873485893062024843e+03
  +3.06989462328406034430e+03
  +3.12204975067446184767e+03
  +3.17524733167610247619e+03
  +3.22953744599295623630e+03
  +3.28497341721586963104e+03
  +3.34161209337705213329e+03
  +3.39951415631376858073e+03
  +3.45874446323386382574e+03
  +3.51937242430659352976e+03
  +3.58147242058638039452e+03
  +3.64512426712120441152e+03
  +3.71041372670554619617e+03
  +3.77743308041431828315e+03
  +3.84628176180070067858e+03
  +3.91706706245646864772e+03
  +3.98990491751127501630e+03
  +4.06492078057362596155e+03
  +4.14225059856262942048e+03
  +4.22204189780063097714e+03
  +4.30445499355512583861e+03
  +4.38966433581867840985e+03
  +4.47786000430802778283e+03
  +4.56924936517782680312e+03
  +4.66405890034920957987e+03
  +4.76253621702567579632e+03
  +4.86495223895510207512e+03
  +4.97160357089444187295e+03
  +5.08281501143307741586e+03
  +5.19894216370351932710e+03
  +5.32037405387285070901e+03
  +5.44753560668423233437e+03
  +5.58088973527038706379e+03
  +5.72093866338555653783e+03
  +5.86822388878549827496e+03
  +6.02332388194245959312e+03
  +6.18684814294524767320e+03
  +6.35942553515058170888e+03
  +6.54168376621225343115e+03
  +6.73421533830081261840e+03
  +6.93752302528854488628e+03
  +7.15193468434161695768e+03
  +7.37747268136093589419e+03
  +7.61365722209183695668e+03
  +7.85921570562529996096e+03
  +8.11166337314402699121e+03
  +8.36671839640951293404e+03
  +8.61752724755957933667e+03
  +8.85372343175115202030e+03
  +9.06045568621046186308e+03
  +9.21773297461126821872e+03
  +9.30073255207503643760e+03
  +9.28195491798339207890e+03
  +9.13590738031100408989e+03
  +8.84590155933179084968e+03
  +8.41068931054868153296e+03
  +7.84743455120959060878e+03
  +7.18874750438054070401e+03
  +6.47494213806200059480e+03
  +5.74539389609919544455e+03
  +5.03257688869702815282e+03
  +4.35998193700664342032e+03
  +3.74305876906932871861e+03
  +3.19169006669922873698e+03
  +2.71303995489318276668e+03
  +2.31408077347038579319e+03
  +2.00311443283206062915e+03
  +1.78902284586610267070e+03
  +1.67687868679088796853e+03
  +1.66169134658683651651e+03
  +1.72682324704336906507e+03
  +1.85001255027821389376e+03
  +2.01087576310248323352e+03
  +2.19433351270210914663e+03
  +2.39046643734306917395e+03
  +2.59315491147861985155e+03
  +2.79877871172034656411e+03
  +3.00528875620505823463e+03
  +3.21160895380449755976e+03
  +3.41726484713702075169e+03
  +3.62215537367007709690e+03
  +3.82641245070532340833e+03
  +4.03031423672442178940e+03
  +4.23423142024809203576e+03
  +4.43859406685472004028e+03
  +4.64387143918557649158e+03
  +4.85056012644650763832e+03
  +5.05917758442832109722e+03
  +5.27025926701097068872e+03
  +5.48435820123607300047e+03
  +5.70204628208060785255e+03
  +5.92391683596511484211e+03
  +6.15058818146962039464e+03
  +6.38270803695591621363e+03
  +6.62095870973653109104e+03
  +6.86606306401767506031e+03
  +7.11879131417552616767e+03
  +7.37996873215845425875e+03
  +7.65048439734884050267e+03
</dep>
<dep Zin_norm frequency>
  +1.35219677612471178563e+00
  +2.08157647305127291304e+00
  +2.87214364576253977646e+00
  +3.66502298796481529308e+00
  +4.44601468205743888262e+00
  +5.21157691959649671531e+00
  +5.96139139690940922378e+00
  +6.69623886119897271385e+00
  +7.41726886333624157999e+00
  +8.12571890159089704753e+00
  +8.82280067818432911508e+00
  +9.50965488716777151978e+00
  +1.01873359139165060583e+01
  +1.08568099781968019357e+01
  +1.15189592557476672141e+01
  +1.21745884538935715824e+01
  +1.28244321430807595164e+01
  +1.34691620298045862114e+01
  +1.41093937967379545739e+01
  +1.47456933588912679767e+01
  +1.53785824975668656833e+01
  +1.60085438897204888065e+01
  +1.66360255761977775535e+01
  +1.72614449223410737488e+01
  +1.78851921262768556176e+01
  +1.85076333278699323159e+01
  +1.91291133671271289529e+01
  +1.97499582359266590004e+01
  +2.03704772619998948358e+01
  +2.09909650594030203763e+01
  +2.16117032754424940322e+01
  +2.22329621602033142835e+01
  +2.28550019814668310403e+01
  +2.34780743048858155930e+01
  +2.41024231567330069481e+01
  +2.47282860843550835739e+01
  +2.53558951275713759799e+01
  +2.59854777126277980415e+01
  +2.66172574789281739527e+01
  +2.72514550475595527246e+01
  +2.78882887396062315588e+01
  +2.85279752513671844838e+01
  +2.91707302928354863525e+01
  +2.98167691951635625003e+01
  +3.04663074922850292126e+01
  +3.11195614814060697029e+01
  +3.17767487666873300611e+01
  +3.24380887901100933846e+01
  +3.31038033532559339278e+01
  +3.37741171335053138591e+01
  +3.44492581979906162815e+01
  +3.51294585185088834578e+01
  +3.58149544905007317652e+01
  +3.65059874591516972941e+01
  +3.72028042556391369544e+01
  +3.79056577465626531875e+01
  +3.86148073996309122435e+01
  +3.93305198687473662744e+01
  +4.00530696017401695030e+01
  +4.07827394741111319831e+01
  +4.15198214523478696947e+01
  +4.22646172905347086157e+01
  +4.30174392642440253098e+01
  +4.37786109459548740119e+01
  +4.45484680265654233722e+01
  +4.53273591879305968178e+01
  +4.61156470317626911992e+01
  +4.69137090707038382220e+01
  +4.77219387879074332659e+01
  +4.85407467720593501781e+01
  +4.93705619354437459378e+01
  +5.02118328234158255441e+01
  +5.10650290244930289418e+01
  +5.19306426912387877337e+01
  +5.28091901831904877440e+01
  +5.37012138443007316368e+01
  +5.46072839287295224153e+01
  +5.55280006903699003828e+01
  +5.64639966532346306849e+01
  +5.74159390817878971802e+01
  +5.83845326725380857624e+01
  +5.93705224907040971516e+01
  +6.03746971786124078108e+01
  +6.13978924656812097282e+01
  +6.24409950134892355322e+01
  +6.35049466335220529345e+01
  +6.45907489198591235890e+01
  +6.56994683443173954629e+01
  +6.68322418675410432343e+01
  +6.79902831262753721830e+01
  +6.91748892646772759463e+01
  +7.03874484861318734374e+01
  +7.16294484117276084589e+01
  +7.29024853424240859567e+01
  +7.42082745341109273340e+01
  +7.55486616082863662314e+01
  +7.69256352360140169822e+01
  +7.83413412491293712492e+01
  +7.97980983502255014628e+01
  +8.12984156114725209363e+01
  +8.28450119712525889781e+01
  +8.44408379560126149954e+01
  +8.60890998711025190460e+01
  +8.77932867163735721761e+01
  +8.95572000861605630462e+01
  +9.13849873035565281043e+01
  +9.32811780069841915974e+01
  +9.52507243405135142211e+01
  +9.72990447791020329760e+01
  +9.94320714178888351853e+01
  +1.01656300228661550022e+02
  +1.03978843274070385405e+02
  +1.06407481077457021001e+02
  +1.08950712133684646687e+02
  +1.11617794705407746392e+02
  +1.14418773267711131325e+02
  +1.17364477775709971752e+02
  +1.20466477638849198684e+02
  +1.23736962858904945506e+02
  +1.27188510703011630198e+02
  +1.30833675324245064076e+02
  +1.34684306766016248957e+02
  +1.38750460505770888631e+02
  +1.43038693686832345975e+02
  +1.47549453627218724705e+02
  +1.52273144441836734586e+02
  +1.57184314112506001493e+02
  +1.62233267462880547782e+02
  +1.67334367928190260955e+02
  +1.72350544951191579912e+02
  +1.77074468635023038132e+02
  +1.81209113724209231577e+02
  +1.84354659492225380291e+02
  +1.86014651041500741258e+02
  +1.85639098359667855220e+02
  +1.82718147606220071566e+02
  +1.76918031186635829499e+02
  +1.68213786210973637480e+02
  +1.56948691024191816723e+02
  +1.43774950087610818628e+02
  +1.29498842761240013033e+02
  +1.14907877921983910596e+02
  +1.00651537773940560783e+02
  +8.71996387401328689748e+01
  +7.48611753813865732354e+01
  +6.38338013339845744554e+01
  +5.42607990978636536283e+01
  +4.62816154694077113163e+01
  +4.00622886566412148568e+01
  +3.57804569173220556877e+01
  +3.35375737358177588021e+01
  +3.32338269317367291933e+01
  +3.45364649408673827224e+01
  +3.70002510055642801490e+01
  +4.02175152620496660916e+01
  +4.38866702540421798062e+01
  +4.78093287468613823421e+01
  +5.18630982295723939046e+01
  +5.59755742344069346927e+01
  +6.01057751241011644083e+01
  +6.42321790760899489214e+01
  +6.83452969427404184444e+01
  +7.24431074734015396643e+01
  +7.65282490141064641875e+01
  +8.06062847344884403356e+01
  +8.46846284049618418521e+01
  +8.87718813370943991004e+01
  +9.28774287837115366528e+01
  +9.70112025289301556086e+01
  +1.01183551688566424787e+02
  +1.05405185340219418322e+02
  +1.09687164024721468536e+02
  +1.14040925641612162167e+02
  +1.18478336719302291158e+02
  +1.23011763629392405051e+02
  +1.27654160739118324841e+02
  +1.32419174194730629779e+02
  +1.37321261280353496659e+02
  +1.42375826283510519943e+02
  +1.47599374643169085175e+02
  +1.53009687946976811190e+02
</dep>
<dep S[2,2] frequency>
  -9.67684437460909818718e-01+j4.22934405232876509118e-02
  -9.70369983936634983301e-01+j7.65575727757495660963e-02
  -9.71308132537084256697e-01+j1.09723548561798681100e-01
  -9.70700824447055410360e-01+j1.41832266831424108622e-01
  -9.68718370535474604388e-01+j1.72926460186389630014e-01
  -9.65505216825775613998e-01+j2.03048701015678872972e-01
  -9.61184595004181963063e-01+j2.32240183384581660997e-01
  -9.55862276078031092297e-01+j2.60540019920642462736e-01
  -9.49629605313447200388e-01+j2.87984877951054651923e-01
  -9.42565961972604671182e-01+j3.14608836412445691533e-01
  -9.34740758583712971763e-01+j3.40443383713342484498e-01
  -9.26215071081602281389e-01+j3.65517502886790524030e-01
  -9.17042972405188949736e-01+j3.89857808104602243660e-01
  -9.07272627231776374046e-01+j4.13488708665045889834e-01
  -8.96947193731856717847e-01+j4.36432584747639296108e-01
  -8.86105568913303609513e-01+j4.58709964784592916232e-01
  -8.74783006771239324273e-01+j4.80339698065365972024e-01
  -8.63011632652017190992e-01+j5.01339118734309696634e-01
  -8.50820872644820758168e-01+j5.21724199047713499411e-01
  -8.38237813170925716300e-01+j5.41509690889880435094e-01
  -8.25287503044258685669e-01+j5.60709255288691643671e-01
  -8.11993207967668495506e-01+j5.79335580143745532133e-01
  -7.98376625582181254082e-01+j5.97400486670674579770e-01
  -7.84458067704710382273e-01+j6.14915025231977607767e-01
  -7.70256615196243554777e-01+j6.31889561309123326538e-01
  -7.55790249938844804767e-01+j6.48333852400178489717e-01
  -7.41075967618246900237e-01+j6.64257116621756571462e-01
  -7.26129874373407036003e-01+j6.79668093766217729090e-01
  -7.10967269855641292864e-01+j6.94575099524465833234e-01
  -6.95602718815231613192e-01+j7.08986073536884031654e-01
  -6.80050112984498467128e-01+j7.22908621884466695562e-01
  -6.64322724738671155365e-01+j7.36350054581293433920e-01
  -6.48433253778304741211e-01+j7.49317418580014549256e-01
  -6.32393867879538218446e-01+j7.61817526755183327403e-01
  -6.16216238594821996699e-01+j7.73856983285031718722e-01
  -5.99911572649735269636e-01+j7.85442205811713645147e-01
  -5.83490639667166965943e-01+j7.96579444722512741706e-01
  -5.66963796754344606654e-01+j8.07274799860238756466e-01
  -5.50341010407318198538e-01+j8.17534234940057724650e-01
  -5.33631876119805448333e-01+j8.27363589921611630729e-01
  -5.16845636025776378197e-01+j8.36768591559885588360e-01
  -4.99991194856623855092e-01+j8.45754862335131196716e-01
  -4.83077134452724876734e-01+j8.54327927941323395089e-01
  -4.66111727034063949571e-01+j8.62493223493934535462e-01
  -4.49102947405024821581e-01+j8.70256098600740268800e-01
  -4.32058484243041940331e-01+j8.77621821424216852492e-01
  -4.14985750599238922831e-01+j8.84595581850221801545e-01
  -3.97891893720830835957e-01+j8.91182493865230740404e-01
  -3.80783804289204830251e-01+j8.97387597233213707426e-01
  -3.63668125154303079061e-01+j9.03215858552991357477e-01
  -3.46551259634394148712e-01+j9.08672171767789138563e-01
  -3.29439379440485513584e-01+j9.13761358190360306608e-01
  -3.12338432276421662515e-01+j9.18488166099486913474e-01
  -2.95254149158402645625e-01+j9.22857269956828041302e-01
  -2.78192051491825798060e-01+j9.26873269286807799361e-01
  -2.61157457938075932002e-01+j9.30540687256603438193e-01
  -2.44155491099637828034e-01+j9.33863968988047132846e-01
  -2.27191084048319058564e-01+j9.36847479628481250025e-01
  -2.10268986718288725113e-01+j9.39495502203301469102e-01
  -1.93393772183240331142e-01+j9.41812235268796871246e-01
  -1.76569842834879253690e-01+j9.43801790380236149680e-01
  -1.59801436478523711804e-01+j9.45468189386623247827e-01
  -1.43092632360152349769e-01+j9.46815361560333523805e-01
  -1.26447357138573857060e-01+j9.47847140566749346569e-01
  -1.09869390815720335830e-01+j9.48567261276173412377e-01
  -9.33623726377400264820e-02+j9.48979356417471220375e-01
  -7.69298069796497396844e-02+j9.49086953070293448675e-01
  -6.05750692264436299550e-02+j9.48893468990112620709e-01
  -4.43014116640569263761e-02+j9.48402208757785802895e-01
  -2.81119693943127531288e-02+j9.47616359742859404314e-01
  -1.20097662889279768739e-02+j9.46538987867292069822e-01
  +4.00227900116367166922e-03+j9.45173033153776431803e-01
  +1.99213469633804270142e-02+j9.43521305040187940882e-01
  +3.57447110484757496485e-02+j9.41586477439057878414e-01
  +5.14697313813694060092e-02+j9.39371083518160676640e-01
  +6.70938483338830715663e-02+j9.36877510175343819476e-01
  +8.26145759326816220280e-02+j9.34107992177675372503e-01
  +9.80294950725595498620e-02+j9.31064605931618771706e-01
  +1.13336246501641632611e-01+j9.27749262847382905051e-01
  +1.28532523540781401516e-01+j9.24163702256808661240e-01
  +1.43616064494888895364e-01+j9.20309483839895525747e-01
  +1.58584644708301442106e-01+j9.16187979510596273158e-01
  +1.73436068210246069343e-01+j9.11800364707518240515e-01
  +1.88168158889170711312e-01+j9.07147609029707258088e-01
  +2.02778751126711648256e-01+j9.02230466151746623993e-01
  +2.17265679812455092534e-01+j8.97049462945812003944e-01
  +2.31626769650066260953e-01+j8.91604887731033746157e-01
  +2.45859823652666786842e-01+j8.85896777562606208001e-01
  +2.59962610711062580560e-01+j8.79924904464173707197e-01
  +2.73932852101769486186e-01+j8.73688760497281613482e-01
  +2.87768206782337887528e-01+j8.67187541551012408547e-01
  +3.01466255299177254834e-01+j8.60420129722925586258e-01
  +3.15024482106884218258e-01+j8.53385074149446642977e-01
  +3.28440256067682012642e-01+j8.46080570129372766530e-01
  +3.41710808863976811534e-01+j8.38504436368413985647e-01
  +3.54833211015447846925e-01+j8.30654090155282687213e-01
  +3.67804345143231015136e-01+j8.22526520261017579649e-01
  +3.80620876066374069779e-01+j8.14118257332582362373e-01
  +3.93279217248101775617e-01+j8.05425341529681482200e-01
  +4.05775493029652933874e-01+j7.96443287129845467476e-01
  +4.18105495994994413866e-01+j7.87167043801692667415e-01
  +4.30264638697804957523e-01+j7.77590954219798624614e-01
  +4.42247898848993847842e-01+j7.67708707667674628006e-01
  +4.54049756904803092361e-01+j7.57513289248073484750e-01
  +4.65664124806169255066e-01+j7.46996924294431208224e-01
  +4.77084264394125545650e-01+j7.36151017553801856330e-01
  +4.88302693754588512665e-01+j7.24966086694328937234e-01
  +4.99311079420224457337e-01+j7.13431689680777858520e-01
  +5.10100111964541413911e-01+j7.01536345566300179044e-01
  +5.20659362050002183508e-01+j6.89267448272642746510e-01
  +5.30977113419222601642e-01+j6.76611172985237985245e-01
  +5.41040168624683404097e-01+j6.63552374885818085914e-01
  +5.50833622450230375733e-01+j6.50074480102380558577e-01
  +5.60340596953836089789e-01+j6.36159368999167251779e-01
  +5.69541930814674968175e-01+j6.21787252292494763140e-01
  +5.78415814148313667253e-01+j6.06936541010404284613e-01
  +5.86937358101045303371e-01+j5.91583712081480306288e-01
  +5.95078086274536288691e-01+j5.75703172434010701508e-01
  +6.02805332277183802958e-01+j5.59267126039276640803e-01
  +6.10081524346125503300e-01+j5.42245450521757099693e-01
  +6.16863333915453115885e-01+j5.24605593033088846155e-01
  +6.23100660092482883101e-01+j5.06312499394218518134e-01
  +6.28735416111739109368e-01+j4.87328596534515212646e-01
  +6.33700076847469317975e-01+j4.67613856674988559448e-01
  +6.37915938311149899320e-01+j4.47125983456201192556e-01
  +6.41291030784634896733e-01+j4.25820776611490869890e-01
  +6.43717617111042583744e-01+j4.03652754651253775631e-01
  +6.45069197371171743072e-01+j3.80576146861051178849e-01
  +6.45196932146254509277e-01+j3.56546410153025739032e-01
  +6.43925391535459024084e-01+j3.31522487559999357032e-01
  +6.41047540984301389422e-01+j3.05470109501273123787e-01
  +6.36318896377808362885e-01+j2.78366554082924100300e-01
  +6.29450834348289411935e-01+j2.50207437785688990850e-01
  +6.20103153545416896364e-01+j2.21016312521969543470e-01
  +6.07876187919876409538e-01+j1.90858106274015393300e-01
  +5.92303135593178819995e-01+j1.59857760068276344434e-01
  +5.72843880099414892726e-01+j1.28225757922119265597e-01
  +5.48882578296012169083e-01+j9.62925410770141959604e-02
  +5.19732844007603222991e-01+j6.45538637450759622549e-02
  +4.84656650258471599635e-01+j3.37286197636610107775e-02
  +4.42906191863492670890e-01+j4.82887813061480541954e-03
  +3.93801625515580455694e-01-j2.07622890272347315754e-02
  +3.36860685310836793782e-01-j4.12176513595901294895e-02
  +2.71995759059969033355e-01-j5.42232549366629124066e-02
  +1.99784507844426806322e-01-j5.70111448714246127345e-02
  +1.21793380763022013324e-01-j4.65311218579221586022e-02
  +4.08828375852537950763e-02-j1.98296741692549349789e-02
  -3.86447019576738187707e-02+j2.53325901860251279096e-02
  -1.11241455817968126762e-01+j8.96974317748439886611e-02
  -1.70801346421009248022e-01+j1.71790480692182279121e-01
  -2.11794949061250348255e-01+j2.67621012995540308310e-01
  -2.30524899463011356815e-01+j3.71092356992947403072e-01
  -2.25992961124556662744e-01+j4.75111019996402539345e-01
  -1.99992912108388598558e-01+j5.73000853993994141433e-01
  -1.56431731802678192222e-01+j6.59666436804764000357e-01
  -1.00245686198676395295e-01+j7.32134644886341168224e-01
  -3.63678050953219617059e-02+j7.89459086539260002091e-01
  +3.09652664431253610289e-02+j8.32228082901118826342e-01
  +9.85142838311637847326e-02+j8.61963028045403145683e-01
  +1.64043716218135071649e-01+j8.80600216077791819735e-01
  +2.26168873361521194365e-01+j8.90130455359807282179e-01
  +2.84151154334765398968e-01+j8.92390946873858892374e-01
  +3.37703667417499797665e-01+j8.88970722822786330042e-01
  +3.86833304636997166170e-01+j8.81187654182746582521e-01
  +4.31723905953561415405e-01+j8.70104195408900604747e-01
  +4.72655320830225877948e-01+j8.56560254414955868363e-01
  +5.09950227626848051621e-01+j8.41210654284218040111e-01
  +5.43940896722415079267e-01+j8.24560779052265102607e-01
  +5.74949576606754719776e-01+j8.06997674689559296723e-01
  +6.03277827108764652664e-01+j7.88815880135083857816e-01
  +6.29201526328415305933e-01+j7.70238241365367781732e-01
  +6.52969345108391663324e-01+j7.51432361935539971931e-01
  +6.74803244861230000495e-01+j7.32523443432995025049e-01
  +6.94900076945792588567e-01+j7.13604228061130108074e-01
  +7.13433709930634707419e-01+j6.94742658883914065981e-01
  +7.30557338157555302693e-01+j6.75987764193454299111e-01
  +7.46405770428886783385e-01+j6.57374170610345753829e-01
  +7.61097589102008420525e-01+j6.38925562240005073811e-01
  +7.74737126256003993952e-01+j6.20657331850075877355e-01
  +7.87416237472658542274e-01+j6.02578613327341527928e-01
  +7.99215873399029219648e-01+j5.84693840401706355081e-01
</dep>
<dep S[2,1] frequency>
  -1.06150924702256774235e-02-j2.42950359842386803821e-01
  -1.75421532330004743827e-02-j2.22417431533619452955e-01
  -2.29139362692927540943e-02-j2.02907208349884571330e-01
  -2.69307502644101671996e-02-j1.84375597809414704109e-01
  -2.97612043346958572709e-02-j1.66776718717286803750e-01
  -3.15479756050786180888e-02-j1.50064896719872831188e-01
  -3.24124617601340009321e-02-j1.34195884035297446912e-01
  -3.24585367014680395426e-02-j1.19127564117651352227e-01
  -3.17755874558128745266e-02-j1.04820317000945531505e-01
  -3.04409758650471228003e-02-j9.12371638021685360531e-02
  -2.85220397992014054744e-02-j7.83437702033293187354e-02
  -2.60777252359660240144e-02-j6.61083625750872871940e-02
  -2.31599217968760096031e-02-j5.45015926704952025084e-02
  -1.98145594226822215067e-02-j4.34963747770048050900e-02
  -1.60825120731470268265e-02-j3.30677110331522583486e-02
  -1.20003450208334260657e-02-j2.31925150602803227529e-02
  -7.60093495536458708256e-03-j1.38494402930212714975e-02
  -2.91398630617059140394e-03-j5.01871684860208389090e-03
  +2.03353740348639509469e-03+j3.31800093109975392444e-03
  +7.21705200221635107677e-03+j1.11777752641520795873e-02
  +1.26140486435702831036e-02+j1.85765137799264769269e-02
  +1.82038373435166739300e-02+j2.55290866499097747477e-02
  +2.39673299665931205382e-02+j3.20494325010405450849e-02
  +2.98868560270321749484e-02+j3.81506537814121707286e-02
  +3.59460058644942570538e-02+j4.38451023323476463123e-02
  +4.21294967179417362280e-02+j4.91444559504668129768e-02
  +4.84230580026770718316e-02+j5.40597867176430268987e-02
  +5.48133327310202297933e-02+j5.86016218489626358745e-02
  +6.12877925358483871543e-02+j6.27799977680152665460e-02
  +6.78346641809153272362e-02+j6.66045080710636200338e-02
  +7.44428657907694191209e-02+j7.00843459910131943991e-02
  +8.11019513206946152106e-02+j7.32283419211842562246e-02
  +8.78020620246329625003e-02+j7.60449965092972468561e-02
  +9.45338838764998579123e-02+j7.85425097852395504017e-02
  +1.01288610063848164011e-01+j8.07288067418413107790e-02
  +1.08057907809851957981e-01+j8.26115597472937834844e-02
  +1.14833888893817251398e-01+j8.41982081302587309635e-02
  +1.21609083336193815605e-01+j8.54959752444076764855e-02
  +1.28376415794824588756e-01+j8.65118832880798910301e-02
  +1.35129184286841508289e-01+j8.72527661263818310466e-02
  +1.41861040908063201771e-01+j8.77252803375572626221e-02
  +1.48565974270170070293e-01+j8.79359146823109200097e-02
  +1.55238293416973066607e-01+j8.78909981739309925652e-02
  +1.61872613016083383153e-01+j8.75967069082911331535e-02
  +1.68463839651807389952e-01+j8.70590697957816794794e-02
  +1.75007159070439344273e-01+j8.62839733219999821534e-02
  +1.81498024250595552109e-01+j8.52771654502046533297e-02
  +1.87932144189522504218e-01+j8.40442587660709811148e-02
  +1.94305473312087445548e-01+j8.25907329541160223352e-02
  +2.00614201422390309171e-01+j8.09219366849057292201e-02
  +2.06854744129383955054e-01+j7.90430889830621707937e-02
  +2.13023733687679045490e-01+j7.69592801377163709953e-02
  +2.19118010202815766130e-01+j7.46754722095288175909e-02
  +2.25134613157543572726e-01+j7.21964991815504109063e-02
  +2.31070773221421360555e-01+j6.95270667949679233022e-02
  +2.36923904311255900668e-01+j6.66717521051223699358e-02
  +2.42691595874061333271e-01+j6.36350027879880181247e-02
  +2.48371605367797065878e-01+j6.04211362225661116621e-02
  +2.53961850918122844512e-01+j5.70343383703200493273e-02
  +2.59460404131756416923e-01+j5.34786624687210096485e-02
  +2.64865483049099292856e-01+j4.97580275523400589188e-02
  +2.70175445220108556565e-01+j4.58762168113922702561e-02
  +2.75388780888844886263e-01+j4.18368757945110983365e-02
  +2.80504106272701780878e-01+j3.76435104594274039247e-02
  +2.85520156922973389335e-01+j3.32994850724571342382e-02
  +2.90435781153664640541e-01+j2.88080199548813413457e-02
  +2.95249933525380592325e-01+j2.41721890717679979699e-02
  +2.99961668370889555923e-01+j1.93949174561883312673e-02
  +3.04570133348467941836e-01+j1.44789784593007467284e-02
  +3.09074563008328584424e-01+j9.42699081432709154460e-03
  +3.13474272356502881021e-01+j4.24141549994592418488e-03
  +3.17768650399287866382e-01-j1.07544761384539963242e-03
  +3.21957153649824245889e-01-j6.52146335692502937542e-03
  +3.26039299576689867166e-01-j1.20946651094346845079e-02
  +3.30014659972218959982e-01-j1.77932589362750602502e-02
  +3.33882854215924174124e-01-j2.36156280334945123389e-02
  +3.37643542405575924903e-01-j2.95603375174377583368e-02
  +3.41296418325346240241e-01-j3.56261395907650629811e-02
  +3.44841202216801701042e-01-j4.18119791230537676818e-02
  +3.48277633314290346878e-01-j4.81169996873624869482e-02
  +3.51605462101633459149e-01-j5.45405500984247754159e-02
  +3.54824442241464754755e-01-j6.10821915025102149532e-02
  +3.57934322122443138170e-01-j6.77417050739977932849e-02
  +3.60934835962324285230e-01-j7.45191003790813127905e-02
  +3.63825694396830101596e-01-j8.14146244729658935535e-02
  +3.66606574474666546681e-01-j8.84287718034452302485e-02
  +3.69277108968431633240e-01-j9.55622950010186489322e-02
  +3.71836874898489322394e-01-j1.02816216643568936195e-01
  +3.74285381152580864939e-01-j1.10191842092498992756e-01
  +3.76622055067315775201e-01-j1.17690773506936782744e-01
  +3.78846227818219805084e-01-j1.25314925153253653445e-01
  +3.80957118442740994002e-01-j1.33066540139088557160e-01
  +3.82953816294417548338e-01-j1.40948208714044898038e-01
  +3.84835261696012176369e-01-j1.48962888293646122939e-01
  +3.86600224523838242874e-01-j1.57113925378869506710e-01
  +3.88247280413910988983e-01-j1.65405079560930867721e-01
  +3.89774784231727011719e-01-j1.73840549819845618940e-01
  +3.91180840390070838630e-01-j1.82425003345828673496e-01
  +3.92463269531659941780e-01-j1.91163607134743313010e-01
  +3.93619571013647751023e-01-j2.00062062632629517056e-01
  +3.94646880536560051844e-01-j2.09126643729478450817e-01
  +3.95541922148352043109e-01-j2.18364238428860879537e-01
  +3.96300953721162474430e-01-j2.27782394546949484848e-01
  +3.96919704840117293365e-01-j2.37389369821697310270e-01
  +3.97393305854198075622e-01-j2.47194186838367385706e-01
  +3.97716206613297318384e-01-j2.57206693201005087701e-01
  +3.97882083144171561084e-01-j2.67437627396764743271e-01
  +3.97883730192359286182e-01-j2.77898690809471160534e-01
  +3.97712937164598601125e-01-j2.88602626334190537349e-01
  +3.97360344532955545027e-01-j2.99563304020451448562e-01
  +3.96815277189140558356e-01-j3.10795814117592050785e-01
  +3.96065550543883038159e-01-j3.22316567799431241692e-01
  +3.95097244324103313851e-01-j3.34143405688301864398e-01
  +3.93894437996804847035e-01-j3.46295714055615377891e-01
  +3.92438900502245779922e-01-j3.58794548212951924793e-01
  +3.90709725459682188919e-01-j3.71662762075525343608e-01
  +3.88682901156236271234e-01-j3.84925142112467033595e-01
  +3.86330802369581838285e-01-j3.98608542802573351249e-01
  +3.83621588320420370266e-01-j4.12742019161501660918e-01
  +3.80518487698213003778e-01-j4.27356949717418110879e-01
  +3.76978947635349559420e-01-j4.42487140238021436911e-01
  +3.72953618591167768148e-01-j4.58168894204287635574e-01
  +3.68385141215104516821e-01-j4.74441030001911068226e-01
  +3.63206694269427143862e-01-j4.91344816383068316856e-01
  +3.57340254537641177635e-01-j5.08923785997651201285e-01
  +3.50694510368882772511e-01-j5.27223370393116397281e-01
  +3.43162360380058761855e-01-j5.46290277016929115561e-01
  +3.34617918543221759542e-01-j5.66171496918591032887e-01
  +3.24912937858670314295e-01-j5.86912787611494346507e-01
  +3.13872559781910198673e-01-j6.08556414304968651408e-01
  +3.01290300460358373424e-01-j6.31137848377238075415e-01
  +2.86922206233367560468e-01-j6.54681006826217770644e-01
  +2.70480164345185625230e-01-j6.79191461344796465482e-01
  +2.51624464618304288788e-01-j7.04646841038809812474e-01
  +2.29955913138244233407e-01-j7.30983391575356411529e-01
  +2.05008161522145737621e-01-j7.58077338006224343836e-01
  +1.76241528556756565926e-01-j7.85719354629944355395e-01
  +1.43040588502672427751e-01-j8.13580150578108063364e-01
  +1.04719355128771673957e-01-j8.41165113898794558622e-01
  +6.05401843321403954068e-02-j8.67756484742145839384e-01
  +9.75563711324196371211e-03-j8.92343319675229507126e-01
  -4.83137799558047975612e-02-j9.13543663573330166905e-01
  -1.14149998828771623294e-01-j9.29531394394677801252e-01
  -1.87840313300264460938e-01-j9.37993657702792860142e-01
  -2.68806759079732726647e-01-j9.36163589176025046079e-01
  -3.55482598678885763910e-01-j9.20992071041812576659e-01
  -4.45007098396397016149e-01-j8.89526663979017917505e-01
  -5.33077578669012397405e-01-j8.39529039186855730037e-01
  -6.14146011362961985469e-01-j7.70258489994417927527e-01
  -6.82106086214273821255e-01-j6.83190430836242978963e-01
  -7.31428158879557921423e-01-j5.82316620753455138626e-01
  -7.58414658156066456840e-01-j4.73734757048582810768e-01
  -7.62067152989489460246e-01-j3.64539348481949188052e-01
  -7.44179238932467179701e-01-j2.61407549556152973835e-01
  -7.08657724578779735225e-01-j1.69435779324374174992e-01
  -6.60438716518104929065e-01-j9.15981485522423116707e-02
  -6.04455096222579535414e-01-j2.88420264891551918207e-02
  -5.44943371191038861134e-01+j1.94199401443120936439e-02
  -4.85142658896199341356e-01+j5.47081872679528111170e-02
  -4.27288373224525508398e-01+j7.89580605454214407013e-02
  -3.72765097303571379950e-01+j9.41594296097494898312e-02
  -3.22311334499504553719e-01+j1.02148566425113274114e-01
  -2.76213888236926663478e-01+j1.04513583878154098228e-01
  -2.34465787172178502518e-01+j1.02571443317861457634e-01
  -1.96883120727396471183e-01+j9.73836992436797194150e-02
  -1.63185977244963031918e-01+j8.97893692630323814186e-02
  -1.33051624322230194197e-01+j8.04423957761267599542e-02
  -1.06147745422702416418e-01+j6.98472917282836752717e-02
  -8.21520535224557063581e-02+j5.83902415582862946430e-02
  -6.07629576246600036638e-02+j4.63649321939908418133e-02
  -4.17045555749289420522e-02+j3.39933670797123999030e-02
  -2.47281593416037830113e-02+j2.14423166721714152094e-02
  -9.61179694507706579298e-03+j8.83615884574603591139e-03
  +3.84138715770396266258e-03-j3.73317857539725954374e-03
  +1.58052595711549483115e-02-j1.61985576273634170053e-02
  +2.64330067547168465203e-02-j2.85117458965154398076e-02
  +3.58594239358535279982e-02-j4.06389034794376047266e-02
  +4.42030744259149718789e-02-j5.25571238895794906609e-02
  +5.15682660038216458820e-02-j6.42517829453526229111e-02
  +5.80468249098155947285e-02-j7.57145063811250351726e-02
  +6.37196676165522057911e-02-j8.69416111934558366592e-02
</dep>
<dep S[1,2] frequency>
  -1.06150924702256774235e-02-j2.42950359842386803821e-01
  -1.75421532330004743827e-02-j2.22417431533619452955e-01
  -2.29139362692927540943e-02-j2.02907208349884571330e-01
  -2.69307502644101671996e-02-j1.84375597809414704109e-01
  -2.97612043346958572709e-02-j1.66776718717286803750e-01
  -3.15479756050786180888e-02-j1.50064896719872831188e-01
  -3.24124617601340009321e-02-j1.34195884035297446912e-01
  -3.24585367014680395426e-02-j1.19127564117651352227e-01
  -3.17755874558128745266e-02-j1.04820317000945531505e-01
  -3.04409758650471228003e-02-j9.12371638021685360531e-02
  -2.85220397992014054744e-02-j7.83437702033293187354e-02
  -2.60777252359660240144e-02-j6.61083625750872871940e-02
  -2.31599217968760096031e-02-j5.45015926704952025084e-02
  -1.98145594226822215067e-02-j4.34963747770048050900e-02
  -1.60825120731470268265e-02-j3.30677110331522583486e-02
  -1.20003450208334260657e-02-j2.31925150602803227529e-02
  -7.60093495536458708256e-03-j1.38494402930212714975e-02
  -2.91398630617059140394e-03-j5.01871684860208389090e-03
  +2.03353740348639509469e-03+j3.31800093109975392444e-03
  +7.21705200221635107677e-03+j1.11777752641520795873e-02
  +1.26140486435702831036e-02+j1.85765137799264769269e-02
  +1.82038373435166739300e-02+j2.55290866499097747477e-02
  +2.39673299665931205382e-02+j3.20494325010405450849e-02
  +2.98868560270321749484e-02+j3.81506537814121707286e-02
  +3.59460058644942570538e-02+j4.38451023323476463123e-02
  +4.21294967179417362280e-02+j4.91444559504668129768e-02
  +4.84230580026770718316e-02+j5.40597867176430268987e-02
  +5.48133327310202297933e-02+j5.86016218489626358745e-02
  +6.12877925358483871543e-02+j6.27799977680152665460e-02
  +6.78346641809153272362e-02+j6.66045080710636200338e-02
  +7.44428657907694191209e-02+j7.00843459910131943991e-02
  +8.11019513206946152106e-02+j7.32283419211842562246e-02
  +8.78020620246329625003e-02+j7.60449965092972468561e-02
  +9.45338838764998579123e-02+j7.85425097852395504017e-02
  +1.01288610063848164011e-01+j8.07288067418413107790e-02
  +1.08057907809851957981e-01+j8.26115597472937834844e-02
  +1.14833888893817251398e-01+j8.41982081302587309635e-02
  +1.21609083336193815605e-01+j8.54959752444076764855e-02
  +1.28376415794824588756e-01+j8.65118832880798910301e-02
  +1.35129184286841508289e-01+j8.72527661263818310466e-02
  +1.41861040908063201771e-01+j8.77252803375572626221e-02
  +1.48565974270170070293e-01+j8.79359146823109200097e-02
  +1.55238293416973066607e-01+j8.78909981739309925652e-02
  +1.61872613016083383153e-01+j8.75967069082911331535e-02
  +1.68463839651807389952e-01+j8.70590697957816794794e-02
  +1.75007159070439344273e-01+j8.62839733219999821534e-02
  +1.81498024250595552109e-01+j8.52771654502046533297e-02
  +1.87932144189522504218e-01+j8.40442587660709811148e-02
  +1.94305473312087445548e-01+j8.25907329541160223352e-02
  +2.00614201422390309171e-01+j8.09219366849057292201e-02
  +2.06854744129383955054e-01+j7.90430889830621707937e-02
  +2.13023733687679045490e-01+j7.69592801377163709953e-02
  +2.19118010202815766130e-01+j7.46754722095288175909e-02
  +2.25134613157543572726e-01+j7.21964991815504109063e-02
  +2.31070773221421360555e-01+j6.95270667949679233022e-02
  +2.36923904311255900668e-01+j6.66717521051223699358e-02
  +2.42691595874061333271e-01+j6.36350027879880181247e-02
  +2.48371605367797065878e-01+j6.04211362225661116621e-02
  +2.53961850918122844512e-01+j5.70343383703200493273e-02
  +2.59460404131756416923e-01+j5.34786624687210096485e-02
  +2.64865483049099292856e-01+j4.97580275523400589188e-02
  +2.70175445220108556565e-01+j4.58762168113922702561e-02
  +2.75388780888844886263e-01+j4.18368757945110983365e-02
  +2.80504106272701780878e-01+j3.76435104594274039247e-02
  +2.85520156922973389335e-01+j3.32994850724571342382e-02
  +2.90435781153664640541e-01+j2.88080199548813413457e-02
  +2.95249933525380592325e-01+j2.41721890717679979699e-02
  +2.99961668370889555923e-01+j1.93949174561883312673e-02
  +3.04570133348467941836e-01+j1.44789784593007467284e-02
  +3.09074563008328584424e-01+j9.42699081432709154460e-03
  +3.13474272356502881021e-01+j4.24141549994592418488e-03
  +3.17768650399287866382e-01-j1.07544761384539963242e-03
  +3.21957153649824245889e-01-j6.52146335692502937542e-03
  +3.26039299576689867166e-01-j1.20946651094346845079e-02
  +3.30014659972218959982e-01-j1.77932589362750602502e-02
  +3.33882854215924174124e-01-j2.36156280334945123389e-02
  +3.37643542405575924903e-01-j2.95603375174377583368e-02
  +3.41296418325346240241e-01-j3.56261395907650629811e-02
  +3.44841202216801701042e-01-j4.18119791230537676818e-02
  +3.48277633314290346878e-01-j4.81169996873624869482e-02
  +3.51605462101633459149e-01-j5.45405500984247754159e-02
  +3.54824442241464754755e-01-j6.10821915025102149532e-02
  +3.57934322122443138170e-01-j6.77417050739977932849e-02
  +3.60934835962324285230e-01-j7.45191003790813127905e-02
  +3.63825694396830101596e-01-j8.14146244729658935535e-02
  +3.66606574474666546681e-01-j8.84287718034452302485e-02
  +3.69277108968431633240e-01-j9.55622950010186489322e-02
  +3.71836874898489322394e-01-j1.02816216643568936195e-01
  +3.74285381152580864939e-01-j1.10191842092498992756e-01
  +3.76622055067315775201e-01-j1.17690773506936782744e-01
  +3.78846227818219805084e-01-j1.25314925153253653445e-01
  +3.80957118442740994002e-01-j1.33066540139088557160e-01
  +3.82953816294417548338e-01-j1.40948208714044898038e-01
  +3.84835261696012176369e-01-j1.48962888293646122939e-01
  +3.86600224523838242874e-01-j1.57113925378869506710e-01
  +3.88247280413910988983e-01-j1.65405079560930867721e-01
  +3.89774784231727011719e-01-j1.73840549819845618940e-01
  +3.91180840390070838630e-01-j1.82425003345828673496e-01
  +3.92463269531659941780e-01-j1.91163607134743313010e-01
  +3.93619571013647751023e-01-j2.00062062632629517056e-01
  +3.94646880536560051844e-01-j2.09126643729478450817e-01
  +3.95541922148352043109e-01-j2.18364238428860879537e-01
  +3.96300953721162474430e-01-j2.27782394546949484848e-01
  +3.96919704840117293365e-01-j2.37389369821697310270e-01
  +3.97393305854198075622e-01-j2.47194186838367385706e-01
  +3.97716206613297318384e-01-j2.57206693201005087701e-01
  +3.97882083144171561084e-01-j2.67437627396764743271e-01
  +3.97883730192359286182e-01-j2.77898690809471160534e-01
  +3.97712937164598601125e-01-j2.88602626334190537349e-01
  +3.97360344532955545027e-01-j2.99563304020451448562e-01
  +3.96815277189140558356e-01-j3.10795814117592050785e-01
  +3.96065550543883038159e-01-j3.22316567799431241692e-01
  +3.95097244324103313851e-01-j3.34143405688301864398e-01
  +3.93894437996804847035e-01-j3.46295714055615377891e-01
  +3.92438900502245779922e-01-j3.58794548212951924793e-01
  +3.90709725459682188919e-01-j3.71662762075525343608e-01
  +3.88682901156236271234e-01-j3.84925142112467033595e-01
  +3.86330802369581838285e-01-j3.98608542802573351249e-01
  +3.83621588320420370266e-01-j4.12742019161501660918e-01
  +3.80518487698213003778e-01-j4.27356949717418110879e-01
  +3.76978947635349559420e-01-j4.42487140238021436911e-01
  +3.72953618591167768148e-01-j4.58168894204287635574e-01
  +3.68385141215104516821e-01-j4.74441030001911068226e-01
  +3.63206694269427143862e-01-j4.91344816383068316856e-01
  +3.57340254537641177635e-01-j5.08923785997651201285e-01
  +3.50694510368882772511e-01-j5.27223370393116397281e-01
  +3.43162360380058761855e-01-j5.46290277016929115561e-01
  +3.34617918543221759542e-01-j5.66171496918591032887e-01
  +3.24912937858670314295e-01-j5.86912787611494346507e-01
  +3.13872559781910198673e-01-j6.08556414304968651408e-01
  +3.01290300460358373424e-01-j6.31137848377238075415e-01
  +2.86922206233367560468e-01-j6.54681006826217770644e-01
  +2.70480164345185625230e-01-j6.79191461344796465482e-01
  +2.51624464618304288788e-01-j7.04646841038809812474e-01
  +2.29955913138244233407e-01-j7.30983391575356411529e-01
  +2.05008161522145737621e-01-j7.58077338006224343836e-01
  +1.76241528556756565926e-01-j7.85719354629944355395e-01
  +1.43040588502672427751e-01-j8.13580150578108063364e-01
  +1.04719355128771673957e-01-j8.41165113898794558622e-01
  +6.05401843321403954068e-02-j8.67756484742145839384e-01
  +9.75563711324196371211e-03-j8.92343319675229507126e-01
  -4.83137799558047975612e-02-j9.13543663573330166905e-01
  -1.14149998828771623294e-01-j9.29531394394677801252e-01
  -1.87840313300264460938e-01-j9.37993657702792860142e-01
  -2.68806759079732726647e-01-j9.36163589176025046079e-01
  -3.55482598678885763910e-01-j9.20992071041812576659e-01
  -4.45007098396397016149e-01-j8.89526663979017917505e-01
  -5.33077578669012397405e-01-j8.39529039186855730037e-01
  -6.14146011362961985469e-01-j7.70258489994417927527e-01
  -6.82106086214273821255e-01-j6.83190430836242978963e-01
  -7.31428158879557921423e-01-j5.82316620753455138626e-01
  -7.58414658156066456840e-01-j4.73734757048582810768e-01
  -7.62067152989489460246e-01-j3.64539348481949188052e-01
  -7.44179238932467179701e-01-j2.61407549556152973835e-01
  -7.08657724578779735225e-01-j1.69435779324374174992e-01
  -6.60438716518104929065e-01-j9.15981485522423116707e-02
  -6.04455096222579535414e-01-j2.88420264891551918207e-02
  -5.44943371191038861134e-01+j1.94199401443120936439e-02
  -4.85142658896199341356e-01+j5.47081872679528111170e-02
  -4.27288373224525508398e-01+j7.89580605454214407013e-02
  -3.72765097303571379950e-01+j9.41594296097494898312e-02
  -3.22311334499504553719e-01+j1.02148566425113274114e-01
  -2.76213888236926663478e-01+j1.04513583878154098228e-01
  -2.34465787172178502518e-01+j1.02571443317861457634e-01
  -1.96883120727396471183e-01+j9.73836992436797194150e-02
  -1.63185977244963031918e-01+j8.97893692630323814186e-02
  -1.33051624322230194197e-01+j8.04423957761267599542e-02
  -1.06147745422702416418e-01+j6.98472917282836752717e-02
  -8.21520535224557063581e-02+j5.83902415582862946430e-02
  -6.07629576246600036638e-02+j4.63649321939908418133e-02
  -4.17045555749289420522e-02+j3.39933670797123999030e-02
  -2.47281593416037830113e-02+j2.14423166721714152094e-02
  -9.61179694507706579298e-03+j8.83615884574603591139e-03
  +3.84138715770396266258e-03-j3.73317857539725954374e-03
  +1.58052595711549483115e-02-j1.61985576273634170053e-02
  +2.64330067547168465203e-02-j2.85117458965154398076e-02
  +3.58594239358535279982e-02-j4.06389034794376047266e-02
  +4.42030744259149718789e-02-j5.25571238895794906609e-02
  +5.15682660038216458820e-02-j6.42517829453526229111e-02
  +5.80468249098155947285e-02-j7.57145063811250351726e-02
  +6.37196676165522057911e-02-j8.69416111934558366592e-02
</dep>
<dep S[1,1] frequency>
  -9.67684437460909929740e-01+j4.22934405232876439729e-02
  -9.70369983936635094324e-01+j7.65575727757495660963e-02
  -9.71308132537084256697e-01+j1.09723548561798667222e-01
  -9.70700824447055521382e-01+j1.41832266831424108622e-01
  -9.68718370535474937455e-01+j1.72926460186389685525e-01
  -9.65505216825775502976e-01+j2.03048701015678845216e-01
  -9.61184595004181963063e-01+j2.32240183384581633241e-01
  -9.55862276078030981274e-01+j2.60540019920642462736e-01
  -9.49629605313447089365e-01+j2.87984877951054596412e-01
  -9.42565961972604893226e-01+j3.14608836412445747044e-01
  -9.34740758583713082785e-01+j3.40443383713342540009e-01
  -9.26215071081602059344e-01+j3.65517502886790524030e-01
  -9.17042972405188949736e-01+j3.89857808104602243660e-01
  -9.07272627231776263024e-01+j4.13488708665045889834e-01
  -8.96947193731856606824e-01+j4.36432584747639296108e-01
  -8.86105568913303720535e-01+j4.58709964784592971743e-01
  -8.74783006771239435295e-01+j4.80339698065366027535e-01
  -8.63011632652017079970e-01+j5.01339118734309807657e-01
  -8.50820872644820536124e-01+j5.21724199047713388389e-01
  -8.38237813170925605277e-01+j5.41509690889880324072e-01
  -8.25287503044258796692e-01+j5.60709255288691754693e-01
  -8.11993207967668162439e-01+j5.79335580143745421111e-01
  -7.98376625582181254082e-01+j5.97400486670674579770e-01
  -7.84458067704710604318e-01+j6.14915025231977829812e-01
  -7.70256615196243554777e-01+j6.31889561309123326538e-01
  -7.55790249938844915789e-01+j6.48333852400178600739e-01
  -7.41075967618246789215e-01+j6.64257116621756349417e-01
  -7.26129874373407480093e-01+j6.79668093766217951135e-01
  -7.10967269855641181842e-01+j6.94575099524465833234e-01
  -6.95602718815231502170e-01+j7.08986073536884031654e-01
  -6.80050112984498467128e-01+j7.22908621884466806584e-01
  -6.64322724738671155365e-01+j7.36350054581293544942e-01
  -6.48433253778304741211e-01+j7.49317418580014438234e-01
  -6.32393867879538329468e-01+j7.61817526755183327403e-01
  -6.16216238594821774655e-01+j7.73856983285031385655e-01
  -5.99911572649734936569e-01+j7.85442205811713423103e-01
  -5.83490639667166854920e-01+j7.96579444722512519661e-01
  -5.66963796754344273587e-01+j8.07274799860238645444e-01
  -5.50341010407318087516e-01+j8.17534234940057502605e-01
  -5.33631876119805448333e-01+j8.27363589921611519706e-01
  -5.16845636025776378197e-01+j8.36768591559885588360e-01
  -4.99991194856623744069e-01+j8.45754862335131085693e-01
  -4.83077134452724765712e-01+j8.54327927941323284067e-01
  -4.66111727034063838548e-01+j8.62493223493934646484e-01
  -4.49102947405024710559e-01+j8.70256098600740157778e-01
  -4.32058484243041829309e-01+j8.77621821424216963514e-01
  -4.14985750599238811809e-01+j8.84595581850221690523e-01
  -3.97891893720830835957e-01+j8.91182493865230407337e-01
  -3.80783804289204830251e-01+j8.97387597233213707426e-01
  -3.63668125154303023550e-01+j9.03215858552991468500e-01
  -3.46551259634394204223e-01+j9.08672171767789249586e-01
  -3.29439379440485513584e-01+j9.13761358190360306608e-01
  -3.12338432276421551492e-01+j9.18488166099486913474e-01
  -2.95254149158402479092e-01+j9.22857269956828263346e-01
  -2.78192051491825853571e-01+j9.26873269286807577316e-01
  -2.61157457938075765469e-01+j9.30540687256603105126e-01
  -2.44155491099637966812e-01+j9.33863968988047021824e-01
  -2.27191084048319086319e-01+j9.36847479628481250025e-01
  -2.10268986718288641846e-01+j9.39495502203301580124e-01
  -1.93393772183240442164e-01+j9.41812235268797204313e-01
  -1.76569842834879364712e-01+j9.43801790380236149680e-01
  -1.59801436478523573026e-01+j9.45468189386623247827e-01
  -1.43092632360152460791e-01+j9.46815361560333523805e-01
  -1.26447357138573912572e-01+j9.47847140566749346569e-01
  -1.09869390815720280319e-01+j9.48567261276173190332e-01
  -9.33623726377401375043e-02+j9.48979356417471109353e-01
  -7.69298069796496841732e-02+j9.49086953070293337653e-01
  -6.05750692264435050549e-02+j9.48893468990112620709e-01
  -4.43014116640568153538e-02+j9.48402208757785691873e-01
  -2.81119693943127427205e-02+j9.47616359742859293291e-01
  -1.20097662889279283016e-02+j9.46538987867292069822e-01
  +4.00227900116373325190e-03+j9.45173033153776431803e-01
  +1.99213469633803819114e-02+j9.43521305040188051905e-01
  +3.57447110484757080151e-02+j9.41586477439058100458e-01
  +5.14697313813693990703e-02+j9.39371083518160676640e-01
  +6.70938483338830299330e-02+j9.36877510175343708454e-01
  +8.26145759326816775392e-02+j9.34107992177675483525e-01
  +9.80294950725596192509e-02+j9.31064605931618771706e-01
  +1.13336246501641563222e-01+j9.27749262847382683006e-01
  +1.28532523540781568050e-01+j9.24163702256808883284e-01
  +1.43616064494888895364e-01+j9.20309483839895525747e-01
  +1.58584644708301414351e-01+j9.16187979510596384181e-01
  +1.73436068210246124854e-01+j9.11800364707518018470e-01
  +1.88168158889170822334e-01+j9.07147609029707369110e-01
  +2.02778751126711564989e-01+j9.02230466151746512971e-01
  +2.17265679812455120290e-01+j8.97049462945812225989e-01
  +2.31626769650066233197e-01+j8.91604887731033857179e-01
  +2.45859823652666786842e-01+j8.85896777562606208001e-01
  +2.59962610711062747093e-01+j8.79924904464173818219e-01
  +2.73932852101769541697e-01+j8.73688760497281835526e-01
  +2.87768206782337887528e-01+j8.67187541551012519569e-01
  +3.01466255299177199323e-01+j8.60420129722925697280e-01
  +3.15024482106884273769e-01+j8.53385074149446753999e-01
  +3.28440256067682012642e-01+j8.46080570129372766530e-01
  +3.41710808863976811534e-01+j8.38504436368413874625e-01
  +3.54833211015447680392e-01+j8.30654090155282576191e-01
  +3.67804345143231181670e-01+j8.22526520261017690672e-01
  +3.80620876066374180802e-01+j8.14118257332582473396e-01
  +3.93279217248101720106e-01+j8.05425341529681482200e-01
  +4.05775493029652989385e-01+j7.96443287129845578498e-01
  +4.18105495994994358355e-01+j7.87167043801692667415e-01
  +4.30264638697805013035e-01+j7.77590954219798513591e-01
  +4.42247898848993903353e-01+j7.67708707667674739028e-01
  +4.54049756904803092361e-01+j7.57513289248073484750e-01
  +4.65664124806169255066e-01+j7.46996924294431208224e-01
  +4.77084264394125545650e-01+j7.36151017553801967352e-01
  +4.88302693754588568176e-01+j7.24966086694328937234e-01
  +4.99311079420224457337e-01+j7.13431689680777969542e-01
  +5.10100111964541302889e-01+j7.01536345566299957000e-01
  +5.20659362050002294531e-01+j6.89267448272642857532e-01
  +5.30977113419222490620e-01+j6.76611172985237985245e-01
  +5.41040168624683293075e-01+j6.63552374885818085914e-01
  +5.50833622450230375733e-01+j6.50074480102380669599e-01
  +5.60340596953836200811e-01+j6.36159368999167362801e-01
  +5.69541930814674857153e-01+j6.21787252292494652117e-01
  +5.78415814148313667253e-01+j6.06936541010404173591e-01
  +5.86937358101045192349e-01+j5.91583712081480306288e-01
  +5.95078086274536399713e-01+j5.75703172434010701508e-01
  +6.02805332277184025003e-01+j5.59267126039276751825e-01
  +6.10081524346125392277e-01+j5.42245450521756877649e-01
  +6.16863333915453004863e-01+j5.24605593033088846155e-01
  +6.23100660092482883101e-01+j5.06312499394218407112e-01
  +6.28735416111739109368e-01+j4.87328596534515101624e-01
  +6.33700076847469206953e-01+j4.67613856674988559448e-01
  +6.37915938311150010342e-01+j4.47125983456201248067e-01
  +6.41291030784634896733e-01+j4.25820776611490869890e-01
  +6.43717617111042583744e-01+j4.03652754651253831142e-01
  +6.45069197371171743072e-01+j3.80576146861051123338e-01
  +6.45196932146254731322e-01+j3.56546410153025794543e-01
  +6.43925391535459024084e-01+j3.31522487559999357032e-01
  +6.41047540984301278399e-01+j3.05470109501273179298e-01
  +6.36318896377808473908e-01+j2.78366554082924100300e-01
  +6.29450834348289411935e-01+j2.50207437785688990850e-01
  +6.20103153545417007386e-01+j2.21016312521969571225e-01
  +6.07876187919876409538e-01+j1.90858106274015393300e-01
  +5.92303135593178708973e-01+j1.59857760068276288923e-01
  +5.72843880099414892726e-01+j1.28225757922119237842e-01
  +5.48882578296012280106e-01+j9.62925410770141820826e-02
  +5.19732844007603334013e-01+j6.45538637450759900105e-02
  +4.84656650258471599635e-01+j3.37286197636610246553e-02
  +4.42906191863492670890e-01+j4.82887813061477766396e-03
  +3.93801625515580400183e-01-j2.07622890272347038199e-02
  +3.36860685310836793782e-01-j4.12176513595900739784e-02
  +2.71995759059969033355e-01-j5.42232549366629679177e-02
  +1.99784507844426806322e-01-j5.70111448714245572233e-02
  +1.21793380763022013324e-01-j4.65311218579221308467e-02
  +4.08828375852538089541e-02-j1.98296741692549349789e-02
  -3.86447019576737493818e-02+j2.53325901860251140318e-02
  -1.11241455817968099007e-01+j8.96974317748439886611e-02
  -1.70801346421009275778e-01+j1.71790480692182334632e-01
  -2.11794949061250320499e-01+j2.67621012995540419332e-01
  -2.30524899463011384571e-01+j3.71092356992947403072e-01
  -2.25992961124556690500e-01+j4.75111019996402594856e-01
  -1.99992912108388459780e-01+j5.73000853993994030411e-01
  -1.56431731802678275489e-01+j6.59666436804764111379e-01
  -1.00245686198676381418e-01+j7.32134644886341279246e-01
  -3.63678050953220033392e-02+j7.89459086539260002091e-01
  +3.09652664431253332733e-02+j8.32228082901118826342e-01
  +9.85142838311637014659e-02+j8.61963028045403367727e-01
  +1.64043716218135043894e-01+j8.80600216077791819735e-01
  +2.26168873361521305387e-01+j8.90130455359807504223e-01
  +2.84151154334765343457e-01+j8.92390946873858448285e-01
  +3.37703667417499797665e-01+j8.88970722822786219020e-01
  +3.86833304636997166170e-01+j8.81187654182746360476e-01
  +4.31723905953561415405e-01+j8.70104195408900826791e-01
  +4.72655320830225766926e-01+j8.56560254414955757341e-01
  +5.09950227626848051621e-01+j8.41210654284218262156e-01
  +5.43940896722415079267e-01+j8.24560779052265213629e-01
  +5.74949576606754719776e-01+j8.06997674689559074679e-01
  +6.03277827108764319597e-01+j7.88815880135083746794e-01
  +6.29201526328415416955e-01+j7.70238241365367781732e-01
  +6.52969345108391663324e-01+j7.51432361935540082953e-01
  +6.74803244861230000495e-01+j7.32523443432995136071e-01
  +6.94900076945792699590e-01+j7.13604228061130108074e-01
  +7.13433709930634707419e-01+j6.94742658883914177004e-01
  +7.30557338157555302693e-01+j6.75987764193454188089e-01
  +7.46405770428886672363e-01+j6.57374170610345753829e-01
  +7.61097589102008198481e-01+j6.38925562240005073811e-01
  +7.74737126256003993952e-01+j6.20657331850075877355e-01
  +7.87416237472658431251e-01+j6.02578613327341416905e-01
  +7.99215873399029330670e-01+j5.84693840401706355081e-01
</dep>
