<Qucs Dataset 1.0.7>
<indep frequency 181>
  +1.00000000000000000000e+09
  +1.05000000000000000000e+09
  +1.10000000000000000000e+09
  +1.15000000000000000000e+09
  +1.20000000000000000000e+09
  +1.25000000000000000000e+09
  +1.30000000000000000000e+09
  +1.35000000000000000000e+09
  +1.40000000000000000000e+09
  +1.45000000000000000000e+09
  +1.50000000000000000000e+09
  +1.55000000000000000000e+09
  +1.60000000000000000000e+09
  +1.65000000000000000000e+09
  +1.70000000000000000000e+09
  +1.75000000000000000000e+09
  +1.80000000000000000000e+09
  +1.85000000000000000000e+09
  +1.90000000000000000000e+09
  +1.95000000000000000000e+09
  +2.00000000000000000000e+09
  +2.05000000000000000000e+09
  +2.10000000000000000000e+09
  +2.15000000000000000000e+09
  +2.20000000000000000000e+09
  +2.25000000000000000000e+09
  +2.30000000000000000000e+09
  +2.35000000000000000000e+09
  +2.40000000000000000000e+09
  +2.45000000000000000000e+09
  +2.50000000000000000000e+09
  +2.55000000000000000000e+09
  +2.60000000000000000000e+09
  +2.65000000000000000000e+09
  +2.70000000000000000000e+09
  +2.75000000000000000000e+09
  +2.80000000000000000000e+09
  +2.85000000000000000000e+09
  +2.90000000000000000000e+09
  +2.95000000000000000000e+09
  +3.00000000000000000000e+09
  +3.05000000000000000000e+09
  +3.10000000000000000000e+09
  +3.15000000000000000000e+09
  +3.20000000000000000000e+09
  +3.25000000000000000000e+09
  +3.30000000000000000000e+09
  +3.35000000000000000000e+09
  +3.40000000000000000000e+09
  +3.45000000000000000000e+09
  +3.50000000000000000000e+09
  +3.55000000000000000000e+09
  +3.60000000000000000000e+09
  +3.65000000000000000000e+09
  +3.70000000000000000000e+09
  +3.75000000000000000000e+09
  +3.80000000000000000000e+09
  +3.85000000000000000000e+09
  +3.90000000000000000000e+09
  +3.95000000000000000000e+09
  +4.00000000000000000000e+09
  +4.05000000000000000000e+09
  +4.10000000000000000000e+09
  +4.15000000000000000000e+09
  +4.20000000000000000000e+09
  +4.25000000000000000000e+09
  +4.30000000000000000000e+09
  +4.35000000000000000000e+09
  +4.40000000000000000000e+09
  +4.45000000000000000000e+09
  +4.50000000000000000000e+09
  +4.55000000000000000000e+09
  +4.60000000000000000000e+09
  +4.65000000000000000000e+09
  +4.70000000000000000000e+09
  +4.75000000000000000000e+09
  +4.80000000000000000000e+09
  +4.85000000000000000000e+09
  +4.90000000000000000000e+09
  +4.95000000000000000000e+09
  +5.00000000000000000000e+09
  +5.05000000000000000000e+09
  +5.10000000000000000000e+09
  +5.15000000000000000000e+09
  +5.20000000000000000000e+09
  +5.25000000000000000000e+09
  +5.30000000000000000000e+09
  +5.35000000000000000000e+09
  +5.40000000000000000000e+09
  +5.45000000000000000000e+09
  +5.50000000000000000000e+09
  +5.55000000000000000000e+09
  +5.60000000000000000000e+09
  +5.65000000000000000000e+09
  +5.70000000000000000000e+09
  +5.75000000000000000000e+09
  +5.80000000000000000000e+09
  +5.85000000000000000000e+09
  +5.90000000000000000000e+09
  +5.95000000000000000000e+09
  +6.00000000000000000000e+09
  +6.05000000000000000000e+09
  +6.10000000000000000000e+09
  +6.15000000000000000000e+09
  +6.20000000000000000000e+09
  +6.25000000000000000000e+09
  +6.30000000000000000000e+09
  +6.35000000000000000000e+09
  +6.40000000000000000000e+09
  +6.45000000000000000000e+09
  +6.50000000000000000000e+09
  +6.55000000000000000000e+09
  +6.60000000000000000000e+09
  +6.65000000000000000000e+09
  +6.70000000000000000000e+09
  +6.75000000000000000000e+09
  +6.80000000000000000000e+09
  +6.85000000000000000000e+09
  +6.90000000000000000000e+09
  +6.95000000000000000000e+09
  +7.00000000000000000000e+09
  +7.05000000000000000000e+09
  +7.10000000000000000000e+09
  +7.15000000000000000000e+09
  +7.20000000000000000000e+09
  +7.25000000000000000000e+09
  +7.30000000000000000000e+09
  +7.35000000000000000000e+09
  +7.40000000000000000000e+09
  +7.45000000000000000000e+09
  +7.50000000000000000000e+09
  +7.55000000000000000000e+09
  +7.60000000000000000000e+09
  +7.65000000000000000000e+09
  +7.70000000000000000000e+09
  +7.75000000000000000000e+09
  +7.80000000000000000000e+09
  +7.85000000000000000000e+09
  +7.90000000000000000000e+09
  +7.95000000000000000000e+09
  +8.00000000000000000000e+09
  +8.05000000000000000000e+09
  +8.10000000000000000000e+09
  +8.15000000000000000000e+09
  +8.20000000000000000000e+09
  +8.25000000000000000000e+09
  +8.30000000000000000000e+09
  +8.35000000000000000000e+09
  +8.40000000000000000000e+09
  +8.45000000000000000000e+09
  +8.50000000000000000000e+09
  +8.55000000000000000000e+09
  +8.60000000000000000000e+09
  +8.65000000000000000000e+09
  +8.70000000000000000000e+09
  +8.75000000000000000000e+09
  +8.80000000000000000000e+09
  +8.85000000000000000000e+09
  +8.90000000000000000000e+09
  +8.95000000000000000000e+09
  +9.00000000000000000000e+09
  +9.05000000000000000000e+09
  +9.10000000000000000000e+09
  +9.15000000000000000000e+09
  +9.20000000000000000000e+09
  +9.25000000000000000000e+09
  +9.30000000000000000000e+09
  +9.35000000000000000000e+09
  +9.40000000000000000000e+09
  +9.45000000000000000000e+09
  +9.50000000000000000000e+09
  +9.55000000000000000000e+09
  +9.60000000000000000000e+09
  +9.65000000000000000000e+09
  +9.70000000000000000000e+09
  +9.75000000000000000000e+09
  +9.80000000000000000000e+09
  +9.85000000000000000000e+09
  +9.90000000000000000000e+09
  +9.95000000000000000000e+09
  +1.00000000000000000000e+10
</indep>
<dep S21_phase frequency>
  -2.41460732033737031088e+01
  -2.53145076523433552040e+01
  -2.64776504448509371059e+01
  -2.76353364595898653988e+01
  -2.87874105016694947778e+01
  -2.99337273349097294783e+01
  -3.10741516787249345555e+01
  -3.22085581712579980262e+01
  -3.33368313006921965780e+01
  -3.44588653066860715057e+01
  -3.55745640539785838996e+01
  -3.66838408803427213911e+01
  -3.77866184210046540670e+01
  -3.88828284117302587219e+01
  -3.99724114727620190024e+01
  -4.10553168757674242784e+01
  -4.21315022958778087059e+01
  -4.32009335509360852257e+01
  -4.42635843299110405269e+01
  -4.53194359123905883280e+01
  -4.63684768810095278013e+01
  -4.74107028285209608498e+01
  -4.84461160611524093156e+01
  -4.94747252997708457656e+01
  -5.04965453802709944853e+01
  -5.15115969545067144963e+01
  -5.25199061929503372426e+01
  -5.35215044901837018188e+01
  -5.45164281741967400308e+01
  -5.55047182203801767741e+01
  -5.64864199709934595717e+01
  -5.74615828607824923324e+01
  -5.84302601493554263357e+01
  -5.93925086608105132768e+01
  -6.03483885310424525983e+01
  -6.12979629630746600810e+01
  -6.22412979906963528265e+01
  -6.31784622506056265934e+01
  -6.41095267632136227576e+01
  -6.50345647222004856758e+01
  -6.59536512928662688182e+01
  -6.68668634192678155159e+01
  -6.77742796401082472357e+01
  -6.86759799132835411228e+01
  -6.95720454489868984638e+01
  -7.04625585512204395400e+01
  -7.13476024675509847839e+01
  -7.22272612469229642329e+01
  -7.31016196053271869459e+01
  -7.39707627991001146484e+01
  -7.48347765056262232974e+01
  -7.56937467112032038585e+01
  -7.65477596058226765763e+01
  -7.73969014846093728011e+01
  -7.82412586556715581310e+01
  -7.90809173540942680347e+01
  -7.99159636618282576137e+01
  -8.07464834332125178662e+01
  -8.15725622258784426322e+01
  -8.23942852367839435601e+01
  -8.32117372431365538432e+01
  -8.40250025479567739239e+01
  -8.48341649300519975441e+01
  -8.56393075981707596611e+01
  -8.64405131491136984323e+01
  -8.72378635295824977902e+01
  -8.80314400015666080890e+01
  -8.88213231110551504344e+01
  -8.96075926598893062192e+01
  -9.03903276805637574398e+01
  -9.11696064137969841568e+01
  -9.19455062887042373632e+01
  -9.27181039054014775047e+01
  -9.34874750198913631039e+01
  -9.42536945310730942538e+01
  -9.50168364697408662778e+01
  -9.57769739894286544768e+01
  -9.65341793589774113116e+01
  -9.72885239566976025571e+01
  -9.80400782660131255852e+01
  -9.87889118724754666800e+01
  -9.95350934620429654842e+01
  -1.00278690820527955907e+02
  -1.01019770834115945490e+02
  -1.01758399490870715454e+02
  -1.02494641883141056837e+02
  -1.03228562210791096732e+02
  -1.03960223785179593392e+02
  -1.04689689033819874453e+02
  -1.05417019505654053546e+02
  -1.06142275876881157615e+02
  -1.06865517957279934080e+02
  -1.07586804696974610351e+02
  -1.08306194193590286545e+02
  -1.09023743699753765668e+02
  -1.09739509630891845404e+02
  -1.10453547573289085904e+02
  -1.11165912292364467362e+02
  -1.11876657741130358659e+02
  -1.12585837068802590011e+02
  -1.13293502629527395698e+02
  -1.13999705991198538868e+02
  -1.14704497944335514603e+02
  -1.15407928510999809646e+02
  -1.16110046953723781371e+02
  -1.16810901784432530803e+02
  -1.17510540773337368137e+02
  -1.18209010957783519302e+02
  -1.18906358651033414731e+02
  -1.19602629450973680036e+02
  -1.20297868248725691842e+02
  -1.20992119237152977007e+02
  -1.21685425919247492743e+02
  -1.22377831116388477994e+02
  -1.23069376976461271056e+02
  -1.23760104981827382176e+02
  -1.24450055957138886242e+02
  -1.25139270076987415337e+02
  -1.25827786873384425803e+02
  -1.26515645243062891723e+02
  -1.27202883454598733692e+02
  -1.27889539155346000143e+02
  -1.28575649378180884241e+02
  -1.29261250548051805254e+02
  -1.29946378488334630674e+02
  -1.30631068426987553721e+02
  -1.31315355002504730919e+02
  -1.31999272269669063462e+02
  -1.32682853705099347508e+02
  -1.33366132212594891371e+02
  -1.34049140128275041661e+02
  -1.34731909225514101536e+02
  -1.35414470719672124233e+02
  -1.36096855272622008215e+02
  -1.36779092997076190841e+02
  -1.37461213460706972000e+02
  -1.38143245690072888010e+02
  -1.38825218174344655608e+02
  -1.39507158868833499810e+02
  -1.40189095198328544711e+02
  -1.40871054060241959860e+02
  -1.41553061827564960140e+02
  -1.42235144351640116156e+02
  -1.42917326964748525597e+02
  -1.43599634482517274137e+02
  -1.44282091206160743013e+02
  -1.44964720924531803803e+02
  -1.45647546916026044528e+02
  -1.46330591950304693682e+02
  -1.47013878289862674364e+02
  -1.47697427691452332965e+02
  -1.48381261407344993586e+02
  +3.09345998135669333351e+01
  +3.02501357247776709869e+01
  +2.95653265813120498251e+01
  +2.88801531390638466235e+01
  +2.81945966541709545083e+01
  +2.75086388825630052679e+01
  +2.68222620796216091321e+01
  +2.61354489999277923573e+01
  +2.54481828971351227153e+01
  +2.47604475239213215332e+01
  +2.40722271320425598162e+01
  +2.33835064724644183798e+01
  +2.26942707955766103112e+01
  +2.20045058514731231014e+01
  +2.13141978902991660050e+01
  +2.06233336626574192962e+01
  +1.99319004200584579678e+01
  +1.92398859154234962432e+01
  +1.85472784036147544384e+01
  +1.78540666419984717095e+01
  +1.71602398910301552348e+01
  +1.64657879148498409450e+01
  +1.57707009818875079077e+01
  +1.50749698654627817263e+01
  +1.43785858443801721762e+01
  +1.36815407035011471493e+01
  +1.29838267342951727557e+01
  +1.22854367353567894838e+01
  +1.15863640128788976114e+01
</dep>
<dep S11_phase frequency>
  -1.14156593787322549360e+02
  -1.15324790554423771027e+02
  -1.16487707133486864564e+02
  -1.17645176983518311431e+02
  -1.18797043701027689622e+02
  -1.19943161013854890484e+02
  -1.21083392747813164192e+02
  -1.22217612765813385067e+02
  -1.23345704879929385811e+02
  -1.24467562737277418705e+02
  -1.25583089680948418732e+02
  -1.26692198587556489997e+02
  -1.27794811683062505381e+02
  -1.28890860338711206623e+02
  -1.29980284848983984602e+02
  -1.31063034193517381709e+02
  -1.32139065784884110144e+02
  -1.33208345204223434166e+02
  -1.34270845926566579465e+02
  -1.35326549037681076015e+02
  -1.36375442944217638797e+02
  -1.37417523078808017090e+02
  -1.38452791601711453495e+02
  -1.39481257100487994194e+02
  -1.40502934289085516184e+02
  -1.41517843707628571792e+02
  -1.42526011424075193190e+02
  -1.43527468738822165051e+02
  -1.44522251893222119179e+02
  -1.45510401782881729105e+02
  -1.46491963676513535120e+02
  -1.47466986941004449818e+02
  -1.48435524773300699053e+02
  -1.49397633939597284325e+02
  -1.50353374522249993106e+02
  -1.51302809674754087155e+02
  -1.52246005385063369886e+02
  -1.53183030247444293082e+02
  -1.54113955243021763408e+02
  -1.55038853529099554862e+02
  -1.55957800237296879686e+02
  -1.56870872280492790196e+02
  -1.57778148168538649543e+02
  -1.58679707832643913434e+02
  -1.59575632458334666808e+02
  -1.60466004326830471882e+02
  -1.61350906664678120706e+02
  -1.62230423501452094115e+02
  -1.63104639535320472987e+02
  -1.63973640006249297585e+02
  -1.64837510576618626601e+02
  -1.65696337219006665009e+02
  -1.66550206110897676126e+02
  -1.67399203536052823438e+02
  -1.68243415792297128064e+02
  -1.69082929105456258867e+02
  -1.69917829549189633553e+02
  -1.70748202970465115413e+02
  -1.71574134920415588113e+02
  -1.72395710590332129186e+02
  -1.73213014752545319652e+02
  -1.74026131705953474693e+02
  -1.74835145225961667848e+02
  -1.75640138518604317142e+02
  -1.76441194178625835320e+02
  -1.77238394151303253921e+02
  -1.78031819697806326985e+02
  -1.78821551363885902219e+02
  -1.79607668951703573157e+02
  +1.79609748505387557316e+02
  +1.78830622765291394671e+02
  +1.78054876397015675593e+02
  +1.77282432798082481895e+02
  +1.76513216209660981804e+02
  +1.75747151729569907275e+02
  +1.74984165323294888594e+02
  +1.74224183833155052525e+02
  +1.73467134985749140696e+02
  +1.72712947397803731064e+02
  +1.71961550580539864086e+02
  +1.71212874942669145639e+02
  +1.70466851792123549103e+02
  +1.69723413336616943070e+02
  +1.68982492683134040590e+02
  +1.68244023836432830876e+02
  +1.67507941696645474394e+02
  +1.66774182056053405176e+02
  +1.66042681595115737991e+02
  +1.65313377877813735495e+02
  +1.64586209346382958074e+02
  +1.63861115315489882960e+02
  +1.63138035965913360315e+02
  +1.62416912337783998055e+02
  +1.61697686323432094468e+02
  +1.60980300659891355508e+02
  +1.60264698921103217799e+02
  +1.59550825509863017260e+02
  +1.58838625649546401064e+02
  +1.58128045375652305893e+02
  +1.57419031527196551679e+02
  +1.56711531737986632606e+02
  +1.56005494427806780777e+02
  +1.55300868793541951618e+02
  +1.54597604800263354718e+02
  +1.53895653172301109635e+02
  +1.53194965384324035540e+02
  +1.52495493652447322575e+02
  +1.51797190925386701110e+02
  +1.51100010875674797717e+02
  +1.50403907890957071913e+02
  +1.49708837065380123477e+02
  +1.49014754191087035906e+02
  +1.48321615749829817332e+02
  +1.47629378904712297071e+02
  +1.46938001492071379062e+02
  +1.46247442013507168213e+02
  +1.45557659628069188784e+02
  +1.44868614144607079197e+02
  +1.44180266014291163401e+02
  +1.43492576323309805275e+02
  +1.42805506785748804077e+02
  +1.42119019736655587849e+02
  +1.41433078125295679683e+02
  +1.40747645508601010533e+02
  +1.40062686044815961850e+02
  +1.39378164487341564381e+02
  +1.38694046178780865830e+02
  +1.38010297045187286358e+02
  +1.37326883590515137712e+02
  +1.36643772891275659731e+02
  +1.35960932591396726821e+02
  +1.35278330897287247581e+02
  +1.34595936573105802836e+02
  +1.33913718936232498891e+02
  +1.33231647852943495991e+02
  +1.32549693734286677227e+02
  +1.31867827532157292580e+02
  +1.31186020735570764373e+02
  +1.30504245367132682532e+02
  +1.29822473979701300095e+02
  +1.29140679653241647884e+02
  +1.28458835991868454585e+02
  +1.27776917121073907424e+02
  +1.27094897685138860766e+02
  +1.26412752844722007239e+02
  +1.25730458274625419790e+02
  +1.25047990161732215597e+02
  +1.24365325203111581231e+02
  +1.23682440604288387931e+02
  +1.22999314077672408985e+02
  +1.22315923841142705442e+02
  +1.21632248616783542161e+02
  +1.20948267629765680908e+02
  +1.20263960607369412514e+02
  +1.19579307778143402174e+02
  +1.18894289871195027786e+02
  +1.18208888115606043812e+02
  +1.17523084239968483189e+02
  +1.16836860472035283465e+02
  +1.16150199538479128591e+02
  +1.15463084664754759956e+02
  +1.14775499575057665425e+02
  +1.14087428492373021527e+02
  +1.13398856138609332334e+02
  +1.12709767734808977480e+02
  +1.12020149001430809221e+02
  +1.11329986158695945164e+02
  +1.10639265926991754441e+02
  +1.09947975527325723988e+02
  +1.09256102681822966360e+02
  +1.08563635614260022066e+02
  +1.07870563050625932533e+02
  +1.07176874219707045199e+02
  +1.06482558853683357825e+02
  +1.05787607188732053487e+02
  +1.05092009965628889745e+02
  +1.04395758430341359713e+02
  +1.03698844334602341632e+02
  +1.03001259936461053712e+02
  +1.02302998000798808675e+02
  +1.01604051799804381062e+02
</dep>
<dep S21_dB frequency>
  -4.16463572963403971805e-01
  -4.57671953023574440422e-01
  -5.00654572608376535747e-01
  -5.45383057766828827084e-01
  -5.91828564540915591508e-01
  -6.39961867879663137693e-01
  -6.89753448824547366058e-01
  -7.41173579674101246084e-01
  -7.94192406861551347674e-01
  -8.48780031299232073927e-01
  -9.04906585970075005854e-01
  -9.62542310580583926338e-01
  -1.02165762311274299634e+00
  -1.08222318814717621827e+00
  -1.14420998185713562734e+00
  -1.20758935360440400331e+00
  -1.27233308408900680497e+00
  -1.33841344004099616072e+00
  -1.40580322545797686828e+00
  -1.47447582941763521980e+00
  -1.54440527051813569770e+00
  -1.61556623801312437827e+00
  -1.68793412972816470052e+00
  -1.76148508685853655287e+00
  -1.83619602576170759534e+00
  -1.91204466686923302277e+00
  -1.98900956085051450195e+00
  -2.06707011217025504735e+00
  -2.14620660018569742178e+00
  -2.22640019793520504976e+00
  -2.30763298877324318781e+00
  -2.38988798100643284883e+00
  -2.47314912069021408669e+00
  -2.55740130274179833236e+00
  -2.64263038052597210026e+00
  -2.72882317406869789878e+00
  -2.81596747705142202989e+00
  -2.90405206273456562016e+00
  -2.99306668895818805964e+00
  -3.08300210236259131236e+00
  -3.17385004196863329540e+00
  -3.26560324225332809789e+00
  -3.35825543585425778659e+00
  -3.45180135602901749792e+00
  -3.54623673899722824387e+00
  -3.64155832628416886720e+00
  -3.73776386718514430640e+00
  -3.83485212146495690888e+00
  -3.93282286240544953770e+00
  -4.03167688030946624878e+00
  -4.13141598656955455482e+00
  -4.23204301840708385640e+00
  -4.33356184438663127878e+00
  -4.43597737080852905223e+00
  -4.53929554908435139993e+00
  -4.64352338419770482858e+00
  -4.74866894435565534138e+00
  -4.85474137193675758795e+00
  -4.96175089584292994260e+00
  -5.06970884536651844599e+00
  -5.17862766568624621755e+00
  -5.28852093511029330841e+00
  -5.39940338418965470879e+00
  -5.51129091683092831033e+00
  -5.62420063354440102898e+00
  -5.73815085697010651700e+00
  -5.85316115983605733675e+00
  -5.96925239550861341797e+00
  -6.08644673131068980609e+00
  -6.20476768479302354109e+00
  -6.32424016315861425852e+00
  -6.44489050605741553568e+00
  -6.56674653198421331979e+00
  -6.68983758853351950791e+00
  -6.81419460678625821259e+00
  -6.93985016012818167752e+00
  -7.06683852782574373208e+00
  -7.19519576371660818381e+00
  -7.32495977040420154225e+00
  -7.45617037938324145330e+00
  -7.58886943756526655136e+00
  -7.72310090071877297646e+00
  -7.85891093439006915844e+00
  -7.99634802292947899360e+00
  -8.13546308731132050696e+00
  -8.27630961250884666924e+00
  -8.41894378526694886489e+00
  -8.56342464320498386599e+00
  -8.70981423628800222048e+00
  -8.85817780181666059036e+00
  -9.00858395422041624556e+00
  -9.16110489108423209359e+00
  -9.31581661700818308702e+00
  -9.47279918708918700077e+00
  -9.63213697203217122933e+00
  -9.79391894714392918786e+00
  -9.95823900774733417052e+00
  -1.01251963138764704553e+01
  -1.02948956674863509875e+01
  -1.04674479258386448066e+01
  -1.06429704552195563139e+01
  -1.08215876297182411747e+01
  -1.10034313804571954876e+01
  -1.11886418014395268017e+01
  -1.13773678190775751062e+01
  -1.15697679335236607301e+01
  -1.17660110411611640302e+01
  -1.19662773490734011261e+01
  -1.21707593940328617776e+01
  -1.23796631805988095465e+01
  -1.25932094553484024146e+01
  -1.28116351371787118296e+01
  -1.30351949271143485731e+01
  -1.32641631252691425402e+01
  -1.34988356877165784908e+01
  -1.37395325622313819736e+01
  -1.39866003494602271218e+01
  -1.42404153454105202314e+01
  -1.45013870326812437384e+01
  -1.47699621021951532640e+01
  -1.50466291051216600749e+01
  -1.53319238572501888029e+01
  -1.56264357466730796631e+01
  -1.59308151321590774074e+01
  -1.62457820665740442223e+01
  -1.65721366406539978300e+01
  -1.69107713221898876554e+01
  -1.72626857710532313206e+01
  -1.76290047511079990272e+01
  -1.80109999497672923496e+01
  -1.84101167749337122359e+01
  -1.88280075571241312105e+01
  -1.92665730865186475285e+01
  -1.97280151289954055471e+01
  -2.02149035986667122700e+01
  -2.07302635869827120985e+01
  -2.12776897369509967461e+01
  -2.18614989682011184868e+01
  -2.24869381003508017614e+01
  -2.31604719018212001913e+01
  -2.38901921115179689536e+01
  -2.46864140361845194604e+01
  -2.55625744681230742117e+01
  -2.65366342773828449708e+01
  -2.76333696726800042143e+01
  -2.88883271646348269712e+01
  -3.03551421216738539499e+01
  -3.21203712733781685529e+01
  -3.43375507802653885392e+01
  -3.73212361405007158055e+01
  -4.19011284000723449594e+01
  -5.21917087171169598037e+01
  -5.01192913437869620452e+01
  -4.12150808150404088792e+01
  -3.69119833532012862065e+01
  -3.40476704940017285139e+01
  -3.18974498812882032439e+01
  -3.01753807863417335966e+01
  -2.87389327496382627203e+01
  -2.75066875808693964700e+01
  -2.64277330768953255813e+01
  -2.54681019050102648293e+01
  -2.46039978440156019701e+01
  -2.38181013498301332731e+01
  -2.30974137597071305095e+01
  -2.24319299540888472677e+01
  -2.18137845510395678161e+01
  -2.12366823439593304101e+01
  -2.06955064830220258898e+01
  -2.01860417304496024826e+01
  -1.97047744743333694828e+01
  -1.92487452902025459878e+01
  -1.88154383055203595632e+01
  -1.84026968653449713997e+01
  -1.80086583353847942135e+01
  -1.76317030565906343043e+01
  -1.72704139180320268565e+01
  -1.69235440029952535212e+01
  -1.65899904476785877705e+01
  -1.62687731336880645472e+01
  -1.59590171798456559316e+01
</dep>
<dep S11_dB frequency>
  -1.04279106687996137026e+01
  -1.00361079323254394069e+01
  -9.66532878736769163197e+00
  -9.31378847479558835687e+00
  -8.97992563715883385100e+00
  -8.66236580400379629907e+00
  -8.35989205824567349623e+00
  -8.07142125547995625823e+00
  -7.79598458286077988788e+00
  -7.53271154247081664579e+00
  -7.28081666139521210823e+00
  -7.03958839094746302578e+00
  -6.80837977705503494263e+00
  -6.58660057388741204676e+00
  -6.37371054137319781319e+00
  -6.16921371991893252584e+00
  -5.97265351644510467111e+00
  -5.78360846767668324020e+00
  -5.60168857170725953409e+00
  -5.42653209869496944151e+00
  -5.25780280736866245661e+00
  -5.09518750674157949732e+00
  -4.93839391267196869961e+00
  -4.78714875723966493126e+00
  -4.64119611570189416483e+00
  -4.50029592135820255550e+00
  -4.36422264325388198358e+00
  -4.23276410544549630544e+00
  -4.10572042971788242482e+00
  -3.98290308627716704848e+00
  -3.86413403915555697665e+00
  -3.74924497492777453189e+00
  -3.63807660490081374860e+00
  -3.53047803227618262056e+00
  -3.42630617690941718934e+00
  -3.32542525125515719964e+00
  -3.22770628190829533821e+00
  -3.13302667185946948081e+00
  -3.04126979918631068500e+00
  -2.95232464842623665291e+00
  -2.86608547132646895861e+00
  -2.78245147405896986470e+00
  -2.70132652832466524373e+00
  -2.62261890406919206953e+00
  -2.54624102178541189545e+00
  -2.47210922260609855527e+00
  -2.40014355458369621488e+00
  -2.33026757372810910951e+00
  -2.26240815852194510072e+00
  -2.19649533677004704657e+00
  -2.13246212375271326778e+00
  -2.07024437075873501968e+00
  -2.00978062316446415281e+00
  -1.95101198730777314339e+00
  -1.89388200547569507393e+00
  -1.83833653839140165331e+00
  -1.78432365464036535307e+00
  -1.73179352652911955346e+00
  -1.68069833191361062141e+00
  -1.63099216157619641976e+00
  -1.58263093176564395570e+00
  -1.53557230154884427620e+00
  -1.48977559465076203615e+00
  -1.44520172548689940228e+00
  -1.40181312911615374439e+00
  -1.35957369486351598020e+00
  -1.31844870338144248834e+00
  -1.27840476693744253822e+00
  -1.23940977273007724158e+00
  -1.20143282905162074314e+00
  -1.16444421412813325922e+00
  -1.12841532748008277487e+00
  -1.09331864365788855586e+00
  -1.05912766821680293106e+00
  -1.02581689580471180356e+00
  -9.93361770245474340335e-01
  -9.61738646507508510020e-01
  -9.30924754455241809659e-01
  -9.00898164287265545980e-01
  -8.71637753571208317993e-01
  -8.43123175791231083132e-01
  -8.15334830328894755169e-01
  -7.88253833803292502935e-01
  -7.61861992700746393226e-01
  -7.36141777228399685207e-01
  -7.11076296329921753170e-01
  -6.86649273805475357513e-01
  -6.62845025480814920016e-01
  -6.39648437374051415105e-01
  -6.17044944811247164651e-01
  -5.95020512444768390203e-01
  -5.73561615130892210601e-01
  -5.52655219625447724496e-01
  -5.32288767058677891875e-01
  -5.12450156152260416498e-01
  -4.93127727143739202909e-01
  -4.74310246385257483492e-01
  -4.55986891585075715394e-01
  -4.38147237662328437047e-01
  -4.20781243186557518676e-01
  -4.03879237375477817551e-01
  -3.87431907625155669272e-01
  -3.71430287548807969156e-01
  -3.55865745500784758093e-01
  -3.40729973564253052487e-01
  -3.26014976981419346558e-01
  -3.11713064006749085433e-01
  -2.97816836164136788945e-01
  -2.84319178890132140403e-01
  -2.71213252546039063073e-01
  -2.58492483782679582927e-01
  -2.46150557242103384947e-01
  -2.34181407581522282868e-01
  -2.22579211805215504416e-01
  -2.11338381890920024020e-01
  -2.00453557697830797579e-01
  -1.89919600143736155839e-01
  -1.79731584639685720850e-01
  -1.69884794770807479036e-01
  -1.60374716212492218759e-01
  -1.51197030871697862819e-01
  -1.42347611243509641898e-01
  -1.33822514973471251576e-01
  -1.25617979616719388503e-01
  -1.17730417585178381845e-01
  -1.10156411274647786369e-01
  -1.02892708363701984586e-01
  -9.59362172768998544559e-02
  -8.92840028049480954886e-02
  -8.29332818748086814109e-02
  -7.68814194630110386841e-02
  -7.11259246457970617517e-02
  -6.56644467797857511737e-02
  -6.04947718073184440013e-02
  -5.56148186806332198162e-02
  -5.10226358995364698279e-02
  -4.67163981571433045703e-02
  -4.26944030886705072625e-02
  -3.89550681184224478759e-02
  -3.54969274001372334104e-02
  -3.23186288463990015196e-02
  -2.94189312425111454408e-02
  -2.67967014407491099792e-02
  -2.44509116310416031725e-02
  -2.23806366840164881749e-02
  -2.05850515627505233074e-02
  -1.90634287996336998505e-02
  -1.78151360348198783967e-02
  -1.68396336129665417924e-02
  -1.61364722349427724968e-02
  -1.57052906614555468079e-02
  -1.55458134656292837339e-02
  -1.56578488315444568080e-02
  -1.60412863960085784465e-02
  -1.66960951308991953357e-02
  -1.76223212633910067404e-02
  -1.88200862317597292228e-02
  -2.02895846741257060430e-02
  -2.20310824480116906887e-02
  -2.40449146784949829847e-02
  -2.63314838326419997649e-02
  -2.88912578184146173754e-02
  -3.17247681058965211309e-02
  -3.48326078690939996974e-02
  -3.82154301463227957791e-02
  -4.18739460176929534363e-02
  -4.58089227978648316775e-02
  -5.00211822424519100827e-02
  -5.45115987668509036079e-02
  -5.92810976757067314979e-02
  -6.43306534018751596804e-02
  -6.96612877536477159701e-02
  -7.52740681687787405174e-02
  -8.11701059744413255803e-02
  -8.73505546518443115600e-02
  -9.38166081046404587429e-02
  -1.00569498930111106416e-01
  -1.07610496692286741749e-01
  -1.14940906196248235349e-01
  -1.22562065762803373836e-01
  -1.30475345502970185851e-01
</dep>
<dep Zin_ohm frequency>
  +1.98658579060044326070e+03
  +1.94662098064102156059e+03
  +1.90648636126167320981e+03
  +1.86628992621329780377e+03
  +1.82612822948106258991e+03
  +1.78608692658467407455e+03
  +1.74624140132952516069e+03
  +1.70665744787872995403e+03
  +1.66739198291780780892e+03
  +1.62849376734227735142e+03
  +1.59000412115586846085e+03
  +1.55195761904557889466e+03
  +1.51438275737600702087e+03
  +1.47730258611068870778e+03
  +1.44073530145744575748e+03
  +1.40469479688788010208e+03
  +1.36919117164963199684e+03
  +1.33423119701800419534e+03
  +1.29981874138645684980e+03
  +1.26595515590809327477e+03
  +1.23263962282151851468e+03
  +1.19986946886604732754e+03
  +1.16764044633899584369e+03
  +1.13594698440608613055e+03
  +1.10478241326472993933e+03
  +1.07413916369894764102e+03
  +1.04400894447118525932e+03
  +1.01438289987965470118e+03
  +9.85251749683218008613e+02
  +9.56605913464608534014e+02
  +9.28435621374319453025e+02
  +9.00731013077027682812e+02
  +8.73482226611463943300e+02
  +8.46679478780409795036e+02
  +8.20313138609053453365e+02
  +7.94373795352170986916e+02
  +7.68852322495783596423e+02
  +7.43739939190929931101e+02
  +7.19028270578172850946e+02
  +6.94709408518592226756e+02
  +6.70775974344344035671e+02
  +6.47221185388391859306e+02
  +6.24038927257611362620e+02
  +6.01223834090264404040e+02
  +5.78771379401696322020e+02
  +5.56677980594453288177e+02
  +5.34941120813834345427e+02
  +5.13559492601659144384e+02
  +4.92533168777916330328e+02
  +4.71863807211374933104e+02
  +4.51554897679349153350e+02
  +4.31612060926284243578e+02
  +4.12043412367084386005e+02
  +3.92860005685407827514e+02
  +3.74076374838526419353e+02
  +3.55711196580876048756e+02
  +3.37788099216655723467e+02
  +3.20336646136934575679e+02
  +3.03393523293482644476e+02
  +2.87003955342821654995e+02
  +2.71223360913503540814e+02
  +2.56119225299888853442e+02
  +2.41773106578999033900e+02
  +2.28282581862219359436e+02
  +2.15762765690909162686e+02
  +2.04346783127907997368e+02
  +1.94184280898102258561e+02
  +1.85436813596319609587e+02
  +1.78268973284066788665e+02
  +1.72834768655838786344e+02
  +1.69260247220427828552e+02
  +1.67625451666714980092e+02
  +1.67950479566691143418e+02
  +1.70190243040266494745e+02
  +1.74239918641327079740e+02
  +1.79949260410711104896e+02
  +1.87141188814170902788e+02
  +1.95629742273221694404e+02
  +2.05234126492494851846e+02
  +2.15787773930918859833e+02
  +2.27142913395667761733e+02
  +2.39171847902254882001e+02
  +2.51766182830879444055e+02
  +2.64834984594188938445e+02
  +2.78302527492052320213e+02
  +2.92106016859284807197e+02
  +3.06193488318992990571e+02
  +3.20521965970257781464e+02
  +3.35055896442785808631e+02
  +3.49765842462009061364e+02
  +3.64627405425765573455e+02
  +3.79620342772491994765e+02
  +3.94727847382466961790e+02
  +4.09935959938438259087e+02
  +4.25233089506987596451e+02
  +4.40609621813767944332e+02
  +4.56057598441248217114e+02
  +4.71570453373663951879e+02
  +4.87142795960088108131e+02
  +5.02770231520688355431e+02
  +5.18449212556664406293e+02
  +5.34176914913795940265e+02
  +5.49951134358231684018e+02
  +5.65770199906647007992e+02
  +5.81632900956843172935e+02
  +5.97538425826466209401e+02
  +6.13486309756170612673e+02
  +6.29476390792949700881e+02
  +6.45508772257900659497e+02
  +6.61583790735031243457e+02
  +6.77701988705475173447e+02
  +6.93864091103548503270e+02
  +7.10070985194827017040e+02
  +7.26323703277229469677e+02
  +7.42623407788772510685e+02
  +7.58971378473372055851e+02
  +7.75369001312036630225e+02
  +7.91817758972883211754e+02
  +8.08319222571791215159e+02
  +8.24875044567296981768e+02
  +8.41486952639932496822e+02
  +8.58156744428514912215e+02
  +8.74886283014432251548e+02
  +8.91677493060872848218e+02
  +9.08532357527047565782e+02
  +9.25452914888829354823e+02
  +9.42441256806675141888e+02
  +9.59499526189872540272e+02
  +9.76629915613086154735e+02
  +9.93834666047056657590e+02
  +1.01111606587046298955e+03
  +1.02847645013428450511e+03
  +1.04591820005378917813e+03
  +1.06344374270654043357e+03
  +1.08105555091762084885e+03
  +1.09875614331575388860e+03
  +1.11654808454610019908e+03
  +1.13443398562742981994e+03
  +1.15241650444291917665e+03
  +1.17049834635534898553e+03
  +1.18868226493866131932e+03
  +1.20697106281897890767e+03
  +1.22536759261918632546e+03
  +1.24387475800199081277e+03
  +1.26249551480723903296e+03
  +1.28123287227987680126e+03
  +1.30008989438558865004e+03
  +1.31906970121176073008e+03
  +1.33817547045182323018e+03
  +1.35741043897156191633e+03
  +1.37677790445636469485e+03
  +1.39628122713875086447e+03
  +1.41592383160590179614e+03
  +1.43570920868720259023e+03
  +1.45564091742214009173e+03
  +1.47572258710912160495e+03
  +1.49595791943610856833e+03
  +1.51635069069416499588e+03
  +1.53690475407524968432e+03
  +1.55762404205583379735e+03
  +1.57851256886809301250e+03
  +1.59957443306066988953e+03
  +1.62081382015120379947e+03
  +1.64223500537294034984e+03
  +1.66384235651805533962e+03
  +1.68564033688036306557e+03
  +1.70763350830039712491e+03
  +1.72982653431592643756e+03
  +1.75222418342122523427e+03
  +1.77483133243852512351e+03
  +1.79765297000531131744e+03
  +1.82069420018132132100e+03
  +1.84396024617911825771e+03
  +1.86745645422255847734e+03
  +1.89118829753741965760e+03
  +1.91516138047873073447e+03
  +1.93938144279949619886e+03
  +1.96385436406578105561e+03
  +1.98858616822309568306e+03
  +2.01358302831943910860e+03
  +2.03885127139035944310e+03
</dep>
<dep Zin_norm frequency>
  +3.97317158120088649298e+01
  +3.89324196128204320644e+01
  +3.81297272252334664699e+01
  +3.73257985242659557912e+01
  +3.65225645896212540720e+01
  +3.57217385316934823436e+01
  +3.49248280265905037822e+01
  +3.41331489575745976595e+01
  +3.33478396583561575994e+01
  +3.25698753468455493021e+01
  +3.18000824231173702117e+01
  +3.10391523809115774668e+01
  +3.02876551475201409858e+01
  +2.95460517222137752924e+01
  +2.88147060291489154338e+01
  +2.80938959377576011889e+01
  +2.73838234329926386579e+01
  +2.66846239403600833384e+01
  +2.59963748277291379907e+01
  +2.53191031181618662060e+01
  +2.46527924564303688726e+01
  +2.39973893773209461244e+01
  +2.33528089267799181528e+01
  +2.27189396881217220425e+01
  +2.20956482652945993550e+01
  +2.14827832739789528205e+01
  +2.08801788894237070338e+01
  +2.02876579975930937394e+01
  +1.97050349936643591775e+01
  +1.91321182692921709645e+01
  +1.85687124274863890605e+01
  +1.80146202615405535141e+01
  +1.74696445322292781555e+01
  +1.69335895756081953323e+01
  +1.64062627721810692094e+01
  +1.58874759070434201647e+01
  +1.53770464499156727101e+01
  +1.48747987838185977694e+01
  +1.43805654115634560242e+01
  +1.38941881703718443930e+01
  +1.34155194868868807845e+01
  +1.29444237077678376835e+01
  +1.24807785451522281761e+01
  +1.20244766818052877255e+01
  +1.15754275880339267957e+01
  +1.11335596118890656214e+01
  +1.06988224162766858427e+01
  +1.02711898520331832430e+01
  +9.85066337555832660655e+00
  +9.43727614422749816470e+00
  +9.03109795358698264067e+00
  +8.63224121852568515578e+00
  +8.24086824734168743589e+00
  +7.85720011370815640817e+00
  +7.48152749677052852917e+00
  +7.11422393161752086854e+00
  +6.75576198433311425617e+00
  +6.40673292273869154911e+00
  +6.06787046586965317374e+00
  +5.74007910685643363280e+00
  +5.42446721827007127814e+00
  +5.12238450599777728200e+00
  +4.83546213157998039378e+00
  +4.56565163724438694004e+00
  +4.31525531381818350241e+00
  +4.08693566255815987631e+00
  +3.88368561796204492254e+00
  +3.70873627192639210293e+00
  +3.56537946568133579106e+00
  +3.45669537311677554925e+00
  +3.38520494440855657103e+00
  +3.35250903333429972619e+00
  +3.35900959133382270849e+00
  +3.40380486080532973503e+00
  +3.48479837282654170139e+00
  +3.59898520821422218674e+00
  +3.74282377628341800246e+00
  +3.91259484546443392361e+00
  +4.10468252984989678822e+00
  +4.31575547861837716113e+00
  +4.54285826791335534125e+00
  +4.78343695804509749792e+00
  +5.03532365661758873898e+00
  +5.29669969188377898206e+00
  +5.56605054984104619109e+00
  +5.84212033718569578866e+00
  +6.12386976637986002459e+00
  +6.41043931940515587797e+00
  +6.70111792885571588840e+00
  +6.99531684924018115623e+00
  +7.29254810851531143356e+00
  +7.59240685544984028610e+00
  +7.89455694764933912921e+00
  +8.19871919876876553701e+00
  +8.50466179013975143164e+00
  +8.81219243627535853136e+00
  +9.12115196882496448438e+00
  +9.43140906747327889548e+00
  +9.74285591920176230474e+00
  +1.00554046304137667533e+01
  +1.03689842511332876995e+01
  +1.06835382982759181658e+01
  +1.09990226871646346041e+01
  +1.13154039981329397335e+01
  +1.16326580191368638140e+01
  +1.19507685165293242591e+01
  +1.22697261951234128929e+01
  +1.25895278158589949413e+01
  +1.29101754451580124083e+01
  +1.32316758147006243718e+01
  +1.35540397741095031137e+01
  +1.38772818220709694970e+01
  +1.42014197038965406250e+01
  +1.45264740655445905304e+01
  +1.48524681557754494321e+01
  +1.51794275694674407617e+01
  +1.55073800262407335282e+01
  +1.58363551794576640219e+01
  +1.61663844514358245874e+01
  +1.64975008913459397775e+01
  +1.68297390527986507891e+01
  +1.71631348885702976759e+01
  +1.74977256602886441783e+01
  +1.78335498612174561117e+01
  +1.81706471505409510314e+01
  +1.85090582977765869543e+01
  +1.88488251361335024114e+01
  +1.91899905237974515160e+01
  +1.95325983122617223842e+01
  +1.98766933209411327255e+01
  +2.02223213174092606437e+01
  +2.05695290026856909549e+01
  +2.09183640010757834204e+01
  +2.12688748541308072504e+01
  +2.16211110183524155559e+01
  +2.19751228663150790510e+01
  +2.23309616909220061132e+01
  +2.26886797125485948357e+01
  +2.30483300888583855226e+01
  +2.34099669271069785736e+01
  +2.37736452987732249653e+01
  +2.41394212563795775850e+01
  +2.45073518523837279304e+01
  +2.48774951600398139817e+01
  +2.52499102961447796645e+01
  +2.56246574455975348883e+01
  +2.60017978877117741376e+01
  +2.63813940242352167331e+01
  +2.67635094090364660246e+01
  +2.71482087794312398898e+01
  +2.75355580891272957444e+01
  +2.79256245427750187105e+01
  +2.83184766321180347859e+01
  +2.87141841737440515203e+01
  +2.91128183484428006977e+01
  +2.95144517421824339465e+01
  +2.99191583887221703719e+01
  +3.03270138138833011965e+01
  +3.07380950815049942548e+01
  +3.11524808411166738153e+01
  +3.15702513773618598236e+01
  +3.19914886612133990695e+01
  +3.24162764030240779789e+01
  +3.28447001074588058600e+01
  +3.32768471303611050871e+01
  +3.37128067376072593220e+01
  +3.41526701660079439193e+01
  +3.45965306863185304564e+01
  +3.50444836684245046854e+01
  +3.54966266487705013333e+01
  +3.59530594001062269172e+01
  +3.64138840036264284095e+01
  +3.68792049235823640174e+01
  +3.73491290844511709679e+01
  +3.78237659507483954258e+01
  +3.83032276095746126998e+01
  +3.87876288559899222719e+01
  +3.92770872813156231018e+01
  +3.97717233644619128086e+01
  +4.02716605663887818878e+01
  +4.07770254278071888621e+01
</dep>
<dep S[2,2] frequency>
  -1.23189575406795606693e-01-j2.74665565073911710492e-01
  -1.34704965560554501547e-01-j2.84651722441957188980e-01
  -1.46579778481201072893e-01-j2.94151582088149621264e-01
  -1.58790146850617763796e-01-j3.03155102967319567409e-01
  -1.71312080928209875541e-01-j3.11653607809841970422e-01
  -1.84121555546501447509e-01-j3.19639761299194025135e-01
  -1.97194593169935900034e-01-j3.27107542420111974124e-01
  -2.10507342646060802149e-01-j3.34052211499043627541e-01
  -2.24036153344004757004e-01-j3.40470272476259216976e-01
  -2.37757644437030596363e-01-j3.46359430956163338866e-01
  -2.51648769147381434763e-01-j3.51718548584164070192e-01
  -2.65686873831185332850e-01-j3.56547594293740777172e-01
  -2.79849751835268778510e-01-j3.60847592955503781997e-01
  -2.94115692110281046201e-01-j3.64620571944404003872e-01
  -3.08463522611833906861e-01-j3.67869506120420797224e-01
  -3.22872648564600073229e-01-j3.70598261693452613041e-01
  -3.37323085701917046997e-01-j3.72811539415413784049e-01
  -3.51795488628954655663e-01-j3.74514817513052322706e-01
  -3.66271174485052863901e-01-j3.75714294742703347474e-01
  -3.80732142105933979437e-01-j3.76416833915540427480e-01
  -3.95161086907143799252e-01-j3.76629906208484299679e-01
  -4.09541411725073856154e-01-j3.76361536542155039609e-01
  -4.23857233864369686849e-01-j3.75620250274075584418e-01
  -4.38093388608449763044e-01-j3.74415021422878191437e-01
  -4.52235429454632686941e-01-j3.72755222607742409124e-01
  -4.66269625337225768202e-01-j3.70650576857275926290e-01
  -4.80182955100401431814e-01-j3.68111111413421232541e-01
  -4.93963099479632350430e-01-j3.65147113629246344857e-01
  -5.07598430844376502513e-01-j3.61769089034473134703e-01
  -5.21078000947524211384e-01-j3.57987721619601018119e-01
  -5.34391526918070236540e-01-j3.53813836368425282952e-01
  -5.47529375723073252757e-01-j3.49258364049721548028e-01
  -5.60482547314292589569e-01-j3.44332308261753372580e-01
  -5.73242656662539151746e-01-j3.39046714708115815018e-01
  -5.85801914870662354673e-01-j3.33412642670137704393e-01
  -5.98153109543373529000e-01-j3.27441138629507744184e-01
  -6.10289584579385202545e-01-j3.21143211984952714477e-01
  -6.22205219538335851936e-01-j3.14529812798615304725e-01
  -6.33894408722627589192e-01-j3.07611811500867193825e-01
  -6.45352040101788371196e-01-j3.00399980476971362187e-01
  -6.56573474195012551924e-01-j2.92904977454791548563e-01
  -6.67554523015902900873e-01-j2.85137330609698536055e-01
  -6.78291429172612758691e-01-j2.77107425300770204846e-01
  -6.88780845205656522268e-01-j2.68825492351342398845e-01
  -6.99019813236188447547e-01-j2.60301597786503191578e-01
  -7.09005744987799557677e-01-j2.51545633940682633600e-01
  -7.18736402236357374562e-01-j2.42567311849341299412e-01
  -7.28209877734227850610e-01-j2.33376154840389399281e-01
  -7.37424576647735863233e-01-j2.23981493242815132838e-01
  -7.46379198539707577886e-01-j2.14392460132479756307e-01
  -7.55072719922652457747e-01-j2.04617988037536141510e-01
  -7.63504377402428491273e-01-j1.94666806528851404900e-01
  -7.71673651426898143946e-01-j1.84547440623835268259e-01
  -7.79580250649366979232e-01-j1.74268209935320800286e-01
  -7.87224096912475967969e-01-j1.63837228500299803002e-01
  -7.94605310854274327070e-01-j1.53262405226745612730e-01
  -8.01724198135022936285e-01-j1.42551444900027551865e-01
  -8.08581236280245141401e-01-j1.31711849693714522225e-01
  -8.15177062132986463006e-01-j1.20750921132952576675e-01
  -8.21512459906049152814e-01-j1.09675762461689918492e-01
  -8.27588349823110136505e-01-j9.84932813682707491987e-02
  -8.33405777335873509948e-01-j8.72101930269213593272e-02
  -8.38965902903272553459e-01-j7.58330234156326388195e-02
  -8.44269992317467243836e-01-j6.43681128737506047521e-02
  -8.49319407560596983942e-01-j5.28216198653460311530e-02
  -8.54115598175485546406e-01-j4.11995249170451771636e-02
  -8.58660093133121637976e-01-j2.95076347013795911578e-02
  -8.62954493179194148667e-01-j1.77515862392456161278e-02
  -8.67000463641934282499e-01-j5.93685119709201104821e-03
  -8.70799727683315483162e-01+j5.93125974332906098774e-03
  -8.74354059975691821904e-01+j1.78475924628312618281e-02
  -8.77665280786142365521e-01+j2.98071449487238536447e-02
  -8.80735250450872420025e-01+j4.18050628213802941135e-02
  -8.83565864222394581340e-01+j5.38366348584950332734e-02
  -8.86159047472436567361e-01+j6.58972885305185579474e-02
  -8.88516751233982216007e-01+j7.79825855593851285930e-02
  -8.90640948066196980193e-01+j9.00882175113285749157e-02
  -8.92533628226475306278e-01+j1.02210001433400685111e-01
  -8.94196796134304583425e-01+j1.14343875542152209612e-01
  -8.95632467112131958054e-01+j1.26485894971961304600e-01
  -8.96842664388935673081e-01+j1.38632227589504802845e-01
  -8.97829416352697973203e-01+j1.50779149880037044440e-01
  -8.98594754038540943775e-01+j1.62923042910334714417e-01
  -8.99140708839747060388e-01+j1.75060388372421715797e-01
  -8.99469310429476531787e-01+j1.87187764711569476495e-01
  -8.99582584881460367576e-01+j1.99301843341429890666e-01
  -8.99482552978483229644e-01+j2.11399384948656260397e-01
  -8.99171228697971391952e-01+j2.23477235888787401086e-01
  -8.98650617864489631437e-01+j2.35532324674876558657e-01
  -8.97922716959426492345e-01+j2.47561658559769526278e-01
  -8.96989512078635309322e-01+j2.59562320212740949010e-01
  -8.95852978029223145917e-01+j2.71531464490754048668e-01
  -8.94515077557145765752e-01+j2.83466315304406413222e-01
  -8.92977760697685862823e-01+j2.95364162578323929953e-01
  -8.91242964241281243609e-01+j3.07222359305592995771e-01
  -8.89312611307590872300e-01+j3.19038318695561540217e-01
  -8.87188611021049178262e-01+j3.30809511414238588412e-01
  -8.84872858281528062996e-01+j3.42533462916323749869e-01
  -8.82367233624057556440e-01+j3.54207750867813753182e-01
  -8.79673603161916672910e-01+j3.65830002657992869874e-01
  -8.76793818607684682931e-01+j3.77397892999556783256e-01
  -8.73729717367175862108e-01+j3.88909141615530140612e-01
  -8.70483122701442790792e-01+j4.00361511011564863427e-01
  -8.67055843952322491397e-01+j4.11752804332223665273e-01
  -8.63449676827243606247e-01+j4.23080863299722054194e-01
  -8.59666403739263174089e-01+j4.34343566233678979316e-01
  -8.55707794198526605634e-01+j4.45538826150340128152e-01
  -8.51575605251578382493e-01+j4.56664588939768634201e-01
  -8.47271581965115649915e-01+j4.67718831619488795148e-01
  -8.42797457951039330482e-01+j4.78699560663086276513e-01
  -8.38154955929750422605e-01+j4.89604810402260171021e-01
  -8.33345788328898717801e-01+j5.00432641500870634133e-01
  -8.28371657914876102780e-01+j5.11181139499528813808e-01
  -8.23234258454554557183e-01+j5.21848413429304769373e-01
  -8.17935275404872208505e-01+j5.32432594493184141449e-01
  -8.12476386628006141954e-01+j5.42931834813883962276e-01
  -8.06859263130027870581e-01+j5.53344306246743355970e-01
  -8.01085569820988774303e-01+j5.63668199256373236850e-01
  -7.95156966294543687823e-01+j5.73901721855847757325e-01
  -7.89075107625293981073e-01+j5.84043098607206490058e-01
  -7.82841645182125622782e-01+j5.94090569682115599015e-01
  -7.76458227455883109869e-01+j6.04042389981567673374e-01
  -7.69926500899842936043e-01+j6.13896828313509335118e-01
  -7.63248110781462929531e-01+j6.23652166627386539410e-01
  -7.56424702043990482281e-01+j6.33306699304567399800e-01
  -7.49457920176547998103e-01+j6.42858732503710172956e-01
  -7.42349412091382165890e-01+j6.52306583560120833987e-01
  -7.35100827006993751134e-01+j6.61648580438227940093e-01
  -7.27713817335916890450e-01+j6.70883061236317912446e-01
  -7.20190039575965501584e-01+j6.80008373742705729548e-01
  -7.12531155203775745655e-01+j6.89022875042569538095e-01
  -7.04738831569509560637e-01+j6.97924931174688456537e-01
  -6.96814742791635244323e-01+j7.06712916837360483058e-01
  -6.88760570650670422843e-01+j7.15385215142820607426e-01
  -6.80578005480857228804e-01+j7.23940217419482556771e-01
  -6.72268747058681670481e-01+j7.32376323061368017520e-01
  -6.63834505487239212584e-01+j7.40691939424105605383e-01
  -6.55277002075378867119e-01+j7.48885481766916161206e-01
  -6.46597970210635697441e-01+j7.56955373239983297928e-01
  -6.37799156224911567570e-01+j7.64900044916677845919e-01
  -6.28882320251896942409e-01+j7.72717935870071648274e-01
  -6.19849237075222325721e-01+j7.80407493293217680019e-01
  -6.10701696966304830028e-01+j7.87967172662674575356e-01
  -6.01441506510891121806e-01+j7.95395437944748651127e-01
  -5.92070489423238366378e-01+j8.02690761843964928346e-01
  -5.82590487346931640289e-01+j8.09851626093248122551e-01
  -5.73003360641275660825e-01+j8.16876521785295572897e-01
  -5.63310989152211005759e-01+j8.23763949744664714103e-01
  -5.53515272966701887825e-01+j8.30512420940025752891e-01
  -5.43618133149520121883e-01+j8.37120456936089163413e-01
  -5.33621512461345037792e-01+j8.43586590384662549091e-01
  -5.23527376057082105554e-01+j8.49909365554288975808e-01
  -5.13337712163306369995e-01+j8.56087338897924321479e-01
  -5.03054532733703041458e-01+j8.62119079658072551275e-01
  -4.92679874081377144890e-01+j8.68003170508773291836e-01
  -4.82215797486916175618e-01+j8.73738208233852065021e-01
  -4.71664389781029425031e-01+j8.79322804440742067378e-01
  -4.61027763900618503534e-01+j8.84755586309271868650e-01
  -4.50308059417122930057e-01+j8.90035197374663078485e-01
  -4.39507443035932421349e-01+j8.95160298344035099127e-01
  -4.28628109065731954797e-01+j9.00129567945648911831e-01
  -4.17672279856549477639e-01+j9.04941703810069886238e-01
  -4.06642206205331313562e-01+j9.09595423382430268155e-01
  -3.95540167727859437452e-01+j9.14089464864888179285e-01
  -3.84368473195799420505e-01+j9.18422588188367527984e-01
  -3.73129460837702375819e-01+j9.22593576012597393898e-01
  -3.61825498602754591637e-01+j9.26601234753438030012e-01
  -3.50458984386102734288e-01+j9.30444395636422560969e-01
  -3.39032346214574842325e-01+j9.34121915775387612335e-01
  -3.27548042391627880487e-01+j9.37632679275033242838e-01
  -3.16008561600384707546e-01+j9.40975598356170839232e-01
  -3.04416422963585731054e-01+j9.44149614502391987259e-01
  -2.92774176059407142958e-01+j9.47153699626803624589e-01
  -2.81084400891974728331e-01+j9.49986857257451688952e-01
  -2.69349707815561056901e-01+j9.52648123739967322976e-01
  -2.57572737411391916584e-01+j9.55136569455927619821e-01
  -2.45756160316097399532e-01+j9.57451300055355059015e-01
  -2.33902677000768693949e-01+j9.59591457701734262820e-01
  -2.22015017499766653675e-01+j9.61556222327832554875e-01
  -2.10095941088338566960e-01+j9.63344812900604030581e-01
  -1.98148235908226277857e-01+j9.64956488693340164176e-01
</dep>
<dep S[2,1] frequency>
  +8.69785828207881195340e-01-j3.89913677187948726210e-01
  +8.57575748945624938280e-01-j4.05639894057373440184e-01
  +8.44973087061593797209e-01-j4.20876585524642743419e-01
  +8.32001703129741310150e-01-j4.35613557515852012347e-01
  +8.18685581435956377661e-01-j4.49841979386046364464e-01
  +8.05048742832237262945e-01-j4.63554362106224082662e-01
  +7.91115161555227985879e-01-j4.76744530618898376684e-01
  +7.76908686374153889531e-01-j4.89407590884307963641e-01
  +7.62452966368880491466e-01-j5.01539892156836919490e-01
  +7.47771381577869043156e-01-j5.13138985038466777233e-01
  +7.32886978695267199413e-01-j5.24203575857708159447e-01
  +7.17822411937225735024e-01-j5.34733477917876731667e-01
  +7.02599889144029599031e-01-j5.44729560146580471525e-01
  +6.87241123132283582287e-01-j5.54193693662681452494e-01
  +6.71767288264451978286e-01-j5.63128696756175495253e-01
  +6.56198982159924226742e-01-j5.71538278751745787432e-01
  +6.40556192434394988666e-01-j5.79426983199088474485e-01
  +6.24858268318921550311e-01-j5.86800130803567632221e-01
  +6.09123896982598056482e-01-j5.93663762478457313065e-01
  +5.93371084357746658711e-01-j6.00024582867370592787e-01
  +5.77617140245952231936e-01-j6.05889904652091915160e-01
  +5.61878667468321268963e-01-j6.11267593927193542136e-01
  +5.46171554810933934654e-01-j6.16166016889711509741e-01
  +5.30510973508566241463e-01-j6.20593988059629175780e-01
  +5.14911377005028203513e-01-j6.24560720215417974899e-01
  +4.99386503726635400113e-01-j6.28075776198890656232e-01
  +4.83949382606840283749e-01-j6.31149022714940333145e-01
  +4.68612341103191221148e-01-j6.33790586225056018499e-01
  +4.53387015453804553822e-01-j6.36010811008466570016e-01
  +4.38284362927784498787e-01-j6.37820219441809443950e-01
  +4.23314675833053322140e-01-j6.39229474527097885073e-01
  +4.08487597055476492347e-01-j6.40249344678808340880e-01
  +3.93812136913836707830e-01-j6.40890670763724412673e-01
  +3.79296691127587515258e-01-j6.41164335372074956076e-01
  +3.64949059706424105975e-01-j6.41081234285191148281e-01
  +3.50776466583422985579e-01-j6.40652250093355801752e-01
  +3.36785579826263059555e-01-j6.39888227907687068274e-01
  +3.22982532274022737795e-01-j6.38799953101696904589e-01
  +3.09372942459399447035e-01-j6.37398131011279733826e-01
  +2.95961935688729416150e-01-j6.35693368516543122482e-01
  +2.82754165164125492726e-01-j6.33696157424686878912e-01
  +2.69753833043699875471e-01-j6.31416859570086308473e-01
  +2.56964711346660101832e-01-j6.28865693545670456643e-01
  +2.44390162620994805254e-01-j6.26052722978684972333e-01
  +2.32033160300935320519e-01-j6.22987846263397426760e-01
  +2.19896308691141739722e-01-j6.19680787663932641784e-01
  +2.07981862523068883331e-01-j6.16141089701236377429e-01
  +1.96291746037175418582e-01-j6.12378106739793093283e-01
  +1.84827571552094449547e-01-j6.08400999691595667507e-01
  +1.73590657488952582188e-01-j6.04218731757316329656e-01
  +1.62582045825217486046e-01-j5.99840065127143939883e-01
  +1.51802518958283311212e-01-j5.95273558566673410830e-01
  +1.41252615964238381618e-01-j5.90527565816248767305e-01
  +1.30932648242048560450e-01-j5.85610234735410406515e-01
  +1.20842714537447173950e-01-j5.80529507127248267651e-01
  +1.10982715344847521211e-01-j5.75293119180909973132e-01
  +1.01352366688674436213e-01-j5.69908602473753189699e-01
  +9.19512132886373678708e-02-j5.64383285477959462106e-01
  +8.27786411159502633073e-02-j5.58724295519779756702e-01
  +7.38338893497454962223e-02-j5.52938561142705009566e-01
  +6.51160617447742590125e-02-j5.47032814829075286767e-01
  +5.66241374232109018205e-02-j5.41013596037657640281e-01
  +4.83569811045961167606e-02-j5.34887254517695920342e-01
  +4.03133527891156653866e-02-j5.28659953862757991949e-01
  +3.24919169102920804559e-02-j5.22337675270432288954e-01
  +2.48912509738708036255e-02-j5.15926221476586843728e-01
  +1.75098537000846626865e-02-j5.09431220835221187926e-01
  +1.03461526870135839956e-02-j5.02858131517535444921e-01
  +3.39851161278053714304e-03-j4.96212245805807306009e-01
  -3.33476300545561743158e-03-j4.89498694459941652291e-01
  -9.85541547780714732863e-03-j4.82722451136489594248e-01
  -1.61652350155229371231e-02-j4.75888336841715775538e-01
  -2.22660501947657823996e-02-j4.69001024402127819624e-01
  -2.81597237930348819057e-02-j4.62065042937425896064e-01
  -3.38481479811638327759e-02-j4.55084782322389691522e-01
  -3.93332398543237080069e-02-j4.48064497625571211969e-01
  -4.46169372857584262126e-02-j4.41008313514030858560e-01
  -4.97011950875203278866e-02-j4.33920228614480707474e-01
  -5.45879814628716861225e-02-j4.26804119822377592275e-01
  -5.92792747355622429151e-02-j4.19663746551514338368e-01
  -6.37770603416713405265e-02-j4.12502754917571490267e-01
  -6.80833280702233673010e-02-j4.05324681849992873861e-01
  -7.22000695393276298306e-02-j3.98132959127343866168e-01
  -7.61292758950777165294e-02-j3.90930917331999916442e-01
  -7.98729357210117424382e-02-j3.83721789720710526606e-01
  -8.34330331464222807458e-02-j3.76508716008163879518e-01
  -8.68115461423268203189e-02-j3.69294746061206491383e-01
  -9.00104449944170714737e-02-j3.62082843501942697184e-01
  -9.30316909427841426394e-02-j3.54875889218236428846e-01
  -9.58772349787198746585e-02-j3.47676684780712064171e-01
  -9.85490167893371127317e-02-j3.40487955765554350940e-01
  -1.01048963841221459137e-01-j3.33312354982832459438e-01
  -1.03378990594769598621e-01-j3.26152465610299147070e-01
  -1.05540997841279932112e-01-j3.19010804232902067668e-01
  -1.07536872155285720409e-01-j3.11889823788420117445e-01
  -1.09368485455000372109e-01-j3.04791916419895614343e-01
  -1.11037694664137487344e-01-j2.97719416235636524792e-01
  -1.12546341468721097789e-01-j2.90674601977758906290e-01
  -1.13896252162842090416e-01-j2.83659699600330883484e-01
  -1.15089237577669353807e-01-j2.76676884758301322442e-01
  -1.16127093088312455249e-01-j2.69728285208483520297e-01
  -1.17011598693455246001e-01-j2.62815983123922791709e-01
  -1.17744519162952823721e-01-j2.55942017323064208156e-01
  -1.18327604248860421277e-01-j2.49108385415134608865e-01
  -1.18762588955619821651e-01-j2.42317045863244401316e-01
  -1.19051193865371357505e-01-j2.35569919966683610779e-01
  -1.19195125514588162741e-01-j2.28868893763935404850e-01
  -1.19196076818454607671e-01-j2.22215819857925461767e-01
  -1.19055727539599198739e-01-j2.15612519165016613965e-01
  -1.18775744798016072434e-01-j2.09060782589256061170e-01
  -1.18357783619145895404e-01-j2.02562372623374731262e-01
  -1.17803487517310803701e-01-j1.96119024878004727386e-01
  -1.17114489111803499188e-01-j1.89732449540565423218e-01
  -1.16292410773134874402e-01-j1.83404332765248645476e-01
  -1.15338865297031661905e-01-j1.77136337995475678930e-01
  -1.14255456603953739481e-01-j1.70930107220213123309e-01
  -1.13043780461989998298e-01-j1.64787262165444564621e-01
  -1.11705425231118801732e-01-j1.58709405422106347716e-01
  -1.10241972626923298573e-01-j1.52698121511713691412e-01
  -1.08654998501944863309e-01-j1.46754977890907800653e-01
  -1.06946073642962810601e-01-j1.40881525896086323701e-01
  -1.05116764582537491890e-01-j1.35079301629224018955e-01
  -1.03168634423283792079e-01-j1.29349826786017391145e-01
  -1.01103243673347650833e-01-j1.23694609427353219289e-01
  -9.89221510916900720334e-02-j1.18115144695142393338e-01
  -9.66269145417753133609e-02-j1.12612915473466163041e-01
  -9.42190918523671122609e-02-j1.07189392995982749057e-01
  -9.17002416841532358438e-02-j1.01846037400472044787e-01
  -8.90719244009636895720e-02-j9.65842982313820930251e-02
  -8.63357029444044021815e-02-j9.14056148911955718139e-02
  -8.34931437107415824750e-02-j8.63114170414059078684e-02
  -8.05458174289045980565e-02-j8.13031249538485739636e-02
  -7.74953000385207174672e-02-j7.63821498131284498667e-02
  -7.43431735668777515791e-02-j7.15498939708143766314e-02
  -7.10910270037830721579e-02-j6.68077511520924760546e-02
  -6.77404571732350274660e-02-j6.21571066155040333201e-02
  -6.42930696009123142654e-02-j5.75993372663954963930e-02
  -6.07504793764191697303e-02-j5.31358117246683789303e-02
  -5.71143120092955439149e-02-j4.87678903474276018160e-02
  -5.33862042777605225186e-02-j4.44969252070666274057e-02
  -4.95678050691809174433e-02-j4.03242600253495078744e-02
  -4.56607762112600998328e-02-j3.62512300640288886999e-02
  -4.16667932929168025047e-02-j3.22791619725085535131e-02
  -3.75875464738551282040e-02-j2.84093735930902382969e-02
  -3.34247412817785805039e-02-j2.46431737242931089837e-02
  -2.91800993962415058935e-02-j2.09818618427659725478e-02
  -2.48553594180864895202e-02-j1.74267277843158027717e-02
  -2.04522776234200807932e-02-j1.39790513845272842963e-02
  -1.59726287010797905752e-02-j1.06401020795289357607e-02
  -1.14182064725152822987e-02-j7.41113846740036608107e-03
  -6.79082459301557674058e-03-j4.29340783076288638742e-03
  -2.09231723318913966081e-03-j1.28814562110502817474e-03
  +2.67546026040595651130e-03+j1.60342509460827727791e-03
  +7.51063072658317721492e-03+j4.38009422446241150628e-03
  +1.24112945739380912957e-02+j7.04066527865239606687e-03
  +1.73755291894619710857e-02+j9.58395603246922286877e-03
  +2.24013883725138994440e-02+j1.20087992245479970727e-02
  +2.74869017953106795082e-02+j1.43140432897276483754e-02
  +3.26300744910740583848e-02+j1.64985531258092371631e-02
  +3.78288863710393649664e-02+j1.85612108934796911364e-02
  +4.30812917714612775288e-02+j2.05009168486362108874e-02
  +4.83852190318343200470e-02+j2.23165902062993706800e-02
  +5.37385701055018774608e-02+j2.40071700352846792437e-02
  +5.91392202038288836152e-02+j2.55716161827258016415e-02
  +6.45850174751537164930e-02+j2.70089102275456668933e-02
  +7.00737827196816626119e-02+j2.83180564618770204410e-02
  +7.56033091415239943966e-02+j2.94980828994283565681e-02
  +8.11713621390464379335e-02+j3.05480423097191332305e-02
  +8.67756791347087386157e-02+j3.14670132770548741097e-02
  +9.24139694455489435487e-02+j3.22541012830895312824e-02
  +9.80839141954511911647e-02+j3.29084398117179127707e-02
  +1.03783166270359106242e-01+j3.34291914750458260541e-02
  +1.09509350317484419057e-01+j3.38155491590744691766e-02
  +1.15260062789672906858e-01+j3.40667371877184238516e-02
  +1.21032872035924263243e-01+j3.41820125036961589005e-02
  +1.26825318439154038908e-01+j3.41606658647804692364e-02
  +1.32634914602138748174e-01+j3.40020230538383150254e-02
  +1.38459145582677467523e-01+j3.37054461010229608475e-02
  +1.44295469178830876311e-01+j3.32703345164316113824e-02
  +1.50141316265161667287e-01+j3.26961265314779161995e-02
  +1.55994091180790078743e-01+j3.19823003471578007351e-02
</dep>
<dep S[1,2] frequency>
  +8.69785828207883304763e-01-j3.89913677187941787317e-01
  +8.57575748945622939878e-01-j4.05639894057377270453e-01
  +8.44973087061595018454e-01-j4.20876585524639190705e-01
  +8.32001703129743974685e-01-j4.35613557515848404122e-01
  +8.18685581435955156415e-01-j4.49841979386048973488e-01
  +8.05048742832237262945e-01-j4.63554362106224804307e-01
  +7.91115161555225765433e-01-j4.76744530618902040420e-01
  +7.76908686374153112375e-01-j4.89407590884308740797e-01
  +7.62452966368880491466e-01-j5.01539892156836919490e-01
  +7.47771381577872595869e-01-j5.13138985038460559984e-01
  +7.32886978695267199413e-01-j5.24203575857708048424e-01
  +7.17822411937229620804e-01-j5.34733477917871846685e-01
  +7.02599889144030487209e-01-j5.44729560146578806190e-01
  +6.87241123132281028774e-01-j5.54193693662684228052e-01
  +6.71767288264450312951e-01-j5.63128696756177160587e-01
  +6.56198982159925003899e-01-j5.71538278751745343342e-01
  +6.40556192434396876045e-01-j5.79426983199085920972e-01
  +6.24858268318921328266e-01-j5.86800130803567410176e-01
  +6.09123896982595391947e-01-j5.93663762478459866578e-01
  +5.93371084357746991778e-01-j6.00024582867370703809e-01
  +5.77617140245951676825e-01-j6.05889904652092248227e-01
  +5.61878667468318493405e-01-j6.11267593927195318493e-01
  +5.46171554810932380342e-01-j6.16166016889712842008e-01
  +5.30510973508564798173e-01-j6.20593988059630286003e-01
  +5.14911377005025761022e-01-j6.24560720215419529211e-01
  +4.99386503726633290690e-01-j6.28075776198892876678e-01
  +4.83949382606838174326e-01-j6.31149022714941110301e-01
  +4.68612341103190555014e-01-j6.33790586225056018499e-01
  +4.53387015453802666443e-01-j6.36010811008467902283e-01
  +4.38284362927785609010e-01-j6.37820219441808777816e-01
  +4.23314675833053821741e-01-j6.39229474527097329961e-01
  +4.08487597055475326613e-01-j6.40249344678809451104e-01
  +3.93812136913836763341e-01-j6.40890670763724634718e-01
  +3.79296691127588070369e-01-j6.41164335372074511987e-01
  +3.64949059706424328020e-01-j6.41081234285191148281e-01
  +3.50776466583422819046e-01-j6.40652250093355912774e-01
  +3.36785579826262282399e-01-j6.39888227907687623386e-01
  +3.22982532274022404728e-01-j6.38799953101695683344e-01
  +3.09372942459399280501e-01-j6.37398131011279511782e-01
  +2.95961935688727750815e-01-j6.35693368516543344526e-01
  +2.82754165164126214371e-01-j6.33696157424688100157e-01
  +2.69753833043699930982e-01-j6.31416859570085975406e-01
  +2.56964711346659213653e-01-j6.28865693545670900733e-01
  +2.44390162620995443632e-01-j6.26052722978684528243e-01
  +2.32033160300935431541e-01-j6.22987846263397204716e-01
  +2.19896308691143460567e-01-j6.19680787663932086673e-01
  +2.07981862523066773907e-01-j6.16141089701236932541e-01
  +1.96291746037176695339e-01-j6.12378106739793759417e-01
  +1.84827571552094532814e-01-j6.08400999691595889551e-01
  +1.73590657488952304632e-01-j6.04218731757316440678e-01
  +1.62582045825215848467e-01-j5.99840065127144161927e-01
  +1.51802518958283144679e-01-j5.95273558566673299808e-01
  +1.41252615964239602864e-01-j5.90527565816248545261e-01
  +1.30932648242048949028e-01-j5.85610234735410517537e-01
  +1.20842714537447090684e-01-j5.80529507127247268450e-01
  +1.10982715344848381633e-01-j5.75293119180909195975e-01
  +1.01352366688674228046e-01-j5.69908602473753078677e-01
  +9.19512132886362715256e-02-j5.64383285477959462106e-01
  +8.27786411159500412626e-02-j5.58724295519780644881e-01
  +7.38338893497462039894e-02-j5.52938561142705786722e-01
  +6.51160617447741757458e-02-j5.47032814829075064722e-01
  +5.66241374232116859155e-02-j5.41013596037657085169e-01
  +4.83569811045971506558e-02-j5.34887254517696031364e-01
  +4.03133527891151033362e-02-j5.28659953862758102971e-01
  +3.24919169102909077829e-02-j5.22337675270432844066e-01
  +2.48912509738704670892e-02-j5.15926221476586732706e-01
  +1.75098537000845932976e-02-j5.09431220835221187926e-01
  +1.03461526870147410562e-02-j5.02858131517535222876e-01
  +3.39851161278026956195e-03-j4.96212245805807639076e-01
  -3.33476300545533467165e-03-j4.89498694459942429447e-01
  -9.85541547780703630632e-03-j4.82722451136489594248e-01
  -1.61652350155214730165e-02-j4.75888336841716164116e-01
  -2.22660501947664866973e-02-j4.69001024402127986157e-01
  -2.81597237930342192413e-02-j4.62065042937425951575e-01
  -3.38481479811639229816e-02-j4.55084782322389080900e-01
  -3.93332398543231875898e-02-j4.48064497625571211969e-01
  -4.46169372857584053960e-02-j4.41008313514031080604e-01
  -4.97011950875204250311e-02-j4.33920228614480318896e-01
  -5.45879814628717138780e-02-j4.26804119822377647786e-01
  -5.92792747355631449713e-02-j4.19663746551514171834e-01
  -6.37770603416710490929e-02-j4.12502754917571656801e-01
  -6.80833280702230342341e-02-j4.05324681849992873861e-01
  -7.22000695393278518752e-02-j3.98132959127343866168e-01
  -7.61292758950779108185e-02-j3.90930917331999527864e-01
  -7.98729357210116591714e-02-j3.83721789720710582117e-01
  -8.34330331464224195237e-02-j3.76508716008164212585e-01
  -8.68115461423268897079e-02-j3.69294746061206879961e-01
  -9.00104449944167939179e-02-j3.62082843501942641673e-01
  -9.30316909427832822166e-02-j3.54875889218236706402e-01
  -9.58772349787200967031e-02-j3.47676684780712341727e-01
  -9.85490167893368074203e-02-j3.40487955765554572984e-01
  -1.01048963841221167703e-01-j3.33312354982832625971e-01
  -1.03378990594769321065e-01-j3.26152465610299646670e-01
  -1.05540997841279945990e-01-j3.19010804232902345223e-01
  -1.07536872155284873864e-01-j3.11889823788420339490e-01
  -1.09368485454999872508e-01-j3.04791916419895669854e-01
  -1.11037694664137667755e-01-j2.97719416235636469281e-01
  -1.12546341468721389223e-01-j2.90674601977758850779e-01
  -1.13896252162841382649e-01-j2.83659699600330827973e-01
  -1.15089237577669117885e-01-j2.76676884758301599998e-01
  -1.16127093088312455249e-01-j2.69728285208483520297e-01
  -1.17011598693454677012e-01-j2.62815983123922958242e-01
  -1.17744519162952351876e-01-j2.55942017323064430201e-01
  -1.18327604248860157599e-01-j2.49108385415133776197e-01
  -1.18762588955619599607e-01-j2.42317045863244456827e-01
  -1.19051193865371190972e-01-j2.35569919966683666290e-01
  -1.19195125514588523563e-01-j2.28868893763935099539e-01
  -1.19196076818454566038e-01-j2.22215819857925822589e-01
  -1.19055727539599170983e-01-j2.15612519165016891520e-01
  -1.18775744798015905901e-01-j2.09060782589256172193e-01
  -1.18357783619146270104e-01-j2.02562372623374592484e-01
  -1.17803487517310734312e-01-j1.96119024878004422074e-01
  -1.17114489111803485311e-01-j1.89732449540565728530e-01
  -1.16292410773134652358e-01-j1.83404332765249145076e-01
  -1.15338865297031661905e-01-j1.77136337995475540152e-01
  -1.14255456603953572947e-01-j1.70930107220212984531e-01
  -1.13043780461990039932e-01-j1.64787262165445147488e-01
  -1.11705425231118996021e-01-j1.58709405422106236694e-01
  -1.10241972626923284695e-01-j1.52698121511713802434e-01
  -1.08654998501944932698e-01-j1.46754977890908050453e-01
  -1.06946073642962963257e-01-j1.40881525896086573502e-01
  -1.05116764582537478012e-01-j1.35079301629223852421e-01
  -1.03168634423283819834e-01-j1.29349826786017307878e-01
  -1.01103243673347387155e-01-j1.23694609427353288678e-01
  -9.89221510916900442778e-02-j1.18115144695142892939e-01
  -9.66269145417752717275e-02-j1.12612915473466454475e-01
  -9.42190918523670706275e-02-j1.07189392995982707424e-01
  -9.17002416841531803327e-02-j1.01846037400472308465e-01
  -8.90719244009638005943e-02-j9.65842982313823011919e-02
  -8.63357029444043466704e-02-j9.14056148911959465142e-02
  -8.34931437107413743082e-02-j8.63114170414055609237e-02
  -8.05458174289043621341e-02-j8.13031249538487960082e-02
  -7.74953000385202178668e-02-j7.63821498131282972111e-02
  -7.43431735668779597459e-02-j7.15498939708141407090e-02
  -7.10910270037831276690e-02-j6.68077511520924482991e-02
  -6.77404571732349025659e-02-j6.21571066155041027090e-02
  -6.42930696009121477319e-02-j5.75993372663955935375e-02
  -6.07504793764193432026e-02-j5.31358117246681915802e-02
  -5.71143120092953981981e-02-j4.87678903474277058994e-02
  -5.33862042777605849686e-02-j4.44969252070666690391e-02
  -4.95678050691812088768e-02-j4.03242600253496119578e-02
  -4.56607762112599402382e-02-j3.62512300640289511500e-02
  -4.16667932929167678102e-02-j3.22791619725088727022e-02
  -3.75875464738549339150e-02-j2.84093735930906442222e-02
  -3.34247412817787747930e-02-j2.46431737242930083698e-02
  -2.91800993962417348770e-02-j2.09818618427659656089e-02
  -2.48553594180863368646e-02-j1.74267277843158999162e-02
  -2.04522776234201918155e-02-j1.39790513845269269433e-02
  -1.59726287010796413890e-02-j1.06401020795289080051e-02
  -1.14182064725150324985e-02-j7.41113846740040077554e-03
  -6.79082459301578230532e-03-j4.29340783076305899241e-03
  -2.09231723318923333588e-03-j1.28814562110508238485e-03
  +2.67546026040595651130e-03+j1.60342509460827727791e-03
  +7.51063072658293522099e-03+j4.38009422446229441245e-03
  +1.24112945739383081362e-02+j7.04066527865245244538e-03
  +1.73755291894617733273e-02+j9.58395603246910664230e-03
  +2.24013883725138369940e-02+j1.20087992245483509562e-02
  +2.74869017953102874607e-02+j1.43140432897273430640e-02
  +3.26300744910740306293e-02+j1.64985531258092024687e-02
  +3.78288863710389902661e-02+j1.85612108934795835835e-02
  +4.30812917714612844677e-02+j2.05009168486358119010e-02
  +4.83852190318345073972e-02+j2.23165902062992978216e-02
  +5.37385701055019121553e-02+j2.40071700352849706772e-02
  +5.91392202038288627985e-02+j2.55716161827258675610e-02
  +6.45850174751538136375e-02+j2.70089102275456564850e-02
  +7.00737827196815377118e-02+j2.83180564618773153440e-02
  +7.56033091415238556188e-02+j2.94980828994282455457e-02
  +8.11713621390460493554e-02+j3.05480423097188764914e-02
  +8.67756791347086414712e-02+j3.14670132770550128876e-02
  +9.24139694455492072267e-02+j3.22541012830893716878e-02
  +9.80839141954513715760e-02+j3.29084398117178364429e-02
  +1.03783166270358759298e-01+j3.34291914750459648320e-02
  +1.09509350317484641102e-01+j3.38155491590747953046e-02
  +1.15260062789672462769e-01+j3.40667371877184585460e-02
  +1.21032872035924707332e-01+j3.41820125036957842002e-02
  +1.26825318439154066663e-01+j3.41606658647806843421e-02
  +1.32634914602138609396e-01+j3.40020230538381137975e-02
  +1.38459145582677661812e-01+j3.37054461010227734974e-02
  +1.44295469178830793044e-01+j3.32703345164310215765e-02
  +1.50141316265161472998e-01+j3.26961265314774582325e-02
  +1.55994091180789995477e-01+j3.19823003471578770629e-02
</dep>
<dep S[1,1] frequency>
  -1.23189575406794912804e-01-j2.74665565073908823912e-01
  -1.34704965560556666482e-01-j2.84651722441962629073e-01
  -1.46579778481199851647e-01-j2.94151582088145957528e-01
  -1.58790146850615015994e-01-j3.03155102967315959184e-01
  -1.71312080928211013520e-01-j3.11653607809844690468e-01
  -1.84121555546501419753e-01-j3.19639761299194635757e-01
  -1.97194593169936566168e-01-j3.27107542420113306392e-01
  -2.10507342646064216085e-01-j3.34052211499048956611e-01
  -2.24036153344004784760e-01-j3.40470272476258883909e-01
  -2.37757644437027154671e-01-j3.46359430956158897974e-01
  -2.51648769147381434763e-01-j3.51718548584164070192e-01
  -2.65686873831182779337e-01-j3.56547594293738112636e-01
  -2.79849751835267612776e-01-j3.60847592955501339507e-01
  -2.94115692110282322957e-01-j3.64620571944405669207e-01
  -3.08463522611835960774e-01-j3.67869506120422407047e-01
  -3.22872648564600073229e-01-j3.70598261693453445709e-01
  -3.37323085701916047796e-01-j3.72811539415413784049e-01
  -3.51795488628954822197e-01-j3.74514817513051989639e-01
  -3.66271174485055583947e-01-j3.75714294742706733654e-01
  -3.80732142105933646370e-01-j3.76416833915540594013e-01
  -3.95161086907144298852e-01-j3.76629906208484521724e-01
  -4.09541411725077131312e-01-j3.76361536542157426588e-01
  -4.23857233864371352183e-01-j3.75620250274076694641e-01
  -4.38093388608451317356e-01-j3.74415021422879357171e-01
  -4.52235429454635295965e-01-j3.72755222607743741392e-01
  -4.66269625337227600070e-01-j3.70650576857278424292e-01
  -4.80182955100403208171e-01-j3.68111111413422287253e-01
  -4.93963099479633072075e-01-j3.65147113629246622413e-01
  -5.07598430844378056825e-01-j3.61769089034474355948e-01
  -5.21078000947523101161e-01-j3.57987721619600129941e-01
  -5.34391526918070347563e-01-j3.53813836368425671530e-01
  -5.47529375723074251958e-01-j3.49258364049722436206e-01
  -5.60482547314292256502e-01-j3.44332308261753650136e-01
  -5.73242656662538707657e-01-j3.39046714708115426440e-01
  -5.85801914870662687740e-01-j3.33412642670137926437e-01
  -5.98153109543373640022e-01-j3.27441138629507966229e-01
  -6.10289584579385868679e-01-j3.21143211984952214877e-01
  -6.22205219538334852736e-01-j3.14529812798614694103e-01
  -6.33894408722627700215e-01-j3.07611811500867693425e-01
  -6.45352040101790813686e-01-j3.00399980476972305876e-01
  -6.56573474195013440102e-01-j2.92904977454791548563e-01
  -6.67554523015903233940e-01-j2.85137330609698314010e-01
  -6.78291429172613646870e-01-j2.77107425300769982801e-01
  -6.88780845205656078178e-01-j2.68825492351341677200e-01
  -6.99019813236188558569e-01-j2.60301597786503025045e-01
  -7.09005744987798336432e-01-j2.51545633940681467866e-01
  -7.18736402236360039097e-01-j2.42567311849341743502e-01
  -7.28209877734225630164e-01-j2.33376154840389288259e-01
  -7.37424576647736085278e-01-j2.23981493242814966305e-01
  -7.46379198539707910953e-01-j2.14392460132480228152e-01
  -7.55072719922654123081e-01-j2.04617988037536197021e-01
  -7.63504377402428602295e-01-j1.94666806528851349389e-01
  -7.71673651426898477013e-01-j1.84547440623834213547e-01
  -7.79580250649366091054e-01-j1.74268209935320106396e-01
  -7.87224096912476634103e-01-j1.63837228500299858514e-01
  -7.94605310854273660937e-01-j1.53262405226745168640e-01
  -8.01724198135023269352e-01-j1.42551444900027690643e-01
  -8.08581236280245807535e-01-j1.31711849693714883047e-01
  -8.15177062132986796072e-01-j1.20750921132952715453e-01
  -8.21512459906050040992e-01-j1.09675762461689529914e-01
  -8.27588349823110025483e-01-j9.84932813682705687874e-02
  -8.33405777335872954836e-01-j8.72101930269210956492e-02
  -8.38965902903270999147e-01-j7.58330234156327775974e-02
  -8.44269992317467909970e-01-j6.43681128737505631188e-02
  -8.49319407560597539053e-01-j5.28216198653455593082e-02
  -8.54115598175485657428e-01-j4.11995249170451424692e-02
  -8.58660093133121971043e-01-j2.95076347013798548358e-02
  -8.62954493179193482533e-01-j1.77515862392457826613e-02
  -8.67000463641934726589e-01-j5.93685119709184624948e-03
  -8.70799727683315261118e-01+j5.93125974332828209690e-03
  -8.74354059975691932927e-01+j1.78475924628311299891e-02
  -8.77665280786141477343e-01+j2.98071449487236211917e-02
  -8.80735250450873197181e-01+j4.18050628213801761524e-02
  -8.83565864222394026228e-01+j5.38366348584953038903e-02
  -8.86159047472436678383e-01+j6.58972885305191546923e-02
  -8.88516751233982327030e-01+j7.79825855593848094038e-02
  -8.90640948066196980193e-01+j9.00882175113284222601e-02
  -8.92533628226475750367e-01+j1.02210001433400837767e-01
  -8.94196796134304694448e-01+j1.14343875542152223490e-01
  -8.95632467112132846232e-01+j1.26485894971961471134e-01
  -8.96842664388935673081e-01+j1.38632227589504775089e-01
  -8.97829416352697973203e-01+j1.50779149880037016684e-01
  -8.98594754038540943775e-01+j1.62923042910334769928e-01
  -8.99140708839748059589e-01+j1.75060388372421910086e-01
  -8.99469310429476420765e-01+j1.87187764711569448739e-01
  -8.99582584881460700643e-01+j1.99301843341429529843e-01
  -8.99482552978483007600e-01+j2.11399384948655788552e-01
  -8.99171228697971391952e-01+j2.23477235888787401086e-01
  -8.98650617864489187347e-01+j2.35532324674876281101e-01
  -8.97922716959426603367e-01+j2.47561658559769526278e-01
  -8.96989512078635753412e-01+j2.59562320212740893499e-01
  -8.95852978029222257739e-01+j2.71531464490754492758e-01
  -8.94515077557145432685e-01+j2.83466315304406635267e-01
  -8.92977760697685973845e-01+j2.95364162578323652397e-01
  -8.91242964241280799520e-01+j3.07222359305592274126e-01
  -8.89312611307590650256e-01+j3.19038318695561817773e-01
  -8.87188611021049400307e-01+j3.30809511414238477389e-01
  -8.84872858281528285040e-01+j3.42533462916323749869e-01
  -8.82367233624057001329e-01+j3.54207750867813309092e-01
  -8.79673603161916561888e-01+j3.65830002657992925386e-01
  -8.76793818607684349864e-01+j3.77397892999556949789e-01
  -8.73729717367176084153e-01+j3.88909141615529474478e-01
  -8.70483122701442568747e-01+j4.00361511011564641382e-01
  -8.67055843952322380375e-01+j4.11752804332224053852e-01
  -8.63449676827243384203e-01+j4.23080863299721887660e-01
  -8.59666403739262618977e-01+j4.34343566233678923805e-01
  -8.55707794198526938700e-01+j4.45538826150340683263e-01
  -8.51575605251578160448e-01+j4.56664588939768578690e-01
  -8.47271581965115649915e-01+j4.67718831619488795148e-01
  -8.42797457951039330482e-01+j4.78699560663085943446e-01
  -8.38154955929750422605e-01+j4.89604810402260670621e-01
  -8.33345788328898828823e-01+j5.00432641500870967199e-01
  -8.28371657914875880735e-01+j5.11181139499528702785e-01
  -8.23234258454554890250e-01+j5.21848413429304658351e-01
  -8.17935275404871764415e-01+j5.32432594493184363493e-01
  -8.12476386628006141954e-01+j5.42931834813883851254e-01
  -8.06859263130027870581e-01+j5.53344306246742911881e-01
  -8.01085569820988885326e-01+j5.63668199256373347872e-01
  -7.95156966294543798845e-01+j5.73901721855847757325e-01
  -7.89075107625293870051e-01+j5.84043098607206712103e-01
  -7.82841645182125844826e-01+j5.94090569682115265948e-01
  -7.76458227455882998846e-01+j6.04042389981567562351e-01
  -7.69926500899843491155e-01+j6.13896828313509668185e-01
  -7.63248110781462818508e-01+j6.23652166627386761455e-01
  -7.56424702043990260236e-01+j6.33306699304567732867e-01
  -7.49457920176547887081e-01+j6.42858732503710061934e-01
  -7.42349412091381943846e-01+j6.52306583560120833987e-01
  -7.35100827006993418067e-01+j6.61648580438228051115e-01
  -7.27713817335916779427e-01+j6.70883061236317912446e-01
  -7.20190039575965612606e-01+j6.80008373742705729548e-01
  -7.12531155203775523610e-01+j6.89022875042569982185e-01
  -7.04738831569509671660e-01+j6.97924931174688567559e-01
  -6.96814742791635466368e-01+j7.06712916837360594080e-01
  -6.88760570650670866932e-01+j7.15385215142820718448e-01
  -6.80578005480857228804e-01+j7.23940217419482334726e-01
  -6.72268747058681559459e-01+j7.32376323061367684453e-01
  -6.63834505487239323607e-01+j7.40691939424105383338e-01
  -6.55277002075379200186e-01+j7.48885481766916494273e-01
  -6.46597970210635586419e-01+j7.56955373239982964861e-01
  -6.37799156224911567570e-01+j7.64900044916677512852e-01
  -6.28882320251897386498e-01+j7.72717935870071759297e-01
  -6.19849237075222214699e-01+j7.80407493293217568997e-01
  -6.10701696966304941050e-01+j7.87967172662674464334e-01
  -6.01441506510891010784e-01+j7.95395437944748540104e-01
  -5.92070489423238699445e-01+j8.02690761843965150391e-01
  -5.82590487346931862334e-01+j8.09851626093248011529e-01
  -5.73003360641275660825e-01+j8.16876521785295794942e-01
  -5.63310989152211005759e-01+j8.23763949744664825126e-01
  -5.53515272966701887825e-01+j8.30512420940025641869e-01
  -5.43618133149520121883e-01+j8.37120456936089052391e-01
  -5.33621512461344593703e-01+j8.43586590384662327047e-01
  -5.23527376057081883509e-01+j8.49909365554288642741e-01
  -5.13337712163306592039e-01+j8.56087338897924321479e-01
  -5.03054532733702930436e-01+j8.62119079658071996164e-01
  -4.92679874081377144890e-01+j8.68003170508773846947e-01
  -4.82215797486916508685e-01+j8.73738208233852176043e-01
  -4.71664389781029425031e-01+j8.79322804440742289422e-01
  -4.61027763900618892112e-01+j8.84755586309271646606e-01
  -4.50308059417122819035e-01+j8.90035197374662745418e-01
  -4.39507443035932476860e-01+j8.95160298344035099127e-01
  -4.28628109065731899285e-01+j9.00129567945648911831e-01
  -4.17672279856549477639e-01+j9.04941703810069553171e-01
  -4.06642206205331258051e-01+j9.09595423382430823267e-01
  -3.95540167727859381941e-01+j9.14089464864888068263e-01
  -3.84368473195799142950e-01+j9.18422588188367527984e-01
  -3.73129460837702819909e-01+j9.22593576012597837988e-01
  -3.61825498602754258570e-01+j9.26601234753437807967e-01
  -3.50458984386103233888e-01+j9.30444395636422338924e-01
  -3.39032346214575064369e-01+j9.34121915775387834380e-01
  -3.27548042391627769465e-01+j9.37632679275033020794e-01
  -3.16008561600384874080e-01+j9.40975598356171172298e-01
  -3.04416422963585953099e-01+j9.44149614502392320325e-01
  -2.92774176059407031936e-01+j9.47153699626804068679e-01
  -2.81084400891974950376e-01+j9.49986857257451577929e-01
  -2.69349707815560779345e-01+j9.52648123739966878887e-01
  -2.57572737411391972095e-01+j9.55136569455927619821e-01
  -2.45756160316097760354e-01+j9.57451300055355392082e-01
  -2.33902677000768444149e-01+j9.59591457701734151797e-01
  -2.22015017499766653675e-01+j9.61556222327832110786e-01
  -2.10095941088338317160e-01+j9.63344812900603919559e-01
  -1.98148235908226361124e-01+j9.64956488693340275198e-01
</dep>
