<Qucs Dataset 1.0.7>
<indep frequency 181>
  +1.00000000000000000000e+09
  +1.05000000000000000000e+09
  +1.10000000000000000000e+09
  +1.15000000000000000000e+09
  +1.20000000000000000000e+09
  +1.25000000000000000000e+09
  +1.30000000000000000000e+09
  +1.35000000000000000000e+09
  +1.40000000000000000000e+09
  +1.45000000000000000000e+09
  +1.50000000000000000000e+09
  +1.55000000000000000000e+09
  +1.60000000000000000000e+09
  +1.65000000000000000000e+09
  +1.70000000000000000000e+09
  +1.75000000000000000000e+09
  +1.80000000000000000000e+09
  +1.85000000000000000000e+09
  +1.90000000000000000000e+09
  +1.95000000000000000000e+09
  +2.00000000000000000000e+09
  +2.05000000000000000000e+09
  +2.10000000000000000000e+09
  +2.15000000000000000000e+09
  +2.20000000000000000000e+09
  +2.25000000000000000000e+09
  +2.30000000000000000000e+09
  +2.35000000000000000000e+09
  +2.40000000000000000000e+09
  +2.45000000000000000000e+09
  +2.50000000000000000000e+09
  +2.55000000000000000000e+09
  +2.60000000000000000000e+09
  +2.65000000000000000000e+09
  +2.70000000000000000000e+09
  +2.75000000000000000000e+09
  +2.80000000000000000000e+09
  +2.85000000000000000000e+09
  +2.90000000000000000000e+09
  +2.95000000000000000000e+09
  +3.00000000000000000000e+09
  +3.05000000000000000000e+09
  +3.10000000000000000000e+09
  +3.15000000000000000000e+09
  +3.20000000000000000000e+09
  +3.25000000000000000000e+09
  +3.30000000000000000000e+09
  +3.35000000000000000000e+09
  +3.40000000000000000000e+09
  +3.45000000000000000000e+09
  +3.50000000000000000000e+09
  +3.55000000000000000000e+09
  +3.60000000000000000000e+09
  +3.65000000000000000000e+09
  +3.70000000000000000000e+09
  +3.75000000000000000000e+09
  +3.80000000000000000000e+09
  +3.85000000000000000000e+09
  +3.90000000000000000000e+09
  +3.95000000000000000000e+09
  +4.00000000000000000000e+09
  +4.05000000000000000000e+09
  +4.10000000000000000000e+09
  +4.15000000000000000000e+09
  +4.20000000000000000000e+09
  +4.25000000000000000000e+09
  +4.30000000000000000000e+09
  +4.35000000000000000000e+09
  +4.40000000000000000000e+09
  +4.45000000000000000000e+09
  +4.50000000000000000000e+09
  +4.55000000000000000000e+09
  +4.60000000000000000000e+09
  +4.65000000000000000000e+09
  +4.70000000000000000000e+09
  +4.75000000000000000000e+09
  +4.80000000000000000000e+09
  +4.85000000000000000000e+09
  +4.90000000000000000000e+09
  +4.95000000000000000000e+09
  +5.00000000000000000000e+09
  +5.05000000000000000000e+09
  +5.10000000000000000000e+09
  +5.15000000000000000000e+09
  +5.20000000000000000000e+09
  +5.25000000000000000000e+09
  +5.30000000000000000000e+09
  +5.35000000000000000000e+09
  +5.40000000000000000000e+09
  +5.45000000000000000000e+09
  +5.50000000000000000000e+09
  +5.55000000000000000000e+09
  +5.60000000000000000000e+09
  +5.65000000000000000000e+09
  +5.70000000000000000000e+09
  +5.75000000000000000000e+09
  +5.80000000000000000000e+09
  +5.85000000000000000000e+09
  +5.90000000000000000000e+09
  +5.95000000000000000000e+09
  +6.00000000000000000000e+09
  +6.05000000000000000000e+09
  +6.10000000000000000000e+09
  +6.15000000000000000000e+09
  +6.20000000000000000000e+09
  +6.25000000000000000000e+09
  +6.30000000000000000000e+09
  +6.35000000000000000000e+09
  +6.40000000000000000000e+09
  +6.45000000000000000000e+09
  +6.50000000000000000000e+09
  +6.55000000000000000000e+09
  +6.60000000000000000000e+09
  +6.65000000000000000000e+09
  +6.70000000000000000000e+09
  +6.75000000000000000000e+09
  +6.80000000000000000000e+09
  +6.85000000000000000000e+09
  +6.90000000000000000000e+09
  +6.95000000000000000000e+09
  +7.00000000000000000000e+09
  +7.05000000000000000000e+09
  +7.10000000000000000000e+09
  +7.15000000000000000000e+09
  +7.20000000000000000000e+09
  +7.25000000000000000000e+09
  +7.30000000000000000000e+09
  +7.35000000000000000000e+09
  +7.40000000000000000000e+09
  +7.45000000000000000000e+09
  +7.50000000000000000000e+09
  +7.55000000000000000000e+09
  +7.60000000000000000000e+09
  +7.65000000000000000000e+09
  +7.70000000000000000000e+09
  +7.75000000000000000000e+09
  +7.80000000000000000000e+09
  +7.85000000000000000000e+09
  +7.90000000000000000000e+09
  +7.95000000000000000000e+09
  +8.00000000000000000000e+09
  +8.05000000000000000000e+09
  +8.10000000000000000000e+09
  +8.15000000000000000000e+09
  +8.20000000000000000000e+09
  +8.25000000000000000000e+09
  +8.30000000000000000000e+09
  +8.35000000000000000000e+09
  +8.40000000000000000000e+09
  +8.45000000000000000000e+09
  +8.50000000000000000000e+09
  +8.55000000000000000000e+09
  +8.60000000000000000000e+09
  +8.65000000000000000000e+09
  +8.70000000000000000000e+09
  +8.75000000000000000000e+09
  +8.80000000000000000000e+09
  +8.85000000000000000000e+09
  +8.90000000000000000000e+09
  +8.95000000000000000000e+09
  +9.00000000000000000000e+09
  +9.05000000000000000000e+09
  +9.10000000000000000000e+09
  +9.15000000000000000000e+09
  +9.20000000000000000000e+09
  +9.25000000000000000000e+09
  +9.30000000000000000000e+09
  +9.35000000000000000000e+09
  +9.40000000000000000000e+09
  +9.45000000000000000000e+09
  +9.50000000000000000000e+09
  +9.55000000000000000000e+09
  +9.60000000000000000000e+09
  +9.65000000000000000000e+09
  +9.70000000000000000000e+09
  +9.75000000000000000000e+09
  +9.80000000000000000000e+09
  +9.85000000000000000000e+09
  +9.90000000000000000000e+09
  +9.95000000000000000000e+09
  +1.00000000000000000000e+10
</indep>
<dep S21_phase frequency>
  -6.23576634328717887001e+01
  -6.41433260732317194197e+01
  -6.58482218426649978937e+01
  -6.74786080230413602976e+01
  -6.90402667087202530638e+01
  -7.05385251291154844466e+01
  -7.19782810624240738662e+01
  -7.33640309614782921699e+01
  -7.46998991136100158883e+01
  -7.59896666825075755014e+01
  -7.72367998686887489157e+01
  -7.84444767079309457358e+01
  -7.96156122294055990096e+01
  -8.07528818376500652221e+01
  -8.18587428805306132062e+01
  -8.29354544310088641623e+01
  -8.39850953527799077847e+01
  -8.50095807454399050584e+01
  -8.60106768787210995697e+01
  -8.69900147311083173918e+01
  -8.79491022484459392672e+01
  -8.88893354348993369740e+01
  -8.98120083831262121521e+01
  -9.07183223437281753831e+01
  -9.16093939266787060660e+01
  -9.24862625198091166112e+01
  -9.33498970019901861406e+01
  -9.42012018214882118627e+01
  -9.50410225032236297693e+01
  -9.58701506424142735341e+01
  -9.66893284363082585742e+01
  -9.74992528004702307953e+01
  -9.83005791112994131709e+01
  -9.90939246121566839065e+01
  -9.98798715165852826203e+01
  -1.00658969838630525828e+02
  -1.01431739977140821907e+02
  -1.02198675078121411275e+02
  -1.02960243196734694493e+02
  -1.03716889278289599474e+02
  -1.04469036975579598447e+02
  -1.05217090318146247796e+02
  -1.05961435247460073583e+02
  -1.06702441030590009063e+02
  -1.07440461563672400302e+02
  -1.08175836575354836100e+02
  -1.08908892739388207360e+02
  -1.09639944704630053707e+02
  -1.10369296049919853431e+02
  -1.11097240170564873551e+02
  -1.11824061102522790634e+02
  -1.12550034289793245534e+02
  -1.13275427300001979347e+02
  -1.14000500492702698807e+02
  -1.14725507644492381587e+02
  -1.15450696534659158488e+02
  -1.16176309494746874407e+02
  -1.16902583925098596751e+02
  -1.17629752781178368082e+02
  -1.18358045032207414238e+02
  -1.19087686094426075556e+02
  -1.19818898241085690870e+02
  -1.20551900991084423254e+02
  -1.21286911477984844510e+02
  -1.22024144801009413186e+02
  -1.22763814359432430479e+02
  -1.23506132171697245781e+02
  -1.24251309180422367717e+02
  -1.24999555544372100258e+02
  -1.25751080918357615701e+02
  -1.26506094721920547386e+02
  -1.27264806397571803132e+02
  -1.28027425659263940361e+02
  -1.28794162731684252776e+02
  -1.29565228580891158572e+02
  -1.30340835136705948116e+02
  -1.31121195507231391275e+02
  +4.80934758142661564762e+01
  +4.73029627496891933447e+01
  +4.65070474442125458836e+01
  +4.57055100809507663939e+01
  +4.48981287033840388290e+01
  +4.40846790449814562862e+01
  +4.32649343663914507374e+01
  +4.24386653005025209495e+01
  +4.16056397056945783675e+01
  +4.07656225277809056706e+01
  +3.99183756711581807508e+01
  +3.90636578798591713735e+01
  +3.82012246292490402766e+01
  +3.73308280292604592887e+01
  +3.64522167401601464576e+01
  +3.55651359019795094696e+01
  +3.46693270788684415606e+01
  +3.37645282197718188399e+01
  +3.28504736369848302502e+01
  +3.19268940042891209430e+01
  +3.09935163765440435668e+01
  +3.00500642327687366162e+01
  +2.90962575449384104331e+01
  +2.81318128748910218917e+01
  +2.71564435019368346502e+01
  +2.61698595839516308104e+01
  +2.51717683549273552046e+01
  +2.41618743621500833285e+01
  +2.31398797463685070852e+01
  +2.21054845684979852649e+01
  +2.10583871865828307079e+01
  +1.99982846869071835272e+01
  +1.89248733732803451346e+01
  +1.78378493186492015354e+01
  +1.67369089832708333176e+01
  +1.56217499037312954613e+01
  +1.44920714570894997308e+01
  +1.33475757043696461324e+01
  +1.21879683174941408907e+01
  +1.10129595935372126547e+01
  +9.82226555987841720707e+00
  +8.61560917342011123310e+00
  +7.39272161650075876338e+00
  +6.15334369146719062371e+00
  +4.89722731505216302139e+00
  +3.62413711271309679773e+00
  +2.33385211194475017393e+00
  +1.02616753221041556721e+00
  -2.99103332376516706237e-01
  -1.64212714325428565942e+00
  -3.00304846805697289724e+00
  -4.38198766139650430773e+00
  -5.77903868779984009052e+00
  -7.19426690129034529519e+00
  -8.62770679872022405732e+00
  -1.00793597666603869101e+01
  -1.15491918444057617421e+01
  -1.30371315283885937930e+01
  -1.45430676459187715466e+01
  -1.60668473286573956216e+01
  -1.76082741184067188556e+01
  -1.91671062396384463966e+01
  -2.07430550745334798535e+01
  -2.23357838770608161383e+01
  -2.39449067627035141470e+01
  -2.55699880097103786625e+01
  -2.72105417061439389670e+01
  -2.88660317744491550229e+01
  -3.05358724017096143655e+01
  -3.22194288992137529704e+01
  -3.39160190094113360715e+01
  -3.56249146718874456496e+01
  -3.73453442527059422673e+01
  -3.90764952335352049317e+01
  -4.08175173485395248463e+01
  -4.25675261483333571277e+01
  -4.43256069615952057461e+01
  -4.60908192164919867650e+01
  -4.78622010761570848558e+01
  -4.96387743353539292457e+01
  -5.14195495194064235989e+01
  -5.32035311217081101631e+01
  -5.49897229128000404330e+01
  -5.67771332522805991516e+01
  -5.85647803347257749351e+01
  -6.03516973023643359397e+01
  -6.21369371604252549446e+01
  -6.39195774357006740729e+01
  -6.56987245248079005933e+01
  -6.74735176856483889196e+01
  -6.92431326334045138537e+01
  -7.10067847108261531730e+01
  -7.27637316112458165662e+01
  -7.45132756414686809876e+01
  -7.62547655201529437363e+01
  -7.79875977152956920690e+01
  -7.97112173318004124667e+01
  -8.14251185666434338373e+01
  -8.31288447548009514776e+01
  -8.48219880337542946336e+01
  -8.65041886580451659938e+01
  -8.81751339980143882258e+01
  -8.98345572585575382618e+01
  -9.14822359545479315557e+01
</dep>
<dep S11_phase frequency>
  -1.52370560521440467028e+02
  -1.54155639507787867615e+02
  -1.55859959473749540848e+02
  -1.57489775737944114553e+02
  -1.59050868726736439385e+02
  -1.60548564242517045386e+02
  -1.61987758834796466090e+02
  -1.63372947892246003221e+02
  -1.64708254775491724331e+02
  -1.65997459837116252857e+02
  -1.67244028564349179078e+02
  -1.68451138362919692781e+02
  -1.69621703703166559762e+02
  -1.70758399492018838828e+02
  -1.71863682632620395907e+02
  -1.72939811799090193745e+02
  -1.73988865496247370857e+02
  -1.75012758499765141096e+02
  -1.76013256786135002585e+02
  -1.76991991067627907341e+02
  -1.77950469047765039932e+02
  -1.78890086509575041873e+02
  -1.79812137343425263225e+02
  +1.79282177385552330406e+02
  +1.78391741237799237751e+02
  +1.77515514982384672749e+02
  +1.76652529885168547708e+02
  +1.75801881631626116587e+02
  +1.74962724820624117683e+02
  +1.74134267971690007926e+02
  +1.73315768994080571019e+02
  +1.72506531071204477712e+02
  +1.71705898918727513092e+02
  +1.70913255378998968581e+02
  +1.70128018318317657531e+02
  +1.69349637797040685427e+02
  +1.68577593485665744311e+02
  +1.67811392302808684462e+02
  +1.67050566253498999458e+02
  +1.66294670448447163835e+02
  +1.65543281286933506635e+02
  +1.64795994787738663945e+02
  +1.64052425054132612559e+02
  +1.63312202860348747890e+02
  +1.62574974348237816457e+02
  +1.61840399823923718259e+02
  +1.61108152645294609329e+02
  +1.60377918192063646075e+02
  +1.59649392910940576940e+02
  +1.58922283429178264669e+02
  +1.58196305730407459578e+02
  +1.57471184387248058556e+02
  +1.56746651845713813600e+02
  +1.56022447756887771675e+02
  +1.55298318351771172274e+02
  +1.54574015855585969348e+02
  +1.53849297938152204779e+02
  +1.53123927197271115119e+02
  +1.52397670672319151208e+02
  +1.51670299385518035251e+02
  +1.50941587908564372356e+02
  +1.50211313952519816439e+02
  +1.49479257979045570437e+02
  +1.48745202831238685803e+02
  +1.48008933382487100516e+02
  +1.47270236201904594964e+02
  +1.46528899235038579718e+02
  +1.45784711498667689966e+02
  +1.45037462788623713550e+02
  +1.44286943399671457655e+02
  +1.43532943856589213283e+02
  +1.42775254655677741766e+02
  +1.42013666016023563543e+02
  +1.41247967639919181693e+02
  +1.40477948481932912728e+02
  +1.39703396526193529326e+02
  +1.38924098571537285807e+02
  +1.38139840024240470484e+02
  +1.37350404698134354931e+02
  +1.36555574621978820460e+02
  +1.35755129854045407001e+02
  +1.34948848303938859772e+02
  +1.34136505561768046846e+02
  +1.33317874734855195129e+02
  +1.32492726292264308086e+02
  +1.31660827917508527207e+02
  +1.30821944369901387972e+02
  +1.29975837355099343995e+02
  +1.29122265405500314728e+02
  +1.28260983771259134301e+02
  +1.27391744322797407563e+02
  +1.26514295465810647556e+02
  +1.25628382069894357187e+02
  +1.24733745412047937862e+02
  +1.23830123136458837507e+02
  +1.22917249232111714718e+02
  +1.21994854029929655326e+02
  +1.21062664221312900281e+02
  +1.20120402900112665634e+02
  +1.19167789630255654743e+02
  +1.18204540541416776023e+02
  +1.17230368455324153842e+02
  +1.16244983045475777317e+02
  +1.15248091033237841430e+02
  +1.14239396423490603638e+02
  +1.13218600783177521407e+02
  +1.12185403566301005185e+02
  +1.11139502489081607450e+02
  +1.10080593959164318107e+02
  +1.09008373562893879694e+02
  +1.07922536614804059241e+02
  +1.06822778773550197684e+02
  +1.05708796728560656675e+02
  +1.04580288961682498439e+02
  +1.03436956588036096605e+02
  +1.02278504280160845497e+02
  +1.01104641279328831160e+02
  +9.99150824975914559900e+01
  +9.87095497137173509827e+01
  +9.74877728656442883448e+01
  +9.62494914413949658183e+01
  +9.49944559695954069412e+01
  +9.37224296097419085072e+01
  +9.24331898412115862129e+01
  +9.11265302486592787545e+01
  +8.98022623999084856905e+01
  +8.84602178106998024987e+01
  +8.71002499887180334781e+01
  +8.57222365471904765855e+01
  +8.43260813760261385141e+01
  +8.29117168559884447632e+01
  +8.14791060987829212081e+01
  +8.00282451932356622137e+01
  +7.85591654349885430975e+01
  +7.70719355144048989814e+01
  +7.55666636347461917467e+01
  +7.40434995302011600415e+01
  +7.25026363511666147588e+01
  +7.09443123823394472538e+01
  +6.93688125578372734026e+01
  +6.77764697367986457266e+01
  +6.61676657028454826559e+01
  +6.45428318515147196877e+01
  +6.29024495313794531626e+01
  +6.12470500071229437822e+01
  +5.95772140163969297078e+01
  +5.78935708968346318670e+01
  +5.61967972651415337282e+01
  +5.44876152366403232463e+01
  +5.27667901809284458636e+01
  +5.10351280172535268775e+01
  +4.92934720616452466402e+01
  +4.75426994465416470348e+01
  +4.57837171423531614778e+01
  +4.40174576188683346345e+01
  +4.22448741923281332333e+01
  +4.04669361111139664899e+01
  +3.86846234390739738274e+01
  +3.68989218002900898341e+01
  +3.51108170524410283520e+01
  +3.33212899576621666142e+01
  +3.15313109199226850876e+01
  +2.97418348563954033636e+01
  +2.79537962671710005225e+01
  +2.61681045630689759207e+01
  +2.43856397054063727126e+01
  +2.26072482046178500070e+01
  +2.08337395168272934143e+01
  +1.90658828691160842084e+01
  +1.73044045356073858954e+01
  +1.55499855778413742513e+01
  +1.38032600545144337190e+01
  +1.20648136977247251167e+01
  +1.03351830455823865407e+01
  +8.61485501457080538046e+00
  +6.90426688947534739071e+00
  +5.20380670411430479305e+00
  +3.51381398250981691334e+00
  +1.83458080754635965981e+00
  +1.66353182496112472766e-01
  -1.49066734998217653718e+00
</dep>
<dep S21_dB frequency>
  -4.69947257932306250439e+00
  -4.99981840830502921591e+00
  -5.29712817097451438286e+00
  -5.59119287410553145179e+00
  -5.88188147495195678971e+00
  -6.16912666685199084782e+00
  -6.45291302522184384571e+00
  -6.73326718413082314640e+00
  -7.01024974024865876743e+00
  -7.28394861396552872890e+00
  -7.55447363208988509342e+00
  -7.82195212993254873624e+00
  -8.08652540128307961709e+00
  -8.34834585212891511219e+00
  -8.60757473780854276413e+00
  -8.86438038375522552315e+00
  -9.11893680737538936398e+00
  -9.37142267325698696823e+00
  -9.62202052619345948870e+00
  -9.87091625677786588255e+00
  -1.01182987628927723023e+01
  -1.03643597775795530680e+01
  -1.06092938397573703924e+01
  -1.08532983892878291954e+01
  -1.10965739721437177678e+01
  -1.13393245450588953105e+01
  -1.15817578721838039257e+01
  -1.18240860090283543826e+01
  -1.20665258714519936234e+01
  -1.23092998897490684129e+01
  -1.25526367500415236833e+01
  -1.27967722273222186402e+01
  -1.30419501166421412108e+01
  -1.32884232711896803636e+01
  -1.35364547584404721903e+01
  -1.37863191482426028500e+01
  -1.40383039497421879815e+01
  -1.42927112175578194808e+01
  -1.45498593517114862550e+01
  -1.48100851206754526856e+01
  -1.50737459427092357345e+01
  -1.53412224676813977453e+01
  -1.56129215101209499750e+01
  -1.58892793947361283813e+01
  -1.61707657886025479854e+01
  -1.64578881103555794141e+01
  -1.67511966269355099257e+01
  -1.70512903739434023009e+01
  -1.73588240680981549247e+01
  -1.76745162218334677107e+01
  -1.79991587237383221520e+01
  -1.83336282184663303951e+01
  -1.86788997116581469982e+01
  -1.90360629474915512560e+01
  -1.94063422702496914951e+01
  -1.97911209035861226369e+01
  -2.01919708865420624022e+01
  -2.06106903305386879310e+01
  -2.10493502621039318967e+01
  -2.15103541778254054861e+01
  -2.19965146961633948308e+01
  -2.25111535630002244091e+01
  -2.30582341134343522526e+01
  -2.36425397204777922866e+01
  -2.42699188364928666317e+01
  -2.49476288803659720372e+01
  -2.56848310605736429579e+01
  -2.64933233600881088421e+01
  -2.73886640464499535597e+01
  -2.83919655100920351742e+01
  -2.95329042323718518048e+01
  -3.08550937644914391456e+01
  -3.24264689375140235938e+01
  -3.43616051562111906037e+01
  -3.68774980038334447840e+01
  -4.04699958580656087292e+01
  -4.67868388919404480930e+01
  -6.87918004896300914197e+01
  -4.54272800188906344943e+01
  -3.96631530917363832600e+01
  -3.61976482882410408592e+01
  -3.37026971069799969882e+01
  -3.17462032542433192361e+01
  -3.01324259250786212760e+01
  -2.87559150870843005521e+01
  -2.75533151795509176907e+01
  -2.64835723149316457636e+01
  -2.55185604264974408295e+01
  -2.46381675115422140721e+01
  -2.38275152957675757648e+01
  -2.30752890794772689276e+01
  -2.23726849448488280814e+01
  -2.17127192427386788154e+01
  -2.10897603554685950655e+01
  -2.04992020527185303536e+01
  -1.99372299852957333144e+01
  -1.94006511682042699363e+01
  -1.88867671098428040466e+01
  -1.83932778383629091934e+01
  -1.79182082201437786750e+01
  -1.74598506379645783682e+01
  -1.70167198605625067387e+01
  -1.65875171241836909530e+01
  -1.61711012631951049912e+01
  -1.57664652971641690016e+01
  -1.53727172864679868525e+01
  -1.49890645597109557485e+01
  -1.46148006285708635943e+01
  -1.42492942624029481635e+01
  -1.38919803118727269720e+01
  -1.35423519590664103163e+01
  -1.31999541386514014363e+01
  -1.28643779262123345575e+01
  -1.25352557298149296372e+01
  -1.22122571520059750583e+01
  -1.18950854139466102311e+01
  -1.15834742527548293367e+01
  -1.12771852185576477723e+01
  -1.09760053101089649630e+01
  -1.06797448977728066666e+01
  -1.03882358907189349395e+01
  -1.01013301117239624460e+01
  -9.81889784831359513362e+00
  -9.54082655337387208760e+00
  -9.26701967197916331997e+00
  -8.99739557419238877856e+00
  -8.73188657610464247227e+00
  -8.47043803349784063528e+00
  -8.21300749431924081989e+00
  -7.95956389771014460877e+00
  -7.71008680869684770443e+00
  -7.46456567886970034920e+00
  -7.22299912449139025483e+00
  -6.98539421451432041010e+00
  -6.75176576198501710024e+00
  -6.52213561328698876451e+00
  -6.29653193064178928751e+00
  -6.07498846427029093320e+00
  -5.85754381161164516811e+00
  -5.64424066202048280161e+00
  -5.43512502640529771014e+00
  -5.23024545233528126431e+00
  -5.02965222621042240547e+00
  -4.83339656515882332144e+00
  -4.64152980236132783887e+00
  -4.45410257050354907449e+00
  -4.27116398897545579416e+00
  -4.09276086126739091497e+00
  -3.91893688971093911988e+00
  -3.74973191526084459468e+00
  -3.58518119038435134627e+00
  -3.42531469329355697795e+00
  -3.27015649171172162468e+00
  -3.11972416409115815839e+00
  -2.97402828570071608993e+00
  -2.83307198627711809280e+00
  -2.69685058500215912858e+00
  -2.56535130745129302809e+00
  -2.43855308788609104198e+00
  -2.31642645887505072011e+00
  -2.19893352876194780876e+00
  -2.08602804601037572496e+00
  -1.97765554797774978368e+00
  -1.87375359026432186660e+00
  -1.77425205148069720096e+00
  -1.67907350712210678978e+00
  -1.58813366525812704744e+00
  -1.50134185596882563374e+00
  -1.41860156589298314067e+00
  -1.33981100891297333355e+00
  -1.26486372387540280116e+00
  -1.19364919033159555539e+00
  -1.12605345355794228546e+00
  -1.06195975056091662658e+00
  -1.00124912935986865037e+00
  -9.43801054543556450227e-01
  -8.89493992882763206964e-01
  -8.38205973624656763832e-01
  -7.89815118963643536532e-01
  -7.44200141055928021672e-01
  -7.01240802795971673866e-01
</dep>
<dep S11_dB frequency>
  -1.80408855689318170512e+00
  -1.65769381192444376083e+00
  -1.52667377203055387724e+00
  -1.40903693687111952748e+00
  -1.30309191096237042551e+00
  -1.20739650516844743144e+00
  -1.12071637476725238791e+00
  -1.04199123589993303263e+00
  -9.70307143539879013439e-01
  -9.04873645293203354711e-01
  -8.45004877151500743970e-01
  -7.90103860866696705578e-01
  -7.39649412732629296663e-01
  -6.93185190865408307204e-01
  -6.50310500339257080427e-01
  -6.10672548513531143755e-01
  -5.73959900893720398329e-01
  -5.39896934190476796012e-01
  -5.08239120378128461653e-01
  -4.78769005448084983279e-01
  -4.51292770698912326655e-01
  -4.25637283982167546892e-01
  -4.01647564243334753709e-01
  -3.79184595689798342733e-01
  -3.58123438550563888416e-01
  -3.38351592124122024785e-01
  -3.19767572999535176770e-01
  -3.02279677272941971200e-01
  -2.85804900499199376895e-01
  -2.70267993201497358502e-01
  -2.55600633162802126641e-01
  -2.41740698561883349260e-01
  -2.28631628394139890803e-01
  -2.16221858611978900999e-01
  -2.04464324098140831643e-01
  -1.93316018001177647445e-01
  -1.82737601159141005436e-01
  -1.72693055352069885222e-01
  -1.63149374985525841275e-01
  -1.54076292540879650206e-01
  -1.45446033754346309985e-01
  -1.37233099021682930507e-01
  -1.29414067984365999120e-01
  -1.21967424647103583890e-01
  -1.14873400715209544876e-01
  -1.08113835133126487409e-01
  -1.01672048057591335457e-01
  -9.55327277178693590187e-02
  -8.96818288052429052337e-02
  -8.41064811985773874703e-02
  -7.87949079767865934176e-02
  -7.37363517940787527305e-02
  -6.89210088035102919068e-02
  -6.43399694105615538309e-02
  -5.99851652224516751488e-02
  -5.58493216331793912444e-02
  -5.19259155497429625292e-02
  -4.82091378224357228199e-02
  -4.46938599934316935225e-02
  -4.13756050230618122043e-02
  -3.82505216936593270272e-02
  -3.53153624265699073170e-02
  -3.25674642801761157762e-02
  -3.00047329255922860802e-02
  -2.76256294224349642497e-02
  -2.54291596404515908569e-02
  -2.34148661938039445718e-02
  -2.15828227740202105434e-02
  -1.99336307848347465965e-02
  -1.84684181980971293124e-02
  -1.71888405644880400136e-02
  -1.60970841260020154639e-02
  -1.51958709896257669614e-02
  -1.44884663327825482376e-02
  -1.39786876219297907104e-02
  -1.36709158353953159210e-02
  -1.35701086904275129014e-02
  -1.36818158835139216944e-02
  -1.40121963604524970431e-02
  -1.45680376402648643908e-02
  -1.53567772240898060138e-02
  -1.63865261263663290758e-02
  -1.76660945716996704846e-02
  -1.92050199060314480404e-02
  -2.10135967757680494628e-02
  -2.31029096326281317697e-02
  -2.54848676256806370988e-02
  -2.81722419450800357077e-02
  -3.11787056840742531072e-02
  -3.45188762873489610183e-02
  -3.82083606540069634083e-02
  -4.22638029629700331946e-02
  -4.67029352865214811286e-02
  -5.15446310543340377452e-02
  -5.68089614256263239489e-02
  -6.25172546201301360114e-02
  -6.86921582500477634348e-02
  -7.53577046839132014266e-02
  -8.25393794599227070830e-02
  -9.02641927497238871769e-02
  -9.85607538539366029307e-02
  -1.07459348687496694663e-01
  -1.16992020185599163162e-01
  -1.27192651529564382251e-01
  -1.38097052055522528935e-01
  -1.49743045666854923681e-01
  -1.62170561524619782912e-01
  -1.75421726735987687507e-01
  -1.89540960701220451146e-01
  -2.04575070712154583052e-01
  -2.20573348321004836237e-01
  -2.37587665916009466160e-01
  -2.55672572849928392280e-01
  -2.74885390369935089794e-01
  -2.95286304490240902876e-01
  -3.16938455835115429071e-01
  -3.39908025358357457346e-01
  -3.64264314716359005608e-01
  -3.90079819937733440760e-01
  -4.17430296893729235741e-01
  -4.46394816931740878729e-01
  -4.77055810892005383028e-01
  -5.09499099587481296680e-01
  -5.43813908691739400503e-01
  -5.80092865854880512799e-01
  -6.18431977754228090483e-01
  -6.58930584694538024060e-01
  -7.01691290302872250351e-01
  -7.46819863824703444877e-01
  -7.94425112526787047251e-01
  -8.44618721754717194372e-01
  -8.97515060286742771822e-01
  -9.53230948776649045229e-01
  -1.01188538929496929519e+00
  -1.07359925426326863196e+00
  -1.13849493343747032448e+00
  -1.20669593803527241960e+00
  -1.27832646162040530768e+00
  -1.35351089795219214906e+00
  -1.43237331667835743332e+00
  -1.51503689848386091654e+00
  -1.60162333209926588395e+00
  -1.69225217640212810544e+00
  -1.78704019169712235993e+00
  -1.88610064511309838409e+00
  -1.98954259588054704899e+00
  -2.09747016702751043482e+00
  -2.20998181072204546993e+00
  -2.32716957506913679765e+00
  -2.44911838060783226823e+00
  -2.57590531502646813422e+00
  -2.70759895469428357728e+00
  -2.84425872148334812906e+00
  -2.98593428301017116411e+00
  -3.13266500386339918904e+00
  -3.28447945460324408629e+00
  -3.44139498433866286575e+00
  -3.60341736152931080284e+00
  -3.77054048635339089657e+00
  -3.94274617656762638163e+00
  -4.12000402730386028338e+00
  -4.30227134374682940177e+00
  -4.48949314416436884301e+00
  -4.68160222936505210356e+00
  -4.87851931338143351979e+00
  -5.08015320905823131170e+00
  -5.28640106129925335665e+00
  -5.49714862001644188894e+00
  -5.71227054434933911864e+00
  -5.93163072948831882059e+00
  -6.15508264744235500388e+00
  -6.38246969333319924544e+00
  -6.61362552925860303077e+00
  -6.84837441842634753186e+00
  -7.08653154309805888289e+00
  -7.32790330086674046584e+00
  -7.57228757490085246928e+00
  -7.81947397499018315159e+00
  -8.06924404750187562740e+00
  -8.32137145367005715002e+00
  -8.57562211698089882361e+00
</dep>
<dep Zin_ohm frequency>
  +6.66740577671298638052e+02
  +6.20802297562045282575e+02
  +5.77657057663636919642e+02
  +5.37012948576461326411e+02
  +4.98615101732333528162e+02
  +4.62240854347895776755e+02
  +4.27695610895970617094e+02
  +3.94809364158665744071e+02
  +3.63433838015478727357e+02
  +3.33440229313000486400e+02
  +3.04717556729159014139e+02
  +2.77171675531638243228e+02
  +2.50725101847608755179e+02
  +2.25317936630321383973e+02
  +2.00910445738839797514e+02
  +1.77488359150439151790e+02
  +1.55072956865569722140e+02
  +1.33740065241702041021e+02
  +1.13656335242744404468e+02
  +9.51494676810216759577e+01
  +7.88407890188220505934e+01
  +6.58555110600364912443e+01
  +5.79365837205952800559e+01
  +5.67634740781818294408e+01
  +6.23431332787757384040e+01
  +7.28647478998205428979e+01
  +8.63347221312699844020e+01
  +1.01429808050765132066e+02
  +1.17406080323926985898e+02
  +1.33856712172458856003e+02
  +1.50554887272229080963e+02
  +1.67370544534956906091e+02
  +1.84227436150619638511e+02
  +2.01080450361332850662e+02
  +2.17903172935357872575e+02
  +2.34680787573013645897e+02
  +2.51405869685624111298e+02
  +2.68075809844271191196e+02
  +2.84691188822282811088e+02
  +3.01254726794497400988e+02
  +3.17770589288020175900e+02
  +3.34243920676116943014e+02
  +3.50680526213172129246e+02
  +3.67086653052762358129e+02
  +3.83468838435001430298e+02
  +3.99833804191544061268e+02
  +4.16188383643814859170e+02
  +4.32539471438785597002e+02
  +4.48893989804110503883e+02
  +4.65258866668838948044e+02
  +4.81641022430395253195e+02
  +4.98047363068324330015e+02
  +5.14484777947385168773e+02
  +5.30960141106724449855e+02
  +5.47480315156199139892e+02
  +5.64052157135275592736e+02
  +5.80682525860746864055e+02
  +5.97378290415107358058e+02
  +6.14146339520698120396e+02
  +6.30993591614228535036e+02
  +6.47927005488989721016e+02
  +6.64953591411702632286e+02
  +6.82080422651603498707e+02
  +6.99314647382880934856e+02
  +7.16663500939922869293e+02
  +7.34134318419330384131e+02
  +7.51734547634249793191e+02
  +7.69471762435982441275e+02
  +7.87353676425533649308e+02
  +8.05388157084523072626e+02
  +8.23583240360420973047e+02
  +8.41947145746384990161e+02
  +8.60488291900500371412e+02
  +8.79215312853909836122e+02
  +8.98137074861464043352e+02
  +9.17262693953049165430e+02
  +9.36601554248076013209e+02
  +9.56163327100197193431e+02
  +9.75957991144206062017e+02
  +9.95995853322069478963e+02
  +1.01628757097057018655e+03
  +1.03684417505882493060e+03
  +1.05767709467022336867e+03
  +1.07879818283021677416e+03
  +1.10021974378855816212e+03
  +1.12195456187282138671e+03
  +1.14401593203833044754e+03
  +1.16641769224936524552e+03
  +1.18917425783626981683e+03
  +1.21230065798439977698e+03
  +1.23581257452264048879e+03
  +1.25972638319207658242e+03
  +1.28405919758945356079e+03
  +1.30882891599519189185e+03
  +1.33405427131186593215e+03
  +1.35975488435683791977e+03
  +1.38595132077148923599e+03
  +1.41266515182994930910e+03
  +1.43991901945199060719e+03
  +1.46773670574804305033e+03
  +1.49614320744914539318e+03
  +1.52516481560109809834e+03
  +1.55482920092983044924e+03
  +1.58516550531438110738e+03
  +1.61620443983435916380e+03
  +1.64797838989037222746e+03
  +1.68052152792806032267e+03
  +1.71386993432892086275e+03
  +1.74806172706290567476e+03
  +1.78313720072851674558e+03
  +1.81913897563397131307e+03
  +1.85611215759686797355e+03
  +1.89410450915737237665e+03
  +1.93316663290842029710e+03
  +1.97335216764259189404e+03
  +2.01471799799445398094e+03
  +2.05732447821337791538e+03
  +2.10123567062814890960e+03
  +2.14651959925102664783e+03
  +2.19324851880375445035e+03
  +2.24149919921585706106e+03
  +2.29135322532660302386e+03
  +2.34289731109240710794e+03
  +2.39622362702899044962e+03
  +2.45143013886379185351e+03
  +2.50862095438839696726e+03
  +2.56790667422121759955e+03
  +2.62940474053824573275e+03
  +2.69323977570566148643e+03
  +2.75954390003002890808e+03
  +2.82845701437596562755e+03
  +2.90012702899827445435e+03
  +2.97471001436269489204e+03
  +3.05237024270206893561e+03
  +3.13328008022997937587e+03
  +3.21761967890243886359e+03
  +3.30557640290462222765e+03
  +3.39734390809856995475e+03
  +3.49312077190881018396e+03
  +3.59310854593405929336e+03
  +3.69750907339742116164e+03
  +3.80652087799343735242e+03
  +3.92033438973011334383e+03
  +4.03912572763682283039e+03
  +4.16304871049111443426e+03
  +4.29222471859388042503e+03
  +4.42672998845476286078e+03
  +4.56657989843013456266e+03
  +4.71170981289967403427e+03
  +4.86195211884997388552e+03
  +5.01700924404958732339e+03
  +5.17642273213791395392e+03
  +5.33953891640509300487e+03
  +5.50547243168704608252e+03
  +5.67306977108661612874e+03
  +5.84087633283577088150e+03
  +6.00711184098430294398e+03
  +6.16966047167207307211e+03
  +6.32608312461931836879e+03
  +6.47365952683182149485e+03
  +6.60946661183429841913e+03
  +6.73049631312983365206e+03
  +6.83381032538616909733e+03
  +6.91672199232590264728e+03
  +6.97698766213250655710e+03
  +7.01298378948268600652e+03
  +7.02384412361775230238e+03
  +7.00953507199583509646e+03
  +6.97085662207183850114e+03
  +6.90936889957820494601e+03
  +6.82725707561728358996e+03
  +6.72715647752427230444e+03
  +6.61196335274719058361e+03
  +6.48465471351435644465e+03
  +6.34813465442247797910e+03
  +6.20511683032958626427e+03
  +6.05804553563825356832e+03
  +5.90905237095731718000e+03
  +5.75994225852467207005e+03
  +5.61220134758341282577e+03
  +5.46701957699592549034e+03
</dep>
<dep Zin_norm frequency>
  +1.33348115534259736847e+01
  +1.24160459512409051541e+01
  +1.15531411532727386060e+01
  +1.07402589715292258177e+01
  +9.97230203464667042113e+00
  +9.24481708695791581931e+00
  +8.55391221791941269714e+00
  +7.89618728317331441957e+00
  +7.26867676030957454714e+00
  +6.66880458626001004774e+00
  +6.09435113458317978541e+00
  +5.54343351063276479351e+00
  +5.01450203695217489042e+00
  +4.50635873260642760840e+00
  +4.01820891477679609238e+00
  +3.54976718300878291146e+00
  +3.10145913731139444280e+00
  +2.67480130483404066055e+00
  +2.27312670485488821370e+00
  +1.90298935362043342145e+00
  +1.57681578037644087864e+00
  +1.31711022120072995811e+00
  +1.15873167441190561000e+00
  +1.13526948156363660658e+00
  +1.24686266557551483913e+00
  +1.45729495799641095566e+00
  +1.72669444262539961699e+00
  +2.02859616101530271237e+00
  +2.34812160647853973572e+00
  +2.67713424344917738651e+00
  +3.01109774544458153045e+00
  +3.34741089069913799747e+00
  +3.68454872301239255705e+00
  +4.02160900722665726192e+00
  +4.35806345870715716728e+00
  +4.69361575146027298899e+00
  +5.02811739371248211938e+00
  +5.36151619688542435682e+00
  +5.69382377644565629282e+00
  +6.02509453588994770001e+00
  +6.35541178576040355352e+00
  +6.68487841352233935766e+00
  +7.01361052426344233623e+00
  +7.34173306105524758891e+00
  +7.66937676870002871254e+00
  +7.99667608383088079904e+00
  +8.32376767287629704128e+00
  +8.65078942877571144265e+00
  +8.97787979608220965133e+00
  +9.30517733337677910299e+00
  +9.63282044860790520602e+00
  +9.96094726136648667136e+00
  +1.02896955589477041570e+01
  +1.06192028221344898498e+01
  +1.09496063031239838637e+01
  +1.12810431427055117837e+01
  +1.16136505172149373522e+01
  +1.19475658083021478717e+01
  +1.22829267904139616263e+01
  +1.26198718322845699902e+01
  +1.29585401097797952019e+01
  +1.32990718282340534273e+01
  +1.36416084530320702584e+01
  +1.39862929476576187682e+01
  +1.43332700187984585227e+01
  +1.46826863683866069010e+01
  +1.50346909526849970007e+01
  +1.53894352487196481860e+01
  +1.57470735285106719914e+01
  +1.61077631416904623052e+01
  +1.64716648072084197452e+01
  +1.68389429149276992348e+01
  +1.72097658380100071440e+01
  +1.75843062570781967224e+01
  +1.79627414972292811512e+01
  +1.83452538790609835928e+01
  +1.87320310849615196958e+01
  +1.91232665420039431581e+01
  +1.95191598228841201035e+01
  +1.99199170664413891529e+01
  +2.03257514194114037309e+01
  +2.07368835011765000331e+01
  +2.11535418934044692207e+01
  +2.15759636566043333517e+01
  +2.20043948757711618214e+01
  +2.24390912374564273080e+01
  +2.28803186407666103719e+01
  +2.33283538449873049103e+01
  +2.37834851567253942051e+01
  +2.42460131596879975291e+01
  +2.47162514904528087811e+01
  +2.51945276638415300852e+01
  +2.56811839517890696527e+01
  +2.61765783199038395423e+01
  +2.66810854262373204904e+01
  +2.71950976871367586796e+01
  +2.77190264154297842936e+01
  +2.82533030365989858979e+01
  +2.87983803890398135650e+01
  +2.93547341149608591593e+01
  +2.99228641489829101374e+01
  +3.05032963120219626774e+01
  +3.10965840185966087006e+01
  +3.17033101062876241372e+01
  +3.23240887966871852655e+01
  +3.29595677978074448333e+01
  +3.36104305585612053164e+01
  +3.42773986865784152656e+01
  +3.49612345412581149162e+01
  +3.56627440145703360486e+01
  +3.63827795126794271141e+01
  +3.71222431519373614606e+01
  +3.78820901831474472488e+01
  +3.86633326581684073631e+01
  +3.94670433528518387334e+01
  +4.02943599598890784819e+01
  +4.11464895642675543286e+01
  +4.20247134125629813184e+01
  +4.29303919850205346620e+01
  +4.38649703760750853121e+01
  +4.48299839843171383791e+01
  +4.58270645065320607614e+01
  +4.68579462218481381797e+01
  +4.79244725405798135398e+01
  +4.90286027772758359333e+01
  +5.01724190877679419032e+01
  +5.13581334844243500015e+01
  +5.25880948107649146550e+01
  +5.38647955141132257495e+01
  +5.51908780006005770247e+01
  +5.65691402875193105615e+01
  +5.80025405799654905081e+01
  +5.94942002872538964198e+01
  +6.10474048540413818387e+01
  +6.26656016045995869490e+01
  +6.43523935780487761349e+01
  +6.61115280580924462583e+01
  +6.79468781619713979580e+01
  +6.98624154381761997001e+01
  +7.18621709186811870040e+01
  +7.39501814679484255066e+01
  +7.61304175598687464799e+01
  +7.84066877946022628976e+01
  +8.07825145527364583131e+01
  +8.32609742098222938012e+01
  +8.58444943718776016794e+01
  +8.85345997690952657422e+01
  +9.13315979686026935269e+01
  +9.42341962579934744326e+01
  +9.72390423769994782788e+01
  +1.00340184880991742489e+02
  +1.03528454642758276805e+02
  +1.06790778328101865213e+02
  +1.10109448633740925061e+02
  +1.13461395421732319733e+02
  +1.16817526656715415356e+02
  +1.20142236819686061722e+02
  +1.23393209433441455758e+02
  +1.26521662492386369081e+02
  +1.29473190536636423076e+02
  +1.32189332236685970656e+02
  +1.34609926262596673041e+02
  +1.36676206507723378536e+02
  +1.38334439846518051809e+02
  +1.39539753242650135689e+02
  +1.40259675789653726952e+02
  +1.40476882472355043774e+02
  +1.40190701439916693971e+02
  +1.39417132441436763202e+02
  +1.38187377991564090962e+02
  +1.36545141512345679757e+02
  +1.34543129550485446089e+02
  +1.32239267054943809399e+02
  +1.29693094270287133440e+02
  +1.26962693088449555034e+02
  +1.24102336606591720169e+02
  +1.21160910712765073072e+02
  +1.18181047419146352695e+02
  +1.15198845170493441969e+02
  +1.12244026951668260494e+02
  +1.09340391539918513786e+02
</dep>
<dep S[2,2] frequency>
  -7.19800825288562484694e-01-j3.76773830394597997184e-01
  -7.43616308615892118716e-01-j3.60188715850495777548e-01
  -7.65459668830684614171e-01-j3.43048829191799187210e-01
  -7.85473233148059168940e-01-j3.25517892137847153489e-01
  -8.03794361639596055547e-01-j3.07729241040687551134e-01
  -8.20553506395238385629e-01-j2.89790748600695813320e-01
  -8.35873097468688430745e-01-j2.71789083301156031425e-01
  -8.49867018650962813275e-01-j2.53793347634066412954e-01
  -8.62640493759692539300e-01-j2.35858155093781413081e-01
  -8.74290249999138846526e-01-j2.18026212910715222471e-01
  -8.84904860607699239594e-01-j2.00330477331723544321e-01
  -8.94565196239887505669e-01-j1.82795944088567419161e-01
  -9.03344935016190508925e-01-j1.65441130565434108002e-01
  -9.11311096391954400531e-01-j1.48279299342147702356e-01
  -9.18524575169721524404e-01-j1.31319465993352257893e-01
  -9.25040660090504562874e-01-j1.14567227673411223265e-01
  -9.30909527258561242391e-01-j9.80254433057911322980e-02
  -9.36176702774203395307e-01-j8.16947911906600876542e-02
  -9.40883491820796113991e-01-j6.55742255354183761762e-02
  -9.45067373414154476841e-01-j4.96613497512495699615e-02
  -9.48762361327555758805e-01-j3.39527212765567201758e-02
  -9.51999332540696685534e-01-j1.84441001116163114104e-02
  -9.54806325063096705819e-01-j3.13065110658032955127e-03
  -9.57208807252232452001e-01+j1.19928917292866799721e-02
  -9.59229920857021856051e-01+j2.69320920949729092353e-02
  -9.60890700019966348400e-01+j4.16927038469909888585e-02
  -9.62210268404643409568e-01+j5.62805844301974139698e-02
  -9.63206016505220308233e-01+j7.07016255070730820220e-02
  -9.63893761060178877464e-01+j8.49616976740448365257e-02
  -9.64287888346280319674e-01+j9.90666067054397220248e-02
  -9.64401482979612700852e-01+j1.13022059218886403165e-01
  -9.64246443704151579013e-01+j1.26833636028742813284e-01
  -9.63833587508205247296e-01+j1.40506771760228160728e-01
  -9.63172743277580623023e-01+j1.54046739548816646881e-01
  -9.62272836072392112605e-01+j1.67458639856648328070e-01
  -9.61141963002554278184e-01+j1.80747392608162110728e-01
  -9.59787461575184130957e-01+j1.93917731987655439507e-01
  -9.58215971294851476259e-01+j2.06974203357108088586e-01
  -9.56433489214565946135e-01+j2.19921161848054352861e-01
  -9.54445420060751392732e-01+j2.32762772259877098735e-01
  -9.52256621488641097351e-01+j2.45503009961765245039e-01
  -9.49871444964816791234e-01+j2.58145662549200960445e-01
  -9.47293772720406601628e-01+j2.70694332049869923473e-01
  -9.44527051170972131722e-01+j2.83152437510441723489e-01
  -9.41574321156972593450e-01+j2.95523217825660544644e-01
  -9.38438245321105091179e-01+j3.07809734695994874354e-01
  -9.35121132905537333357e-01+j3.20014875620478755902e-01
  -9.31624962222375785359e-01+j3.32141356848184410300e-01
  -9.27951401024451172361e-01+j3.44191726225548166873e-01
  -9.24101824980133490506e-01+j3.56168365888092974814e-01
  -9.20077334435222327080e-01+j3.68073494754265595486e-01
  -9.15878769626503608237e-01+j3.79909170786750849391e-01
  -9.11506724495385944884e-01+j3.91677292992562264828e-01
  -9.06961559235484160446e-01+j4.03379603138275422136e-01
  -9.02243411695318742183e-01+j4.15017687160588844009e-01
  -8.97352207745944707717e-01+j4.26592976255565248245e-01
  -8.92287670713360681063e-01+j4.38106747632299675654e-01
  -8.87049329966729582786e-01+j4.49560124918629677726e-01
  -8.81636528745691316900e-01+j4.60954078207925221911e-01
  -8.76048431303274255377e-01+j4.72289423736918678731e-01
  -8.70284029434945538561e-01+j4.83566823185313743316e-01
  -8.64342148459221526480e-01+j4.94786782588226337065e-01
  -8.58221452710796195440e-01+j5.05949650852769439169e-01
  -8.51920450603341095075e-01+j5.17055617870106343226e-01
  -8.45437499315960239166e-01+j5.28104712214143900972e-01
  -8.38770809154608776304e-01+j5.39096798417828537708e-01
  -8.31918447637657987315e-01+j5.50031573817711616492e-01
  -8.24878343353118714809e-01+j5.60908564957066202439e-01
  -8.17648289633876146354e-01+j5.71727123537394965602e-01
  -8.10225948096425008238e-01+j5.82486421907867701897e-01
  -8.02608852088347646259e-01+j5.93185448081678501353e-01
  -7.94794410089682878962e-01+j6.03823000268060461337e-01
  -7.86779909113882958138e-01+j6.14397680908271404121e-01
  -7.78562518154723326447e-01+j6.24907890203706961607e-01
  -7.70139291726834485097e-01+j6.35351819124028938113e-01
  -7.61507173548918281369e-01+j6.45727441883272690326e-01
  -7.52663000420755179398e-01+j6.56032507871921244380e-01
  -7.43603506347293774503e-01+j6.66264533033258943284e-01
  -7.34325326965774460852e-01+j6.76420790672804472798e-01
  -7.24825004334898936875e-01+j6.86498301690381174112e-01
  -7.15098992148366807697e-01+j6.96493824225377422543e-01
  -7.05143661438933477825e-01+j7.06403842707155060765e-01
  -6.94955306843250797399e-01+j7.16224556304253301420e-01
  -6.84530153502229898876e-01+j7.25951866768265730023e-01
  -6.73864364676634908236e-01+j7.35581365670886055952e-01
  -6.62954050162737562601e-01+j7.45108321035915843744e-01
  -6.51795275598590850841e-01+j7.54527663371831414096e-01
  -6.40384072757277378329e-01+j7.63833971115198906432e-01
  -6.28716450929873937881e-01+j7.73021455500513932080e-01
  -6.16788409507248114316e-01+j7.82083944878467884898e-01
  -6.04595951876656267920e-01+j7.91014868511938362694e-01
  -5.92135100756029375546e-01+j7.99807239887386889343e-01
  -5.79401915095854480597e-01+j8.08453639589171046964e-01
  -5.66392508685609863406e-01+j8.16946197795290762755e-01
  -5.53103070608782387829e-01+j8.25276576465704847507e-01
  -5.39529887697136834035e-01+j8.33435951308646782998e-01
  -5.25669369141399167589e-01+j8.41414993626421248152e-01
  -5.11518073421304730886e-01+j8.49203852160227978807e-01
  -4.97072737722978108543e-01+j8.56792135073699112624e-01
  -4.82330310015683771940e-01+j8.64168892237261010436e-01
  -4.67287983962576536356e-01+j8.71322598000227266368e-01
  -4.51943236841028050943e-01+j8.78241134664913825070e-01
  -4.36293870646996428952e-01+j8.84911776906988634117e-01
  -4.20338056554104777529e-01+j8.91321177418993970676e-01
  -4.04074382891334460410e-01+j8.97455354089366386106e-01
  -3.87501906792706130034e-01+j9.03299679067482985673e-01
  -3.70620209657527455160e-01+j9.08838870106040030983e-01
  -3.53429456539897768330e-01+j9.14056984615416623363e-01
  -3.35930459560531857743e-01+j9.18937416910209026177e-01
  -3.18124745401573205683e-01+j9.23462899175586660050e-01
  -3.00014626905218129149e-01+j9.27615506729884686798e-01
  -2.81603278748592089631e-01+j9.31376668209320524028e-01
  -2.62894817109493972307e-01+j9.34727181350027969131e-01
  -2.43894383169445699844e-01+j9.37647235090551478542e-01
  -2.24608230220942256539e-01+j9.40116438763378248211e-01
  -2.05043814054072071063e-01+j9.42113859185227164872e-01
  -1.85209886193075018435e-01+j9.43618066490871543195e-01
  -1.65116589435229998983e-01+j9.44607189581998074601e-01
  -1.44775555012521650600e-01+j9.45058982078474385524e-01
  -1.24200000550738695604e-01+j9.44950899661465948398e-01
  -1.03404827841360333340e-01+j9.44260189683101658353e-01
  -8.24067192699346751095e-02+j9.42963993882095063981e-01
  -6.12242315617460564070e-02+j9.41039464985431117761e-01
  -3.98778853142184586122e-02+j9.38463897888858533669e-01
  -1.83902485882681057672e-02+j9.35214875989536120748e-01
  +3.21398736772856782884e-03+j9.31270433089089411105e-01
  +2.49079423828609466951e-02+j9.26609231090568807865e-01
  +4.66624939243556052793e-02+j9.21210753475535493173e-01
  +6.84462384288197778215e-02+j9.15055514265163960630e-01
  +9.02254700213928062524e-02+j9.08125281840297282621e-01
  +1.11964179347042475099e-01+j9.00403316620101978884e-01
  +1.33624075299288908036e-01+j8.91874621178561866053e-01
  +1.55164632435468269334e-01+j8.82526200916567749033e-01
  +1.76543166802664963644e-01+j8.72347332910674122530e-01
  +1.97714942753039135681e-01+j8.61329840036529348346e-01
  +2.18633313090681152824e-01+j8.49468366927482398943e-01
  +2.39249894554919184664e-01+j8.36760653791251973743e-01
  +2.59514780199374239800e-01+j8.23207803588333009159e-01
  +2.79376789668134062339e-01+j8.08814537595157978522e-01
  +2.98783757698984298035e-01+j7.93589433956379375346e-01
  +3.17682860403220412859e-01+j7.77545143499091317985e-01
  +3.36020977991144387254e-01+j7.60698576862851139069e-01
  +3.53745091647908682653e-01+j7.43071056919054950818e-01
  +3.70802711237072313288e-01+j7.24688430535125993615e-01
  +3.87142329448044608675e-01+j7.05581134003815502176e-01
  +4.02713896941664539764e-01+j6.85784206921629113651e-01
  +4.17469312025814887068e-01+j6.65337249971560074080e-01
  +4.31362917452186522826e-01+j6.44284322945386511705e-01
  +4.44351996111969127501e-01+j6.22673780420673006475e-01
  +4.56397256766516046245e-01+j6.00558043768744553859e-01
  +4.67463300521275770816e-01+j5.77993309582434666716e-01
  +4.77519058573915466948e-01+j5.55039196136656087788e-01
  +4.86538191868903457937e-01+j5.31758331081577884092e-01
  +4.94499443688794282359e-01+j5.08215885160947511423e-01
  +5.01386936912055380944e-01+j4.84479058285601060785e-01
  +5.07190408659787039802e-01+j4.60616525711217805750e-01
  +5.11905376315828664069e-01+j4.36697853308500971714e-01
  +5.15533230399036757063e-01+j4.12792891917218740527e-01
  +5.18081251443174295446e-01+j3.88971161495261397167e-01
  +5.19562549838180398609e-01+j3.65301236175130827899e-01
  +5.19995929439431736618e-01+j3.41850141401266571783e-01
  +5.19405677587236658255e-01+j3.18682774037427396507e-01
  +5.17821285927168140084e-01+j2.95861355714432061603e-01
  +5.15277108015892215676e-01+j2.73444928761504280068e-01
  +5.11811961079254085227e-01+j2.51488902869656194561e-01
  +5.07468680412108241740e-01+j2.30044659224976133505e-01
  +5.02293635739027966025e-01+j2.09159217283430259871e-01
  +4.96336219372895404156e-01+j1.88874967701892243488e-01
  +4.89648316210322565034e-01+j1.69229473258102364186e-01
  +4.82283765499525118869e-01+j1.50255337948509204438e-01
  +4.74297823930902640033e-01+j1.31980142904408070947e-01
  +4.65746638967265036424e-01+j1.14426446362359837683e-01
  +4.56686740491291764954e-01+j9.76118437032332808556e-02
  +4.47174557849345566396e-01+j8.15490825622429693631e-02
  +4.37265968262714743719e-01+j6.62462272262203250017e-02
  +4.27015881407920128154e-01+j5.17068659783548600917e-02
  +4.16477863783199120373e-01+j3.79303547196426921184e-02
  +4.05703805319330257362e-01+j2.49120900763311337034e-02
  +3.94743629594674405592e-01+j1.26438052732736200268e-02
  +3.83645048004819355647e-01+j1.11388228869346850303e-03
  +3.72453357337034995922e-01-j9.69232582169260448168e-03
</dep>
<dep S[2,1] frequency>
  +2.70083615405500132578e-01-j5.15693852602349456227e-01
  +2.45254232262049204349e-01-j5.06054691009619084241e-01
  +2.22347212377421526996e-01-j4.95860723308369444329e-01
  +2.01220058586911526577e-01-j4.85275653033092890798e-01
  +1.81735234681199980811e-01-j4.74432795705789667196e-01
  +1.63762106055797718174e-01-j4.63440000461494694406e-01
  +1.47178053606099507045e-01-j4.52383909387668647906e-01
  +1.31868997817079225410e-01-j4.41333595650150678491e-01
  +1.17729512355279425373e-01-j4.30343640382612135920e-01
  +1.04662660604477097959e-01-j4.19456715311916250588e-01
  +9.25796529254046401958e-02-j4.08705737926328804832e-01
  +8.13993951903363294198e-02-j3.98115661827932454386e-01
  +7.10479786574152033518e-02-j3.87704958780489772341e-01
  +6.14581460321409756009e-02-j3.77486842129361732656e-01
  +5.25687573905677177355e-02-j3.67470274473849112251e-01
  +4.43242715277929466566e-02-j3.57660796121696489269e-01
  +3.66742524764815669425e-02-j3.48061205144570784409e-01
  +2.95729068203470779608e-02-j3.38672114848194094616e-01
  +2.29786545559504708225e-02-j3.29492410161843607419e-01
  +1.68537342942445197980e-02-j3.20519620790296166923e-01
  +1.11638422883606099056e-02-j3.11750225888992926748e-01
  +5.87780393906947758176e-03-j3.03179902446736704302e-01
  +9.67275927220972824017e-04-j2.94803727417981664694e-01
  -3.59352314727026710475e-03-j2.86616341872550972614e-01
  -7.82805585060380310081e-03-j2.78612083964844714501e-01
  -1.17576849578569179317e-02-j2.70785096317179119207e-01
  -1.54018706200525854616e-02-j2.63129412417527686063e-01
  -1.87783477122653343072e-02-j2.55639025814665021841e-01
  -2.19032852849477439883e-02-j2.48307945222028564336e-01
  -2.47914298945304222010e-02-j2.41130238089632631393e-01
  -2.74562344400978396164e-02-j2.34100064750103226130e-01
  -2.99099739865672439865e-02-j2.27211704872165076718e-01
  -3.21638499146832193554e-02-j2.20459577648785015613e-01
  -3.42280836066305507726e-02-j2.13838256895312106565e-01
  -3.61120007541027021603e-02-j2.07342482025756363884e-01
  -3.78241072638218905899e-02-j2.00967165704857730901e-01
  -3.93721576336403603080e-02-j1.94707398833162403928e-01
  -4.07632165800673254563e-02-j1.88558453406617670955e-01
  -4.20037146150333065564e-02-j1.82515783696786254575e-01
  -4.30994981950149833039e-02-j1.76575026119207001418e-01
  -4.40558749988472289627e-02-j1.70731998092480824480e-01
  -4.48776548308299078061e-02-j1.64982696137151579885e-01
  -4.55691865924952588252e-02-j1.59323293419301015295e-01
  -4.61343917189502641940e-02-j1.53750136907313900148e-01
  -4.65767944335107389464e-02-j1.48259744280221539281e-01
  -4.68995491367917155534e-02-j1.42848800701248335177e-01
  -4.71054652130865267323e-02-j1.37514155549778749332e-01
  -4.71970295072209750087e-02-j1.32252819188184211896e-01
  -4.71764266987668226538e-02-j1.27061959826126363859e-01
  -4.70455577771561606060e-02-j1.21938900533673788562e-01
  -4.68060568005107327516e-02-j1.16881116445348584576e-01
  -4.64593061026074144459e-02-j1.11886232189618170518e-01
  -4.60064500961305244964e-02-j1.06952019572378792533e-01
  -4.54484078058830717750e-02-j1.02076395537913144906e-01
  -4.47858842528680162198e-02-j9.72574204270134634598e-02
  -4.40193807987984755958e-02-j9.24932965487480912570e-02
  -4.31492045506407725930e-02-j8.77823670800016025995e-02
  -4.21754769159301892700e-02-j8.31231153050142890226e-02
  -4.10981413918651145023e-02-j7.85141642057502614493e-02
  -3.99169706643857855055e-02-j7.39542764129831470266e-02
  -3.86315730874656551586e-02-j6.94423545272306597109e-02
  -3.72413986077109668282e-02-j6.49774418183281798900e-02
  -3.57457441948974968815e-02-j6.05587233122178159039e-02
  -3.41437588352324766783e-02-j5.61855272734679486724e-02
  -3.24344481409794341276e-02-j5.18573270922352974610e-02
  -3.06166786273529487050e-02-j4.75737435845738632079e-02
  -2.86891817054883285776e-02-j4.33345477152950811495e-02
  -2.66505574385809754223e-02-j3.91396637529897520325e-02
  -2.44992781071138657212e-02-j3.49891728672370033726e-02
  -2.22336916282352484164e-02-j3.08833171783619193917e-02
  -1.98520248740472679549e-02-j2.68225042706532988690e-02
  -1.73523869334968085243e-02-j2.28073121801857514601e-02
  -1.47327723630510127456e-02-j1.88384948688633639680e-02
  -1.19910644720204895980e-02-j1.49169881964301455357e-02
  -9.12503868964964146016e-03-j1.10439164024899970362e-02
  -6.13236606250901466336e-03-j7.22059911050952456246e-03
  -3.01061693268820642841e-03-j3.44855886575520624582e-03
  +2.42735150487045784132e-04+j2.70470781180083812839e-04
  +3.63030922988285187011e-03+j3.93453663411158158225e-03
  +7.15481239277460708686e-03+j7.54145664381306816276e-03
  +1.08190348141557861339e-02+j1.10888101239524153319e-02
  +1.46258443257066567816e-02+j1.45739273823545512077e-02
  +1.85781804408332411327e-02+j1.79938787612112585657e-02
  +2.26790477617876060079e-02+j2.13454630820780234812e-02
  +2.69315086898923652936e-02+j2.46251954940626370527e-02
  +3.13386753548394528246e-02+j2.78292947269450294256e-02
  +3.59037006732883245963e-02+j3.09536697547046629753e-02
  +4.06297684412339349391e-02+j3.39939058795901347110e-02
  +4.55200823582743441253e-02+j3.69452502521960615689e-02
  +5.05778538755058959531e-02+j3.98025968493287141126e-02
  +5.58062887520125658347e-02+j4.25604709387498933437e-02
  +6.12085721979710589702e-02+j4.52130130682629333139e-02
  +6.67878524754263319663e-02+j4.77539626263392275041e-02
  +7.25472228207506841802e-02+j5.01766410325235265311e-02
  +7.84897015457905328217e-02+j5.24739346283837823637e-02
  +8.46182101680305054359e-02+j5.46382773540645474974e-02
  +9.09355494136931535865e-02+j5.66616333114893996892e-02
  +9.74443729319175583337e-02+j5.85354793332934567052e-02
  +1.04147158553124785652e-01+j6.02507876966453387313e-02
  +1.11046176920710268354e-01+j6.17980091435123765620e-02
  +1.18143457322565023637e-01+j6.31670563936548995487e-02
  +1.25440750548042989632e-01+j6.43472883639635839792e-02
  +1.32939488597122817959e-01+j6.53274953376297706775e-02
  +1.40640741072305258674e-01+j6.60958853592801820476e-02
  +1.48545168090624846169e-01+j6.66400721675718260562e-02
  +1.56652969563642691098e-01+j6.69470650148290546966e-02
  +1.64963830708148406767e-01+j6.70032607640528160564e-02
  +1.73476863670183140131e-01+j6.67944386968782471969e-02
  +1.82190545170641232664e-01+j6.63057585115379571894e-02
  +1.91102650113118777142e-01+j6.55217620372389869532e-02
  +2.00210181134532261282e-01+j6.44263792400747020706e-02
  +2.09509294127416284548e-01+j6.30029391449563880290e-02
  +2.18995219820652536891e-01+j6.12341863472636790955e-02
  +2.28662181573550615798e-01+j5.91023038357813834676e-02
  +2.38503309617748210369e-01+j5.65889428938006616709e-02
  +2.48510552073121337990e-01+j5.36752608863227884117e-02
  +2.58674583168482852269e-01+j5.03419677762320383341e-02
  +2.68984709216027573220e-01+j4.65693822389438849552e-02
  +2.79428773020375331715e-01+j4.23374982607446215255e-02
  +2.89993057548879218377e-01+j3.76260631080450810848e-02
  +3.00662189849099648065e-01+j3.24146675398352332453e-02
  +3.11419046370986940531e-01+j2.66828491002774684238e-02
  +3.22244661034165325031e-01+j2.04102092688722321079e-02
  +3.33118137572040173833e-01+j1.35765451581922082236e-02
  +3.44016567881586687871e-01+j6.16199632958756675361e-03
  +3.54914958306220551520e-01-j1.85279285792326457206e-03
  +3.65786165974215149443e-01-j1.04864951453167709605e-02
  +3.76600847500389912526e-01-j1.97569065349012668031e-02
  +3.87327422526730469343e-01-j2.96807370149840162032e-02
  +3.97932054719958849809e-01-j4.02733864765748364456e-02
  +4.08378652950877607530e-01-j5.15487068263499464971e-02
  +4.18628895441284065715e-01-j6.35187517206226570643e-02
  +4.28642279667868275617e-01-j7.61935158067242740421e-02
  +4.38376200747458699691e-01-j8.95806658550693107879e-02
  +4.47786060882362946245e-01-j1.03685266688382710099e-01
  +4.56825412207841896617e-01-j1.18509505352256586108e-01
  +4.65446135046302167382e-01-j1.34052417508984555994e-01
  +4.73598653127017821252e-01-j1.50309620555976963807e-01
  +4.81232186772022063614e-01-j1.67273058450921496831e-01
  +4.88295044377157594351e-01-j1.84930763644613915808e-01
  +4.94734951736616634932e-01-j2.03266641854150137414e-01
  +5.00499417878597752107e-01-j2.22260285628192444385e-01
  +5.05536135115013052221e-01-j2.41886822736597395522e-01
  +5.09793409980557332695e-01-j2.62116805334784708226e-01
  +5.13220620674945005035e-01-j2.82916145588641698705e-01
  +5.15768695559887024871e-01-j3.04246102982085375732e-01
  +5.17390606239600314709e-01-j3.26063327858374163437e-01
  +5.18041867812583434194e-01-j3.48319964866292797190e-01
  +5.17681038068546373054e-01-j3.70963818902504349762e-01
  +5.16270206762333594419e-01-j3.93938584880332676175e-01
  +5.13775465668410813436e-01-j4.17184141242723183218e-01
  +5.10167349941713088590e-01-j4.40636905612948270861e-01
  +5.05421241411477928374e-01-j4.64230249389861182596e-01
  +4.99517724832193810158e-01-j4.87894966501754456800e-01
  +4.92442888814863644065e-01-j5.11559789995312708122e-01
  +4.84188564153746281438e-01-j5.35151948717091707763e-01
  +4.74752493525348151504e-01-j5.58597755105693982713e-01
  +4.64138428030165028915e-01-j5.81823214109468134225e-01
  +4.52356147723690871221e-01-j6.04754642524619190347e-01
  +4.39421405081037053098e-01-j6.27319287647180923173e-01
  +4.25355792191623505172e-01-j6.49445934071077091154e-01
  +4.10186534315503559256e-01-j6.71065487748339628560e-01
  +3.93946214180572018559e-01-j6.92111527046187613443e-01
  +3.76672432993312156224e-01-j7.12520811462330039276e-01
  +3.58407415517270899752e-01-j7.32233739854197374086e-01
  +3.39197567695417701028e-01-j7.51194751447935571420e-01
  +3.19092996121683014632e-01-j7.69352664458699875283e-01
  +2.98146999184114469550e-01-j7.86660948810044002855e-01
  +2.76415539903472951000e-01-j8.03077931121624399857e-01
  +2.53956710387108486326e-01-j8.18566931777386819213e-01
  +2.30830197432068950913e-01-j8.33096335434250989671e-01
  +2.07096758177443496240e-01-j8.46639597734808901919e-01
  +1.82817713866118308763e-01-j8.59175192208350146927e-01
  +1.58054468777132389734e-01-j8.70686502355479507997e-01
  +1.32868060281312455606e-01-j8.81161664696727631174e-01
  +1.07318744803041432601e-01-j8.90593369120397992944e-01
  +8.14656232861132312273e-02-j8.98978623194795267715e-01
  +5.53663086023908138089e-02-j9.06318487228592206684e-01
  +2.90766362434793125546e-02-j9.12617786791306451200e-01
  +2.65041862594608042952e-03-j9.17884809168765802845e-01
  -2.38607575595968304794e-02-j9.22130989854717642018e-01
</dep>
<dep S[1,2] frequency>
  +2.70083615405499744000e-01-j5.15693852602349456227e-01
  +2.45254232262047400237e-01-j5.06054691009618640152e-01
  +2.22347212377421499241e-01-j4.95860723308369555351e-01
  +2.01220058586911360043e-01-j4.85275653033094056532e-01
  +1.81735234681200008566e-01-j4.74432795705789556173e-01
  +1.63762106055793943415e-01-j4.63440000461494472361e-01
  +1.47178053606096537198e-01-j4.52383909387669536084e-01
  +1.31868997817079142143e-01-j4.41333595650150900536e-01
  +1.17729512355279633540e-01-j4.30343640382610748141e-01
  +1.04662660604474169745e-01-j4.19456715311916750188e-01
  +9.25796529254026417943e-02-j4.08705737926329415455e-01
  +8.13993951903379392432e-02-j3.98115661827932953987e-01
  +7.10479786574139127175e-02-j3.87704958780491437675e-01
  +6.14581460321425229743e-02-j3.77486842129361732656e-01
  +5.25687573905685920361e-02-j3.67470274473848945718e-01
  +4.43242715277923290951e-02-j3.57660796121696433758e-01
  +3.66742524764799640580e-02-j3.48061205144570284808e-01
  +2.95729068203511892554e-02-j3.38672114848193706038e-01
  +2.29786545559506512337e-02-j3.29492410161845217242e-01
  +1.68537342942454808348e-02-j3.20519620790296111412e-01
  +1.11638422883621295234e-02-j3.11750225888993592882e-01
  +5.87780393906881838684e-03-j3.03179902446736704302e-01
  +9.67275927220609182608e-04-j2.94803727417982552872e-01
  -3.59352314727044578127e-03-j2.86616341872552138348e-01
  -7.82805585060504689754e-03-j2.78612083964844770012e-01
  -1.17576849578582796896e-02-j2.70785096317179119207e-01
  -1.54018706200537199708e-02-j2.63129412417526631351e-01
  -1.87783477122643906176e-02-j2.55639025814665132863e-01
  -2.19032852849461792677e-02-j2.48307945222028203514e-01
  -2.47914298945300440313e-02-j2.41130238089632631393e-01
  -2.74562344400980581915e-02-j2.34100064750103198374e-01
  -2.99099739865666056082e-02-j2.27211704872165215496e-01
  -3.21638499146835524223e-02-j2.20459577648784293968e-01
  -3.42280836066311267007e-02-j2.13838256895312189831e-01
  -3.61120007541024592990e-02-j2.07342482025755753261e-01
  -3.78241072638225220293e-02-j2.00967165704857508857e-01
  -3.93721576336402978580e-02-j1.94707398833162403928e-01
  -4.07632165800673115785e-02-j1.88558453406617670955e-01
  -4.20037146150330983896e-02-j1.82515783696786226820e-01
  -4.30994981950150249372e-02-j1.76575026119206918152e-01
  -4.40558749988472359016e-02-j1.70731998092480768969e-01
  -4.48776548308298661727e-02-j1.64982696137151385596e-01
  -4.55691865924952865807e-02-j1.59323293419301459384e-01
  -4.61343917189507013443e-02-j1.53750136907314122192e-01
  -4.65767944335106973131e-02-j1.48259744280221567037e-01
  -4.68995491367915628977e-02-j1.42848800701247946598e-01
  -4.71054652130864504045e-02-j1.37514155549777833398e-01
  -4.71970295072210027643e-02-j1.32252819188184211896e-01
  -4.71764266987664410147e-02-j1.27061959826126086304e-01
  -4.70455577771561606060e-02-j1.21938900533673802440e-01
  -4.68060568005109686740e-02-j1.16881116445348515187e-01
  -4.64593061026081499687e-02-j1.11886232189618739508e-01
  -4.60064500961305244964e-02-j1.06952019572378792533e-01
  -4.54484078058832938196e-02-j1.02076395537912992251e-01
  -4.47858842528674958028e-02-j9.72574204270132414152e-02
  -4.40193807987985727403e-02-j9.24932965487475639010e-02
  -4.31492045506403701371e-02-j8.77823670800009780990e-02
  -4.21754769159298700809e-02-j8.31231153050137200333e-02
  -4.10981413918650034800e-02-j7.85141642057502753271e-02
  -3.99169706643855634609e-02-j7.39542764129827445707e-02
  -3.86315730874652735194e-02-j6.94423545272303405218e-02
  -3.72413986077109251949e-02-j6.49774418183282354011e-02
  -3.57457441948975038204e-02-j6.05587233122177603928e-02
  -3.41437588352326293339e-02-j5.61855272734683511282e-02
  -3.24344481409793786164e-02-j5.18573270922353043999e-02
  -3.06166786273526954354e-02-j4.75737435845739950468e-02
  -2.86891817054878359161e-02-j4.33345477152942901156e-02
  -2.66505574385810448113e-02-j3.91396637529902377550e-02
  -2.44992781071135916349e-02-j3.49891728672371976616e-02
  -2.22336916282353976027e-02-j3.08833171783626445062e-02
  -1.98520248740469973381e-02-j2.68225042706534133607e-02
  -1.73523869334972873080e-02-j2.28073121801859110547e-02
  -1.47327723630507716190e-02-j1.88384948688629684510e-02
  -1.19910644720209146052e-02-j1.49169881964307301375e-02
  -9.12503868964965533794e-03-j1.10439164024898912181e-02
  -6.13236606250931910733e-03-j7.22059911050988885439e-03
  -3.01061693268804509913e-03-j3.44855886575526782850e-03
  +2.42735150487088772748e-04+j2.70470781179489073737e-04
  +3.63030922988288136041e-03+j3.93453663411156336766e-03
  +7.15481239277418207961e-03+j7.54145664381214962668e-03
  +1.08190348141556560296e-02+j1.10888101239522886970e-02
  +1.46258443257062716730e-02+j1.45739273823546067188e-02
  +1.85781804408341189028e-02+j1.79938787612118449022e-02
  +2.26790477617878453998e-02+j2.13454630820785959400e-02
  +2.69315086898910538427e-02+j2.46251954940618668355e-02
  +3.13386753548395707858e-02+j2.78292947269450675896e-02
  +3.59037006732884564353e-02+j3.09536697547046109336e-02
  +4.06297684412335533000e-02+j3.39939058795900167498e-02
  +4.55200823582744343310e-02+j3.69452502521958603410e-02
  +5.05778538755060208532e-02+j3.98025968493287071737e-02
  +5.58062887520125242014e-02+j4.25604709387495533379e-02
  +6.12085721979714822427e-02+j4.52130130682630304584e-02
  +6.67878524754257213436e-02+j4.77539626263384642257e-02
  +7.25472228207506841802e-02+j5.01766410325234640810e-02
  +7.84897015457901164881e-02+j5.24739346283839974694e-02
  +8.46182101680302001245e-02+j5.46382773540645544363e-02
  +9.09355494136934450200e-02+j5.66616333114899409229e-02
  +9.74443729319174195558e-02+j5.85354793332934289496e-02
  +1.04147158553124702385e-01+j6.02507876966452901590e-02
  +1.11046176920710337743e-01+j6.17980091435120851284e-02
  +1.18143457322565509360e-01+j6.31670563936554269047e-02
  +1.25440750548043183921e-01+j6.43472883639636672459e-02
  +1.32939488597122845714e-01+j6.53274953376297012886e-02
  +1.40640741072304870096e-01+j6.60958853592796130583e-02
  +1.48545168090625012702e-01+j6.66400721675720064674e-02
  +1.56652969563642663342e-01+j6.69470650148295542969e-02
  +1.64963830708147851656e-01+j6.70032607640523303338e-02
  +1.73476863670182362975e-01+j6.67944386968787606751e-02
  +1.82190545170641510220e-01+j6.63057585115384429120e-02
  +1.91102650113118693875e-01+j6.55217620372390702199e-02
  +2.00210181134531650660e-01+j6.44263792400750628930e-02
  +2.09509294127416201281e-01+j6.30029391449563325178e-02
  +2.18995219820652481379e-01+j6.12341863472636652177e-02
  +2.28662181573550588043e-01+j5.91023038357822508293e-02
  +2.38503309617748265881e-01+j5.65889428938003702374e-02
  +2.48510552073121809835e-01+j5.36752608863220875834e-02
  +2.58674583168483296358e-01+j5.03419677762317677172e-02
  +2.68984709216027961798e-01+j4.65693822389445510890e-02
  +2.79428773020375165181e-01+j4.23374982607443786642e-02
  +2.89993057548879440422e-01+j3.76260631080446786290e-02
  +3.00662189849099314998e-01+j3.24146675398347197672e-02
  +3.11419046370986996042e-01+j2.66828491002766600426e-02
  +3.22244661034165991165e-01+j2.04102092688727629333e-02
  +3.33118137572040506900e-01+j1.35765451581928413977e-02
  +3.44016567881586576849e-01+j6.16199632958767864327e-03
  +3.54914958306220551520e-01-j1.85279285792379236168e-03
  +3.65786165974214705354e-01-j1.04864951453169791273e-02
  +3.76600847500389690481e-01-j1.97569065349009233279e-02
  +3.87327422526730635877e-01-j2.96807370149846788676e-02
  +3.97932054719959349409e-01-j4.02733864765747046066e-02
  +4.08378652950878828776e-01-j5.15487068263490860742e-02
  +4.18628895441283788159e-01-j6.35187517206224905308e-02
  +4.28642279667868386639e-01-j7.61935158067233442303e-02
  +4.38376200747458755203e-01-j8.95806658550698103882e-02
  +4.47786060882362779711e-01-j1.03685266688382904388e-01
  +4.56825412207841341505e-01-j1.18509505352256475086e-01
  +4.65446135046301390226e-01-j1.34052417508984722527e-01
  +4.73598653127018709430e-01-j1.50309620555975492762e-01
  +4.81232186772021064414e-01-j1.67273058450921524587e-01
  +4.88295044377157982929e-01-j1.84930763644614748475e-01
  +4.94734951736617356577e-01-j2.03266641854149526791e-01
  +5.00499417878598085174e-01-j2.22260285628192666429e-01
  +5.05536135115012830177e-01-j2.41886822736597367767e-01
  +5.09793409980557332695e-01-j2.62116805334784708226e-01
  +5.13220620674945227080e-01-j2.82916145588641254616e-01
  +5.15768695559885914648e-01-j3.04246102982085153688e-01
  +5.17390606239599648575e-01-j3.26063327858373608326e-01
  +5.18041867812583323172e-01-j3.48319964866292963723e-01
  +5.17681038068546373054e-01-j3.70963818902504904873e-01
  +5.16270206762334482598e-01-j3.93938584880331899019e-01
  +5.13775465668410813436e-01-j4.17184141242723405263e-01
  +5.10167349941713310635e-01-j4.40636905612948270861e-01
  +5.05421241411476596106e-01-j4.64230249389862348330e-01
  +4.99517724832193532603e-01-j4.87894966501754734356e-01
  +4.92442888814865364910e-01-j5.11559789995312597100e-01
  +4.84188564153746392460e-01-j5.35151948717091041630e-01
  +4.74752493525347318837e-01-j5.58597755105694093736e-01
  +4.64138428030164418292e-01-j5.81823214109468245248e-01
  +4.52356147723691148776e-01-j6.04754642524618080124e-01
  +4.39421405081038274343e-01-j6.27319287647179701928e-01
  +4.25355792191623116594e-01-j6.49445934071077202177e-01
  +4.10186534315505280102e-01-j6.71065487748339628560e-01
  +3.93946214180572629182e-01-j6.92111527046187169354e-01
  +3.76672432993312267246e-01-j7.12520811462329706210e-01
  +3.58407415517270178107e-01-j7.32233739854197596131e-01
  +3.39197567695417590006e-01-j7.51194751447935571420e-01
  +3.19092996121683292188e-01-j7.69352664458700097327e-01
  +2.98146999184114469550e-01-j7.86660948810044335922e-01
  +2.76415539903472784466e-01-j8.03077931121624510880e-01
  +2.53956710387110151661e-01-j8.18566931777385375923e-01
  +2.30830197432068340291e-01-j8.33096335434251211716e-01
  +2.07096758177444384419e-01-j8.46639597734808235785e-01
  +1.82817713866118169985e-01-j8.59175192208349702838e-01
  +1.58054468777133527713e-01-j8.70686502355480285154e-01
  +1.32868060281312289073e-01-j8.81161664696726298907e-01
  +1.07318744803040655444e-01-j8.90593369120398214989e-01
  +8.14656232861129120382e-02-j8.98978623194796266915e-01
  +5.53663086023897521581e-02-j9.06318487228592095661e-01
  +2.90766362434799544023e-02-j9.12617786791307006311e-01
  +2.65041862594684153945e-03-j9.17884809168765580800e-01
  -2.38607575595973404881e-02-j9.22130989854718419174e-01
</dep>
<dep S[1,1] frequency>
  -7.19800825288562928783e-01-j3.76773830394598108207e-01
  -7.43616308615893895073e-01-j3.60188715850494944881e-01
  -7.65459668830684170082e-01-j3.43048829191799353744e-01
  -7.85473233148059390984e-01-j3.25517892137848152689e-01
  -8.03794361639595944524e-01-j3.07729241040687606645e-01
  -8.20553506395242493454e-01-j2.89790748600697034565e-01
  -8.35873097468692427547e-01-j2.71789083301156919603e-01
  -8.49867018650962813275e-01-j2.53793347634066412954e-01
  -8.62640493759692539300e-01-j2.35858155093784410683e-01
  -8.74290249999141733106e-01-j2.18026212910715833093e-01
  -8.84904860607700793906e-01-j2.00330477331723377787e-01
  -8.94565196239886617491e-01-j1.82795944088567863250e-01
  -9.03344935016191730170e-01-j1.65441130565435856603e-01
  -9.11311096391952735196e-01-j1.48279299342147674601e-01
  -9.18524575169720747247e-01-j1.31319465993352119115e-01
  -9.25040660090505006963e-01-j1.14567227673411292654e-01
  -9.30909527258562796703e-01-j9.80254433057906743310e-02
  -9.36176702774199953616e-01-j8.16947911906599766318e-02
  -9.40883491820795558880e-01-j6.55742255354191394545e-02
  -9.45067373414153255595e-01-j4.96613497512493687336e-02
  -9.48762361327554648582e-01-j3.39527212765573377373e-02
  -9.51999332540697684735e-01-j1.84441001116162489604e-02
  -9.54806325063096816841e-01-j3.13065110658043710412e-03
  -9.57208807252233451202e-01+j1.19928917292862896593e-02
  -9.59229920857022855252e-01+j2.69320920949728953575e-02
  -9.60890700019967791690e-01+j4.16927038469911553920e-02
  -9.62210268404644297746e-01+j5.62805844301982466371e-02
  -9.63206016505220086188e-01+j7.07016255070729987553e-02
  -9.63893761060177656219e-01+j8.49616976740458357265e-02
  -9.64287888346280208651e-01+j9.90666067054397914138e-02
  -9.64401482979612811874e-01+j1.13022059218886486431e-01
  -9.64246443704151356968e-01+j1.26833636028742757773e-01
  -9.63833587508205247296e-01+j1.40506771760226495394e-01
  -9.63172743277581289156e-01+j1.54046739548816785659e-01
  -9.62272836072392112605e-01+j1.67458639856647495403e-01
  -9.61141963002554500228e-01+j1.80747392608162249505e-01
  -9.59787461575184353002e-01+j1.93917731987655439507e-01
  -9.58215971294851920348e-01+j2.06974203357108060830e-01
  -9.56433489214565946135e-01+j2.19921161848054380616e-01
  -9.54445420060751614777e-01+j2.32762772259876737913e-01
  -9.52256621488641208373e-01+j2.45503009961765272795e-01
  -9.49871444964816902257e-01+j2.58145662549201126978e-01
  -9.47293772720406823673e-01+j2.70694332049869590406e-01
  -9.44527051170972464789e-01+j2.83152437510441390422e-01
  -9.41574321156972704472e-01+j2.95523217825660489133e-01
  -9.38438245321105535268e-01+j3.07809734695995207421e-01
  -9.35121132905537111313e-01+j3.20014875620479422036e-01
  -9.31624962222376118426e-01+j3.32141356848184576833e-01
  -9.27951401024450506227e-01+j3.44191726225548499940e-01
  -9.24101824980133490506e-01+j3.56168365888092863791e-01
  -9.20077334435222438103e-01+j3.68073494754265539974e-01
  -9.15878769626503497214e-01+j3.79909170786750793880e-01
  -9.11506724495385611817e-01+j3.91677292992562764429e-01
  -9.06961559235484493513e-01+j4.03379603138275533158e-01
  -9.02243411695318409116e-01+j4.15017687160588788498e-01
  -8.97352207745944707717e-01+j4.26592976255564804156e-01
  -8.92287670713360570041e-01+j4.38106747632299509121e-01
  -8.87049329966730137897e-01+j4.49560124918629067103e-01
  -8.81636528745690761788e-01+j4.60954078207925110888e-01
  -8.76048431303273700266e-01+j4.72289423736918734242e-01
  -8.70284029434945316517e-01+j4.83566823185314076383e-01
  -8.64342148459221526480e-01+j4.94786782588226170532e-01
  -8.58221452710795973395e-01+j5.05949650852769439169e-01
  -8.51920450603341095075e-01+j5.17055617870106787315e-01
  -8.45437499315960572233e-01+j5.28104712214144123017e-01
  -8.38770809154608776304e-01+j5.39096798417828537708e-01
  -8.31918447637657654248e-01+j5.50031573817711949559e-01
  -8.24878343353119047876e-01+j5.60908564957065869372e-01
  -8.17648289633875702265e-01+j5.71727123537394632535e-01
  -8.10225948096425008238e-01+j5.82486421907868034964e-01
  -8.02608852088347424214e-01+j5.93185448081678501353e-01
  -7.94794410089683323051e-01+j6.03823000268060683382e-01
  -7.86779909113882514049e-01+j6.14397680908271737188e-01
  -7.78562518154723770536e-01+j6.24907890203706406496e-01
  -7.70139291726834929186e-01+j6.35351819124029271180e-01
  -7.61507173548918170347e-01+j6.45727441883272135215e-01
  -7.52663000420755068376e-01+j6.56032507871921022335e-01
  -7.43603506347293552459e-01+j6.66264533033258166128e-01
  -7.34325326965774793919e-01+j6.76420790672804139732e-01
  -7.24825004334898936875e-01+j6.86498301690380730022e-01
  -7.15098992148366252586e-01+j6.96493824225377311521e-01
  -7.05143661438933255781e-01+j7.06403842707155948943e-01
  -6.94955306843250353310e-01+j7.16224556304253412442e-01
  -6.84530153502229454787e-01+j7.25951866768266174113e-01
  -6.73864364676635796414e-01+j7.35581365670885611863e-01
  -6.62954050162737562601e-01+j7.45108321035915621700e-01
  -6.51795275598590406751e-01+j7.54527663371831636141e-01
  -6.40384072757278155485e-01+j7.63833971115198906432e-01
  -6.28716450929874381970e-01+j7.73021455500513376968e-01
  -6.16788409507247892272e-01+j7.82083944878467995920e-01
  -6.04595951876655934853e-01+j7.91014868511937585538e-01
  -5.92135100756029930658e-01+j7.99807239887386556276e-01
  -5.79401915095854591620e-01+j8.08453639589170158786e-01
  -5.66392508685609530339e-01+j8.16946197795290540711e-01
  -5.53103070608782609874e-01+j8.25276576465704292396e-01
  -5.39529887697136611990e-01+j8.33435951308646894020e-01
  -5.25669369141399611678e-01+j8.41414993626421803263e-01
  -5.11518073421304619863e-01+j8.49203852160227645740e-01
  -4.97072737722978053032e-01+j8.56792135073698668535e-01
  -4.82330310015683660918e-01+j8.64168892237260899414e-01
  -4.67287983962575981245e-01+j8.71322598000228043524e-01
  -4.51943236841028217476e-01+j8.78241134664913936092e-01
  -4.36293870646996373441e-01+j8.84911776906988301050e-01
  -4.20338056554104610996e-01+j8.91321177418994303743e-01
  -4.04074382891334127343e-01+j8.97455354089365942016e-01
  -3.87501906792705907989e-01+j9.03299679067483096695e-01
  -3.70620209657527899250e-01+j9.08838870106040030983e-01
  -3.53429456539897990375e-01+j9.14056984615417400519e-01
  -3.35930459560532135299e-01+j9.18937416910209581289e-01
  -3.18124745401573538750e-01+j9.23462899175586660050e-01
  -3.00014626905218517727e-01+j9.27615506729885130888e-01
  -2.81603278748591812075e-01+j9.31376668209320079939e-01
  -2.62894817109493861285e-01+j9.34727181350027747087e-01
  -2.43894383169445450044e-01+j9.37647235090552366721e-01
  -2.24608230220942506339e-01+j9.40116438763377804122e-01
  -2.05043814054071432684e-01+j9.42113859185226387716e-01
  -1.85209886193074713123e-01+j9.43618066490871099106e-01
  -1.65116589435229832450e-01+j9.44607189581998740735e-01
  -1.44775555012521317533e-01+j9.45058982078474274502e-01
  -1.24200000550738473559e-01+j9.44950899661465393287e-01
  -1.03404827841360957841e-01+j9.44260189683100992220e-01
  -8.24067192699351469543e-02+j9.42963993882094841936e-01
  -6.12242315617463894739e-02+j9.41039464985431006738e-01
  -3.98778853142183753455e-02+j9.38463897888859532870e-01
  -1.83902485882675714723e-02+j9.35214875989537341994e-01
  +3.21398736772826598695e-03+j9.31270433089089744172e-01
  +2.49079423828611201674e-02+j9.26609231090567586619e-01
  +4.66624939243552305790e-02+j9.21210753475535604196e-01
  +6.84462384288196112880e-02+j9.15055514265163627563e-01
  +9.02254700213933613639e-02+j9.08125281840297282621e-01
  +1.11964179347043363277e-01+j9.00403316620103311152e-01
  +1.33624075299287936591e-01+j8.91874621178562088097e-01
  +1.55164632435468324845e-01+j8.82526200916568748234e-01
  +1.76543166802664935888e-01+j8.72347332910673345374e-01
  +1.97714942753039080170e-01+j8.61329840036528793235e-01
  +2.18633313090680514446e-01+j8.49468366927481843831e-01
  +2.39249894554918546286e-01+j8.36760653791251196587e-01
  +2.59514780199374461844e-01+j8.23207803588334230405e-01
  +2.79376789668133063138e-01+j8.08814537595158755678e-01
  +2.98783757698984575590e-01+j7.93589433956379597390e-01
  +3.17682860403220135304e-01+j7.77545143499090762873e-01
  +3.36020977991144387254e-01+j7.60698576862851472136e-01
  +3.53745091647907961008e-01+j7.43071056919054617751e-01
  +3.70802711237072590844e-01+j7.24688430535125882592e-01
  +3.87142329448043720497e-01+j7.05581134003815391154e-01
  +4.02713896941664040163e-01+j6.85784206921628891607e-01
  +4.17469312025813776845e-01+j6.65337249971559963058e-01
  +4.31362917452185967715e-01+j6.44284322945386511705e-01
  +4.44351996111969127501e-01+j6.22673780420672451363e-01
  +4.56397256766516878912e-01+j6.00558043768744553859e-01
  +4.67463300521275770816e-01+j5.77993309582434111604e-01
  +4.77519058573915911037e-01+j5.55039196136655865743e-01
  +4.86538191868902403225e-01+j5.31758331081576662847e-01
  +4.94499443688793893781e-01+j5.08215885160947178356e-01
  +5.01386936912056713211e-01+j4.84479058285601060785e-01
  +5.07190408659787372869e-01+j4.60616525711217195127e-01
  +5.11905376315828108957e-01+j4.36697853308501027225e-01
  +5.15533230399036646041e-01+j4.12792891917218685016e-01
  +5.18081251443174295446e-01+j3.88971161495262451879e-01
  +5.19562549838181508832e-01+j3.65301236175131882611e-01
  +5.19995929439431070485e-01+j3.41850141401266349739e-01
  +5.19405677587236658255e-01+j3.18682774037426896907e-01
  +5.17821285927168695196e-01+j2.95861355714432283648e-01
  +5.15277108015891660564e-01+j2.73444928761504502113e-01
  +5.11811961079253419094e-01+j2.51488902869656305583e-01
  +5.07468680412108685829e-01+j2.30044659224975744927e-01
  +5.02293635739028410114e-01+j2.09159217283429788026e-01
  +4.96336219372894293933e-01+j1.88874967701891882665e-01
  +4.89648316210322231967e-01+j1.69229473258102502964e-01
  +4.82283765499526395626e-01+j1.50255337948510730994e-01
  +4.74297823930901973899e-01+j1.31980142904407737880e-01
  +4.65746638967266424203e-01+j1.14426446362359601761e-01
  +4.56686740491291875976e-01+j9.76118437032333363668e-02
  +4.47174557849346732130e-01+j8.15490825622418868956e-02
  +4.37265968262715021275e-01+j6.62462272262193674344e-02
  +4.27015881407919739576e-01+j5.17068659783543327357e-02
  +4.16477863783198676284e-01+j3.79303547196425672183e-02
  +4.05703805319329258161e-01+j2.49120900763313557480e-02
  +3.94743629594674905192e-01+j1.26438052732736061490e-02
  +3.83645048004820299337e-01+j1.11388228869355176975e-03
  +3.72453357337034218766e-01-j9.69232582169271550399e-03
</dep>
