<Qucs Dataset 1.0.7>
<indep frequency 181>
  +1.00000000000000000000e+09
  +1.05000000000000000000e+09
  +1.10000000000000000000e+09
  +1.15000000000000000000e+09
  +1.20000000000000000000e+09
  +1.25000000000000000000e+09
  +1.30000000000000000000e+09
  +1.35000000000000000000e+09
  +1.40000000000000000000e+09
  +1.45000000000000000000e+09
  +1.50000000000000000000e+09
  +1.55000000000000000000e+09
  +1.60000000000000000000e+09
  +1.65000000000000000000e+09
  +1.70000000000000000000e+09
  +1.75000000000000000000e+09
  +1.80000000000000000000e+09
  +1.85000000000000000000e+09
  +1.90000000000000000000e+09
  +1.95000000000000000000e+09
  +2.00000000000000000000e+09
  +2.05000000000000000000e+09
  +2.10000000000000000000e+09
  +2.15000000000000000000e+09
  +2.20000000000000000000e+09
  +2.25000000000000000000e+09
  +2.30000000000000000000e+09
  +2.35000000000000000000e+09
  +2.40000000000000000000e+09
  +2.45000000000000000000e+09
  +2.50000000000000000000e+09
  +2.55000000000000000000e+09
  +2.60000000000000000000e+09
  +2.65000000000000000000e+09
  +2.70000000000000000000e+09
  +2.75000000000000000000e+09
  +2.80000000000000000000e+09
  +2.85000000000000000000e+09
  +2.90000000000000000000e+09
  +2.95000000000000000000e+09
  +3.00000000000000000000e+09
  +3.05000000000000000000e+09
  +3.10000000000000000000e+09
  +3.15000000000000000000e+09
  +3.20000000000000000000e+09
  +3.25000000000000000000e+09
  +3.30000000000000000000e+09
  +3.35000000000000000000e+09
  +3.40000000000000000000e+09
  +3.45000000000000000000e+09
  +3.50000000000000000000e+09
  +3.55000000000000000000e+09
  +3.60000000000000000000e+09
  +3.65000000000000000000e+09
  +3.70000000000000000000e+09
  +3.75000000000000000000e+09
  +3.80000000000000000000e+09
  +3.85000000000000000000e+09
  +3.90000000000000000000e+09
  +3.95000000000000000000e+09
  +4.00000000000000000000e+09
  +4.05000000000000000000e+09
  +4.10000000000000000000e+09
  +4.15000000000000000000e+09
  +4.20000000000000000000e+09
  +4.25000000000000000000e+09
  +4.30000000000000000000e+09
  +4.35000000000000000000e+09
  +4.40000000000000000000e+09
  +4.45000000000000000000e+09
  +4.50000000000000000000e+09
  +4.55000000000000000000e+09
  +4.60000000000000000000e+09
  +4.65000000000000000000e+09
  +4.70000000000000000000e+09
  +4.75000000000000000000e+09
  +4.80000000000000000000e+09
  +4.85000000000000000000e+09
  +4.90000000000000000000e+09
  +4.95000000000000000000e+09
  +5.00000000000000000000e+09
  +5.05000000000000000000e+09
  +5.10000000000000000000e+09
  +5.15000000000000000000e+09
  +5.20000000000000000000e+09
  +5.25000000000000000000e+09
  +5.30000000000000000000e+09
  +5.35000000000000000000e+09
  +5.40000000000000000000e+09
  +5.45000000000000000000e+09
  +5.50000000000000000000e+09
  +5.55000000000000000000e+09
  +5.60000000000000000000e+09
  +5.65000000000000000000e+09
  +5.70000000000000000000e+09
  +5.75000000000000000000e+09
  +5.80000000000000000000e+09
  +5.85000000000000000000e+09
  +5.90000000000000000000e+09
  +5.95000000000000000000e+09
  +6.00000000000000000000e+09
  +6.05000000000000000000e+09
  +6.10000000000000000000e+09
  +6.15000000000000000000e+09
  +6.20000000000000000000e+09
  +6.25000000000000000000e+09
  +6.30000000000000000000e+09
  +6.35000000000000000000e+09
  +6.40000000000000000000e+09
  +6.45000000000000000000e+09
  +6.50000000000000000000e+09
  +6.55000000000000000000e+09
  +6.60000000000000000000e+09
  +6.65000000000000000000e+09
  +6.70000000000000000000e+09
  +6.75000000000000000000e+09
  +6.80000000000000000000e+09
  +6.85000000000000000000e+09
  +6.90000000000000000000e+09
  +6.95000000000000000000e+09
  +7.00000000000000000000e+09
  +7.05000000000000000000e+09
  +7.10000000000000000000e+09
  +7.15000000000000000000e+09
  +7.20000000000000000000e+09
  +7.25000000000000000000e+09
  +7.30000000000000000000e+09
  +7.35000000000000000000e+09
  +7.40000000000000000000e+09
  +7.45000000000000000000e+09
  +7.50000000000000000000e+09
  +7.55000000000000000000e+09
  +7.60000000000000000000e+09
  +7.65000000000000000000e+09
  +7.70000000000000000000e+09
  +7.75000000000000000000e+09
  +7.80000000000000000000e+09
  +7.85000000000000000000e+09
  +7.90000000000000000000e+09
  +7.95000000000000000000e+09
  +8.00000000000000000000e+09
  +8.05000000000000000000e+09
  +8.10000000000000000000e+09
  +8.15000000000000000000e+09
  +8.20000000000000000000e+09
  +8.25000000000000000000e+09
  +8.30000000000000000000e+09
  +8.35000000000000000000e+09
  +8.40000000000000000000e+09
  +8.45000000000000000000e+09
  +8.50000000000000000000e+09
  +8.55000000000000000000e+09
  +8.60000000000000000000e+09
  +8.65000000000000000000e+09
  +8.70000000000000000000e+09
  +8.75000000000000000000e+09
  +8.80000000000000000000e+09
  +8.85000000000000000000e+09
  +8.90000000000000000000e+09
  +8.95000000000000000000e+09
  +9.00000000000000000000e+09
  +9.05000000000000000000e+09
  +9.10000000000000000000e+09
  +9.15000000000000000000e+09
  +9.20000000000000000000e+09
  +9.25000000000000000000e+09
  +9.30000000000000000000e+09
  +9.35000000000000000000e+09
  +9.40000000000000000000e+09
  +9.45000000000000000000e+09
  +9.50000000000000000000e+09
  +9.55000000000000000000e+09
  +9.60000000000000000000e+09
  +9.65000000000000000000e+09
  +9.70000000000000000000e+09
  +9.75000000000000000000e+09
  +9.80000000000000000000e+09
  +9.85000000000000000000e+09
  +9.90000000000000000000e+09
  +9.95000000000000000000e+09
  +1.00000000000000000000e+10
</indep>
<dep S21_phase frequency>
  -4.97550735064416898012e+01
  -5.23952945850928415439e+01
  -5.50586598518029575189e+01
  -5.77462218141441567809e+01
  -6.04589414934129152357e+01
  -6.31976645491029813684e+01
  -6.59630951813972359332e+01
  -6.87557680675388951386e+01
  -7.15760187222119981243e+01
  -7.44239528246662018773e+01
  -7.72994152241154637295e+01
  -8.02019595099882991462e+01
  -8.31308192063753921275e+01
  -8.60848818050296102911e+01
  -8.90626669719141119685e+01
  -9.20623103295095432941e+01
  -9.50815542107892355261e+01
  -9.81177466842809593572e+01
  -1.01167849949839919077e+02
  -1.04228458897224342650e+02
  -1.07295830210273834382e+02
  -1.10365921906824695498e+02
  -1.13434442658898987588e+02
  -1.16496909680532596099e+02
  -1.19548713449967280553e+02
  -1.22585187097350555518e+02
  -1.25601677982741705364e+02
  -1.28593618843302834875e+02
  -1.31556595919461813082e+02
  -1.34486411673248738907e+02
  -1.37379140067219594812e+02
  -1.40231172842021436509e+02
  -1.43039255768943974090e+02
  -1.45800514411283103300e+02
  -1.48512469458836562808e+02
  -1.51173042165482115706e+02
  -1.53780550794184563301e+02
  -1.56333699242885245440e+02
  -1.58831559186677509388e+02
  -1.61273547134157382743e+02
  -1.63659397773366009687e+02
  -1.65989134893964973116e+02
  -1.68263041036706425757e+02
  -1.70481626857541414211e+02
  -1.72645601018138734162e+02
  -1.74755841240001075221e+02
  -1.76813366995411882954e+02
  -1.78819314161361091919e+02
  +1.79225088164147933867e+02
  +1.77318538589175659581e+02
  +1.75459682088102738362e+02
  +1.73647126449316573371e+02
  +1.71879456611676687317e+02
  +1.70155247023390842287e+02
  +1.68473072177013648343e+02
  +1.66831515484545150230e+02
  +1.65229176659368874880e+02
  +1.63664677768868074281e+02
  +1.62136668114696533394e+02
  +1.60643828088093698625e+02
  +1.59184872136474780291e+02
  +1.57758550965479287242e+02
  +1.56363653088471551200e+02
  +1.54999005823465267895e+02
  +1.53663475825972653865e+02
  +1.52355969235536747419e+02
  +1.51075431503772250608e+02
  +1.49820846962725909179e+02
  +1.48591238184221936081e+02
  +1.47385665173613460865e+02
  +1.46203224434919320629e+02
  +1.45043047938690193632e+02
  +1.43904302018990193801e+02
  +1.42786186221595414736e+02
  +1.41687932121788378481e+02
  +1.40608802126937007415e+02
  +1.39548088276283664300e+02
  +1.38505111048053578315e+02
  +1.37479218181972981938e+02
  +1.36469783523626432498e+02
  +1.35476205895634421950e+02
  +1.34497907999461176587e+02
  +1.33534335350647040741e+02
  +1.32584955249437939528e+02
  +1.31649255788096212427e+02
  +1.30726744895608135266e+02
  +1.29816949420048501906e+02
  +1.28919414248485907137e+02
  +1.28033701464012665383e+02
  +1.27159389539249744416e+02
  +1.26296072565490646866e+02
  +1.25443359516506490081e+02
  +1.24600873545935925790e+02
  +1.23768251317100876463e+02
  +1.22945142364046304806e+02
  +1.22131208482572503726e+02
  +1.21326123150013089003e+02
  +1.20529570972513809579e+02
  +1.19741247158583419719e+02
  +1.18960857017700448068e+02
  +1.18188115482793747901e+02
  +1.17422746655439325991e+02
  +1.16664483372660825466e+02
  +1.15913066794247555436e+02
  +1.15168246009553172371e+02
  +1.14429777662777382830e+02
  +1.13697425595767640516e+02
  +1.12970960507429850850e+02
  +1.12250159628868388495e+02
  +1.11534806413422387550e+02
  +1.10824690240802851804e+02
  +1.10119606134568215339e+02
  +1.09419354492225863851e+02
  +1.08723740827264307995e+02
  +1.08032575522475013940e+02
  +1.07345673593939054058e+02
  +1.06662854465093815293e+02
  +1.05983941750325101339e+02
  +1.05308763047554464265e+02
  +1.04637149739318061847e+02
  +1.03968936801869901387e+02
  +1.03303962621849947823e+02
  +1.02642068820091353132e+02
  +1.01983100082166046718e+02
  +1.01326903995276666137e+02
  +1.00673330891130333953e+02
  +1.00022233694451927022e+02
  +9.93734677768008367593e+01
  +9.87268908153769615410e+01
  +9.80823626565242392417e+01
  +9.74397451836403831749e+01
  +9.67989021892279737358e+01
  +9.61596992508230670182e+01
  +9.55220036105645959879e+01
  +9.48856840581601801432e+01
  +9.42506108170329071072e+01
  +9.36166554334295284434e+01
  +9.29836906682906629840e+01
  +9.23515903916829756781e+01
  +9.17202294796019685919e+01
  +9.10894837129825560851e+01
  +9.04592296787169800609e+01
  +8.98293446725412678688e+01
  +8.91997066036109629295e+01
  +8.85701939006166583113e+01
  +8.79406854193005926845e+01
  +8.73110603512108554014e+01
  +8.66811981335732895104e+01
  +8.60509783601302871148e+01
  +8.54202806928294791078e+01
  +8.47889847742201254732e+01
  +8.41569701404487773289e+01
  +8.35241161347198044496e+01
  +8.28903018211151021433e+01
  +8.22554058986409302179e+01
  +8.16193066154239801335e+01
  +8.09818816828869643132e+01
  +8.03430081898722647793e+01
  +7.97025625165373270420e+01
  +7.90604202479589446284e+01
  +7.84164560873383180706e+01
  +7.77705437686907004036e+01
  +7.71225559689488591175e+01
  +7.64723642193291226477e+01
  +7.58198388159587750579e+01
  +7.51648487295352794035e+01
  +7.45072615141075118572e+01
  +7.38469432146065400957e+01
  -1.06816241726535892553e+02
  -1.07482430564331579603e+02
  -1.08151762347196608971e+02
  -1.08824378014639719936e+02
  -1.09500420496254733393e+02
  -1.10180034812393586208e+02
  -1.10863368176500856066e+02
  -1.11550570099172176697e+02
  -1.12241792494066046970e+02
  -1.12937189785678356202e+02
  -1.13636919019080693261e+02
  -1.14341139971693053212e+02
  -1.15050015267107639261e+02
</dep>
<dep S11_phase frequency>
  -1.39050808244736316510e+02
  -1.41772681819817393034e+02
  -1.44511001061581197291e+02
  -1.47267367224860095121e+02
  -1.50043248089707901727e+02
  -1.52839956878988232347e+02
  -1.55658628608764246337e+02
  -1.58500194301098986216e+02
  -1.61365353534061256369e+02
  -1.64254545905164320629e+02
  -1.67167922125596987826e+02
  -1.70105315624173243805e+02
  -1.73066215707739985419e+02
  -1.76049743479217283948e+02
  -1.79054631837247058002e+02
  +1.77920789048670457078e+02
  +1.74878599396715401326e+02
  +1.71821289307834291549e+02
  +1.68751748997527784013e+02
  +1.65673248970150353898e+02
  +1.62589409749216855516e+02
  +1.59504161268940720220e+02
  +1.56421692577011214098e+02
  +1.53346393055458975141e+02
  +1.50282786886867967269e+02
  +1.47235462928801439375e+02
  +1.44209002465772812229e+02
  +1.41207907454238380751e+02
  +1.38236531845460007162e+02
  +1.35299018367985638633e+02
  +1.32399242796652202969e+02
  +1.29540767265686923793e+02
  +1.26726803645561602707e+02
  +1.23960187446099070030e+02
  +1.21243362178161603993e+02
  +1.18578373640904203512e+02
  +1.15966873227484242648e+02
  +1.13410129073253983734e+02
  +1.10909043708755874036e+02
  +1.08464176817587045321e+02
  +1.06075771721846933815e+02
  +1.03743784306868803924e+02
  +1.01467913232656115952e+02
  +9.92476304433385507764e+01
  +9.70822111616294023406e+01
  +9.49707627300247025914e+01
  +9.29122518245030164508e+01
  +9.09055297136939657321e+01
  +8.89493553633082285614e+01
  +8.70424162908769289970e+01
  +8.51833471599387479500e+01
  +8.33707461673474341524e+01
  +8.16031893245096142664e+01
  +7.98792427657228500948e+01
  +7.81974732368829137386e+01
  +7.65564569281605002971e+01
  +7.49547868170280366940e+01
  +7.33910786851693615063e+01
  +7.18639759659523065238e+01
  +7.03721535696050040087e+01
  +6.89143208220845764345e+01
  +6.74892236416174426950e+01
  +6.60956460647066137426e+01
  +6.47324112214079860905e+01
  +6.33983818482175607301e+01
  +6.20924604161835631544e+01
  +6.08135889419404520595e+01
  +5.95607485403561511816e+01
  +5.83329587693523237135e+01
  +5.71292768102171848454e+01
  +5.59487965203065158448e+01
  +5.47906473893887664417e+01
  +5.36539934259525708171e+01
  +5.25380319955060883785e+01
  +5.14419926291893929715e+01
  +5.03651358178248500508e+01
  +4.93067518037908030237e+01
  +4.82661593807682294255e+01
  +4.72427047094184331399e+01
  +4.62357601553706629716e+01
  +4.52447231544770431810e+01
  +4.42690151090991790284e+01
  +4.33080803181990177109e+01
  +4.23613849431745279617e+01
  +4.14284160106975605231e+01
  +4.05086804532504487497e+01
  +3.96017041875937252371e+01
  +3.87070312310336035466e+01
  +3.78242228550504151485e+01
  +3.69528567756256975940e+01
  +3.60925263794118720284e+01
  +3.52428399847561166780e+01
  +3.44034201364843568172e+01
  +3.35739029332779566062e+01
  +3.27539373864286034177e+01
  +3.19431848087270893188e+01
  +3.11413182322320984952e+01
  +3.03480218536650951933e+01
  +2.95629905061911557596e+01
  +2.87859291563651922274e+01
  +2.80165524250511026594e+01
  +2.72545841311535070872e+01
  +2.64997568570380259700e+01
  +2.57518115345530809179e+01
  +2.50104970506088193360e+01
  +2.42755698713079937079e+01
  +2.35467936836669657907e+01
  +2.28239390540050877121e+01
  +2.21067831021233622835e+01
  +2.13951091904331178739e+01
  +2.06887066272350601537e+01
  +1.99873703833872653490e+01
  +1.92909008216390880364e+01
  +1.85991034379413164856e+01
  +1.79117886140811037876e+01
  +1.72287713810190510344e+01
  +1.65498711923399923762e+01
  +1.58749117072594536637e+01
  +1.52037205826534567166e+01
  +1.45361292736106300083e+01
  +1.38719728420274428515e+01
  +1.32110897727950682423e+01
  +1.25533217971474080343e+01
  +1.18985137227630914936e+01
  +1.12465132702341783499e+01
  +1.05971709155339368635e+01
  +9.95033973813521122054e+00
  +9.30587527444729190051e+00
  +8.66363537625626811689e+00
  +8.02348007386906836302e+00
  +7.38527144367579424511e+00
  +6.74887347985848862209e+00
  +6.11415196998782928262e+00
  +5.48097437426055655862e+00
  +4.84920970814229512769e+00
  +4.21872842819030946515e+00
  +3.58940232084169075222e+00
  +2.96110439396056923655e+00
  +2.33370877094794737516e+00
  +1.70709058722391815444e+00
  +1.08112588890230054695e+00
  +4.55691533482374788733e-01
  -1.69334907609929530281e-01
  -7.94075244792564860496e-01
  -1.41865076456572558605e+00
  -2.04318232236855656936e+00
  -2.66779043419959638328e+00
  -3.29259536714220457654e+00
  -3.91771722893113372166e+00
  -4.54327605669349221529e+00
  -5.16939190499303879989e+00
  -5.79618493330315587286e+00
  -6.42377549303160844119e+00
  -7.05228421421655404799e+00
  -7.68183209201086825146e+00
  -8.31254057306946769756e+00
  -8.94453164195219407873e+00
  -9.57792790765235757533e+00
  -1.02128526903596927866e+01
  -1.08494301085643876092e+01
  -1.14877851666071304493e+01
  -1.21280438427790091538e+01
  -1.27703331780734412604e+01
  -1.34147813656910717128e+01
  -1.40615178413969719173e+01
  -1.47106733748290334773e+01
  -1.53623801618546433900e+01
  -1.60167719180711536353e+01
  -1.66739839735456065739e+01
  -1.73341533688869482432e+01
  -1.79974189527428052315e+01
  -1.86639214808114921595e+01
  -1.93338037164583980143e+01
  -2.00072105330241996057e+01
  -2.06842890179098084502e+01
  -2.13651885785213657698e+01
  -2.20500610501561489230e+01
  -2.27390608059058720869e+01
  -2.34323448686530113605e+01
  -2.41300730252300859036e+01
  -2.48324079428078263732e+01
</dep>
<dep S21_dB frequency>
  -8.44517565147653581636e-02
  -9.66351167602012561808e-02
  -1.10786593243422798460e-01
  -1.27186533206714635913e-01
  -1.46142091119795092258e-01
  -1.67987672203614157862e-01
  -1.93084932211241983024e-01
  -2.21822243852373479633e-01
  -2.54613537771298692469e-01
  -2.91896427625121634986e-01
  -3.34129535866972915414e-01
  -3.81788950475741906132e-01
  -4.35363764220658477910e-01
  -4.95350677750354961848e-01
  -5.62247686006914659806e-01
  -6.36546913464905550484e-01
  -7.18726715787613823494e-01
  -8.09243220874349966643e-01
  -9.08521537028260550706e-01
  -1.01694690529873255080e+00
  -1.13485611168090971823e+00
  -1.26252949758429133809e+00
  -1.40018390945990578444e+00
  -1.54796690786434654186e+00
  -1.70595251194524166749e+00
  -1.87413868921349591190e+00
  -2.05244671705082426527e+00
  -2.24072244822232491401e+00
  -2.43873941580262965090e+00
  -2.64620362161751021546e+00
  -2.86275977426305150431e+00
  -3.08799868385165598994e+00
  -3.32146548448534817410e+00
  -3.56266834306526503084e+00
  -3.81108732295388774602e+00
  -4.06618309978070158195e+00
  -4.32740526959280025210e+00
  -4.59420004128249637176e+00
  -4.86601716061710032335e+00
  -5.14231596772610544122e+00
  -5.42257054001723837189e+00
  -5.70627391578873766065e+00
  -5.99294142894575365688e+00
  -6.28211321180471671255e+00
  -6.57335594137968826089e+00
  -6.86626391556974802199e+00
  -7.16045955052524796258e+00
  -7.45559339037829449381e+00
  -7.75134371674029232224e+00
  -8.04741583902479007406e+00
  -8.34354113872739766578e+00
  -8.63947593205759822865e+00
  -8.93500020640534309280e+00
  -9.22991627745033405006e+00
  -9.52404740561121165854e+00
  -9.81723640315570200698e+00
  -1.01093442567477040939e+01
  -1.04002487845210183082e+01
  -1.06898433419195306726e+01
  -1.09780355864827825485e+01
  -1.12647463083986121291e+01
  -1.15499083309392887031e+01
  -1.18334654827257566012e+01
  -1.21153716420788093444e+01
  -1.23955898524273617767e+01
  -1.26740915067780957060e+01
  -1.29508555985695199553e+01
  -1.32258680357596638544e+01
  -1.34991210147091074134e+01
  -1.37706124502622113681e+01
  -1.40403454583843760872e+01
  -1.43083278877442570121e+01
  -1.45745718967244304309e+01
  -1.48390935724808024077e+01
  -1.51019125888363205945e+01
  -1.53630518999796201740e+01
  -1.56225374671385157654e+01
  -1.58803980155946042885e+01
  -1.61366648196127826509e+01
  -1.63913715130503589990e+01
  -1.66445539236071091693e+01
  -1.68962499288611773807e+01
  -1.71464993324084105097e+01
  -1.73953437585941763643e+01
  -1.76428265644811439472e+01
  -1.78889927678439555336e+01
  -1.81338889901268913718e+01
  -1.83775634134238181616e+01
  -1.86200657506739410962e+01
  -1.88614472283719791790e+01
  -1.91017605812142790001e+01
  -1.93410600581989768898e+01
  -1.95794014398035258750e+01
  -1.98168420659596549172e+01
  -2.00534408746396941581e+01
  -2.02892584509624711586e+01
  -2.05243570868171758548e+01
  -2.07588008510961472552e+01
  -2.09926556707215006270e+01
  -2.12259894227440213399e+01
  -2.14588720378932222843e+01
  -2.16913756160577193555e+01
  -2.19235745542871214298e+01
  -2.21555456880212560122e+01
  -2.23873684463779483167e+01
  -2.26191250224677453673e+01
  -2.28509005598523309288e+01
  -2.30827833564297577595e+01
  -2.33148650872109257648e+01
  -2.35472410476578311034e+01
  -2.37800104194812718106e+01
  -2.40132765610579888005e+01
  -2.42471473249167033259e+01
  -2.44817354050794158127e+01
  -2.47171587174209115290e+01
  -2.49535408166504950600e+01
  -2.51910113540190607750e+01
  -2.54297065804316169135e+01
  -2.56697699003198032131e+01
  -2.59113524824025844850e+01
  -2.61546139343739412197e+01
  -2.63997230496123016508e+01
  -2.66468586352542402551e+01
  -2.68962104324357973439e+01
  -2.71479801412374399661e+01
  -2.74023825649181844710e+01
  -2.76596468904676768830e+01
  -2.79200181254238444239e+01
  -2.81837587144087748925e+01
  -2.84511503630548681087e+01
  -2.87224961021116556026e+01
  -2.89981226307416015686e+01
  -2.92783829856212562959e+01
  -2.95636595918123745719e+01
  -2.98543677629227097725e+01
  -3.01509597324392721873e+01
  -3.04539293160749124922e+01
  -3.07638173275858086697e+01
  -3.10812178991698608854e+01
  -3.14067858941479691737e+01
  -3.17412456467016532713e+01
  -3.20854013245141018729e+01
  -3.24401492900869143909e+01
  -3.28064929421098412377e+01
  -3.31855606591924541249e+01
  -3.35786276584416896185e+01
  -3.39871428409801481507e+01
  -3.44127620554904609662e+01
  -3.48573897141571933389e+01
  -3.53232314117074892579e+01
  -3.58128612347500734359e+01
  -3.63293089758689617952e+01
  -3.68761747628756992867e+01
  -3.74577821428941177828e+01
  -3.80793862229033948097e+01
  -3.87474624828799960596e+01
  -3.94701169602012100768e+01
  -4.02576846752868533486e+01
  -4.11236305368304755348e+01
  -4.20859570424664752863e+01
  -4.31695047654524017844e+01
  -4.44099251384446347402e+01
  -4.58610364906641549965e+01
  -4.76097447125641792809e+01
  -4.98103433931730421591e+01
  -5.27793918292524537605e+01
  -5.73541793903288379397e+01
  -6.77263013089013270474e+01
  -6.53515654602192626044e+01
  -5.64945588831370244520e+01
  -5.21771201750731847824e+01
  -4.92872997237632404222e+01
  -4.71066208960197414513e+01
  -4.53508872541563903269e+01
  -4.38782475340313808942e+01
  -4.26076017144669663139e+01
  -4.14882054934661823609e+01
  -4.04861877066760769139e+01
  -3.95778105016889298895e+01
  -3.87457912357563429850e+01
  -3.79771552183286402737e+01
</dep>
<dep S11_dB frequency>
  -1.92176964904969587167e+01
  -1.83977826729231068725e+01
  -1.75994727731146554106e+01
  -1.68221716670379031200e+01
  -1.60654143096614490105e+01
  -1.53288416444903585756e+01
  -1.46121826983803853039e+01
  -1.39152409804835279772e+01
  -1.32378837866542973245e+01
  -1.25800333637759607086e+01
  -1.19416591504534057577e+01
  -1.13227705114489403115e+01
  -1.07234095413731100876e+01
  -1.01436436436935792926e+01
  -9.58355770347743884940e+00
  -9.04324577278071828346e+00
  -8.52280227998478245865e+00
  -8.02231285919716086141e+00
  -7.54184497228512285005e+00
  -7.08143856131616988847e+00
  -6.64109701938701224577e+00
  -6.22077879893875529405e+00
  -5.82038998522555672821e+00
  -5.43977814637920076279e+00
  -5.07872773027420265635e+00
  -4.73695721451736950769e+00
  -4.41411813391785123883e+00
  -4.10979601672009575708e+00
  -3.82351316461389201251e+00
  -3.55473312073832392599e+00
  -3.30286659205144106366e+00
  -3.06727853368944325396e+00
  -2.84729606683176372783e+00
  -2.64221688918837349647e+00
  -2.45131784709747568840e+00
  -2.27386336694221524724e+00
  -2.10911348642170626277e+00
  -1.95633127788104621558e+00
  -1.81478951122241616289e+00
  -1.68377645837374601001e+00
  -1.56260079135414864382e+00
  -1.45059556920753163212e+00
  -1.34712134416200468578e+00
  -1.25156844392066002314e+00
  -1.16335850533784834759e+00
  -1.08194534575131706688e+00
  -1.00681526306047186559e+00
  -9.37486855529588991587e-01
  -8.73510448496492952764e-01
  -8.14467208811328724494e-01
  -7.59968019889057266880e-01
  -7.09652181522830161065e-01
  -6.63185989680342813379e-01
  -6.20261242835159598563e-01
  -5.80593713271512323892e-01
  -5.43921614424207722216e-01
  -5.10004088774163921727e-01
  -4.78619735135472013088e-01
  -4.49565189325559000366e-01
  -4.22653768148275377214e-01
  -3.97714183276042354542e-01
  -3.74589328904625373795e-01
  -3.53135144897468167269e-01
  -3.33219555450859128420e-01
  -3.14721482024571064251e-01
  -2.97529928328221504596e-01
  -2.81543134468859090891e-01
  -2.66667796901842613089e-01
  -2.52818350537350522433e-01
  -2.39916309203684119389e-01
  -2.27889660622878909013e-01
  -2.16672312089782048705e-01
  -2.06203583140177781896e-01
  -1.96427741631263808042e-01
  -1.87293579824182154780e-01
  -1.78754027243765933886e-01
  -1.70765797285295339858e-01
  -1.63289064738297684531e-01
  -1.56287171594953172571e-01
  -1.49726358705579681851e-01
  -1.43575521030192443384e-01
  -1.37805984414535453997e-01
  -1.32391301987611204050e-01
  -1.27307068436812970136e-01
  -1.22530750565118237705e-01
  -1.18041532672441940033e-01
  -1.13820175431265963040e-01
  -1.09848887043912865624e-01
  -1.06111205577394146493e-01
  -1.02591891470871637848e-01
  -9.92768293017581848758e-02
  -9.61529379794592714559e-02
  -9.32080886116969792310e-02
  -9.04310293571222029163e-02
  -8.78113166410551954089e-02
  -8.53392521682564547669e-02
  -8.30058252184094486070e-02
  -8.08026597573913152317e-02
  -7.87219659401562910084e-02
  -7.67564956197325509724e-02
  -7.48995015122931734330e-02
  -7.31446997000879672868e-02
  -7.14862351830320569279e-02
  -6.99186502159773598519e-02
  -6.84368551925219337217e-02
  -6.70361018578971429305e-02
  -6.57119586528583238261e-02
  -6.44602880084545887263e-02
  -6.32772254275660861467e-02
  -6.21591602036534324194e-02
  -6.11027176406259836527e-02
  -6.01047426494595582458e-02
  -5.91622846084970885339e-02
  -5.82725833838755313820e-02
  -5.74330564159271778069e-02
  -5.66412867853592488787e-02
  -5.58950121805141322828e-02
  -5.51921146937913650876e-02
  -5.45306113816201032396e-02
  -5.39086455276579501472e-02
  -5.33244785543901395064e-02
  -5.27764825326758751922e-02
  -5.22631332431455764009e-02
  -5.17830037472428866829e-02
  -5.13347584292206116086e-02
  -5.09171474735119131139e-02
  -5.05290017451458309261e-02
  -5.01692280431691103870e-02
  -4.98368046998006672399e-02
  -4.95307775002202799186e-02
  -4.92502558998725928352e-02
  -4.89944095181681013584e-02
  -4.87624648891377271420e-02
  -4.85537024511807566163e-02
  -4.83674537595307069138e-02
  -4.82030989064209935968e-02
  -4.80600641351126567358e-02
  -4.79378196351303298428e-02
  -4.78358775070825692488e-02
  -4.77537898863445511854e-02
  -4.76911472159922897318e-02
  -4.76475766597923289236e-02
  -4.76227406473558045885e-02
  -4.76163355437164634298e-02
  -4.76280904366872467892e-02
  -4.76577660357252810841e-02
  -4.77051536766515474342e-02
  -4.77700744271421576248e-02
  -4.78523782883895631990e-02
  -4.79519434887593840044e-02
  -4.80686758657588031340e-02
  -4.82025083330466508347e-02
  -4.83534004295209235424e-02
  -4.85213379480533418819e-02
  -4.87063326416056069368e-02
  -4.89084220049981893697e-02
  -4.91276691306913732005e-02
  -4.93641626375516881509e-02
  -4.96180166715772599795e-02
  -4.98893709780677402366e-02
  -5.01783910449307424262e-02
  -5.04852683170762955855e-02
  -5.08102204822248673666e-02
  -5.11534918285882767020e-02
  -5.15153536753571936191e-02
  -5.18961048769593230601e-02
  -5.22960724026244466733e-02
  -5.27156119927344873899e-02
  -5.31551088941020766221e-02
  -5.36149786762176033816e-02
  -5.40956681311773185383e-02
  -5.45976562599551837329e-02
  -5.51214553483217600816e-02
  -5.56676121357593117756e-02
  -5.62367090811772343817e-02
  -5.68293657296844653692e-02
  -5.74462401846848602638e-02
  -5.80880306903694340614e-02
  -5.87554773296613541689e-02
  -5.94493638433178789304e-02
  -6.01705195761822950185e-02
</dep>
<dep Zin_ohm frequency>
  +2.12012547760398410901e+03
  +2.07061547335845489215e+03
  +2.01789448802044262266e+03
  +1.96214466269766103323e+03
  +1.90360248337304187771e+03
  +1.84255858958457952212e+03
  +1.77935703006213975641e+03
  +1.71439428530388545369e+03
  +1.64811842482172278324e+03
  +1.58102877840646419827e+03
  +1.51367646165829319216e+03
  +1.44666598598946575294e+03
  +1.38065797219852788658e+03
  +1.31637263213745404755e+03
  +1.25459313239935977435e+03
  +1.19616716166579044511e+03
  +1.14200399700549019144e+03
  +1.09306325775095751851e+03
  +1.05033078473677028342e+03
  +1.01477751106850496399e+03
  +9.87299876039840114572e+02
  +9.68645947217731190904e+02
  +9.59339022423194819567e+02
  +9.59616690043051789871e+02
  +9.69403436965552259608e+02
  +9.88326540387757859207e+02
  +1.01577131043404710908e+03
  +1.05096002122773984411e+03
  +1.09303487186548522914e+03
  +1.14112929695506409189e+03
  +1.19441975038743953519e+03
  +1.25215721808487683120e+03
  +1.31368196337011295327e+03
  +1.37842642303542561422e+03
  +1.44591081423937612271e+03
  +1.51573493255856374162e+03
  +1.58756847496648606466e+03
  +1.66114129182704141385e+03
  +1.73623431843626144655e+03
  +1.81267152014017119654e+03
  +1.89031294082296494707e+03
  +1.96904881369335271302e+03
  +2.04879463183218831546e+03
  +2.12948705435442252565e+03
  +2.21108052375788929567e+03
  +2.29354448005053382076e+03
  +2.37686107134197436608e+03
  +2.46102327541683007439e+03
  +2.54603336074070284667e+03
  +2.63190162769354537886e+03
  +2.71864538139618525747e+03
  +2.80628809636037658493e+03
  +2.89485874053335555800e+03
  +2.98439123233549889846e+03
  +3.07492400921981516149e+03
  +3.16649969030536794889e+03
  +3.25916481891984312824e+03
  +3.35296967356953337003e+03
  +3.44796813805357169258e+03
  +3.54421762324829524005e+03
  +3.64177903458234914069e+03
  +3.74071678046945544338e+03
  +3.84109881800893344916e+03
  +3.94299673314996380213e+03
  +4.04648585327449927718e+03
  +4.15164539081293423806e+03
  +4.25855861709087912459e+03
  +4.36731306612998741912e+03
  +4.47800076861011802976e+03
  +4.59071851665447320556e+03
  +4.70556816053862439730e+03
  +4.82265693885686232534e+03
  +4.94209784411717282637e+03
  +5.06401002618774691655e+03
  +5.18851923649274522177e+03
  +5.31575831636383190926e+03
  +5.44586773350622934231e+03
  +5.57899617114460670564e+03
  +5.71530117508851344610e+03
  +5.85494986471111587889e+03
  +5.99811971468619867665e+03
  +6.14499941529413081298e+03
  +6.29578982020774492412e+03
  +6.45070499193068553723e+03
  +6.60997335651082357799e+03
  +6.77383898082478754077e+03
  +6.94256298766924010124e+03
  +7.11642512614584757102e+03
  +7.29572551745430337178e+03
  +7.48078659927603985125e+03
  +7.67195529553416145063e+03
  +7.86960544255098102440e+03
  +8.07414050762617807777e+03
  +8.28599664198110622237e+03
  +8.50564611705133211217e+03
  +8.73360120150005968753e+03
  +8.97041854636330936046e+03
  +9.21670415779509130516e+03
  +9.47311905141567331157e+03
  +9.74038569986102447729e+03
  +1.00192954065168341913e+04
  +1.03107167645282243029e+04
  +1.06156053921929451462e+04
  +1.09350151752975398267e+04
  +1.12701112958086487197e+04
  +1.16221853871470921149e+04
  +1.19926732323908199760e+04
  +1.23831755175805665203e+04
  +1.27954822736726673611e+04
  +1.32316017953950686206e+04
  +1.36937950238094963424e+04
  +1.41846166360119332239e+04
  +1.47069644196249864763e+04
  +1.52641389485221443465e+04
  +1.58599161572185694240e+04
  +1.64986361876935843611e+04
  +1.71853129298484964238e+04
  +1.79257701047793307225e+04
  +1.87268117085952108027e+04
  +1.95964373809301869187e+04
  +2.05441171437100929325e+04
  +2.15811455182137724478e+04
  +2.27211031216286137351e+04
  +2.39804658150214127090e+04
  +2.53794195023401734943e+04
  +2.69429663711616631190e+04
  +2.87024518371439007751e+04
  +3.06977113663191739761e+04
  +3.29801518538596719736e+04
  +3.56172789231177594047e+04
  +3.86995280760856912821e+04
  +4.23508925652481193538e+04
  +4.67460575290984488674e+04
  +5.21392065262932956102e+04
  +5.89149428980492957635e+04
  +6.76839739613464334980e+04
  +7.94771308326412254246e+04
  +9.61791557447553495876e+04
  +1.21633423900097448495e+05
  +1.65019106301805935800e+05
  +2.54422412502842227696e+05
  +5.17508749043712276034e+05
  +8.02749929359203553759e+05
  +3.35474624779444304295e+05
  +1.97151027752167428844e+05
  +1.38566983714125235565e+05
  +1.06625981575111887651e+05
  +8.65876619398303155322e+04
  +7.28595188876372121740e+04
  +6.28705065541933872737e+04
  +5.52769524079846742097e+04
  +4.93092544408633621060e+04
  +4.44952296282056267955e+04
  +4.05292310711471145623e+04
  +3.72047345601543638622e+04
  +3.43771966752761727548e+04
  +3.19424394405946732149e+04
  +2.98234863342070530052e+04
  +2.79622321639540423348e+04
  +2.63139962345993590134e+04
  +2.48438584154643576767e+04
  +2.35241326958920108154e+04
  +2.23325866239171082270e+04
  +2.12511618371631520859e+04
  +2.02650385750189670944e+04
  +1.93619409321208695474e+04
  +1.85316135620698114508e+04
  +1.77654224284628653550e+04
  +1.70560466068744462973e+04
  +1.63972378033782333659e+04
  +1.57836308471802476561e+04
  +1.52105929836560080730e+04
  +1.46741030066935345531e+04
  +1.41706535586566078564e+04
  +1.36971715781177827012e+04
  +1.32509530811096537946e+04
  +1.28296093510338614578e+04
  +1.24310222750817629276e+04
  +1.20533070634748037264e+04
  +1.16947809660503462510e+04
  +1.13539368900795489026e+04
</dep>
<dep Zin_norm frequency>
  +4.24025095520796782012e+01
  +4.14123094671690950008e+01
  +4.03578897604088524531e+01
  +3.92428932539532198120e+01
  +3.80720496674608384069e+01
  +3.68511717916915912951e+01
  +3.55871406012427939913e+01
  +3.42878857060777093579e+01
  +3.29623684964344576542e+01
  +3.16205755681292828285e+01
  +3.02735292331658634168e+01
  +2.89333197197893134955e+01
  +2.76131594439705558841e+01
  +2.63274526427490798142e+01
  +2.50918626479871953450e+01
  +2.39233432333158084759e+01
  +2.28400799401098026919e+01
  +2.18612651550191507965e+01
  +2.10066156947354052420e+01
  +2.02955502213700995640e+01
  +1.97459975207968021493e+01
  +1.93729189443546232496e+01
  +1.91867804484638959650e+01
  +1.91923338008610357974e+01
  +1.93880687393110449079e+01
  +1.97665308077551564736e+01
  +2.03154262086809431764e+01
  +2.10192004245547963137e+01
  +2.18606974373097067144e+01
  +2.28225859391012839694e+01
  +2.38883950077487909880e+01
  +2.50431443616975357713e+01
  +2.62736392674022596339e+01
  +2.75685284607085137054e+01
  +2.89182162847875225964e+01
  +3.03146986511712732693e+01
  +3.17513694993297228564e+01
  +3.32228258365408279928e+01
  +3.47246863687252300679e+01
  +3.62534304028034242151e+01
  +3.78062588164592980888e+01
  +3.93809762738670556814e+01
  +4.09758926366437705724e+01
  +4.25897410870884485234e+01
  +4.42216104751577816501e+01
  +4.58708896010106741414e+01
  +4.75372214268394870373e+01
  +4.92204655083366020563e+01
  +5.09206672148140526701e+01
  +5.26380325538709072930e+01
  +5.43729076279237020231e+01
  +5.61257619272075345407e+01
  +5.78971748106671100231e+01
  +5.96878246467099771166e+01
  +6.14984801843963069246e+01
  +6.33299938061073603990e+01
  +6.51832963783968608595e+01
  +6.70593934713906634215e+01
  +6.89593627610714321463e+01
  +7.08843524649659002534e+01
  +7.28355806916469816770e+01
  +7.48143356093891043201e+01
  +7.68219763601786667095e+01
  +7.88599346629992794533e+01
  +8.09297170654899815645e+01
  +8.30329078162586853296e+01
  +8.51711723418175807865e+01
  +8.73462613225997444033e+01
  +8.95600153722023577529e+01
  +9.18143703330894709325e+01
  +9.41113632107724953357e+01
  +9.64531387771372408224e+01
  +9.88419568823434531168e+01
  +1.01280200523754942310e+02
  +1.03770384729854896477e+02
  +1.06315166327276642733e+02
  +1.08917354670124595373e+02
  +1.11579923422892136387e+02
  +1.14306023501770269490e+02
  +1.17098997294222314736e+02
  +1.19962394293723974670e+02
  +1.22899988305882615691e+02
  +1.25915796404154889387e+02
  +1.29014099838613702786e+02
  +1.32199467130216476107e+02
  +1.35476779616495747405e+02
  +1.38851259753384795204e+02
  +1.42328502522916949147e+02
  +1.45914510349086071983e+02
  +1.49615731985520795888e+02
  +1.53439105910683224465e+02
  +1.57392108851019628446e+02
  +1.61482810152523569514e+02
  +1.65719932839622117626e+02
  +1.70112922341026660433e+02
  +1.74672024030001182382e+02
  +1.79408370927266190620e+02
  +1.84334083155901822693e+02
  +1.89462381028313473053e+02
  +1.94807713997220503188e+02
  +2.00385908130336702015e+02
  +2.06214335290564491743e+02
  +2.12312107843858910883e+02
  +2.18700303505950813587e+02
  +2.25402225916172966436e+02
  +2.32443707742941825245e+02
  +2.39853464647816394972e+02
  +2.47663510351611336091e+02
  +2.55909645473453338127e+02
  +2.64632035907901354221e+02
  +2.73875900476189940491e+02
  +2.83692332720238653110e+02
  +2.94139288392499736347e+02
  +3.05282778970442905120e+02
  +3.17198323144371386206e+02
  +3.29972723753871719055e+02
  +3.43706258596969917107e+02
  +3.58515402095586637188e+02
  +3.74536234171904197865e+02
  +3.91928747618603722458e+02
  +4.10882342874201867744e+02
  +4.31622910364275412576e+02
  +4.54422062432572261059e+02
  +4.79609316300428247359e+02
  +5.07588390046803453970e+02
  +5.38859327423233253285e+02
  +5.74049036742878001860e+02
  +6.13954227326383488617e+02
  +6.59603037077193448567e+02
  +7.12345578462355206284e+02
  +7.73990561521713857474e+02
  +8.47017851304962391623e+02
  +9.34921150581968959159e+02
  +1.04278413052586597587e+03
  +1.17829885796098596984e+03
  +1.35367947922692860629e+03
  +1.58954261665282456306e+03
  +1.92358311489510697356e+03
  +2.43266847800194909723e+03
  +3.30038212603611873419e+03
  +5.08844825005684469943e+03
  +1.03501749808742461028e+04
  +1.60549985871840708569e+04
  +6.70949249558888641332e+03
  +3.94302055504334884972e+03
  +2.77133967428250480225e+03
  +2.13251963150223764387e+03
  +1.73175323879660618331e+03
  +1.45719037775274432533e+03
  +1.25741013108386778185e+03
  +1.10553904815969349329e+03
  +9.86185088817267228478e+02
  +8.89904592564112476794e+02
  +8.10584621422942291247e+02
  +7.44094691203087336362e+02
  +6.87543933505523455096e+02
  +6.38848788811893427919e+02
  +5.96469726684141051010e+02
  +5.59244643279080833054e+02
  +5.26279924691987162078e+02
  +4.96877168309287185366e+02
  +4.70482653917840252689e+02
  +4.46651732478342182731e+02
  +4.25023236743263055359e+02
  +4.05300771500379369172e+02
  +3.87238818642417356841e+02
  +3.70632271241396210826e+02
  +3.55308448569257279814e+02
  +3.41120932137488921398e+02
  +3.27944756067564696878e+02
  +3.15672616943604964490e+02
  +3.04211859673120159187e+02
  +2.93482060133870675145e+02
  +2.83413071173132152580e+02
  +2.73943431562355669939e+02
  +2.65019061622193078165e+02
  +2.56592187020677215514e+02
  +2.48620445501635259689e+02
  +2.41066141269496085897e+02
  +2.33895619321006932978e+02
  +2.27078737801590989420e+02
</dep>
<dep S[2,2] frequency>
  -8.26474613993932460954e-02-j7.17157699857294550494e-02
  -9.44694325605370532895e-02-j7.44130749125799101362e-02
  -1.07342538500428075210e-01-j7.65355963429558694422e-02
  -1.21280842354908519054e-01-j7.79584975030051252620e-02
  -1.36285300244580520612e-01-j7.85472530611769775843e-02
  -1.52341615727693280302e-01-j7.81587034603676428235e-02
  -1.69418067346225414971e-01-j7.66425092080839226449e-02
  -1.87463375689318950679e-01-j7.38430531119728672529e-02
  -2.06404694866266502640e-01-j6.96018302503522701130e-02
  -2.26145832097985249876e-01-j6.37603515700197881477e-02
  -2.46565816763716971760e-01-j5.61635665292923857983e-02
  -2.67517954550963832361e-01-j4.66637826351046086648e-02
  -2.88829510852221527095e-01-j3.51250251762217358120e-02
  -3.10302167386576843722e-01-j2.14277399063186047012e-02
  -3.31713384388797438707e-01-j5.47369694937915873822e-03
  -3.52818775207921819792e-01+j1.28090909261762142535e-02
  -3.73355559328729991186e-01+j3.34616638213990069683e-02
  -3.93047103738006387008e-01+j5.64898842562673031420e-02
  -4.11608493243337147938e-01+j8.18609581044414946760e-02
  -4.28752992166575919164e-01+j1.09500981000838465418e-01
  -4.44199179381003617095e-01+j1.39293756685369585213e-01
  -4.57678464324360767534e-01+j1.71081080130182222598e-01
  -4.68942632608868870125e-01+j2.04664600242131483609e-01
  -4.77771034885623058219e-01+j2.39809279553369864013e-01
  -4.83977028429813382893e-01+j2.76248360085807109776e-01
  -4.87413310847611025434e-01+j3.13689636416534911589e-01
  -4.87975848441818571555e-01+j3.51822740782915310831e-01
  -4.85606192684335968845e-01+j3.90327071871393316282e-01
  -4.80292087649458854237e-01+j4.28879957126099053966e-01
  -4.72066387368864193164e-01+j4.67164632320851591629e-01
  -4.61004412436217259064e-01+j5.04877651432439567003e-01
  -4.47219968623603469915e-01+j5.41735399696185893070e-01
  -4.30860318451834922726e-01+j5.77479464802513331456e-01
  -4.12100435098179229687e-01+j6.11880715209011660782e-01
  -3.91136876315646975222e-01+j6.44742029923847548289e-01
  -3.68181597352474576645e-01+j6.75899711538281211531e-01
  -3.43455981973807888963e-01+j7.05223686758114864936e-01
  -3.17185316749048096252e-01+j7.32616652073667329326e-01
  -2.89593873105709054272e-01+j7.58012355233394607978e-01
  -2.60900700805677621119e-01+j7.81373216970428163819e-01
  -2.31316180604522109165e-01+j8.02687494819368740906e-01
  -2.01039336360336884368e-01+j8.21966175668531473519e-01
  -1.70255869567407319698e-01+j8.39239760012930879896e-01
  -1.39136852596207366561e-01+j8.54555072547316552090e-01
  -1.07838000156320223955e-01+j8.67972204012349646263e-01
  -7.64994303169263673015e-02+j8.79561660558091595874e-01
  -4.52458251231965674632e-02+j8.89401771011457564775e-01
  -1.41869046720494995650e-02+j8.97576380306459808978e-01
  +1.65818641947454992192e-02+j9.04172839354436819193e-01
  +4.69783940784722631179e-02+j9.09280287759014704818e-01
  +7.69329973384409032677e-02+j9.12988215689574222900e-01
  +1.06387349472643055748e-01+j9.15385284422435829832e-01
  +1.35293434734157363986e-01+j9.16558380974679343112e-01
  +1.63612504294275984407e-01+j9.16591880322471519449e-01
  +1.91314069511513584754e-01+j9.15567088386796679167e-01
  +2.18374946286974153109e-01+j9.13561839824530985688e-01
  +2.44778361056413873431e-01+j9.10650226297790577057e-01
  +2.70513124605214927421e-01+j9.06902433003516583732e-01
  +2.95572876478690682589e-01+j9.02384663592667779497e-01
  +3.19955400167098724662e-01+j8.97159136021542180650e-01
  +3.43662007340885478079e-01+j8.91284134234618496961e-01
  +3.66696988074097895982e-01+j8.84814102799247326203e-01
  +3.89067123108970791545e-01+j8.77799773648965997452e-01
  +4.10781253685796987618e-01+j8.70288315920037969242e-01
  +4.31849904205201473584e-01+j8.62323501477657239356e-01
  +4.52284952935678441488e-01+j8.53945880128623269201e-01
  +4.72099346072047176825e-01+j8.45192959718228276067e-01
  +4.91306850644605941358e-01+j8.36099387327128962255e-01
  +5.09921842039926742629e-01+j8.26697128637751577074e-01
  +5.27959122194762597857e-01+j8.17015643248693246292e-01
  +5.45433764844762802859e-01+j8.07082054298413176241e-01
  +5.62360984534301944215e-01+j7.96921311234014217995e-01
  +5.78756026412543533866e-01+j7.86556344943325713714e-01
  +5.94634074146384694615e-01+j7.76008214773280080578e-01
  +6.10010173568591662630e-01+j7.65296247197653212169e-01
  +6.24899169946562360600e-01+j7.54438166083572836484e-01
  +6.39315657002451853685e-01+j7.43450214648564200459e-01
  +6.53273936038418434613e-01+j7.32347269306200532313e-01
  +6.66787983722304522516e-01+j7.21142945675763868962e-01
  +6.79871427269675865368e-01+j7.09849697085281561293e-01
  +6.92537525919481589121e-01+j6.98478905932781835020e-01
  +7.04799157743770554596e-01+j6.87040968291411702218e-01
  +7.16668810958565716263e-01+j6.75545372153672274429e-01
  +7.28158579014679840924e-01+j6.64000769710792582146e-01
  +7.39280158845353918551e-01+j6.52415044057559678770e-01
  +7.50044851733565831609e-01+j6.40795370702419542219e-01
  +7.60463566337031826592e-01+j6.29148274248576777623e-01
  +7.70546823474421160860e-01+j6.17479680595587443470e-01
  +7.80304762333434265287e-01+j6.05794964992965145889e-01
  +7.89747147810841321203e-01+j5.94098996258794254111e-01
  +7.98883378737675786674e-01+j5.82396177457238262143e-01
  +8.07722496779904264308e-01+j5.70690483310019369689e-01
  +8.16273195837087794935e-01+j5.58985494598390086907e-01
  +8.24543831789319892067e-01+j5.47284429794179128059e-01
  +8.32542432466610415887e-01+j5.35590174141292729715e-01
  +8.40276707735493011420e-01+j5.23905306392641545443e-01
  +8.47754059615287158813e-01+j5.12232123392007410168e-01
  +8.54981592351609420710e-01+j5.00572662675738633276e-01
  +8.61966122387681332739e-01+j4.88928723255530606195e-01
  +8.68714188185099489559e-01+j4.77301884730781056376e-01
  +8.75232059855140742677e-01+j4.65693524867148600510e-01
  +8.81525748569736422589e-01+j4.54104835766938830233e-01
  +8.87601015728055164900e-01+j4.42536838746749872087e-01
  +8.93463381860419958436e-01+j4.30990398028370469419e-01
  +8.99118135256137263056e-01+j4.19466233340271721364e-01
  +9.04570340305901443578e-01+j4.07964931518988827008e-01
  +9.09824845552883787470e-01+j3.96486957192369204872e-01
  +9.14886291449438004975e-01+j3.85032662619856802522e-01
  +9.19759117818729987626e-01+j3.73602296758790697329e-01
  +9.24447571022540159902e-01+j3.62196013620001699973e-01
  +9.28955710838051951228e-01+j3.50813879970738373704e-01
  +9.33287417047742762222e-01+j3.39455882438186085093e-01
  +9.37446395747477678739e-01+j3.28121934062453379788e-01
  +9.41436185378738521479e-01+j3.16811880343860041709e-01
  +9.45260162491488142855e-01+j3.05525504825733595915e-01
  +9.48921547244649943309e-01+j2.94262534250495533250e-01
  +9.52423408651493774713e-01+j2.83022643323785627611e-01
  +9.55768669577410578952e-01+j2.71805459118558634390e-01
  +9.58960111497680456338e-01+j2.60610565148471473584e-01
  +9.62000379022878826518e-01+j2.49437505137591802873e-01
  +9.64891984199519270327e-01+j2.38285786511239716656e-01
  +9.67637310593457589114e-01+j2.27154883630867526767e-01
  +9.70238617163463157311e-01+j2.16044240794046438214e-01
  +9.72698041932184009895e-01+j2.04953275019011810221e-01
  +9.75017605461563352520e-01+j1.93881378631707013138e-01
  +9.77199214139549132696e-01+j1.82827921671900706091e-01
  +9.79244663284703609207e-01+j1.71792254133708299779e-01
  +9.81155640075100143882e-01+j1.60773708054700731340e-01
  +9.82933726307640642794e-01+j1.49771599466748422946e-01
  +9.84580400993665616483e-01+j1.38785230220799055134e-01
  +9.86097042796492129213e-01+j1.27813889696924615214e-01
  +9.87484932316253227746e-01+j1.16856856410183188033e-01
  +9.88745254227151981752e-01+j1.05913399522136422726e-01
  +9.89879099272008788901e-01+j9.49827802672036924925e-02
  +9.90887466118713811092e-01+j8.40642533024533039621e-02
  +9.91771263082971143987e-01+j7.31570679888884078945e-02
  +9.92531309721470411667e-01+j6.22604696118212175282e-02
  +9.93168338299398878455e-01+j5.13737005474756425194e-02
  +9.93682995135978686108e-01+j4.04960013825932732545e-02
  +9.94075841831502660106e-01+j2.96266119934352513410e-02
  +9.94347356379108537894e-01+j1.87647725903098416822e-02
  +9.94497934164369490340e-01+j7.90972473344088780611e-03
  +9.94527888855531561063e-01-j2.93928767423028017639e-03
  +9.94437453187090869555e-01-j1.37830174119184453718e-02
  +9.94226779639181934556e-01-j2.46222129783434627581e-02
  +9.93895941015098149940e-01-j3.54576176364998149615e-02
  +9.93444930919103352807e-01-j4.62899684609126699231e-02
  +9.92873664136513678358e-01-j5.71199953825521147821e-02
  +9.92181976917908770019e-01-j6.79484202266370240775e-02
  +9.91369627169171208081e-01-j7.87759557386272096791e-02
  +9.90436294548929674342e-01-j8.96033045937193739494e-02
  +9.89381580474854249729e-01-j1.00431158385163185609e-01
  +9.88205008040143773052e-01-j1.11260196586713058786e-01
  +9.86906021841427727459e-01-j1.22091085484479500156e-01
  +9.85483987719224741042e-01-j1.32924477073391500426e-01
  +9.83938192411993872710e-01-j1.43761007913400823410e-01
  +9.82267843124762007889e-01-j1.54601297940463899838e-01
  +9.80472067013214654274e-01-j1.65445949227208982668e-01
  +9.78549910584113447065e-01-j1.76295544688062910677e-01
  +9.76500339012838725061e-01-j1.87150646723449637365e-01
  +9.74322235378827783414e-01-j1.98011795797481099379e-01
  +9.72014399819677965553e-01-j2.08879508943370983953e-01
  +9.69575548604652559526e-01-j2.19754278190565505158e-01
  +9.67004313128372317010e-01-j2.30636568907343103563e-01
  +9.64299238825473303827e-01-j2.41526818052357289401e-01
  +9.61458784007085398571e-01-j2.52425432328313770203e-01
  +9.58481318620028610589e-01-j2.63332786230647264425e-01
  +9.55365122929737631274e-01-j2.74249219983713932169e-01
  +9.52108386128008632454e-01-j2.85175037356664273780e-01
  +9.48709204866824640234e-01-j2.96110503350755727148e-01
  +9.45165581719655922832e-01-j3.07055841749438784838e-01
  +9.41475423571853209381e-01-j3.18011232522113607146e-01
  +9.37636539941947066978e-01-j3.28976809071962028597e-01
  +9.33646641235960528249e-01-j3.39952655317770746635e-01
  +9.29503336937131718898e-01-j3.50938802599104593405e-01
  +9.25204133733778966153e-01-j3.61935226393631570563e-01
  +9.20746433588468193854e-01-j3.72941842834811798646e-01
  +9.16127531752055745962e-01-j3.83958505017498064049e-01
  +9.11344614726708912578e-01-j3.94984999078375476067e-01
  +9.06394758182562321203e-01-j4.06021040037440772430e-01
  +9.01274924833313062500e-01-j4.17066267385996114481e-01
</dep>
<dep S[2,1] frequency>
  +6.39805310915920411041e-01-j7.55904277860177886694e-01
  +6.03458942495941008666e-01-j7.83474298002165725485e-01
  +5.65478732735856026714e-01-j8.09349656585882648585e-01
  +5.25912742907067576326e-01-j8.33399470894211735761e-01
  +4.84820902560060384978e-01-j8.55487060971919954788e-01
  +4.42276905222651894878e-01-j8.75470781447037271761e-01
  +3.98370161251918541989e-01-j8.93205240620686180542e-01
  +3.53207741124387020193e-01-j9.08542958463690708548e-01
  +3.06916223602868742937e-01-j9.21336506725940362905e-01
  +2.59643344072811754764e-01-j9.31441160197646333962e-01
  +2.11559320435706327279e-01-j9.38718067393733424097e-01
  +1.62857719410789691938e-01-j9.43037921054554084677e-01
  +1.13755717426500979617e-01-j9.44285073993921697522e-01
  +6.44936103227288642925e-02-j9.42362004962607913150e-01
  +1.53334376391446591814e-02-j9.37193994406858355006e-01
  -3.34433872750046420896e-02-j9.28733824580597611131e-01
  -8.15395092707757729311e-02-j9.16966276888829923131e-01
  -1.28646137352433104217e-01-j9.01912166990638142217e-01
  -1.74448567030711043646e-01-j8.83631640851732291786e-01
  -2.18632583274715130983e-01-j8.62226457985739824785e-01
  -2.60891527717486526594e-01-j8.37841015558532520302e-01
  -3.00933739330588811978e-01-j8.10661920480582831594e-01
  -3.38490018660395519667e-01-j7.80915994525941403737e-01
  -3.73320730637735187507e-01-j7.48866694775420338459e-01
  -4.05222156661779242537e-01-j7.14809039809799706688e-01
  -4.34031736473453944036e-01-j6.79063240158037650929e-01
  -4.59631903351802428848e-01-j6.41967327632052775499e-01
  -4.81952306963141452467e-01-j6.03869151328455866512e-01
  -5.00970327489178246516e-01-j5.65118149853958251505e-01
  -5.16709900663410937049e-01-j5.26057315404459768793e-01
  -5.29238783614953467449e-01-j4.87015736025094070349e-01
  -5.38664484763224149511e-01-j4.48302042536155187502e-01
  -5.45129149103823151812e-01-j4.10199004540498290972e-01
  -5.48803728592124451247e-01-j3.72959425926977505839e-01
  -5.49881775553422880165e-01-j3.36803394922933874156e-01
  -5.48573178301969055504e-01-j3.01916856350593398872e-01
  -5.45098118210329496414e-01-j2.68451401296903757743e-01
  -5.39681473484182383515e-01-j2.36525116045434052880e-01
  -5.32547834193315861029e-01-j2.06224299123657639488e-01
  -5.23917232228566454033e-01-j1.77605841565763228340e-01
  -5.14001633928326207013e-01-j1.50700068134240972029e-01
  -5.03002195597966106355e-01-j1.25513852466581615763e-01
  -4.91107244832494627129e-01-j1.02033842823673753797e-01
  -4.78490923841131121641e-01-j8.02296634719389528678e-02
  -4.65312414193047252375e-01-j6.00569864858221877379e-02
  -4.51715654210254280443e-01-j4.14603974332893310262e-02
  -4.37829458928696679809e-01-j2.43760043101830317647e-02
  -4.23767956367388176631e-01-j8.73376124141318072036e-03
  -4.09631261135814384033e-01+j5.54050352870636732272e-03
  -3.95506315751058656893e-01+j1.85233519409742294903e-02
  -3.81467840287460169257e-01+j3.02922791939792337979e-02
  -3.67579341289472449894e-01+j4.09245152354615615575e-02
  -3.53894140648358057621e-01+j5.04960602217916429413e-02
  -3.40456394004812368248e-01+j5.90809275465594696541e-02
  -3.27302075994430952122e-01+j6.67505677162086863419e-02
  -3.14459916235284075992e-01+j7.35734471928821964770e-02
  -3.01952275391042634922e-01+j7.96147579480013661835e-02
  -2.89795955011624084552e-01+j8.49362355686153897016e-02
  -2.78002938271785016155e-01+j8.95960660965023775182e-02
  -2.66581061325900980918e-01+j9.36488641846192210183e-02
  -2.55534616905922329355e-01+j9.71457075047695572945e-02
  -2.44864893132006572474e-01+j1.00134214554511977169e-01
  -2.34570651395112295123e-01+j1.02658655041707583266e-01
  -2.24648547704614037768e-01+j1.04760083847646512378e-01
  -2.15093502155680238452e-01+j1.06476491176775683867e-01
  -2.05899021230044082520e-01+j1.07842962897322466875e-01
  -1.97057477555489635179e-01+j1.08891846274423276242e-01
  -1.88560351559534017385e-01+j1.09652917312264300276e-01
  -1.80398439195793514056e-01+j1.10153546772823851541e-01
  -1.72562029624947599338e-01+j1.10418862645380061460e-01
  -1.65041056415788256473e-01+j1.10471907421827678086e-01
  -1.57825225510814737273e-01+j1.10333789005656005000e-01
  -1.50904122885452768310e-01+j1.10023824463480815461e-01
  -1.44267304527685741311e-01+j1.09559676131649061381e-01
  -1.37904371080254051218e-01+j1.08957479829567327467e-01
  -1.31805029223361291901e-01+j1.08231965117029760304e-01
  -1.25959141633200405463e-01+j1.07396567674565887596e-01
  -1.20356767131167260998e-01+j1.06463533991762920872e-01
  -1.14988192439412439949e-01+j1.05444018625504287723e-01
  -1.09843956780045423627e-01+j1.04348174343887781235e-01
  -1.04914870396011689069e-01+j1.03185235506948289053e-01
  -1.00192027930460988983e-01+j1.01963595056134101458e-01
  -9.56668174765621659450e-02+j1.00690875494160142489e-01
  -9.13309259997133887632e-02+j9.93739942377495771852e-02
  -8.71763417375896743078e-02+j9.80192237202834326659e-02
  -8.31953540989527062788e-02+j9.66322466110760419644e-02
  -7.93805515083083890193e-02+j9.52182065041897451874e-02
  -7.57248175792815669816e-02+j9.37817544137488495748e-02
  -7.22213259435927623642e-02+j9.23270913950696298089e-02
  -6.88635340141489776800e-02+j9.08580075927161306959e-02
  -6.56451759186632982646e-02+j8.93779179978364812786e-02
  -6.25602548040033457077e-02+j8.78898951786937637776e-02
  -5.96030346801241436849e-02+j8.63966992300930214377e-02
  -5.67680319454568482751e-02+j8.49008051698502824722e-02
  -5.40500067124426442078e-02+j8.34044279936040633405e-02
  -5.14439540319769697541e-02+j8.19095455832398178231e-02
  -4.89450950984699761914e-02+j8.04179196490807102204e-02
  -4.65488685026340595630e-02+j7.89311148717658783713e-02
  -4.42509215866503172188e-02+j7.74505163964148563016e-02
  -4.20471019457565806099e-02+j7.59773458192922884757e-02
  -3.99334491112814382596e-02+j7.45126757956340868283e-02
  -3.79061864425143460466e-02+j7.30574433866464506560e-02
  -3.59617132483370793850e-02+j7.16124622537771537978e-02
  -3.40965971541014531421e-02+j7.01784337992760187674e-02
  -3.23075667246794304144e-02+j6.87559573436609255959e-02
  -3.05915043507956931068e-02+j6.73455394229875853318e-02
  -2.89454394025727909656e-02+j6.59476022817467588677e-02
  -2.73665416516059023522e-02+j6.45624916306940938027e-02
  -2.58521149607242005375e-02+j6.31904837329798629852e-02
  -2.43995912388460904630e-02+j6.18317918764747093130e-02
  -2.30065246569270340227e-02+j6.04865722852119744313e-02
  -2.16705861198602002526e-02+j5.91549295182818429817e-02
  -2.03895579883367726592e-02+j5.78369214003590301210e-02
  -1.91613290439727988745e-02+j5.65325635242188567764e-02
  -1.79838896905438229423e-02+j5.52418333621348123241e-02
  -1.68553273837890212061e-02+j5.39646740198463925609e-02
  -1.57738222820354850873e-02+j5.27009976639009197763e-02
  -1.47376431097685500760e-02+j5.14506886505343014049e-02
  -1.37451432262208541463e-02+j5.02136063818163433381e-02
  -1.27947568910881780829e-02+j4.89895879126095445955e-02
  -1.18849957195672380206e-02+j4.77784503298552473693e-02
  -1.10144453190317726660e-02+j4.65799929238981877400e-02
  -1.01817620998341500788e-02+j4.53939991698626976735e-02
  -9.38567025292070915288e-03+j4.42202385355898591746e-02
  -8.62495888715397382440e-03+j4.30584681312440945011e-02
  -7.89847931947760921456e-03+j4.19084342144421459486e-02
  -7.20514251130711588789e-03+j4.07698735635980552550e-02
  -6.54391664477513724379e-03+j3.96425147311311384946e-02
  -5.91382483272169089811e-03+j3.85260791872186342255e-02
  -5.31394295658828026002e-03+j3.74202823639198933758e-02
  -4.74339762662117671310e-03+j3.63248346086853524106e-02
  -4.20136425905967905714e-03+j3.52394420555560694552e-02
  -3.68706526523089692798e-03+j3.41638074216973827713e-02
  -3.19976834773334035608e-03+j3.30976307363162469688e-02
  -2.73878489912376737667e-03+j3.20406100084668563066e-02
  -2.30346849877223871020e-03+j3.09924418397537135283e-02
  -1.89321350377428892185e-03+j2.99528219875122916904e-02
  -1.50745373003868831686e-03+j2.89214458836200734304e-02
  -1.14566121988235220149e-03+j2.78980091137483107722e-02
  -8.07345092673597856600e-04+j2.68822078615199543117e-02
  -4.92050475277082724999e-04+j2.58737393217569437709e-02
  -1.99357509225592542711e-04+j2.48723020867252404831e-02
  +7.11195682432169879773e-05+j2.38775965090580813421e-02
  +3.19733271991301764951e-04+j2.28893250448158371013e-02
  +5.46803648149122916919e-04+j2.19071925799765587772e-02
  +7.52618987008557603982e-04+j2.09309067434613471637e-02
  +9.37436471855093125978e-04+j1.99601782096828044011e-02
  +1.10148276579116201866e-03+j1.89947209934663227560e-02
  +1.24495453847535777515e-03+j1.80342527401034895262e-02
  +1.36801893455766100140e-03+j1.70784950132029551828e-02
  +1.47081398547449526161e-03+j1.61271735829475043600e-02
  +1.55344896613845051721e-03+j1.51800187173113387828e-02
  +1.61600469795358434554e-03+j1.42367654787494742757e-02
  +1.65853379947600819422e-03+j1.32971540288688728354e-02
  +1.68106088594789410302e-03+j1.23609299435692987501e-02
  +1.68358271883076344999e-03+j1.14278445411635891371e-02
  +1.66606830640202152605e-03+j1.04976552260044563025e-02
  +1.62845895637285823995e-03+j9.57012585018908457091e-03
  +1.57066828144853797705e-03+j8.64502709595515138330e-03
  +1.49258215866964220539e-03+j7.72213688145978981170e-03
  +1.39405864333217647914e-03+j6.80124079271109648059e-03
  +1.27492783823934612529e-03+j5.88213254450032675680e-03
  +1.13499171900237837661e-03+j4.96461447331401819344e-03
  +9.74023916092075646607e-04+j4.04849806531426027745e-03
  +7.91769454314820357414e-04+j3.13360452261574875740e-03
  +5.87944450407162271313e-04+j2.21976537123910093799e-03
  +3.62235769428421940271e-04+j1.30682311428842110046e-03
  +1.14300640686255228868e-04+j3.94631934094947600753e-04
  -1.56233766067271961702e-04-j5.16941552751323482075e-04
  -4.49770803341294309486e-04-j1.42801748332922664314e-03
  -7.66744846636542207695e-04-j2.33870187488400280498e-03
  -1.10762183222677646453e-03-j3.24908568526772155438e-03
  -1.47289983089758679848e-03-j4.15924380240948604603e-03
  -1.86310965642534176294e-03-j5.06923395762752960342e-03
  -2.27881550740999163501e-03-j5.97909555727222253446e-03
  -2.72061564089131615804e-03-j6.88884842688014965156e-03
  -3.18914307596045425858e-03-j7.79849146164901443207e-03
  -3.68506632531778949638e-03-j8.70800117668593144649e-03
  -4.20909015245317114778e-03-j9.61733015010348378515e-03
  -4.76195635178081663058e-03-j1.05264053515956804846e-02
  -5.34444454868619918397e-03-j1.14351263487225077858e-02
</dep>
<dep S[1,2] frequency>
  +6.39805310915920411041e-01-j7.55904277860177886694e-01
  +6.03458942495941008666e-01-j7.83474298002165725485e-01
  +5.65478732735856026714e-01-j8.09349656585882648585e-01
  +5.25912742907067576326e-01-j8.33399470894211735761e-01
  +4.84820902560060384978e-01-j8.55487060971919954788e-01
  +4.42276905222651894878e-01-j8.75470781447037271761e-01
  +3.98370161251918541989e-01-j8.93205240620686180542e-01
  +3.53207741124387020193e-01-j9.08542958463690708548e-01
  +3.06916223602868742937e-01-j9.21336506725940362905e-01
  +2.59643344072811754764e-01-j9.31441160197646333962e-01
  +2.11559320435706327279e-01-j9.38718067393733424097e-01
  +1.62857719410789691938e-01-j9.43037921054554084677e-01
  +1.13755717426500979617e-01-j9.44285073993921697522e-01
  +6.44936103227288642925e-02-j9.42362004962607913150e-01
  +1.53334376391446591814e-02-j9.37193994406858355006e-01
  -3.34433872750046420896e-02-j9.28733824580597611131e-01
  -8.15395092707757729311e-02-j9.16966276888829923131e-01
  -1.28646137352433104217e-01-j9.01912166990638142217e-01
  -1.74448567030711043646e-01-j8.83631640851732291786e-01
  -2.18632583274715130983e-01-j8.62226457985739824785e-01
  -2.60891527717486526594e-01-j8.37841015558532520302e-01
  -3.00933739330588811978e-01-j8.10661920480582831594e-01
  -3.38490018660395519667e-01-j7.80915994525941403737e-01
  -3.73320730637735187507e-01-j7.48866694775420338459e-01
  -4.05222156661779242537e-01-j7.14809039809799706688e-01
  -4.34031736473453944036e-01-j6.79063240158037650929e-01
  -4.59631903351802428848e-01-j6.41967327632052775499e-01
  -4.81952306963141452467e-01-j6.03869151328455866512e-01
  -5.00970327489178246516e-01-j5.65118149853958251505e-01
  -5.16709900663410937049e-01-j5.26057315404459768793e-01
  -5.29238783614953467449e-01-j4.87015736025094070349e-01
  -5.38664484763224149511e-01-j4.48302042536155187502e-01
  -5.45129149103823151812e-01-j4.10199004540498290972e-01
  -5.48803728592124451247e-01-j3.72959425926977505839e-01
  -5.49881775553422880165e-01-j3.36803394922933874156e-01
  -5.48573178301969055504e-01-j3.01916856350593398872e-01
  -5.45098118210329496414e-01-j2.68451401296903757743e-01
  -5.39681473484182383515e-01-j2.36525116045434052880e-01
  -5.32547834193315861029e-01-j2.06224299123657639488e-01
  -5.23917232228566454033e-01-j1.77605841565763228340e-01
  -5.14001633928326207013e-01-j1.50700068134240972029e-01
  -5.03002195597966106355e-01-j1.25513852466581615763e-01
  -4.91107244832494627129e-01-j1.02033842823673753797e-01
  -4.78490923841131121641e-01-j8.02296634719389528678e-02
  -4.65312414193047252375e-01-j6.00569864858221877379e-02
  -4.51715654210254280443e-01-j4.14603974332893310262e-02
  -4.37829458928696679809e-01-j2.43760043101830317647e-02
  -4.23767956367388176631e-01-j8.73376124141318072036e-03
  -4.09631261135814384033e-01+j5.54050352870636732272e-03
  -3.95506315751058656893e-01+j1.85233519409742294903e-02
  -3.81467840287460169257e-01+j3.02922791939792337979e-02
  -3.67579341289472449894e-01+j4.09245152354615615575e-02
  -3.53894140648358057621e-01+j5.04960602217916429413e-02
  -3.40456394004812368248e-01+j5.90809275465594696541e-02
  -3.27302075994430952122e-01+j6.67505677162086863419e-02
  -3.14459916235284075992e-01+j7.35734471928821964770e-02
  -3.01952275391042634922e-01+j7.96147579480013661835e-02
  -2.89795955011624084552e-01+j8.49362355686153897016e-02
  -2.78002938271785016155e-01+j8.95960660965023775182e-02
  -2.66581061325900980918e-01+j9.36488641846192210183e-02
  -2.55534616905922329355e-01+j9.71457075047695572945e-02
  -2.44864893132006572474e-01+j1.00134214554511977169e-01
  -2.34570651395112295123e-01+j1.02658655041707583266e-01
  -2.24648547704614037768e-01+j1.04760083847646512378e-01
  -2.15093502155680238452e-01+j1.06476491176775683867e-01
  -2.05899021230044082520e-01+j1.07842962897322466875e-01
  -1.97057477555489635179e-01+j1.08891846274423276242e-01
  -1.88560351559534017385e-01+j1.09652917312264300276e-01
  -1.80398439195793514056e-01+j1.10153546772823851541e-01
  -1.72562029624947599338e-01+j1.10418862645380061460e-01
  -1.65041056415788256473e-01+j1.10471907421827678086e-01
  -1.57825225510814737273e-01+j1.10333789005656005000e-01
  -1.50904122885452768310e-01+j1.10023824463480815461e-01
  -1.44267304527685741311e-01+j1.09559676131649061381e-01
  -1.37904371080254051218e-01+j1.08957479829567327467e-01
  -1.31805029223361291901e-01+j1.08231965117029760304e-01
  -1.25959141633200405463e-01+j1.07396567674565887596e-01
  -1.20356767131167260998e-01+j1.06463533991762920872e-01
  -1.14988192439412439949e-01+j1.05444018625504287723e-01
  -1.09843956780045423627e-01+j1.04348174343887781235e-01
  -1.04914870396011689069e-01+j1.03185235506948289053e-01
  -1.00192027930460988983e-01+j1.01963595056134101458e-01
  -9.56668174765621659450e-02+j1.00690875494160142489e-01
  -9.13309259997133887632e-02+j9.93739942377495771852e-02
  -8.71763417375896743078e-02+j9.80192237202834326659e-02
  -8.31953540989527062788e-02+j9.66322466110760419644e-02
  -7.93805515083083890193e-02+j9.52182065041897451874e-02
  -7.57248175792815669816e-02+j9.37817544137488495748e-02
  -7.22213259435927623642e-02+j9.23270913950696298089e-02
  -6.88635340141489776800e-02+j9.08580075927161306959e-02
  -6.56451759186632982646e-02+j8.93779179978364812786e-02
  -6.25602548040033457077e-02+j8.78898951786937637776e-02
  -5.96030346801241436849e-02+j8.63966992300930214377e-02
  -5.67680319454568482751e-02+j8.49008051698502824722e-02
  -5.40500067124426442078e-02+j8.34044279936040633405e-02
  -5.14439540319769697541e-02+j8.19095455832398178231e-02
  -4.89450950984699761914e-02+j8.04179196490807102204e-02
  -4.65488685026340595630e-02+j7.89311148717658783713e-02
  -4.42509215866503172188e-02+j7.74505163964148563016e-02
  -4.20471019457565806099e-02+j7.59773458192922884757e-02
  -3.99334491112814382596e-02+j7.45126757956340868283e-02
  -3.79061864425143460466e-02+j7.30574433866464506560e-02
  -3.59617132483370793850e-02+j7.16124622537771537978e-02
  -3.40965971541014531421e-02+j7.01784337992760187674e-02
  -3.23075667246794304144e-02+j6.87559573436609255959e-02
  -3.05915043507956931068e-02+j6.73455394229875853318e-02
  -2.89454394025727909656e-02+j6.59476022817467588677e-02
  -2.73665416516059023522e-02+j6.45624916306940938027e-02
  -2.58521149607242005375e-02+j6.31904837329798629852e-02
  -2.43995912388460904630e-02+j6.18317918764747093130e-02
  -2.30065246569270340227e-02+j6.04865722852119744313e-02
  -2.16705861198602002526e-02+j5.91549295182818429817e-02
  -2.03895579883367726592e-02+j5.78369214003590301210e-02
  -1.91613290439727988745e-02+j5.65325635242188567764e-02
  -1.79838896905438229423e-02+j5.52418333621348123241e-02
  -1.68553273837890212061e-02+j5.39646740198463925609e-02
  -1.57738222820354850873e-02+j5.27009976639009197763e-02
  -1.47376431097685500760e-02+j5.14506886505343014049e-02
  -1.37451432262208541463e-02+j5.02136063818163433381e-02
  -1.27947568910881780829e-02+j4.89895879126095445955e-02
  -1.18849957195672380206e-02+j4.77784503298552473693e-02
  -1.10144453190317726660e-02+j4.65799929238981877400e-02
  -1.01817620998341500788e-02+j4.53939991698626976735e-02
  -9.38567025292070915288e-03+j4.42202385355898591746e-02
  -8.62495888715397382440e-03+j4.30584681312440945011e-02
  -7.89847931947760921456e-03+j4.19084342144421459486e-02
  -7.20514251130711588789e-03+j4.07698735635980552550e-02
  -6.54391664477513724379e-03+j3.96425147311311384946e-02
  -5.91382483272169089811e-03+j3.85260791872186342255e-02
  -5.31394295658828026002e-03+j3.74202823639198933758e-02
  -4.74339762662117671310e-03+j3.63248346086853524106e-02
  -4.20136425905967905714e-03+j3.52394420555560694552e-02
  -3.68706526523089692798e-03+j3.41638074216973827713e-02
  -3.19976834773334035608e-03+j3.30976307363162469688e-02
  -2.73878489912376737667e-03+j3.20406100084668563066e-02
  -2.30346849877223871020e-03+j3.09924418397537135283e-02
  -1.89321350377428892185e-03+j2.99528219875122916904e-02
  -1.50745373003868831686e-03+j2.89214458836200734304e-02
  -1.14566121988235220149e-03+j2.78980091137483107722e-02
  -8.07345092673597856600e-04+j2.68822078615199543117e-02
  -4.92050475277082724999e-04+j2.58737393217569437709e-02
  -1.99357509225592542711e-04+j2.48723020867252404831e-02
  +7.11195682432169879773e-05+j2.38775965090580813421e-02
  +3.19733271991301764951e-04+j2.28893250448158371013e-02
  +5.46803648149122916919e-04+j2.19071925799765587772e-02
  +7.52618987008557603982e-04+j2.09309067434613471637e-02
  +9.37436471855093125978e-04+j1.99601782096828044011e-02
  +1.10148276579116201866e-03+j1.89947209934663227560e-02
  +1.24495453847535777515e-03+j1.80342527401034895262e-02
  +1.36801893455766100140e-03+j1.70784950132029551828e-02
  +1.47081398547449526161e-03+j1.61271735829475043600e-02
  +1.55344896613845051721e-03+j1.51800187173113387828e-02
  +1.61600469795358434554e-03+j1.42367654787494742757e-02
  +1.65853379947600819422e-03+j1.32971540288688728354e-02
  +1.68106088594789410302e-03+j1.23609299435692987501e-02
  +1.68358271883076344999e-03+j1.14278445411635891371e-02
  +1.66606830640202152605e-03+j1.04976552260044563025e-02
  +1.62845895637285823995e-03+j9.57012585018908457091e-03
  +1.57066828144853797705e-03+j8.64502709595515138330e-03
  +1.49258215866964220539e-03+j7.72213688145978981170e-03
  +1.39405864333217647914e-03+j6.80124079271109648059e-03
  +1.27492783823934612529e-03+j5.88213254450032675680e-03
  +1.13499171900237837661e-03+j4.96461447331401819344e-03
  +9.74023916092075646607e-04+j4.04849806531426027745e-03
  +7.91769454314820357414e-04+j3.13360452261574875740e-03
  +5.87944450407162271313e-04+j2.21976537123910093799e-03
  +3.62235769428421940271e-04+j1.30682311428842110046e-03
  +1.14300640686255228868e-04+j3.94631934094947600753e-04
  -1.56233766067271961702e-04-j5.16941552751323482075e-04
  -4.49770803341294309486e-04-j1.42801748332922664314e-03
  -7.66744846636542207695e-04-j2.33870187488400280498e-03
  -1.10762183222677646453e-03-j3.24908568526772155438e-03
  -1.47289983089758679848e-03-j4.15924380240948604603e-03
  -1.86310965642534176294e-03-j5.06923395762752960342e-03
  -2.27881550740999163501e-03-j5.97909555727222253446e-03
  -2.72061564089131615804e-03-j6.88884842688014965156e-03
  -3.18914307596045425858e-03-j7.79849146164901443207e-03
  -3.68506632531778949638e-03-j8.70800117668593144649e-03
  -4.20909015245317114778e-03-j9.61733015010348378515e-03
  -4.76195635178081663058e-03-j1.05264053515956804846e-02
  -5.34444454868619918397e-03-j1.14351263487225077858e-02
</dep>
<dep S[1,1] frequency>
  -8.26474613993932877287e-02-j7.17157699857295383161e-02
  -9.44694325605370255339e-02-j7.44130749125798407473e-02
  -1.07342538500428130721e-01-j7.65355963429558971978e-02
  -1.21280842354908449665e-01-j7.79584975030050697509e-02
  -1.36285300244580520612e-01-j7.85472530611769637066e-02
  -1.52341615727693280302e-01-j7.81587034603676567013e-02
  -1.69418067346225498238e-01-j7.66425092080838810116e-02
  -1.87463375689318922923e-01-j7.38430531119729227640e-02
  -2.06404694866266530395e-01-j6.96018302503521590907e-02
  -2.26145832097985166609e-01-j6.37603515700197465144e-02
  -2.46565816763716916249e-01-j5.61635665292924135539e-02
  -2.67517954550963887872e-01-j4.66637826351046780538e-02
  -2.88829510852221527095e-01-j3.51250251762216803009e-02
  -3.10302167386577010255e-01-j2.14277399063186602124e-02
  -3.31713384388797383195e-01-j5.47369694937907547150e-03
  -3.52818775207921930814e-01+j1.28090909261762975202e-02
  -3.73355559328729935675e-01+j3.34616638213989792128e-02
  -3.93047103738006387008e-01+j5.64898842562673586531e-02
  -4.11608493243337425493e-01+j8.18609581044414669204e-02
  -4.28752992166576030186e-01+j1.09500981000838493173e-01
  -4.44199179381003561584e-01+j1.39293756685369557458e-01
  -4.57678464324360656512e-01+j1.71081080130182250354e-01
  -4.68942632608868814614e-01+j2.04664600242131428098e-01
  -4.77771034885623002708e-01+j2.39809279553369864013e-01
  -4.83977028429813382893e-01+j2.76248360085807165287e-01
  -4.87413310847611025434e-01+j3.13689636416535022612e-01
  -4.87975848441818571555e-01+j3.51822740782915310831e-01
  -4.85606192684335913334e-01+j3.90327071871393427305e-01
  -4.80292087649458854237e-01+j4.28879957126099053966e-01
  -4.72066387368864415208e-01+j4.67164632320851591629e-01
  -4.61004412436217370086e-01+j5.04877651432439567003e-01
  -4.47219968623603358893e-01+j5.41735399696185782048e-01
  -4.30860318451835255793e-01+j5.77479464802513442478e-01
  -4.12100435098179063154e-01+j6.11880715209011549760e-01
  -3.91136876315646864199e-01+j6.44742029923847548289e-01
  -3.68181597352474299090e-01+j6.75899711538280989487e-01
  -3.43455981973807999985e-01+j7.05223686758114975959e-01
  -3.17185316749048151763e-01+j7.32616652073667440348e-01
  -2.89593873105709054272e-01+j7.58012355233394496956e-01
  -2.60900700805677621119e-01+j7.81373216970428163819e-01
  -2.31316180604521887121e-01+j8.02687494819368740906e-01
  -2.01039336360336828857e-01+j8.21966175668531251475e-01
  -1.70255869567407236431e-01+j8.39239760012930879896e-01
  -1.39136852596207394317e-01+j8.54555072547316552090e-01
  -1.07838000156320334977e-01+j8.67972204012349757285e-01
  -7.64994303169264089348e-02+j8.79561660558091595874e-01
  -4.52458251231966923633e-02+j8.89401771011457675797e-01
  -1.41869046720495828318e-02+j8.97576380306460142045e-01
  +1.65818641947454437080e-02+j9.04172839354436930215e-01
  +4.69783940784722631179e-02+j9.09280287759014704818e-01
  +7.69329973384409449011e-02+j9.12988215689574111877e-01
  +1.06387349472643083503e-01+j9.15385284422435718810e-01
  +1.35293434734157363986e-01+j9.16558380974679343112e-01
  +1.63612504294275901140e-01+j9.16591880322471630471e-01
  +1.91314069511513556998e-01+j9.15567088386796568145e-01
  +2.18374946286974125353e-01+j9.13561839824530874665e-01
  +2.44778361056413873431e-01+j9.10650226297790466035e-01
  +2.70513124605214927421e-01+j9.06902433003516472709e-01
  +2.95572876478690738100e-01+j9.02384663592668001542e-01
  +3.19955400167098669151e-01+j8.97159136021542180650e-01
  +3.43662007340885533591e-01+j8.91284134234618496961e-01
  +3.66696988074097895982e-01+j8.84814102799247326203e-01
  +3.89067123108970847056e-01+j8.77799773648966219497e-01
  +4.10781253685796987618e-01+j8.70288315920037969242e-01
  +4.31849904205201418073e-01+j8.62323501477657239356e-01
  +4.52284952935678496999e-01+j8.53945880128623269201e-01
  +4.72099346072047287848e-01+j8.45192959718228387089e-01
  +4.91306850644605996870e-01+j8.36099387327129073277e-01
  +5.09921842039926742629e-01+j8.26697128637751466051e-01
  +5.27959122194762597857e-01+j8.17015643248693135270e-01
  +5.45433764844762802859e-01+j8.07082054298413287263e-01
  +5.62360984534301944215e-01+j7.96921311234014329017e-01
  +5.78756026412543533866e-01+j7.86556344943325824737e-01
  +5.94634074146384694615e-01+j7.76008214773280191601e-01
  +6.10010173568591662630e-01+j7.65296247197653212169e-01
  +6.24899169946562360600e-01+j7.54438166083572836484e-01
  +6.39315657002451853685e-01+j7.43450214648564311481e-01
  +6.53273936038418434613e-01+j7.32347269306200532313e-01
  +6.66787983722304411494e-01+j7.21142945675763868962e-01
  +6.79871427269675754346e-01+j7.09849697085281672315e-01
  +6.92537525919481478098e-01+j6.98478905932781835020e-01
  +7.04799157743770554596e-01+j6.87040968291411702218e-01
  +7.16668810958565716263e-01+j6.75545372153672385451e-01
  +7.28158579014679840924e-01+j6.64000769710792693168e-01
  +7.39280158845354029573e-01+j6.52415044057559567747e-01
  +7.50044851733565942631e-01+j6.40795370702419653242e-01
  +7.60463566337031826592e-01+j6.29148274248576777623e-01
  +7.70546823474421271882e-01+j6.17479680595587443470e-01
  +7.80304762333434265287e-01+j6.05794964992965034867e-01
  +7.89747147810841432225e-01+j5.94098996258794254111e-01
  +7.98883378737675675652e-01+j5.82396177457238151121e-01
  +8.07722496779904153286e-01+j5.70690483310019258667e-01
  +8.16273195837087905957e-01+j5.58985494598389975884e-01
  +8.24543831789319781045e-01+j5.47284429794179017037e-01
  +8.32542432466610415887e-01+j5.35590174141292618692e-01
  +8.40276707735493011420e-01+j5.23905306392641545443e-01
  +8.47754059615287269835e-01+j5.12232123392007299145e-01
  +8.54981592351609420710e-01+j5.00572662675738522253e-01
  +8.61966122387681443762e-01+j4.88928723255530606195e-01
  +8.68714188185099489559e-01+j4.77301884730781111887e-01
  +8.75232059855140631655e-01+j4.65693524867148600510e-01
  +8.81525748569736311566e-01+j4.54104835766938830233e-01
  +8.87601015728055053877e-01+j4.42536838746749872087e-01
  +8.93463381860420069458e-01+j4.30990398028370635952e-01
  +8.99118135256137263056e-01+j4.19466233340271776875e-01
  +9.04570340305901554601e-01+j4.07964931518988715986e-01
  +9.09824845552883898492e-01+j3.96486957192369260383e-01
  +9.14886291449438004975e-01+j3.85032662619856802522e-01
  +9.19759117818729876603e-01+j3.73602296758790752840e-01
  +9.24447571022540270924e-01+j3.62196013620001755484e-01
  +9.28955710838051840206e-01+j3.50813879970738318193e-01
  +9.33287417047742873244e-01+j3.39455882438186140604e-01
  +9.37446395747477678739e-01+j3.28121934062453379788e-01
  +9.41436185378738521479e-01+j3.16811880343860097220e-01
  +9.45260162491488031833e-01+j3.05525504825733540404e-01
  +9.48921547244649943309e-01+j2.94262534250495588761e-01
  +9.52423408651493774713e-01+j2.83022643323785572100e-01
  +9.55768669577410578952e-01+j2.71805459118558634390e-01
  +9.58960111497680456338e-01+j2.60610565148471473584e-01
  +9.62000379022879048563e-01+j2.49437505137591775117e-01
  +9.64891984199519381349e-01+j2.38285786511239716656e-01
  +9.67637310593457700136e-01+j2.27154883630867526767e-01
  +9.70238617163463046289e-01+j2.16044240794046438214e-01
  +9.72698041932184231939e-01+j2.04953275019011837976e-01
  +9.75017605461563352520e-01+j1.93881378631707013138e-01
  +9.77199214139549243718e-01+j1.82827921671900733847e-01
  +9.79244663284703498185e-01+j1.71792254133708299779e-01
  +9.81155640075100032860e-01+j1.60773708054700759096e-01
  +9.82933726307640753816e-01+j1.49771599466748450702e-01
  +9.84580400993665616483e-01+j1.38785230220799055134e-01
  +9.86097042796492129213e-01+j1.27813889696924642969e-01
  +9.87484932316253116724e-01+j1.16856856410183201911e-01
  +9.88745254227152092774e-01+j1.05913399522136450481e-01
  +9.89879099272008788901e-01+j9.49827802672036924925e-02
  +9.90887466118713922114e-01+j8.40642533024532900843e-02
  +9.91771263082971366032e-01+j7.31570679888884217723e-02
  +9.92531309721470522689e-01+j6.22604696118212314060e-02
  +9.93168338299398878455e-01+j5.13737005474756494583e-02
  +9.93682995135978686108e-01+j4.04960013825932732545e-02
  +9.94075841831502882151e-01+j2.96266119934352548104e-02
  +9.94347356379108537894e-01+j1.87647725903098416822e-02
  +9.94497934164369490340e-01+j7.90972473344088780611e-03
  +9.94527888855531672085e-01-j2.93928767423027930902e-03
  +9.94437453187090980578e-01-j1.37830174119184436371e-02
  +9.94226779639181712511e-01-j2.46222129783434662276e-02
  +9.93895941015098260962e-01-j3.54576176364998219004e-02
  +9.93444930919103352807e-01-j4.62899684609126699231e-02
  +9.92873664136513678358e-01-j5.71199953825521217210e-02
  +9.92181976917908770019e-01-j6.79484202266370240775e-02
  +9.91369627169171208081e-01-j7.87759557386271958013e-02
  +9.90436294548929785364e-01-j8.96033045937193739494e-02
  +9.89381580474854249729e-01-j1.00431158385163199487e-01
  +9.88205008040143662029e-01-j1.11260196586713058786e-01
  +9.86906021841427616437e-01-j1.22091085484479500156e-01
  +9.85483987719224741042e-01-j1.32924477073391555937e-01
  +9.83938192411993983733e-01-j1.43761007913400795655e-01
  +9.82267843124762007889e-01-j1.54601297940463955349e-01
  +9.80472067013214543252e-01-j1.65445949227209010424e-01
  +9.78549910584113558087e-01-j1.76295544688062910677e-01
  +9.76500339012838725061e-01-j1.87150646723449609610e-01
  +9.74322235378827894436e-01-j1.98011795797481071624e-01
  +9.72014399819677965553e-01-j2.08879508943371039464e-01
  +9.69575548604652448503e-01-j2.19754278190565421891e-01
  +9.67004313128372317010e-01-j2.30636568907343131318e-01
  +9.64299238825473192804e-01-j2.41526818052357289401e-01
  +9.61458784007085509593e-01-j2.52425432328313825714e-01
  +9.58481318620028499566e-01-j2.63332786230647264425e-01
  +9.55365122929737631274e-01-j2.74249219983713932169e-01
  +9.52108386128008632454e-01-j2.85175037356664273780e-01
  +9.48709204866824640234e-01-j2.96110503350755616125e-01
  +9.45165581719656033854e-01-j3.07055841749438784838e-01
  +9.41475423571853209381e-01-j3.18011232522113607146e-01
  +9.37636539941947066978e-01-j3.28976809071962028597e-01
  +9.33646641235960528249e-01-j3.39952655317770746635e-01
  +9.29503336937131718898e-01-j3.50938802599104648916e-01
  +9.25204133733778855131e-01-j3.61935226393631515052e-01
  +9.20746433588468082831e-01-j3.72941842834811798646e-01
  +9.16127531752055634939e-01-j3.83958505017498064049e-01
  +9.11344614726709023600e-01-j3.94984999078375476067e-01
  +9.06394758182562432225e-01-j4.06021040037440883452e-01
  +9.01274924833313062500e-01-j4.17066267385996169992e-01
</dep>
