<Qucs Dataset 1.0.7>
<indep frequency 181>
  +1.00000000000000000000e+09
  +1.05000000000000000000e+09
  +1.10000000000000000000e+09
  +1.15000000000000000000e+09
  +1.20000000000000000000e+09
  +1.25000000000000000000e+09
  +1.30000000000000000000e+09
  +1.35000000000000000000e+09
  +1.40000000000000000000e+09
  +1.45000000000000000000e+09
  +1.50000000000000000000e+09
  +1.55000000000000000000e+09
  +1.60000000000000000000e+09
  +1.65000000000000000000e+09
  +1.70000000000000000000e+09
  +1.75000000000000000000e+09
  +1.80000000000000000000e+09
  +1.85000000000000000000e+09
  +1.90000000000000000000e+09
  +1.95000000000000000000e+09
  +2.00000000000000000000e+09
  +2.05000000000000000000e+09
  +2.10000000000000000000e+09
  +2.15000000000000000000e+09
  +2.20000000000000000000e+09
  +2.25000000000000000000e+09
  +2.30000000000000000000e+09
  +2.35000000000000000000e+09
  +2.40000000000000000000e+09
  +2.45000000000000000000e+09
  +2.50000000000000000000e+09
  +2.55000000000000000000e+09
  +2.60000000000000000000e+09
  +2.65000000000000000000e+09
  +2.70000000000000000000e+09
  +2.75000000000000000000e+09
  +2.80000000000000000000e+09
  +2.85000000000000000000e+09
  +2.90000000000000000000e+09
  +2.95000000000000000000e+09
  +3.00000000000000000000e+09
  +3.05000000000000000000e+09
  +3.10000000000000000000e+09
  +3.15000000000000000000e+09
  +3.20000000000000000000e+09
  +3.25000000000000000000e+09
  +3.30000000000000000000e+09
  +3.35000000000000000000e+09
  +3.40000000000000000000e+09
  +3.45000000000000000000e+09
  +3.50000000000000000000e+09
  +3.55000000000000000000e+09
  +3.60000000000000000000e+09
  +3.65000000000000000000e+09
  +3.70000000000000000000e+09
  +3.75000000000000000000e+09
  +3.80000000000000000000e+09
  +3.85000000000000000000e+09
  +3.90000000000000000000e+09
  +3.95000000000000000000e+09
  +4.00000000000000000000e+09
  +4.05000000000000000000e+09
  +4.10000000000000000000e+09
  +4.15000000000000000000e+09
  +4.20000000000000000000e+09
  +4.25000000000000000000e+09
  +4.30000000000000000000e+09
  +4.35000000000000000000e+09
  +4.40000000000000000000e+09
  +4.45000000000000000000e+09
  +4.50000000000000000000e+09
  +4.55000000000000000000e+09
  +4.60000000000000000000e+09
  +4.65000000000000000000e+09
  +4.70000000000000000000e+09
  +4.75000000000000000000e+09
  +4.80000000000000000000e+09
  +4.85000000000000000000e+09
  +4.90000000000000000000e+09
  +4.95000000000000000000e+09
  +5.00000000000000000000e+09
  +5.05000000000000000000e+09
  +5.10000000000000000000e+09
  +5.15000000000000000000e+09
  +5.20000000000000000000e+09
  +5.25000000000000000000e+09
  +5.30000000000000000000e+09
  +5.35000000000000000000e+09
  +5.40000000000000000000e+09
  +5.45000000000000000000e+09
  +5.50000000000000000000e+09
  +5.55000000000000000000e+09
  +5.60000000000000000000e+09
  +5.65000000000000000000e+09
  +5.70000000000000000000e+09
  +5.75000000000000000000e+09
  +5.80000000000000000000e+09
  +5.85000000000000000000e+09
  +5.90000000000000000000e+09
  +5.95000000000000000000e+09
  +6.00000000000000000000e+09
  +6.05000000000000000000e+09
  +6.10000000000000000000e+09
  +6.15000000000000000000e+09
  +6.20000000000000000000e+09
  +6.25000000000000000000e+09
  +6.30000000000000000000e+09
  +6.35000000000000000000e+09
  +6.40000000000000000000e+09
  +6.45000000000000000000e+09
  +6.50000000000000000000e+09
  +6.55000000000000000000e+09
  +6.60000000000000000000e+09
  +6.65000000000000000000e+09
  +6.70000000000000000000e+09
  +6.75000000000000000000e+09
  +6.80000000000000000000e+09
  +6.85000000000000000000e+09
  +6.90000000000000000000e+09
  +6.95000000000000000000e+09
  +7.00000000000000000000e+09
  +7.05000000000000000000e+09
  +7.10000000000000000000e+09
  +7.15000000000000000000e+09
  +7.20000000000000000000e+09
  +7.25000000000000000000e+09
  +7.30000000000000000000e+09
  +7.35000000000000000000e+09
  +7.40000000000000000000e+09
  +7.45000000000000000000e+09
  +7.50000000000000000000e+09
  +7.55000000000000000000e+09
  +7.60000000000000000000e+09
  +7.65000000000000000000e+09
  +7.70000000000000000000e+09
  +7.75000000000000000000e+09
  +7.80000000000000000000e+09
  +7.85000000000000000000e+09
  +7.90000000000000000000e+09
  +7.95000000000000000000e+09
  +8.00000000000000000000e+09
  +8.05000000000000000000e+09
  +8.10000000000000000000e+09
  +8.15000000000000000000e+09
  +8.20000000000000000000e+09
  +8.25000000000000000000e+09
  +8.30000000000000000000e+09
  +8.35000000000000000000e+09
  +8.40000000000000000000e+09
  +8.45000000000000000000e+09
  +8.50000000000000000000e+09
  +8.55000000000000000000e+09
  +8.60000000000000000000e+09
  +8.65000000000000000000e+09
  +8.70000000000000000000e+09
  +8.75000000000000000000e+09
  +8.80000000000000000000e+09
  +8.85000000000000000000e+09
  +8.90000000000000000000e+09
  +8.95000000000000000000e+09
  +9.00000000000000000000e+09
  +9.05000000000000000000e+09
  +9.10000000000000000000e+09
  +9.15000000000000000000e+09
  +9.20000000000000000000e+09
  +9.25000000000000000000e+09
  +9.30000000000000000000e+09
  +9.35000000000000000000e+09
  +9.40000000000000000000e+09
  +9.45000000000000000000e+09
  +9.50000000000000000000e+09
  +9.55000000000000000000e+09
  +9.60000000000000000000e+09
  +9.65000000000000000000e+09
  +9.70000000000000000000e+09
  +9.75000000000000000000e+09
  +9.80000000000000000000e+09
  +9.85000000000000000000e+09
  +9.90000000000000000000e+09
  +9.95000000000000000000e+09
  +1.00000000000000000000e+10
</indep>
<dep S21_phase frequency>
  -8.07369813622849790136e+01
  -8.21374500113336978302e+01
  -8.34678179674073419392e+01
  -8.47362629017838457912e+01
  -8.59498143003151540142e+01
  -8.71145424796865910366e+01
  -8.82357130151873860768e+01
  -8.93179133760151273691e+01
  -9.03651571826674882004e+01
  -9.13809703952505998359e+01
  -9.23684628634075721720e+01
  -9.33303879739518578162e+01
  -9.42691925836790005633e+01
  -9.51870589914780396157e+01
  -9.60859403610603095558e+01
  -9.69675907339338891688e+01
  -9.78335905562706074079e+01
  -9.86853684711403502661e+01
  -9.95242199898641217715e+01
  -1.00351323545645414015e+02
  -1.01167754343603206735e+02
  -1.01974496349256199323e+02
  -1.02772452699077035732e+02
  -1.03562454769112321173e+02
  -1.04345270098718685858e+02
  -1.05121609334539058977e+02
  -1.05892132333542335232e+02
  -1.06657453542205104213e+02
  -1.07418146750937779643e+02
  -1.08174749307809790366e+02
  -1.08927765863230575860e+02
  -1.09677671706646790994e+02
  -1.10424915747664044829e+02
  +6.88300768134646148155e+01
  +6.80869020873701344954e+01
  +6.73451753355098645670e+01
  +6.66045290198514408075e+01
  +6.58646110369801220941e+01
  +6.51250831149397129138e+01
  +6.43856193537183685294e+01
  +6.36459048927350963254e+01
  +6.29056346907844741168e+01
  +6.21645124056008739899e+01
  +6.14222493618127884929e+01
  +6.06785635973236807672e+01
  +5.99331789793605267391e+01
  +5.91858243823993745991e+01
  +5.84362329210716779926e+01
  +5.76841412319159587696e+01
  +5.69292887985013891239e+01
  +5.61714173150498368159e+01
  +5.54102700841993822678e+01
  +5.46455914450000648230e+01
  +5.38771262276518498879e+01
  +5.31046192318495684503e+01
  +5.23278147259217689680e+01
  +5.15464559642453963306e+01
  +5.07602847206777880729e+01
  +4.99690408359845505970e+01
  +4.91724617774625940569e+01
  +4.83702822091622834932e+01
  +4.75622335713026345161e+01
  +4.67480436676427402176e+01
  +4.59274362597627785476e+01
  +4.51001306673594655194e+01
  +4.42658413738339433507e+01
  +4.34242776366119969111e+01
  +4.25751431018058923428e+01
  +4.17181354229986425253e+01
  +4.08529458841110368894e+01
  +3.99792590264982692361e+01
  +3.90967522806334812913e+01
  +3.82050956029381367784e+01
  +3.73039511185671770477e+01
  +3.63929727711993891148e+01
  +3.54718059811718120500e+01
  +3.45400873135895949417e+01
  +3.35974441583905374387e+01
  +3.26434944246982894356e+01
  +3.16778462522105677124e+01
  +3.07000977428117174384e+01
  +2.97098367160828047417e+01
  +2.87066404929253664591e+01
  +2.76900757120969061020e+01
  +2.66596981850969960703e+01
  +2.56150527955449014428e+01
  +2.45556734499405884264e+01
  +2.34810830875241585147e+01
  +2.23907937578183648952e+01
  +2.12843067753939649833e+01
  +2.01611129623657809873e+01
  +1.90206929902010770661e+01
  +1.78625178334939036517e+01
  +1.66860493494843709072e+01
  +1.54907409982432664464e+01
  +1.42760387195663263071e+01
  +1.30413819837283391223e+01
  +1.17862050342744222320e+01
  +1.05099383419494536440e+01
  +9.21201028963030488228e+00
  +7.89184910866402411500e+00
  +6.54888508726432849727e+00
  +5.18255307148319133148e+00
  +3.79229527866964266636e+00
  +2.37756444214477813404e+00
  +9.37827303928920441578e-01
  -5.27431530349170785144e-01
  -2.01870536390486732259e+00
  -3.53646080292250530874e+00
  -5.08113277263683915663e+00
  -6.65311916299619898751e+00
  -8.25277512027097337466e+00
  -9.88040701121884978875e+00
  -1.15362660981657469961e+01
  -1.32205419765314875491e+01
  -1.49333558408182582866e+01
  -1.66747536606285216010e+01
  -1.84446993645233838777e+01
  -2.02430681460369434888e+01
  -2.20696400222559212523e+01
  -2.39240937903685129129e+01
  -2.58060015405780269759e+01
  -2.77148238938322251101e+01
  -2.96499061389129217048e+01
  -3.16104754445563500553e+01
  -3.35956393174681764435e+01
  -3.56043854655885851912e+01
  -3.76355832071688567453e+01
  -3.96879865398937212717e+01
  -4.17602389506321074464e+01
  -4.38508800059721650655e+01
  -4.59583537176825771553e+01
  -4.80810186271760926502e+01
  -5.02171595009854101477e+01
  -5.23650004775287527536e+01
  -5.45227194566124424568e+01
  -5.66884634797042465948e+01
  -5.88603648134695589533e+01
  -6.10365574233590209019e+01
  -6.32151935097336590275e+01
  -6.53944597769264106546e+01
  -6.75725931159132784387e+01
  -6.97478954032831524046e+01
  -7.19187471516390530724e+01
  -7.40836197875884465702e+01
  -7.62410863807646848045e+01
  -7.83898306983606261156e+01
  -8.05286545118602106186e+01
  -8.26564831336134204776e+01
  -8.47723692084488078535e+01
  -8.68754948279106145037e+01
  -8.89651720706983724085e+01
  -9.10408421016349649335e+01
  -9.31020729827380364441e+01
  -9.51485563637960183314e+01
  -9.71801032267195665781e+01
  -9.91966388585985185955e+01
  -1.01198197223716775284e+02
  -1.03184914895787514411e+02
  -1.05157024699378453647e+02
  -1.07114849194864532933e+02
  -1.09058794125195333891e+02
  -1.10989341926059253751e+02
  -1.12907045384322699988e+02
  -1.14812521513439492082e+02
  -1.16706445699256576631e+02
  -1.18589546155550891626e+02
  -1.20462598715878385747e+02
  -1.22326421976992676832e+02
  -1.24181872799189278567e+02
  -1.26029842160400519901e+02
  -1.27871251353628181846e+02
  -1.29707048511232414967e+02
  -1.31538205434557255558e+02
  -1.33365714703245146211e+02
  -1.35190587035211081002e+02
  -1.37013848865505082131e+02
  -1.38836540110044040830e+02
  -1.40659712078345165764e+02
  -1.42484425497840646813e+02
  -1.44311748611020703947e+02
</dep>
<dep S11_phase frequency>
  -1.70739515045040832320e+02
  -1.72139662122116959608e+02
  -1.73469706530918728049e+02
  -1.74737825343651422827e+02
  -1.75951047539358427230e+02
  -1.77115443002917317017e+02
  -1.78236276939273238895e+02
  -1.79318136498026120762e+02
  +1.79634964977746761861e+02
  +1.78619501770086600345e+02
  +1.77632364241836000929e+02
  +1.76670799193597872545e+02
  +1.75732359934704419402e+02
  +1.74814864314244800880e+02
  +1.73916359300951796740e+02
  +1.73035090972422040068e+02
  +1.72169478990101026739e+02
  +1.71318094808615683178e+02
  +1.70479643005761317909e+02
  +1.69652945230007844657e+02
  +1.68836926351453740835e+02
  +1.68030602474188725637e+02
  +1.67233070526471408357e+02
  +1.66443499192752938143e+02
  +1.65661120990497238381e+02
  +1.64885225326695149306e+02
  +1.64115152395258860452e+02
  +1.63350287798215958901e+02
  +1.62590057791634365003e+02
  +1.61833925072183689053e+02
  +1.61081385032743895636e+02
  +1.60331962425935699912e+02
  +1.59585208383225022999e+02
  +1.58840697744656921486e+02
  +1.58098026660518172548e+02
  +1.57356810431518567839e+02
  +1.56616681558570974175e+02
  +1.55877287977079987513e+02
  +1.55138291453908067297e+02
  +1.54399366127987804020e+02
  +1.53660197177940858637e+02
  +1.52920479602131621277e+02
  +1.52179917098352888161e+02
  +1.51438221031885461798e+02
  +1.50695109481993512190e+02
  +1.49950306358077199320e+02
  +1.49203540577708508863e+02
  +1.48454545299645332079e+02
  +1.47703057205690754472e+02
  +1.46948815825929472112e+02
  +1.46191562902465648222e+02
  +1.45431041787300614487e+02
  +1.44666996870452209123e+02
  +1.43899173034818772976e+02
  +1.43127315134656015516e+02
  +1.42351167494856042595e+02
  +1.41570473428507767721e+02
  +1.40784974770483160000e+02
  +1.39994411425028602025e+02
  +1.39198520925563428818e+02
  +1.38397038005088148793e+02
  +1.37589694175795614228e+02
  +1.36776217316657294987e+02
  +1.35956331267931460616e+02
  +1.35129755431702591295e+02
  +1.34296204377733289448e+02
  +1.33455387454068443276e+02
  +1.32607008402003430092e+02
  +1.31750764975199672335e+02
  +1.30886348562909063276e+02
  +1.30013443817462103880e+02
  +1.29131728286369707348e+02
  +1.28240872049614296202e+02
  +1.27340537362932352039e+02
  +1.26430378308148164024e+02
  +1.25510040451899499203e+02
  +1.24579160514395283599e+02
  +1.23637366050185406152e+02
  +1.22684275143288445520e+02
  +1.21719496119427361691e+02
  +1.20742627278571930560e+02
  +1.19753256651471247096e+02
  +1.18750961784402406352e+02
  +1.17735309556944287124e+02
  +1.16705856038231345906e+02
  +1.15662146387842099671e+02
  +1.14603714808231003985e+02
  +1.13530084556441394739e+02
  +1.12440768023705786050e+02
  +1.11335266892496889568e+02
  +1.10213072381573240932e+02
  +1.09073665590631478040e+02
  +1.07916517957258335514e+02
  +1.06741091840012984449e+02
  +1.05546841242608365974e+02
  +1.04333212695302975703e+02
  +1.03099646310724182285e+02
  +1.01845577032386700012e+02
  +1.00570436095109116081e+02
  +9.92736527173126006574e+01
  +9.79546560457424959623e+01
  +9.66128773734366461667e+01
  +9.52477526516519645838e+01
  +9.38587253159032002259e+01
  +9.24452494451250288421e+01
  +9.10067932711421008207e+01
  +8.95428430529901788759e+01
  +8.80529073270565163511e+01
  +8.65365215393496214347e+01
  +8.49932530603775546751e+01
  +8.34227065759579318183e+01
  +8.18245298387687682862e+01
  +8.01984197555031528282e+01
  +7.85441287731208745981e+01
  +7.68614715150187208792e+01
  +7.51503316041024191918e+01
  +7.34106685950632851245e+01
  +7.16425249230624388019e+01
  +6.98460327610817159893e+01
  +6.80214206642207841469e+01
  +6.61690198671434615108e+01
  +6.42892700919492909861e+01
  +6.23827247194357141780e+01
  +6.04500551788452966662e+01
  +5.84920544220188745044e+01
  +5.65096393703560835320e+01
  +5.45038522610678768388e+01
  +5.24758608788063938277e+01
  +5.04269577490611951021e+01
  +4.83585585061772320614e+01
  +4.62721998589602634411e+01
  +4.41695379115473514275e+01
  +4.20523481555304172730e+01
  +3.99225294318538104221e+01
  +3.77821159947850233607e+01
  +3.56333054566746056935e+01
  +3.34785181663879072289e+01
  +3.13205215217634211911e+01
  +2.91626982872125708468e+01
  +2.70096683458375323994e+01
  +2.48689096440421764100e+01
  +2.27558461150915576354e+01
  +2.07156341731442665832e+01
  +1.90018058359135793012e+01
  -1.68188354392712682284e+02
  -1.66753531217971357137e+02
  -1.68625324801635912308e+02
  -1.70661611152112925538e+02
  -1.72735731650928585168e+02
  -1.74818388433531310966e+02
  -1.76898804106276458015e+02
  -1.78971890657990627460e+02
  +1.78965155309949864204e+02
  +1.76914030557203375338e+02
  +1.74875810364557793264e+02
  +1.72851175725433478192e+02
  +1.70840531363608704396e+02
  +1.68844072860576631001e+02
  +1.66861828174841832606e+02
  +1.64893685426601138033e+02
  +1.62939412886493386168e+02
  +1.60998674292935703534e+02
  +1.59071041211213525912e+02
  +1.57156003406715797155e+02
  +1.55252977801469086216e+02
  +1.53361316357313967274e+02
  +1.51480313099956816814e+02
  +1.49609210423323418127e+02
  +1.47747204770007954266e+02
  +1.45893451758210744629e+02
  +1.44047070810931472806e+02
  +1.42207149334934257467e+02
  +1.40372746492532456841e+02
  +1.38542896606992741226e+02
  +1.36716612241373923098e+02
  +1.34892886990359329502e+02
  +1.33070698024770052825e+02
  +1.31249008428780001623e+02
  +1.29426769370301514073e+02
  +1.27602922145515236707e+02
  +1.25776400139066026895e+02
</dep>
<dep S21_dB frequency>
  -1.06599764890801012029e+01
  -1.11750284489639728491e+01
  -1.16857820643788112847e+01
  -1.21936391528145762209e+01
  -1.27000099118225051598e+01
  -1.32063224619655059655e+01
  -1.37140354125040069277e+01
  -1.42246532558473859353e+01
  -1.47397447103335039742e+01
  -1.52609644138857767359e+01
  -1.57900786606769631959e+01
  -1.63289962054567610039e+01
  -1.68798055773790132150e+01
  -1.74448209015375255149e+01
  -1.80266389998097551484e+01
  -1.86282116508043920078e+01
  -1.92529385169975491010e+01
  -1.99047886966805904763e+01
  -2.05884626332290388007e+01
  -2.13096120846380578939e+01
  -2.20751455754519909647e+01
  -2.28936630982127056200e+01
  -2.37760923626103028994e+01
  -2.47366508888904270691e+01
  -2.57943579372603615241e+01
  -2.69755233256036639489e+01
  -2.83180853785310873150e+01
  -2.98797401993333977543e+01
  -3.17546995918336349973e+01
  -3.41131125363656622085e+01
  -3.73141123082868944039e+01
  -4.23629852932165178458e+01
  -5.55426135796260282973e+01
  -4.74813374569073261000e+01
  -3.99322544226750224539e+01
  -3.59761661443890687906e+01
  -3.32809951776349706165e+01
  -3.12354065385679220412e+01
  -2.95863963282915918285e+01
  -2.82045536558887697254e+01
  -2.70147370905274328834e+01
  -2.59694281982858719005e+01
  -2.50366647374117405889e+01
  -2.41939183765209300248e+01
  -2.34247159191443685700e+01
  -2.27166493691568049940e+01
  -2.20601415450594586787e+01
  -2.14476471818675165082e+01
  -2.08731172587226296855e+01
  -2.03316288926866981512e+01
  -1.98191229594296913774e+01
  -1.93322138828676344247e+01
  -1.88680490172470811672e+01
  -1.84242028778321582649e+01
  -1.79985963495329990280e+01
  -1.75894341179405913067e+01
  -1.71951556071553390836e+01
  -1.68143960737922810722e+01
  -1.64459554378881698256e+01
  -1.60887730782197522217e+01
  -1.57419072759817559870e+01
  -1.54045183176645945622e+01
  -1.50758545052650028140e+01
  -1.47552404963698720053e+01
  -1.44420675263302360491e+01
  -1.41357851621914321072e+01
  -1.38358943120080404299e+01
  -1.35419412698306622644e+01
  -1.32535126204376432213e+01
  -1.29702308619873480922e+01
  -1.26917506315449646337e+01
  -1.24177554396027645112e+01
  -1.21479548365682550326e+01
  -1.18820819476905228385e+01
  -1.16198913237784413610e+01
  -1.13611570638855639004e+01
  -1.11056711733231026074e+01
  -1.08532421262555054398e+01
  -1.06036936069779663683e+01
  -1.03568634079867738507e+01
  -1.01126024662802791454e+01
  -9.87077402210356957823e+00
  -9.63125288667028200962e+00
  -9.39392480733868140419e+00
  -9.15868592035561412956e+00
  -8.92544228265476569106e+00
  -8.69410947535142675235e+00
  -8.46461227254706116696e+00
  -8.23688436986408589746e+00
  -8.01086816780720845088e+00
  -7.78651460559091646019e+00
  -7.56378304151965785707e+00
  -7.34264117634275592650e+00
  -7.12306501626016075335e+00
  -6.90503887241579583645e+00
  -6.68855539379817454204e+00
  -6.47361563046855081893e+00
  -6.26022912395883857073e+00
  -6.04841402152708074169e+00
  -5.83819721072360664493e+00
  -5.62961447040940843323e+00
  -5.42271063398181230042e+00
  -5.21753976009530529012e+00
  -5.01416530563086570993e+00
  -4.81266029506044290542e+00
  -4.61310747968809042874e+00
  -4.41559947953265830023e+00
  -4.22023889986823874665e+00
  -4.02713841367064873111e+00
  -3.83642080046676525740e+00
  -3.64821893136778996336e+00
  -3.46267568944007075871e+00
  -3.27994381406229384979e+00
  -3.10018565759302067164e+00
  -2.92357284258963456836e+00
  -2.75028580803423627898e+00
  -2.58051323360715789690e+00
  -2.41445133206791551217e+00
  -2.25230300131273919462e+00
  -2.09427682973753093165e+00
  -1.94058595117121179818e+00
  -1.79144674887809385311e+00
  -1.64707741193910961464e+00
  -1.50769635166448234820e+00
  -1.37352049047103363932e+00
  -1.24476344074898648273e+00
  -1.12163359646132021474e+00
  -1.00433216535459335361e+00
  -8.93051174458713181714e-01
  -7.87971485743357846765e-01
  -6.89260862105862792681e-01
  -5.97072126022427651648e-01
  -5.11541453974892479373e-01
  -4.32786848996786877031e-01
  -3.60906831268404393320e-01
  -2.95979382627497900060e-01
  -2.38061175246321837795e-01
  -1.87187107752837755825e-01
  -1.43370164034357816529e-01
  -1.06601601220327121822e-01
  -7.68514643118719670278e-02
  -5.40694160476040339147e-02
  -3.81858622931447524995e-02
  -2.91133459015002829529e-02
  -2.67481759295014019651e-02
  -3.09722545426984567640e-02
  -4.16550610272957977376e-02
  -5.86557510827474884452e-02
  -8.18253299273770523525e-02
  -1.11008859564507775253e-01
  -1.46047663616944406462e-01
  -1.86781497191774004119e-01
  -2.33050654011293628676e-01
  -2.84697988267375357019e-01
  -3.41570834069196471727e-01
  -4.03522810733120684823e-01
  -4.70415507321616854775e-01
  -5.42120044633206843443e-01
  -6.18518517179298954467e-01
  -6.99505321500895171916e-01
  -7.84988380460138746031e-01
  -8.74890275903551284387e-01
  -9.69149304376823339524e-01
  -1.06772047243404077932e+00
  -1.17057644960412710056e+00
  -1.27770849833789723604e+00
  -1.38912740135172296796e+00
  -1.50486440780268404538e+00
  -1.62497222077385794492e+00
  -1.74952604971638536746e+00
  -1.87862475289229413633e+00
  -2.01239209659865370128e+00
  -2.15097816015326115391e+00
  -2.29456091841820075672e+00
  -2.44334803719422755108e+00
  -2.59757892132310486133e+00
  -2.75752706102570233071e+00
  -2.92350272917292208774e+00
  -3.09585609120974858399e+00
  -3.27498080081400200214e+00
  -3.46131816869869934905e+00
</dep>
<dep S11_dB frequency>
  -3.94088068961720938699e-01
  -3.48751186791329881309e-01
  -3.09202884780200915049e-01
  -2.74540921250303993073e-01
  -2.44031685207084930722e-01
  -2.17074269853454404622e-01
  -1.93173072428671821488e-01
  -1.71916709180297055948e-01
  -1.52961652339809128787e-01
  -1.36019429832592908536e-01
  -1.20846536149038452645e-01
  -1.07236423173734801706e-01
  -9.50130990840878930648e-02
  -8.40259796404775327616e-02
  -7.41457216880300890027e-02
  -6.52608321092072868330e-02
  -5.72748928766635412302e-02
  -5.01042785644104371467e-02
  -4.36762697638234664854e-02
  -3.79274865399099395114e-02
  -3.28025819694363895973e-02
  -2.82531481077279364444e-02
  -2.42367963077357202739e-02
  -2.07163813113817006639e-02
  -1.76593444340594901698e-02
  -1.50371558316831008262e-02
  -1.28248395535563042974e-02
  -1.10005680519349932633e-02
  -9.54531520257998096490e-03
  -8.44255881341977876264e-03
  -7.67802515589200828411e-03
  -7.23946932176220813576e-03
  -7.11648624355114972628e-03
  -7.30034806706380233476e-03
  -7.78386426427054526483e-03
  -8.56126145367641297468e-03
  -9.62808037617047911272e-03
  -1.09810878742387495882e-02
  -1.26182020580205278559e-02
  -1.45384291223599748655e-02
  -1.67418105166970143660e-02
  -1.92293793700341018871e-02
  -2.20031252441863223179e-02
  -2.50659664341517096631e-02
  -2.84217291596918081309e-02
  -3.20751331001910902629e-02
  -3.60317828186059660456e-02
  -4.02981647019581001867e-02
  -4.48816491182353963230e-02
  -4.97904975528953158692e-02
  -5.50338745456408484635e-02
  -6.06218642991980874446e-02
  -6.65654918792094596469e-02
  -7.28767489672028090375e-02
  -7.95686241691882512050e-02
  -8.66551379203996802181e-02
  -9.41513820631458275834e-02
  -1.02073564209801653790e-01
  -1.10439057037695798069e-01
  -1.19266452696637076381e-01
  -1.28575622544051748619e-01
  -1.38387782457777747114e-01
  -1.48725564011382399565e-01
  -1.59613091834092141186e-01
  -1.71076067515007923525e-01
  -1.83141860451141613719e-01
  -1.95839606080215361539e-01
  -2.09200311983900877344e-01
  -2.23256972392908398239e-01
  -2.38044691675926900487e-01
  -2.53600817446848980641e-01
  -2.69965083981380749023e-01
  -2.87179766695238980478e-01
  -3.05289848500665150777e-01
  -3.24343198928298825923e-01
  -3.44390766976719886472e-01
  -3.65486788732591216800e-01
  -3.87689010892152241539e-01
  -4.11058931408552319375e-01
  -4.35662058591272494112e-01
  -4.61568190094124808365e-01
  -4.88851713346683036665e-01
  -5.17591929113006665730e-01
  -5.47873400001425592265e-01
  -5.79786325900767063324e-01
  -6.13426948483939082912e-01
  -6.48897987100532813720e-01
  -6.86309108577850324195e-01
  -7.25777433667972871056e-01
  -7.67428083118007808849e-01
  -8.11394766608633188909e-01
  -8.57820418103178772284e-01
  -9.06857881484798400429e-01
  -9.58670650738310037298e-01
  -1.01343366936548373580e+00
  -1.07133419422005404797e+00
  -1.13257272952572285440e+00
  -1.19736403751558007080e+00
  -1.26593823292919815948e+00
  -1.33854196955314241890e+00
  -1.41543972813151430756e+00
  -1.49691521635324398254e+00
  -1.58327289330557752223e+00
  -1.67483963284727987997e+00
  -1.77196654290175414914e+00
  -1.87503096082934606059e+00
  -1.98443864897396693436e+00
  -2.10062621940259797171e+00
  -2.22406382303854499582e+00
  -2.35525814617571427334e+00
  -2.49475576720286884580e+00
  -2.64314693883942108954e+00
  -2.80106987704542520490e+00
  -2.96921565800582420991e+00
  -3.14833385050290726070e+00
  -3.33923904431834728257e+00
  -3.54281847836780139360e+00
  -3.76004102822038177578e+00
  -3.99196788581503092530e+00
  -4.23976536054582009427e+00
  -4.50472035887799471254e+00
  -4.78825927127706041375e+00
  -5.09197122783754618780e+00
  -5.41763700305397133405e+00
  -5.76726529369534191005e+00
  -6.14313871941826938894e+00
  -6.54787279287202572675e+00
  -6.98449241556422162347e+00
  -7.45653240527121852210e+00
  -7.96817152691425611977e+00
  -8.52441412200901460494e+00
  -9.13134083486836622967e+00
  -9.79646215416485333094e+00
  -1.05292293708951305575e+01
  -1.13417946860506724249e+01
  -1.22501813593027222282e+01
  -1.32761608452268724534e+01
  -1.44504197529905393793e+01
  -1.58182508890227246923e+01
  -1.74506471806196579166e+01
  -1.94684282765334160104e+01
  -2.21035918910923534497e+01
  -2.58990989127930149039e+01
  -3.27646065896556564212e+01
  -4.67760560991564560140e+01
  -2.99064432469060612618e+01
  -2.45632147227997457151e+01
  -2.13059046438452526218e+01
  -1.89655819542295631663e+01
  -1.71447224279871157648e+01
  -1.56593982382658918340e+01
  -1.44091972154488558999e+01
  -1.33331979025983500264e+01
  -1.23916043303365270845e+01
  -1.15569541096222909715e+01
  -1.08094733075261544286e+01
  -1.01344323247125167597e+01
  -9.52055011169427167772e+00
  -8.95898448953034787223e+00
  -8.44266789796757421982e+00
  -7.96585582696033966954e+00
  -7.52381112054110090526e+00
  -7.11257786535007685558e+00
  -6.72881598105467304549e+00
  -6.36967793703827300789e+00
  -6.03271532794251896803e+00
  -5.71580701476429897667e+00
  -5.41710310687677498720e+00
  -5.13498075899886696760e+00
  -4.86800890374299211061e+00
  -4.61491982880222284535e+00
  -4.37458605915496612226e+00
  -4.14600139611491158576e+00
  -3.92826524690509781834e+00
  -3.72056958398571335778e+00
  -3.52218802505092387634e+00
  -3.33246663776503648791e+00
  -3.15081615857061514419e+00
  -2.97670537974036752971e+00
  -2.80965550857232759796e+00
  -2.64923534105932212412e+00
</dep>
<dep Zin_ohm frequency>
  +2.10263368192198413453e+02
  +1.78936192406897134788e+02
  +1.49402254612761936414e+02
  +1.21486563538612600155e+02
  +9.50928537670448434937e+01
  +7.02696428934117989229e+01
  +4.74720306494188690749e+01
  +2.88680897935259181963e+01
  +2.34087158213715440525e+01
  +3.59211015162437874437e+01
  +5.45098067923654880929e+01
  +7.42732775082267266953e+01
  +9.41467423738645550202e+01
  +1.13843404191635144684e+02
  +1.33277113060952473234e+02
  +1.52427739115718281937e+02
  +1.71300287010814287214e+02
  +1.89909968982175769270e+02
  +2.08276035760461212476e+02
  +2.26419013987853645631e+02
  +2.44359414026245246987e+02
  +2.62117122828970138926e+02
  +2.79711133899724131879e+02
  +2.97159449130893563051e+02
  +3.14479069747991161421e+02
  +3.31686033146800866689e+02
  +3.48795472382314187598e+02
  +3.65821685576881179713e+02
  +3.82778208230858126626e+02
  +3.99677884609540285510e+02
  +4.16532936194495050586e+02
  +4.33355026231007059323e+02
  +4.50155320005431292429e+02
  +4.66944540830372659457e+02
  +4.83733021907802026362e+02
  +5.00530754341733427282e+02
  +5.17347431619774738465e+02
  +5.34192490898586356707e+02
  +5.51075151425804278915e+02
  +5.68004450418052670102e+02
  +5.84989276696797674049e+02
  +6.02038402363555860575e+02
  +6.19160512775716938449e+02
  +6.36364235064421791321e+02
  +6.53658165417910140604e+02
  +6.71050895337071324320e+02
  +6.88551037055194228742e+02
  +7.06167248301146742051e+02
  +7.23908256573941798706e+02
  +7.41782883087363188679e+02
  +7.59800066535453311189e+02
  +7.77968886823471052594e+02
  +7.96298588903990548715e+02
  +8.14798606854371996633e+02
  +8.33478588329526246525e+02
  +8.52348419522856374897e+02
  +8.71418250768353004787e+02
  +8.90698522917911873265e+02
  +9.10199994630244759719e+02
  +9.29933770710891849376e+02
  +9.49911331647145630086e+02
  +9.70144564486841090911e+02
  +9.90645795216186911603e+02
  +1.01142782279882510466e+03
  +1.03250395504648554379e+03
  +1.05388804650036354360e+03
  +1.07559453851232660782e+03
  +1.09763850172561410545e+03
  +1.12003568116609744720e+03
  +1.14280254416733532707e+03
  +1.16595633136516926243e+03
  +1.18951511101077039712e+03
  +1.21349783686398745886e+03
  +1.23792440994191679238e+03
  +1.26281574440988833885e+03
  +1.28819383791302607278e+03
  +1.31408184665585486073e+03
  +1.34050416554339926734e+03
  +1.36748651369925983090e+03
  +1.39505602567219739285e+03
  +1.42324134863066296930e+03
  +1.45207274582212835412e+03
  +1.48158220653678813505e+03
  +1.51180356275948383882e+03
  +1.54277261261306398410e+03
  +1.57452725058384976364e+03
  +1.60710760436597297485e+03
  +1.64055617795355465205e+03
  +1.67491800033357094435e+03
  +1.71024077876675801235e+03
  +1.74657505516592800632e+03
  +1.78397436345672736024e+03
  +1.82249538499660593516e+03
  +1.86219809808069180690e+03
  +1.90314591621414137990e+03
  +1.94540580809601351575e+03
  +1.98904839003553388466e+03
  +2.03414797867599077108e+03
  +2.08078258826870433040e+03
  +2.12903385211289651124e+03
  +2.17898684190041876718e+03
  +2.23072975126079245456e+03
  +2.28435340040976416276e+03
  +2.33995050700407045952e+03
  +2.39761465356292183060e+03
  +2.45743886353039079040e+03
  +2.51951367558094443666e+03
  +2.58392457849228867417e+03
  +2.65074863634431085302e+03
  +2.72005009580918567735e+03
  +2.79187472442087801028e+03
  +2.86624258272026463601e+03
  +2.94313888789543898383e+03
  +3.02250258908939940738e+03
  +3.10421225703399204576e+03
  +3.18806891241852554231e+03
  +3.27377550756251594066e+03
  +3.36091297596495269318e+03
  +3.44891312893716258259e+03
  +3.53702927324421807498e+03
  +3.62430631413037008315e+03
  +3.70955333625028151801e+03
  +3.79132319587221991242e+03
  +3.86790535424922200036e+03
  +3.93733966785091888596e+03
  +3.99745949368994160977e+03
  +4.04597139842204478555e+03
  +4.08057507812394169378e+03
  +4.09912031090201708139e+03
  +4.09978840344132004248e+03
  +4.08127568085552002231e+03
  +4.04294950336674082791e+03
  +3.98494673223462450551e+03
  +3.90819255517481406059e+03
  +3.81433291230679697037e+03
  +3.70559187007580931095e+03
  +3.58458012818282713852e+03
  +3.45408777720320949811e+03
  +3.31689227997909756596e+03
  +3.17560374315431135983e+03
  +3.03255797674994892077e+03
  +2.88975740221545402164e+03
  +2.74885275617365550715e+03
  +2.61115518304006673134e+03
  +2.47766797286830251323e+03
  +2.34912870534781859533e+03
  +2.22605483090907955557e+03
  +2.10878801420277750367e+03
  +1.99753449206172172126e+03
  +1.89240012603045897777e+03
  +1.79341978018563850128e+03
  +1.70058121786274750775e+03
  +1.61384399095645881062e+03
  +1.53315388678056274330e+03
  +1.45845347467370424965e+03
  +1.38968921335977393028e+03
  +1.32681548187121984483e+03
  +1.26979581355812160837e+03
  +1.21860157024576392359e+03
  +1.17320831229826239905e+03
  +1.13359021166122374780e+03
  +1.09971301489535653673e+03
  +1.07152626489237036367e+03
  +1.04895568040887792449e+03
  +1.03189669994230143857e+03
  +1.02021015122721451007e+03
  +1.01372077285488819598e+03
  +1.01221891178215321361e+03
  +1.01546523373490526865e+03
  +1.02319783299164828350e+03
  +1.03514082443386951127e+03
  +1.05101340327801426611e+03
  +1.07053845809036965875e+03
  +1.09345005882898453820e+03
  +1.11949943116046233627e+03
  +1.14845929893804532185e+03
  +1.18012668413307710580e+03
  +1.21432438307377515230e+03
  +1.25090139666038726318e+03
  +1.28973259826229627834e+03
  +1.33071789627581256354e+03
</dep>
<dep Zin_norm frequency>
  +4.20526736384396837565e+00
  +3.57872384813794264247e+00
  +2.98804509225523862170e+00
  +2.42973127077225203863e+00
  +1.90185707534089698534e+00
  +1.40539285786823597846e+00
  +9.49440612988377452552e-01
  +5.77361795870518390572e-01
  +4.68174316427430903254e-01
  +7.18422030324875726670e-01
  +1.09019613584730978850e+00
  +1.48546555016453463161e+00
  +1.88293484747729111817e+00
  +2.27686808383270289369e+00
  +2.66554226121904935809e+00
  +3.04855478231436549663e+00
  +3.42600574021628601074e+00
  +3.79819937964351517223e+00
  +4.16552071520922417847e+00
  +4.52838027975707291262e+00
  +4.88718828052490472658e+00
  +5.24234245657940256535e+00
  +5.59422267799448302839e+00
  +5.94318898261787165183e+00
  +6.28958139495982315736e+00
  +6.63372066293601747589e+00
  +6.97590944764628417829e+00
  +7.31643371153762345216e+00
  +7.65556416461716260358e+00
  +7.99355769219080602994e+00
  +8.33065872388990058539e+00
  +8.66710052462014068908e+00
  +9.00310640010862606175e+00
  +9.33889081660745290492e+00
  +9.67466043815604059830e+00
  +1.00106150868346688299e+01
  +1.03469486323954953377e+01
  +1.06838498179717262815e+01
  +1.10215030285160846546e+01
  +1.13600890083610543968e+01
  +1.16997855339359535520e+01
  +1.20407680472711167141e+01
  +1.23832102555143386269e+01
  +1.27272847012884362528e+01
  +1.30731633083582021726e+01
  +1.34210179067414259180e+01
  +1.37710207411038840775e+01
  +1.41233449660229339884e+01
  +1.44781651314788355478e+01
  +1.48356576617472626367e+01
  +1.51960013307090662238e+01
  +1.55593777364694201282e+01
  +1.59259717780798109033e+01
  +1.62959721370874390800e+01
  +1.66695717665905256410e+01
  +1.70469683904571276400e+01
  +1.74283650153670599536e+01
  +1.78139704583582378916e+01
  +1.82039998926048944838e+01
  +1.85986754142178369875e+01
  +1.89982266329429130280e+01
  +1.94028912897368215340e+01
  +1.98129159043237379478e+01
  +2.02285564559765020931e+01
  +2.06500791009297088863e+01
  +2.10777609300072690246e+01
  +2.15118907702465342879e+01
  +2.19527700345122838144e+01
  +2.24007136233219483756e+01
  +2.28560508833467075362e+01
  +2.33191266273033832590e+01
  +2.37903022202154090792e+01
  +2.42699567372797488929e+01
  +2.47584881988383358475e+01
  +2.52563148881977674876e+01
  +2.57638767582605225925e+01
  +2.62816369331170989199e+01
  +2.68100833108679843519e+01
  +2.73497302739851981812e+01
  +2.79011205134439457254e+01
  +2.84648269726132596702e+01
  +2.90414549164425679351e+01
  +2.96316441307357614221e+01
  +3.02360712551896781974e+01
  +3.08554522522612799662e+01
  +3.14905450116769962676e+01
  +3.21421520873194594969e+01
  +3.28111235590710919041e+01
  +3.34983600066714188870e+01
  +3.42048155753351608155e+01
  +3.49315011033185598421e+01
  +3.56794872691345474891e+01
  +3.64499076999321189874e+01
  +3.72439619616138344327e+01
  +3.80629183242828261768e+01
  +3.89081161619202688939e+01
  +3.97809678007106768405e+01
  +4.06829595735198168427e+01
  +4.16156517653740891660e+01
  +4.25806770422579319302e+01
  +4.35797368380083796069e+01
  +4.46145950252158485227e+01
  +4.56870680081952826868e+01
  +4.67990101400814069166e+01
  +4.79522930712584383173e+01
  +4.91487772706078160923e+01
  +5.03902735116188864595e+01
  +5.16784915698457751887e+01
  +5.30149727268862207552e+01
  +5.44010019161837092838e+01
  +5.58374944884175619109e+01
  +5.73248516544052932886e+01
  +5.88627777579087805293e+01
  +6.04500517817879909899e+01
  +6.20842451406798403468e+01
  +6.37613782483705122672e+01
  +6.54755101512503188133e+01
  +6.72182595192990532951e+01
  +6.89782625787432550624e+01
  +7.07405854648843614996e+01
  +7.24861262826074010945e+01
  +7.41910667250056263811e+01
  +7.58264639174443999536e+01
  +7.73581070849844394388e+01
  +7.87467933570183760139e+01
  +7.99491898737988293533e+01
  +8.09194279684408996900e+01
  +8.16115015624788355808e+01
  +8.19824062180403387856e+01
  +8.19957680688264076707e+01
  +8.16255136171103998777e+01
  +8.08589900673348154214e+01
  +7.96989346446924855627e+01
  +7.81638511034962846225e+01
  +7.62866582461359428180e+01
  +7.41118374015161833768e+01
  +7.16916025636565450441e+01
  +6.90817555440641939413e+01
  +6.63378455995819535929e+01
  +6.35120748630862266282e+01
  +6.06511595349989818260e+01
  +5.77951480443090801487e+01
  +5.49770551234731073009e+01
  +5.22231036608013354794e+01
  +4.95533594573660494120e+01
  +4.69825741069563704855e+01
  +4.45210966181815877007e+01
  +4.21757602840555492207e+01
  +3.99506898412344355620e+01
  +3.78480025206091781342e+01
  +3.58683956037127700256e+01
  +3.40116243572549521446e+01
  +3.22768798191291779176e+01
  +3.06630777356112531606e+01
  +2.91690694934740832878e+01
  +2.77937842671954804530e+01
  +2.65363096374243951914e+01
  +2.53959162711624308884e+01
  +2.43720314049152797509e+01
  +2.34641662459652486916e+01
  +2.26718042332244742454e+01
  +2.19942602979071324398e+01
  +2.14305252978474065628e+01
  +2.09791136081775562161e+01
  +2.06379339988460266397e+01
  +2.04042030245442909120e+01
  +2.02744154570977634933e+01
  +2.02443782356430652669e+01
  +2.03093046746981045203e+01
  +2.04639566598329665226e+01
  +2.07028164886773886622e+01
  +2.10202680655602840432e+01
  +2.14107691618073943118e+01
  +2.18690011765796903376e+01
  +2.23899886232092484306e+01
  +2.29691859787609047316e+01
  +2.36025336826615443897e+01
  +2.42864876614755047513e+01
  +2.50180279332077439847e+01
  +2.57946519652459258509e+01
  +2.66143579255162521235e+01
</dep>
<dep S[2,2] frequency>
  -9.43187854605866848878e-01-j1.53785080159490578078e-01
  -9.51618069886114192890e-01-j1.31376556728954374531e-01
  -9.58766637441102020922e-01-j1.09751191371153106191e-01
  -9.64803200527030502265e-01-j8.88597040540645977114e-02
  -9.69869048167565361851e-01-j6.86525906204318303594e-02
  -9.74082336046330210522e-01-j4.90816666387702965624e-02
  -9.77542278598670044687e-01-j3.01009718149511870666e-02
  -9.80332520395202688945e-01-j1.16672559511338969768e-02
  -9.82523854265131557639e-01+j6.25980609385863757954e-03
  -9.84176419539163793715e-01+j2.37175720774587088513e-02
  -9.85341486066813820877e-01+j4.07404971623620479337e-02
  -9.86062907487365913894e-01+j5.73602623341788672717e-02
  -9.86378309676876119383e-01+j7.36059377603757725161e-02
  -9.86320066472897494236e-01+j8.95041623561827620614e-02
  -9.85916103929370346570e-01+j1.05079327515410048122e-01
  -9.85190565844590637745e-01+j1.20353757457022508826e-01
  -9.84164366626983144748e-01+j1.35347881643200274038e-01
  -9.82855652314600924946e-01+j1.50080396722221176553e-01
  -9.81280186429876577492e-01+j1.64568416763685776427e-01
  -9.79451674085775270129e-01+j1.78827611404801717354e-01
  -9.77382035172854157778e-01+j1.92872332064840473764e-01
  -9.75081635401020441201e-01+j2.06715726711726499598e-01
  -9.72559482330518032533e-01+j2.20369843851064201035e-01
  -9.69823392215066637512e-01+j2.33845726500003348036e-01
  -9.66880132426675031887e-01+j2.47153496939926720088e-01
  -9.63735543383035131448e-01+j2.60302433034200475515e-01
  -9.60394643211906373637e-01+j2.73301036865930213615e-01
  -9.56861717830017499686e-01+j2.86157096405275979123e-01
  -9.53140398660496712679e-01+j2.98877740863569996144e-01
  -9.49233729842254736475e-01+j3.11469490336627519156e-01
  -9.45144226481132720963e-01+j3.23938300284810576368e-01
  -9.40873925242842523708e-01+j3.36289601344551547513e-01
  -9.36424428381730677984e-01+j3.48528334916490101225e-01
  -9.31796942129038741065e-01+j3.60658984928765635747e-01
  -9.26992310222894633220e-01+j3.72685606131757163340e-01
  -9.22011043244707506616e-01+j3.84611849241516257081e-01
  -9.16853344328519392903e-01+j3.96440983214087550035e-01
  -9.11519131727897891082e-01+j4.08175914900942016228e-01
  -9.06008058656251669127e-01+j4.19819206307172232417e-01
  -9.00319530758825092853e-01+j4.31373089648209806501e-01
  -8.94452721526160177135e-01+j4.42839480377711758319e-01
  -8.88406585918073421482e-01+j4.54219988338350533219e-01
  -8.82179872432862666187e-01+j4.65515927168601628683e-01
  -8.75771133827586312215e-01+j4.76728322081717947878e-01
  -8.69178736670948470788e-01+j4.87857916118037859832e-01
  -8.62400869889932031320e-01+j4.98905174958046981892e-01
  -8.55435552454306247228e-01+j5.09870290371319812017e-01
  -8.48280640328880175538e-01+j5.20753182365446543045e-01
  -8.40933832811726955647e-01+j5.31553500088842056925e-01
  -8.33392678367017691876e-01+j5.42270621532335295178e-01
  -8.25654580053494346892e-01+j5.52903652066089823514e-01
  -8.17716800643606411825e-01+j5.63451421840949651099e-01
  -8.09576467523938636539e-01+j5.73912482076402108433e-01
  -8.01230577464439375213e-01+j5.84285100251225930634e-01
  -7.92676001342201730360e-01+j5.94567254207216566719e-01
  -7.83909488904851015079e-01+j6.04756625171341433145e-01
  -7.74927673659101978743e-01+j6.14850589697121363564e-01
  -7.65727077971615655017e-01+j6.24846210521990075293e-01
  -7.56304118471766595455e-01+j6.34740226333880386278e-01
  -7.46655111849608088548e-01+j6.44529040437224587379e-01
  -7.36776281146859002291e-01+j6.54208708306180608538e-01
  -7.26663762644357391629e-01+j6.63774924010913980332e-01
  -7.16313613456044162575e-01+j6.73223005501582538734e-01
  -7.05721819947267348105e-01+j6.82547878734075741392e-01
  -6.94884307103880938250e-01+j6.91744060621791945209e-01
  -6.83796948988569686101e-01+j7.00805640798795370650e-01
  -6.72455580431773558558e-01+j7.09726262181830880316e-01
  -6.60856010116796288578e-01+j7.18499100321847716799e-01
  -6.48994035232137611580e-01+j7.27116841540223823870e-01
  -6.36865457878661778146e-01+j7.35571659850915327006e-01
  -6.24466103435210695416e-01+j7.43855192677432608406e-01
  -6.11791841103426548010e-01+j7.51958515383368331086e-01
  -5.98838606871063827697e-01+j7.59872114647007546040e-01
  -5.85602429152798809042e-01+j7.67585860725286783790e-01
  -5.72079457388487977454e-01+j7.75088978669802419752e-01
  -5.58265993900887602663e-01+j7.82370018578517512076e-01
  -5.44158529337903651424e-01+j7.89416824991654109134e-01
  -5.29753782048280275063e-01+j7.96216505569358967698e-01
  -5.15048741764013717770e-01+j8.02755399222909837853e-01
  -5.00040717987382588028e-01+j8.09019043910944812836e-01
  -4.84727393504803205637e-01+j8.14992144358137604598e-01
  -4.69106883473253410965e-01+j8.20658540006804715361e-01
  -4.53177800547033826639e-01+j8.26001173572652791499e-01
  -4.36939326532166660844e-01+j8.31002060645318341159e-01
  -4.20391291071900652376e-01+j8.35642260853131535470e-01
  -4.03534257877971203055e-01+j8.39901851200749116622e-01
  -3.86369619027118804677e-01+j8.43759902288498508938e-01
  -3.68899697838905082925e-01+j8.47194458234442282496e-01
  -3.51127860836604022143e-01+j8.50182521244869815469e-01
  -3.33058639265824407705e-01+j8.52700041916637507811e-01
  -3.14697860601461265606e-01+j8.54721916505812084885e-01
  -2.96052790410286759126e-01+j8.56221992561276290523e-01
  -2.77132284848684629086e-01+j8.57173084498946802334e-01
  -2.57946953959103386644e-01+j8.57547000880604648465e-01
  -2.38509335779106046438e-01+j8.57314585359668202003e-01
  -2.18834081088200793630e-01+j8.56445773461154247208e-01
  -1.98938148383882462689e-01+j8.54909667571154940902e-01
  -1.78841008393276240662e-01+j8.52674632716641456298e-01
  -1.58564857084139032573e-01+j8.49708415912440062634e-01
  -1.38134835732487887272e-01+j8.45978292029824219256e-01
  -1.17579256128012191174e-01+j8.41451239289039976121e-01
  -9.69298284480244465300e-02+j8.36094147582622904125e-01
  -7.62218887023776159317e-02+j8.29874062881034824102e-01
  -5.54946219448351069081e-02+j8.22758470937767105724e-01
  -3.47912766625088076822e-02+j8.14715623375431574615e-01
  -1.41593649004489834098e-02+j8.05714908972340104754e-01
  +6.34915823541552098996e-03+j7.95727272553613862449e-01
  +2.66777430089129644064e-02+j7.84725683292663456214e-01
  +4.67651297007807970063e-02+j7.72685653418360485212e-01
  +6.65452787065498596597e-02+j7.59585807271718538303e-01
  +8.59473562066205148957e-02+j7.45408499337321450717e-01
  +1.04895786295943801991e-01+j7.30140478269484027862e-01
  +1.23310381038426175593e-01+j7.13773592029668391135e-01
  +1.41106560221758103868e-01+j6.96305527051722217280e-01
  +1.58195672543688686806e-01+j6.77740571874176356282e-01
  +1.74485429466685798561e-01+j6.58090392964013615185e-01
  +1.89880461937530053973e-01+j6.37374807570572077253e-01
  +2.04283008489386047613e-01+j6.15622535487887034833e-01
  +2.17593740846256211707e-01+j5.92871908696402050154e-01
  +2.29712729975002805105e-01+j5.69171515162735452975e-01
  +2.40540551553878767521e-01+j5.44580750789855794203e-01
  +2.49979525068689117928e-01+j5.19170251847138608525e-01
  +2.57935075285227854991e-01+j4.93022179401422788736e-01
  +2.64317198822265342351e-01+j4.66230327549261136522e-01
  +2.69042012178399403410e-01+j4.38900028831064159540e-01
  +2.72033351136453660502e-01+j4.11147833264253192986e-01
  +2.73224385336594155493e-01+j3.83100942073658301545e-01
  +2.72559206381137897335e-01+j3.54896383443472296371e-01
  +2.69994343547819759532e-01+j3.26679925375912283414e-01
  +2.65500158478130743323e-01+j2.98604729800311330390e-01
  +2.59062069467471123296e-01+j2.70829762086757797057e-01
  +2.50681557524807696602e-01+j2.43517980608402795362e-01
  +2.40376910378957142633e-01+j2.16834341393458307490e-01
  +2.28183667114696508982e-01+j1.90943662571118139004e-01
  +2.14154734971177679315e-01+j1.66008401586695164553e-01
  +1.98360160683703629081e-01+j1.42186404419313405789e-01
  +1.80886551076634427559e-01+j1.19628689758513151453e-01
  +1.61836150751430846162e-01+j9.84773319127847518439e-02
  +1.41325597895578192187e-01+j7.88635039599433901314e-02
  +1.19484391666352413042e-01+j6.09057373527172041250e-02
  +9.64531155162497710887e-02+j4.47084461353845982745e-02
  +7.23814695654360074073e-02+j3.03607535859866696504e-02
  +4.74261711936971586123e-02+j1.79356471147828350210e-02
  +2.17487861258915116114e-02+j7.48947437127719245487e-03
  -4.48644765213571106166e-03-j9.38219474557758226219e-04
  -3.11147436392488485613e-02-j7.32452564849515874723e-03
  -5.79727841003763733063e-02-j1.16627002797369677678e-02
  -8.49005842013925982048e-02-j1.39614200754844264285e-02
  -1.11743165232719432467e-01-j1.42438047229887232437e-02
  -1.38352008917870250571e-01-j1.25462501956849492579e-02
  -1.64586274791849618282e-01-j8.91711938925790481569e-03
  -1.90313772295263361478e-01-j3.41533655166165184269e-03
  -2.15411688100405229740e-01+j3.89106992558568842711e-03
  -2.39767076919678023827e-01+j1.29264352611770938495e-02
  -2.63277130419270255501e-01+j2.36089001390875630193e-02
  -2.85849243765757821123e-01+j3.58517956402777671077e-02
  -3.07400902768359407524e-01+j4.95649460308620615212e-02
  -3.27859416627794830745e-01+j6.46558700383809692447e-02
  -3.47161522110719766854e-01+j8.10308668683288602086e-02
  -3.65252884723285209390e-01+j9.85959783897631947269e-02
  -3.82087521365296500786e-01+j1.17257823504846314666e-01
  -3.97627167217839749824e-01+j1.36924304626924370210e-01
  -4.11840607450758344754e-01+j1.57505189392190853015e-01
  -4.24702991910876959114e-01+j1.78912573230810195701e-01
  -4.36195148420063683048e-01+j2.01061230266670248890e-01
  -4.46302907798521719673e-01+j2.23868861265060586918e-01
  -4.55016451328671245324e-01+j2.47256248082206808725e-01
  -4.62329689157785883591e-01+j2.71147324373271658704e-01
  -4.68239676148640759923e-01+j2.95469172270294566651e-01
  -4.72746069952067582420e-01+j3.20151954428064544622e-01
  -4.75850634602702715625e-01+j3.45128790327026702123e-01
  -4.77556791726069573834e-01+j3.70335585082357976461e-01
  -4.77869220478956968634e-01+j3.95710818292457688905e-01
  -4.76793506607131267749e-01+j4.21195299714076543118e-01
  -4.74335840472337122442e-01+j4.46731897812821299176e-01
  -4.70502763549614733130e-01+j4.72265246536220262286e-01
  -4.65300962701295950374e-01+j4.97741435015225053284e-01
  -4.58737111470642167088e-01+j5.23107684336224898480e-01
  -4.50817757682289710353e-01+j5.48312015052551671168e-01
  -4.41549256765577047279e-01+j5.73302908731402549591e-01
  -4.30937750409067732438e-01+j5.98028966566127917481e-01
</dep>
<dep S[2,1] frequency>
  +4.71777856765832406816e-02-j2.89268169222089532866e-01
  +3.77855239928361966162e-02-j2.73619157791651135270e-01
  +2.96282035660934521537e-02-j2.58751165954205164521e-01
  +2.25360874596073658405e-02-j2.44614801819196175936e-01
  +1.63677904644107391485e-02-j2.31160447539595942379e-01
  +1.10050580427827632973e-02-j2.18339803113690028580e-01
  +6.34857410277315636210e-03-j2.06106790743829398904e-01
  +2.31458950491780562561e-03-j1.94418040739536251982e-01
  -1.16779615161764641421e-03-j1.83233106419239594187e-01
  -4.15883284699952553154e-03-j1.72514506376288928591e-01
  -6.70990422045209065210e-03-j1.62227659626645454027e-01
  -8.86498089324257686206e-03-j1.52340757125855125187e-01
  -1.06618089590819180995e-02-j1.42824598342851993849e-01
  -1.21328857450323686351e-02-j1.33652411625004935436e-01
  -1.33062640964820809442e-02-j1.24799670396564255093e-01
  -1.42062179300039333890e-02-j1.16243912739777133236e-01
  -1.48537951195552922479e-02-j1.07964568902951307816e-01
  -1.52672785325451906835e-02-j9.99427992822519567495e-02
  -1.54625718977690583544e-02-j9.21613441097021701687e-02
  -1.54535239217591189448e-02-j8.46043852287278602686e-02
  -1.52522014833861869337e-02-j7.72574198001639428357e-02
  -1.48691206807678444335e-02-j7.01071454547851635741e-02
  -1.43134428652391190728e-02-j6.31413562220446977769e-02
  -1.35931414854755221872e-02-j5.63488484726821989290e-02
  -1.27151445114682543069e-02-j4.97193360811761381202e-02
  -1.16854563593355425394e-02-j4.32433740218303649949e-02
  -1.05092625515194031810e-02-j3.69122896435516920088e-02
  -9.19101978994893778485e-03-j3.07181209137649124941e-02
  -7.73453366624597422191e-03-j2.46535609742040834336e-02
  -6.14302586245208878668e-03-j1.87119084061997745239e-02
  -4.41919239212858368238e-03-j1.28870226579175534837e-02
  -2.56525418185753716072e-03-j7.17328413875192513749e-03
  -5.83001087231117278396e-04-j1.56555853584342246493e-03
  +1.52616973302794039363e-03+j3.94083504596985483015e-03
  +3.76122030255378282312e-03+j9.35015247696094516094e-03
  +6.12144250777905615801e-03+j1.46662498454133011228e-02
  +8.60643240677443598086e-03+j1.98926058327639626588e-02
  +1.12160676819316115771e-02+j2.50323414712603914412e-02
  +1.39504878206220903764e-02+j3.00882375057875892099e-02
  +1.68100766655939239114e-02+j3.50627495556308788061e-02
  +1.97954470253581121808e-02+j3.99580212488246377944e-02
  +2.29074270755333826710e-02+j4.47758954808676473691e-02
  +2.61470483164862842196e-02+j4.95179239308689150834e-02
  +2.95155348814465368079e-02+j5.41853749513765345358e-02
  +3.30142940136181617383e-02+j5.87792399329854983736e-02
  +3.66449075511745547828e-02+j6.33002382312196076874e-02
  +4.04091242760687696656e-02+j6.77488207307907763788e-02
  +4.43088529968352767829e-02+j7.21251721113530391838e-02
  +4.83461562471969794053e-02+j7.64292118686747262712e-02
  +5.25232444919087534951e-02+j8.06605941361294570546e-02
  +5.68424707388606315073e-02+j8.48187063430659027308e-02
  +6.13063254624629655476e-02+j8.89026667391605990298e-02
  +6.59174317477594501336e-02+j9.29113208069573259795e-02
  +7.06785405678169859067e-02+j9.68432365786752319403e-02
  +7.55925261087070504695e-02+j1.00696698867662443044e-01
  +8.06623810570929605790e-02+j1.04469702419882612410e-01
  +8.58912117649177769829e-02+j1.08159943986222042978e-01
  +9.12822332041615391862e-02+j1.11764813312371188991e-01
  +9.68387636220988529123e-02+j1.15281383039535834101e-01
  +1.02564218803868970054e-01+j1.18706397506180269530e-01
  +1.08462105844606082616e-01+j1.22036260438580221321e-01
  +1.14536016327766179690e-01+j1.25267021516068777220e-01
  +1.20789618799658590720e-01+j1.28394361795561906536e-01
  +1.27226650422505943583e-01+j1.31413577979456686062e-01
  +1.33850907679608194245e-01+j1.34319565511155397664e-01
  +1.40666235996304317402e-01+j1.37106800483570850924e-01
  +1.47676518129425643489e-01+j1.39769320348051950820e-01
  +1.54885661165762106295e-01+j1.42300703414411311432e-01
  +1.62297581956596936870e-01+j1.44694047137195469510e-01
  +1.69916190800793259763e-01+j1.46941945189430017704e-01
  +1.77745373172928072814e-01+j1.49036463332726659692e-01
  +1.85788969275817561488e-01+j1.50969114102435658653e-01
  +1.94050751178243052752e-01+j1.52730830338383638534e-01
  +2.02534397278995442759e-01+j1.54311937606415289226e-01
  +2.11243463817402027383e-01+j1.55702125573419974947e-01
  +2.20181353128396983809e-01+j1.56890418419476401768e-01
  +2.29351278317245221849e-01+j1.57865144395542000844e-01
  +2.38756224005065992300e-01+j1.58613904664267557632e-01
  +2.48398902772035135023e-01+j1.59123541595658030134e-01
  +2.58281706900473417843e-01+j1.59380106728994441756e-01
  +2.68406654995744287096e-01+j1.59368828658447453384e-01
  +2.78775333039347761321e-01+j1.59074081152765167690e-01
  +2.89388829406566516766e-01+j1.58479351880223856552e-01
  +3.00247663361492833634e-01+j1.57567212179424237517e-01
  +3.11351706526118710006e-01+j1.56319288395313893414e-01
  +3.22700096808950620542e-01+j1.54716235389001061096e-01
  +3.34291144273803852993e-01+j1.52737712930146152246e-01
  +3.46122228432876710702e-01+j1.50362365792862606728e-01
  +3.58189686462454415228e-01+j1.47567808500743691269e-01
  +3.70488691866751373993e-01+j1.44330615804379003286e-01
  +3.83013123159432811171e-01+j1.40626320125688236695e-01
  +3.95755422195640915728e-01+j1.36429417367678773587e-01
  +4.08706441875201498259e-01+j1.31713382665137074268e-01
  +4.21855283053559237949e-01+j1.26450697840186171428e-01
  +4.35189120646738480946e-01+j1.20612892524891629487e-01
  +4.48693019105289137016e-01+j1.14170601118070688673e-01
  +4.62349737665943893994e-01+j1.07093637951493944604e-01
  +4.76139526074776997522e-01+j9.93510932461629248102e-02
  +4.90039911818235529584e-01+j9.09114526353695662220e-02
  +5.04025480304954975885e-01+j8.17427432088370653496e-02
  +5.18067649917371420010e-01+j7.18127091801116640424e-02
  +5.32134444402512452044e-01+j6.10890203838869300101e-02
  +5.46190265699736832161e-01+j4.95395168546404682242e-02
  +5.60195671010070173068e-01+j3.71324927035470986336e-02
  +5.74107158695705832585e-01+j2.38370223749946562319e-02
  +5.87876968452742620919e-01+j9.62333210201970351561e-03
  +6.01452902114131271460e-01-j5.53678103549612183470e-03
  +6.14778172394920274790e-01-j2.16694806442416856851e-02
  +6.27791287862895619476e-01-j3.87983721474153900322e-02
  +6.40425983369003581913e-01-j5.69439335675761201805e-02
  +6.52611206059183213135e-01-j7.61228973374334511037e-02
  +6.64271167855164268445e-01-j9.63475861188255039425e-02
  +6.75325475869516522742e-01-j1.17625207513631854783e-01
  +6.85689352530827300747e-01-j1.39957114750322797470e-01
  +6.95273957150144616968e-01-j1.63338042907186536956e-01
  +7.03986820165804272342e-01-j1.87755332948128073056e-01
  +7.11732400263341946633e-01-j2.13188158732670024476e-01
  +7.18412772888151529571e-01-j2.39606775122176929305e-01
  +7.23928456270965914321e-01-j2.66971808211691086221e-01
  +7.28179377911459480011e-01-j2.95233611409054297336e-01
  +7.31065980489062461345e-01-j3.24331713369290064453e-01
  +7.32490461412213966774e-01-j3.54194385455170623889e-01
  +7.32358134754841350045e-01-j3.84738357203201097878e-01
  +7.30578898304440005340e-01-j4.15868707995232345098e-01
  +7.27068782075174224744e-01-j4.47478961555430709840e-01
  +7.21751548209787263666e-01-j4.79451406835856464017e-01
  +7.14560306061575278846e-01-j5.11657664212909035761e-01
  +7.05439100819487352467e-01-j5.43959509670727925368e-01
  +6.94344429753182446063e-01-j5.76209961886888000215e-01
  +6.81246637444724023602e-01-j6.08254628077132486474e-01
  +6.66131140633696605668e-01-j6.39933294445511724469e-01
  +6.48999434843486877611e-01-j6.71081736596322198096e-01
  +6.29869838965862127722e-01-j7.01533714867339619481e-01
  +6.08777940487064683772e-01-j7.31123109880633004209e-01
  +5.85776712887906003679e-01-j7.59686145336246454463e-01
  +5.60936287598880589655e-01-j7.87063638815933441784e-01
  +5.34343375218050864461e-01-j8.13103217641196085452e-01
  +5.06100343835660493319e-01-j8.37661436013183102745e-01
  +4.76323975491139917082e-01-j8.60605731925156436368e-01
  +4.45143934216377212820e-01-j8.81816167634761671756e-01
  +4.12700990031986014728e-01-j9.01186905540900196065e-01
  +3.79145052001779725437e-01-j9.18627381651348384750e-01
  +3.44633069517787771208e-01-j9.34063150811074605073e-01
  +3.09326864089636999200e-01-j9.47436390739643585768e-01
  +2.73390953975073847104e-01-j9.58706064912742017547e-01
  +2.36990431159313230669e-01-j9.67847756660168978549e-01
  +2.00288944808914848306e-01-j9.74853197875037436049e-01
  +1.63446837882062961933e-01-j9.79729524910311289077e-01
  +1.26619474659716874099e-01-j9.82498301224031145296e-01
  +8.99557872010921938388e-02-j9.83194350950552631296e-01
  +5.35970587381842875074e-02-j9.81864449824399132538e-01
  +1.76759523630748462131e-02-j9.78565919921532523240e-01
  -1.76842155086867867941e-02-j9.73365172786104460023e-01
  -5.23699651494403672913e-02-j9.66336242037139636629e-01
  -8.62779216289644712568e-02-j9.57559341899692495481e-01
  -1.19314880550416987925e-01-j9.47119482685933711252e-01
  -1.51397694375985880644e-01-j9.35105168447114998287e-01
  -1.82453004353831993445e-01-j9.21607196165569630963e-01
  -2.12416843865957771786e-01-j9.06717570235386349786e-01
  -2.41234138771270534285e-01-j8.90528540803714796503e-01
  -2.68858129226061504102e-01-j8.73131769958639281093e-01
  -2.95249735735573670681e-01-j8.54617625839809602617e-01
  -3.20376890023893301507e-01-j8.35074601547537431756e-01
  -3.44213848883948347890e-01-j8.14588853225268749725e-01
  -3.66740506637656726863e-01-j7.93243849847013571264e-01
  -3.87941719322600186981e-01-j7.71120125991174965030e-01
  -4.07806651321641233654e-01-j7.48295128147595911550e-01
  -4.26328152934735638002e-01-j7.24843144801904593066e-01
  -4.43502175403335807680e-01-j7.00835310586397919330e-01
  -4.59327228162507816833e-01-j6.76339675100139814390e-01
  -4.73803881623278022595e-01-j6.51421327509806746825e-01
  -4.86934317574673869444e-01-j6.26142568682789724122e-01
  -4.98721928328778818518e-01-j6.00563123319867164795e-01
  -5.09170964994265728976e-01-j5.74740385300818390490e-01
  -5.18286234731827111233e-01-j5.48729690194720176599e-01
  -5.26072846494074930490e-01-j5.22584609588255144530e-01
  -5.32536004557845776830e-01-j4.96357262526579356976e-01
  -5.37680849093522206239e-01-j4.70098639925050687527e-01
  -5.41512343060228662495e-01-j4.43858938283210213704e-01
  -5.44035204844731112850e-01-j4.17687899405346729775e-01
  -5.45253886254147612789e-01-j3.91635153097940169609e-01
</dep>
<dep S[1,2] frequency>
  +4.71777856765835251762e-02-j2.89268169222089532866e-01
  +3.77855239928358635493e-02-j2.73619157791651079759e-01
  +2.96282035660921372333e-02-j2.58751165954205331055e-01
  +2.25360874596074421683e-02-j2.44614801819196148180e-01
  +1.63677904644123906053e-02-j2.31160447539597385669e-01
  +1.10050580427821925733e-02-j2.18339803113690056335e-01
  +6.34857410277247895258e-03-j2.06106790743829482171e-01
  +2.31458950491795958232e-03-j1.94418040739534697670e-01
  -1.16779615161751327418e-03-j1.83233106419239538676e-01
  -4.15883284700034258630e-03-j1.72514506376290371881e-01
  -6.70990422045284178737e-03-j1.62227659626646925073e-01
  -8.86498089324204430195e-03-j1.52340757125856068877e-01
  -1.06618089590827264806e-02-j1.42824598342852687738e-01
  -1.21328857450326895590e-02-j1.33652411625004907680e-01
  -1.33062640964822353346e-02-j1.24799670396567030650e-01
  -1.42062179300041502295e-02-j1.16243912739777160992e-01
  -1.48537951195545775418e-02-j1.07964568902951391083e-01
  -1.52672785325452531335e-02-j9.99427992822515265381e-02
  -1.54625718977684251804e-02-j9.21613441097030167137e-02
  -1.54535239217588795529e-02-j8.46043852287270969903e-02
  -1.52522014833860221350e-02-j7.72574198001639983469e-02
  -1.48691206807677386154e-02-j7.01071454547851774519e-02
  -1.43134428652389698866e-02-j6.31413562220438789874e-02
  -1.35931414854755221872e-02-j5.63488484726821989290e-02
  -1.27151445114679229748e-02-j4.97193360811762213869e-02
  -1.16854563593353066170e-02-j4.32433740218287551715e-02
  -1.05092625515198125757e-02-j3.69122896435524067149e-02
  -9.19101978994915982946e-03-j3.07181209137656896502e-02
  -7.73453366624558130704e-03-j2.46535609742029385161e-02
  -6.14302586245241578206e-03-j1.87119084061996739099e-02
  -4.41919239212899567920e-03-j1.28870226579183150273e-02
  -2.56525418185692914014e-03-j7.17328413875124339116e-03
  -5.83001087231161513845e-04-j1.56555853584350009380e-03
  +1.52616973302780204944e-03+j3.94083504596989559615e-03
  +3.76122030255419481995e-03+j9.35015247696168068370e-03
  +6.12144250777876819392e-03+j1.46662498454133583686e-02
  +8.60643240677439087805e-03+j1.98926058327630848888e-02
  +1.12160676819315976993e-02+j2.50323414712605128718e-02
  +1.39504878206219897624e-02+j3.00882375057876134961e-02
  +1.68100766655942361616e-02+j3.50627495556314061620e-02
  +1.97954470253586950479e-02+j3.99580212488248182057e-02
  +2.29074270755329385818e-02+j4.47758954808670645020e-02
  +2.61470483164868185144e-02+j4.95179239308691718224e-02
  +2.95155348814461794549e-02+j5.41853749513763541246e-02
  +3.30142940136181270439e-02+j5.87792399329848322398e-02
  +3.66449075511744298828e-02+j6.33002382312194133984e-02
  +4.04091242760688390545e-02+j6.77488207307907347454e-02
  +4.43088529968351033106e-02+j7.21251721113531918395e-02
  +4.83461562471970557331e-02+j7.64292118686746568823e-02
  +5.25232444919083024670e-02+j8.06605941361288464320e-02
  +5.68424707388605759961e-02+j8.48187063430658888530e-02
  +6.13063254624630626921e-02+j8.89026667391601688184e-02
  +6.59174317477602411675e-02+j9.29113208069573814907e-02
  +7.06785405678166112065e-02+j9.68432365786750515291e-02
  +7.55925261087071753696e-02+j1.00696698867662318144e-01
  +8.06623810570929467012e-02+j1.04469702419882723432e-01
  +8.58912117649178324941e-02+j1.08159943986222181755e-01
  +9.12822332041614142861e-02+j1.11764813312371896759e-01
  +9.68387636220984782121e-02+j1.15281383039536097779e-01
  +1.02564218803869164343e-01+j1.18706397506179200940e-01
  +1.08462105844606152005e-01+j1.22036260438580915211e-01
  +1.14536016327765416412e-01+j1.25267021516068804976e-01
  +1.20789618799658202142e-01+j1.28394361795561601225e-01
  +1.27226650422506554206e-01+j1.31413577979456103195e-01
  +1.33850907679607861178e-01+j1.34319565511155397664e-01
  +1.40666235996304539446e-01+j1.37106800483570212545e-01
  +1.47676518129425643489e-01+j1.39769320348051950820e-01
  +1.54885661165762106295e-01+j1.42300703414411311432e-01
  +1.62297581956596936870e-01+j1.44694047137195469510e-01
  +1.69916190800792982207e-01+j1.46941945189429490348e-01
  +1.77745373172927906280e-01+j1.49036463332726826225e-01
  +1.85788969275817422711e-01+j1.50969114102434964764e-01
  +1.94050751178242497641e-01+j1.52730830338383305467e-01
  +2.02534397278995720315e-01+j1.54311937606414845137e-01
  +2.11243463817401277982e-01+j1.55702125573420169236e-01
  +2.20181353128397649943e-01+j1.56890418419476374012e-01
  +2.29351278317245027560e-01+j1.57865144395541834310e-01
  +2.38756224005066020055e-01+j1.58613904664268640099e-01
  +2.48398902772035079511e-01+j1.59123541595658196668e-01
  +2.58281706900473584376e-01+j1.59380106728994386245e-01
  +2.68406654995744398118e-01+j1.59368828658447925228e-01
  +2.78775333039348260922e-01+j1.59074081152764584823e-01
  +2.89388829406566461255e-01+j1.58479351880224328397e-01
  +3.00247663361492889145e-01+j1.57567212179423155050e-01
  +3.11351706526118765517e-01+j1.56319288395313532591e-01
  +3.22700096808949843386e-01+j1.54716235389000505984e-01
  +3.34291144273803908504e-01+j1.52737712930146346535e-01
  +3.46122228432877376836e-01+j1.50362365792862801017e-01
  +3.58189686462453915627e-01+j1.47567808500743885558e-01
  +3.70488691866751207460e-01+j1.44330615804379669420e-01
  +3.83013123159433366283e-01+j1.40626320125688347717e-01
  +3.95755422195640915728e-01+j1.36429417367679245432e-01
  +4.08706441875201831326e-01+j1.31713382665136796712e-01
  +4.21855283053558960393e-01+j1.26450697840186587761e-01
  +4.35189120646738369924e-01+j1.20612892524891837653e-01
  +4.48693019105288803949e-01+j1.14170601118069592328e-01
  +4.62349737665944393594e-01+j1.07093637951493972360e-01
  +4.76139526074777275078e-01+j9.93510932461632162438e-02
  +4.90039911818235529584e-01+j9.09114526353695662220e-02
  +5.04025480304955419975e-01+j8.17427432088365241158e-02
  +5.18067649917371531032e-01+j7.18127091801119277203e-02
  +5.32134444402512563066e-01+j6.10890203838876377773e-02
  +5.46190265699736832161e-01+j4.95395168546404682242e-02
  +5.60195671010069617957e-01+j3.71324927035473831283e-02
  +5.74107158695705610540e-01+j2.38370223749944029623e-02
  +5.87876968452742509896e-01+j9.62333210201926289584e-03
  +6.01452902114131271460e-01-j5.53678103549641673770e-03
  +6.14778172394920385813e-01-j2.16694806442422061021e-02
  +6.27791287862895175387e-01-j3.87983721474156537101e-02
  +6.40425983369005025203e-01-j5.69439335675755442523e-02
  +6.52611206059183435180e-01-j7.61228973374345613268e-02
  +6.64271167855163269245e-01-j9.63475861188252957756e-02
  +6.75325475869516855809e-01-j1.17625207513631008238e-01
  +6.85689352530828077903e-01-j1.39957114750324240759e-01
  +6.95273957150144394923e-01-j1.63338042907186897779e-01
  +7.03986820165803939275e-01-j1.87755332948127823256e-01
  +7.11732400263341613567e-01-j2.13188158732668775475e-01
  +7.18412772888151307527e-01-j2.39606775122178039528e-01
  +7.23928456270965359209e-01-j2.66971808211691530310e-01
  +7.28179377911460479211e-01-j2.95233611409053853247e-01
  +7.31065980489062128278e-01-j3.24331713369290508542e-01
  +7.32490461412214521886e-01-j3.54194385455169846733e-01
  +7.32358134754841572089e-01-j3.84738357203201486456e-01
  +7.30578898304441115563e-01-j4.15868707995231734476e-01
  +7.27068782075174224744e-01-j4.47478961555431542507e-01
  +7.21751548209787485710e-01-j4.79451406835856630551e-01
  +7.14560306061575278846e-01-j5.11657664212909257806e-01
  +7.05439100819487796556e-01-j5.43959509670727259234e-01
  +6.94344429753182112997e-01-j5.76209961886888777371e-01
  +6.81246637444724356669e-01-j6.08254628077131820341e-01
  +6.66131140633696827713e-01-j6.39933294445511169357e-01
  +6.48999434843487099656e-01-j6.71081736596322531163e-01
  +6.29869838965861350566e-01-j7.01533714867340507659e-01
  +6.08777940487064128661e-01-j7.31123109880633226254e-01
  +5.85776712887906003679e-01-j7.59686145336246454463e-01
  +5.60936287598881144767e-01-j7.87063638815932775650e-01
  +5.34343375218050309350e-01-j8.13103217641196085452e-01
  +5.06100343835661603542e-01-j8.37661436013182325588e-01
  +4.76323975491140805261e-01-j8.60605731925156880457e-01
  +4.45143934216376269131e-01-j8.81816167634761893801e-01
  +4.12700990031986292284e-01-j9.01186905540899751976e-01
  +3.79145052001779725437e-01-j9.18627381651348384750e-01
  +3.44633069517788548364e-01-j9.34063150811074272006e-01
  +3.09326864089635389377e-01-j9.47436390739643585768e-01
  +2.73390953975073180970e-01-j9.58706064912741906525e-01
  +2.36990431159313008624e-01-j9.67847756660168867526e-01
  +2.00288944808914265439e-01-j9.74853197875038102183e-01
  +1.63446837882063489289e-01-j9.79729524910311844188e-01
  +1.26619474659717734522e-01-j9.82498301224031700407e-01
  +8.99557872010927073170e-02-j9.83194350950552631296e-01
  +5.35970587381849328246e-02-j9.81864449824399243560e-01
  +1.76759523630748045797e-02-j9.78565919921532967329e-01
  -1.76842155086871302694e-02-j9.73365172786104460023e-01
  -5.23699651494396734019e-02-j9.66336242037139636629e-01
  -8.62779216289642630899e-02-j9.57559341899693272637e-01
  -1.19314880550416349547e-01-j9.47119482685933822275e-01
  -1.51397694375986185955e-01-j9.35105168447115109309e-01
  -1.82453004353832326512e-01-j9.21607196165569186874e-01
  -2.12416843865957466475e-01-j9.06717570235386682853e-01
  -2.41234138771270728574e-01-j8.90528540803714352414e-01
  -2.68858129226060893480e-01-j8.73131769958639503137e-01
  -2.95249735735573504147e-01-j8.54617625839809380572e-01
  -3.20376890023893301507e-01-j8.35074601547537098689e-01
  -3.44213848883948125845e-01-j8.14588853225268638703e-01
  -3.66740506637656227262e-01-j7.93243849847014237398e-01
  -3.87941719322600075959e-01-j7.71120125991175187075e-01
  -4.07806651321641289165e-01-j7.48295128147596799728e-01
  -4.26328152934735638002e-01-j7.24843144801904593066e-01
  -4.43502175403335752168e-01-j7.00835310586398030352e-01
  -4.59327228162507317233e-01-j6.76339675100139703368e-01
  -4.73803881623278022595e-01-j6.51421327509806968870e-01
  -4.86934317574673258822e-01-j6.26142568682789502077e-01
  -4.98721928328778485451e-01-j6.00563123319867386840e-01
  -5.09170964994265839998e-01-j5.74740385300817613334e-01
  -5.18286234731827111233e-01-j5.48729690194720287622e-01
  -5.26072846494075263557e-01-j5.22584609588255366575e-01
  -5.32536004557845776830e-01-j4.96357262526579356976e-01
  -5.37680849093522095217e-01-j4.70098639925050187927e-01
  -5.41512343060228884539e-01-j4.43858938283209825126e-01
  -5.44035204844731223872e-01-j4.17687899405346507731e-01
  -5.45253886254147390744e-01-j3.91635153097940280631e-01
</dep>
<dep S[1,1] frequency>
  -9.43187854605866848878e-01-j1.53785080159490522567e-01
  -9.51618069886113970846e-01-j1.31376556728954374531e-01
  -9.58766637441102909101e-01-j1.09751191371153050680e-01
  -9.64803200527030946354e-01-j8.88597040540645699558e-02
  -9.69869048167563252427e-01-j6.86525906204302066582e-02
  -9.74082336046330987678e-01-j4.90816666387703035013e-02
  -9.77542278598670932865e-01-j3.01009718149497507156e-02
  -9.80332520395202355878e-01-j1.16672559511323201131e-02
  -9.82523854265131557639e-01+j6.25980609385869829486e-03
  -9.84176419539164348826e-01+j2.37175720774571996419e-02
  -9.85341486066814153943e-01+j4.07404971623613054721e-02
  -9.86062907487365247761e-01+j5.73602623341787909439e-02
  -9.86378309676877229606e-01+j7.36059377603750786268e-02
  -9.86320066472897716281e-01+j8.95041623561820265387e-02
  -9.85916103929369347370e-01+j1.05079327515409465255e-01
  -9.85190565844590859790e-01+j1.20353757457022508826e-01
  -9.84164366626982589636e-01+j1.35347881643199274837e-01
  -9.82855652314600924946e-01+j1.50080396722222397798e-01
  -9.81280186429876910559e-01+j1.64568416763683500470e-01
  -9.79451674085775048084e-01+j1.78827611404802466755e-01
  -9.77382035172854490845e-01+j1.92872332064840473764e-01
  -9.75081635401020330178e-01+j2.06715726711726444087e-01
  -9.72559482330518476623e-01+j2.20369843851064284301e-01
  -9.69823392215066637512e-01+j2.33845726500003348036e-01
  -9.66880132426674809842e-01+j2.47153496939926664577e-01
  -9.63735543383035131448e-01+j2.60302433034200420003e-01
  -9.60394643211906262614e-01+j2.73301036865930213615e-01
  -9.56861717830017832753e-01+j2.86157096405275201967e-01
  -9.53140398660496823702e-01+j2.98877740863569552054e-01
  -9.49233729842254181364e-01+j3.11469490336629128979e-01
  -9.45144226481132943007e-01+j3.23938300284809688190e-01
  -9.40873925242841968597e-01+j3.36289601344552213646e-01
  -9.36424428381730455939e-01+j3.48528334916489213047e-01
  -9.31796942129039296177e-01+j3.60658984928765913303e-01
  -9.26992310222894522198e-01+j3.72685606131757052317e-01
  -9.22011043244708172750e-01+j3.84611849241516201570e-01
  -9.16853344328519059836e-01+j3.96440983214087550035e-01
  -9.11519131727897780060e-01+j4.08175914900942071739e-01
  -9.06008058656251336060e-01+j4.19819206307171510772e-01
  -9.00319530758825203876e-01+j4.31373089648208696278e-01
  -8.94452721526159399978e-01+j4.42839480377712035875e-01
  -8.88406585918073421482e-01+j4.54219988338350699753e-01
  -8.82179872432862999254e-01+j4.65515927168601018060e-01
  -8.75771133827586978349e-01+j4.76728322081717725833e-01
  -8.69178736670948359766e-01+j4.87857916118038081876e-01
  -8.62400869889932142343e-01+j4.98905174958046704337e-01
  -8.55435552454306025183e-01+j5.09870290371319589973e-01
  -8.48280640328880286560e-01+j5.20753182365446654067e-01
  -8.40933832811726511558e-01+j5.31553500088841834881e-01
  -8.33392678367017913921e-01+j5.42270621532335073134e-01
  -8.25654580053494457914e-01+j5.52903652066090045558e-01
  -8.17716800643606744892e-01+j5.63451421840949873143e-01
  -8.09576467523937637338e-01+j5.73912482076401997411e-01
  -8.01230577464438820101e-01+j5.84285100251225375523e-01
  -7.92676001342201619337e-01+j5.94567254207216455697e-01
  -7.83909488904850348945e-01+j6.04756625171341544167e-01
  -7.74927673659101867720e-01+j6.14850589697121474586e-01
  -7.65727077971615877061e-01+j6.24846210521991296538e-01
  -7.56304118471766817500e-01+j6.34740226333880497300e-01
  -7.46655111849607311392e-01+j6.44529040437224143290e-01
  -7.36776281146859557403e-01+j6.54208708306181385694e-01
  -7.26663762644358279807e-01+j6.63774924010913869310e-01
  -7.16313613456044606664e-01+j6.73223005501582316690e-01
  -7.05721819947267126061e-01+j6.82547878734075186280e-01
  -6.94884307103881160295e-01+j6.91744060621791945209e-01
  -6.83796948988569686101e-01+j7.00805640798794815538e-01
  -6.72455580431773447536e-01+j7.09726262181830769293e-01
  -6.60856010116795955511e-01+j7.18499100321847383732e-01
  -6.48994035232137500557e-01+j7.27116841540223934892e-01
  -6.36865457878661556101e-01+j7.35571659850914993939e-01
  -6.24466103435210806438e-01+j7.43855192677432719428e-01
  -6.11791841103426659032e-01+j7.51958515383368109042e-01
  -5.98838606871063161563e-01+j7.59872114647007879107e-01
  -5.85602429152799142109e-01+j7.67585860725286672768e-01
  -5.72079457388487533365e-01+j7.75088978669802530774e-01
  -5.58265993900886603463e-01+j7.82370018578517512076e-01
  -5.44158529337903318357e-01+j7.89416824991654553223e-01
  -5.29753782048279941996e-01+j7.96216505569359966898e-01
  -5.15048741764013939815e-01+j8.02755399222909948875e-01
  -5.00040717987382143939e-01+j8.09019043910944590792e-01
  -4.84727393504803427682e-01+j8.14992144358137604598e-01
  -4.69106883473254021588e-01+j8.20658540006804049227e-01
  -4.53177800547033104994e-01+j8.26001173572652791499e-01
  -4.36939326532166605332e-01+j8.31002060645317452980e-01
  -4.20391291071900652376e-01+j8.35642260853131202403e-01
  -4.03534257877971813677e-01+j8.39901851200749671733e-01
  -3.86369619027119193255e-01+j8.43759902288499064049e-01
  -3.68899697838904583325e-01+j8.47194458234442060451e-01
  -3.51127860836604521744e-01+j8.50182521244869482402e-01
  -3.33058639265825018327e-01+j8.52700041916637840878e-01
  -3.14697860601461154584e-01+j8.54721916505811640796e-01
  -2.96052790410286259526e-01+j8.56221992561277067679e-01
  -2.77132284848684518064e-01+j8.57173084498946580290e-01
  -2.57946953959103497667e-01+j8.57547000880605314599e-01
  -2.38509335779106268483e-01+j8.57314585359668202003e-01
  -2.18834081088200543830e-01+j8.56445773461153914141e-01
  -1.98938148383882018599e-01+j8.54909667571154718857e-01
  -1.78841008393276879040e-01+j8.52674632716641567320e-01
  -1.58564857084139088084e-01+j8.49708415912440284679e-01
  -1.38134835732488581161e-01+j8.45978292029823220055e-01
  -1.17579256128012454852e-01+j8.41451239289039754077e-01
  -9.69298284480242661187e-02+j8.36094147582624236392e-01
  -7.62218887023775326650e-02+j8.29874062881035046146e-01
  -5.54946219448352873194e-02+j8.22758470937767216746e-01
  -3.47912766625090297268e-02+j8.14715623375431352571e-01
  -1.41593649004479321674e-02+j8.05714908972339993731e-01
  +6.34915823541574997346e-03+j7.95727272553613751427e-01
  +2.66777430089131101232e-02+j7.84725683292662901103e-01
  +4.67651297007805749617e-02+j7.72685653418361151346e-01
  +6.65452787065509698827e-02+j7.59585807271719426481e-01
  +8.59473562066205842847e-02+j7.45408499337320895606e-01
  +1.04895786295943746480e-01+j7.30140478269483916840e-01
  +1.23310381038426938871e-01+j7.13773592029669168291e-01
  +1.41106560221758853269e-01+j6.96305527051720885012e-01
  +1.58195672543688464762e-01+j6.77740571874176689349e-01
  +1.74485429466685715294e-01+j6.58090392964013948252e-01
  +1.89880461937530137240e-01+j6.37374807570572632365e-01
  +2.04283008489385492501e-01+j6.15622535487885147454e-01
  +2.17593740846256045174e-01+j5.92871908696401939132e-01
  +2.29712729975003360217e-01+j5.69171515162736119109e-01
  +2.40540551553878684254e-01+j5.44580750789856349314e-01
  +2.49979525068690311418e-01+j5.19170251847140273860e-01
  +2.57935075285227854991e-01+j4.93022179401422344647e-01
  +2.64317198822266175018e-01+j4.66230327549262246745e-01
  +2.69042012178399403410e-01+j4.38900028831063437895e-01
  +2.72033351136454160102e-01+j4.11147833264253415031e-01
  +2.73224385336593988960e-01+j3.83100942073658190523e-01
  +2.72559206381138618980e-01+j3.54896383443473295571e-01
  +2.69994343547818482776e-01+j3.26679925375911617280e-01
  +2.65500158478131131901e-01+j2.98604729800311718968e-01
  +2.59062069467471400852e-01+j2.70829762086758407680e-01
  +2.50681557524807863135e-01+j2.43517980608402462295e-01
  +2.40376910378956393233e-01+j2.16834341393457724623e-01
  +2.28183667114695870604e-01+j1.90943662571117583893e-01
  +2.14154734971177457270e-01+j1.66008401586695358843e-01
  +1.98360160683704628282e-01+j1.42186404419314016412e-01
  +1.80886551076633761426e-01+j1.19628689758513290231e-01
  +1.61836150751430624117e-01+j9.84773319127853208332e-02
  +1.41325597895578497498e-01+j7.88635039599433762536e-02
  +1.19484391666351552619e-01+j6.09057373527168433025e-02
  +9.64531155162494935329e-02+j4.47084461353847717469e-02
  +7.23814695654357298515e-02+j3.03607535859861388250e-02
  +4.74261711936980745463e-02+j1.79356471147830986990e-02
  +2.17487861258901238326e-02+j7.48947437127714388261e-03
  -4.48644765213629392875e-03-j9.38219474557605570553e-04
  -3.11147436392490428503e-02-j7.32452564849464526908e-03
  -5.79727841003771365846e-02-j1.16627002797375367571e-02
  -8.49005842013923900380e-02-j1.39614200754848705177e-02
  -1.11743165232718710822e-01-j1.42438047229886677325e-02
  -1.38352008917869861993e-01-j1.25462501956848104800e-02
  -1.64586274791849118682e-01-j8.91711938925837666048e-03
  -1.90313772295263444745e-01-j3.41533655166212368748e-03
  -2.15411688100405618318e-01+j3.89106992558585496056e-03
  -2.39767076919677551983e-01+j1.29264352611771771162e-02
  -2.63277130419269977946e-01+j2.36089001390873687303e-02
  -2.85849243765756710900e-01+j3.58517956402776560854e-02
  -3.07400902768359352013e-01+j4.95649460308619782545e-02
  -3.27859416627795274835e-01+j6.46558700383813578227e-02
  -3.47161522110719933387e-01+j8.10308668683290267420e-02
  -3.65252884723285320412e-01+j9.85959783897635000383e-02
  -3.82087521365296334253e-01+j1.17257823504846314666e-01
  -3.97627167217839638802e-01+j1.36924304626924481232e-01
  -4.11840607450758344754e-01+j1.57505189392190880771e-01
  -4.24702991910876959114e-01+j1.78912573230810029168e-01
  -4.36195148420063461003e-01+j2.01061230266669804800e-01
  -4.46302907798521886207e-01+j2.23868861265060475896e-01
  -4.55016451328671189813e-01+j2.47256248082206198102e-01
  -4.62329689157785828080e-01+j2.71147324373271714215e-01
  -4.68239676148641092990e-01+j2.95469172270294455629e-01
  -4.72746069952067582420e-01+j3.20151954428064433600e-01
  -4.75850634602702826648e-01+j3.45128790327027035190e-01
  -4.77556791726070017923e-01+j3.70335585082357754416e-01
  -4.77869220478956635567e-01+j3.95710818292457688905e-01
  -4.76793506607131267749e-01+j4.21195299714077153741e-01
  -4.74335840472337011420e-01+j4.46731897812821188154e-01
  -4.70502763549614622107e-01+j4.72265246536220151263e-01
  -4.65300962701295506285e-01+j4.97741435015225219818e-01
  -4.58737111470642111577e-01+j5.23107684336225564614e-01
  -4.50817757682290043419e-01+j5.48312015052552115257e-01
  -4.41549256765577047279e-01+j5.73302908731402549591e-01
  -4.30937750409067343860e-01+j5.98028966566127806459e-01
</dep>
