<Qucs Dataset 1.0.7>
<indep frequency 181>
  +1.00000000000000000000e+09
  +1.05000000000000000000e+09
  +1.10000000000000000000e+09
  +1.15000000000000000000e+09
  +1.20000000000000000000e+09
  +1.25000000000000000000e+09
  +1.30000000000000000000e+09
  +1.35000000000000000000e+09
  +1.40000000000000000000e+09
  +1.45000000000000000000e+09
  +1.50000000000000000000e+09
  +1.55000000000000000000e+09
  +1.60000000000000000000e+09
  +1.65000000000000000000e+09
  +1.70000000000000000000e+09
  +1.75000000000000000000e+09
  +1.80000000000000000000e+09
  +1.85000000000000000000e+09
  +1.90000000000000000000e+09
  +1.95000000000000000000e+09
  +2.00000000000000000000e+09
  +2.05000000000000000000e+09
  +2.10000000000000000000e+09
  +2.15000000000000000000e+09
  +2.20000000000000000000e+09
  +2.25000000000000000000e+09
  +2.30000000000000000000e+09
  +2.35000000000000000000e+09
  +2.40000000000000000000e+09
  +2.45000000000000000000e+09
  +2.50000000000000000000e+09
  +2.55000000000000000000e+09
  +2.60000000000000000000e+09
  +2.65000000000000000000e+09
  +2.70000000000000000000e+09
  +2.75000000000000000000e+09
  +2.80000000000000000000e+09
  +2.85000000000000000000e+09
  +2.90000000000000000000e+09
  +2.95000000000000000000e+09
  +3.00000000000000000000e+09
  +3.05000000000000000000e+09
  +3.10000000000000000000e+09
  +3.15000000000000000000e+09
  +3.20000000000000000000e+09
  +3.25000000000000000000e+09
  +3.30000000000000000000e+09
  +3.35000000000000000000e+09
  +3.40000000000000000000e+09
  +3.45000000000000000000e+09
  +3.50000000000000000000e+09
  +3.55000000000000000000e+09
  +3.60000000000000000000e+09
  +3.65000000000000000000e+09
  +3.70000000000000000000e+09
  +3.75000000000000000000e+09
  +3.80000000000000000000e+09
  +3.85000000000000000000e+09
  +3.90000000000000000000e+09
  +3.95000000000000000000e+09
  +4.00000000000000000000e+09
  +4.05000000000000000000e+09
  +4.10000000000000000000e+09
  +4.15000000000000000000e+09
  +4.20000000000000000000e+09
  +4.25000000000000000000e+09
  +4.30000000000000000000e+09
  +4.35000000000000000000e+09
  +4.40000000000000000000e+09
  +4.45000000000000000000e+09
  +4.50000000000000000000e+09
  +4.55000000000000000000e+09
  +4.60000000000000000000e+09
  +4.65000000000000000000e+09
  +4.70000000000000000000e+09
  +4.75000000000000000000e+09
  +4.80000000000000000000e+09
  +4.85000000000000000000e+09
  +4.90000000000000000000e+09
  +4.95000000000000000000e+09
  +5.00000000000000000000e+09
  +5.05000000000000000000e+09
  +5.10000000000000000000e+09
  +5.15000000000000000000e+09
  +5.20000000000000000000e+09
  +5.25000000000000000000e+09
  +5.30000000000000000000e+09
  +5.35000000000000000000e+09
  +5.40000000000000000000e+09
  +5.45000000000000000000e+09
  +5.50000000000000000000e+09
  +5.55000000000000000000e+09
  +5.60000000000000000000e+09
  +5.65000000000000000000e+09
  +5.70000000000000000000e+09
  +5.75000000000000000000e+09
  +5.80000000000000000000e+09
  +5.85000000000000000000e+09
  +5.90000000000000000000e+09
  +5.95000000000000000000e+09
  +6.00000000000000000000e+09
  +6.05000000000000000000e+09
  +6.10000000000000000000e+09
  +6.15000000000000000000e+09
  +6.20000000000000000000e+09
  +6.25000000000000000000e+09
  +6.30000000000000000000e+09
  +6.35000000000000000000e+09
  +6.40000000000000000000e+09
  +6.45000000000000000000e+09
  +6.50000000000000000000e+09
  +6.55000000000000000000e+09
  +6.60000000000000000000e+09
  +6.65000000000000000000e+09
  +6.70000000000000000000e+09
  +6.75000000000000000000e+09
  +6.80000000000000000000e+09
  +6.85000000000000000000e+09
  +6.90000000000000000000e+09
  +6.95000000000000000000e+09
  +7.00000000000000000000e+09
  +7.05000000000000000000e+09
  +7.10000000000000000000e+09
  +7.15000000000000000000e+09
  +7.20000000000000000000e+09
  +7.25000000000000000000e+09
  +7.30000000000000000000e+09
  +7.35000000000000000000e+09
  +7.40000000000000000000e+09
  +7.45000000000000000000e+09
  +7.50000000000000000000e+09
  +7.55000000000000000000e+09
  +7.60000000000000000000e+09
  +7.65000000000000000000e+09
  +7.70000000000000000000e+09
  +7.75000000000000000000e+09
  +7.80000000000000000000e+09
  +7.85000000000000000000e+09
  +7.90000000000000000000e+09
  +7.95000000000000000000e+09
  +8.00000000000000000000e+09
  +8.05000000000000000000e+09
  +8.10000000000000000000e+09
  +8.15000000000000000000e+09
  +8.20000000000000000000e+09
  +8.25000000000000000000e+09
  +8.30000000000000000000e+09
  +8.35000000000000000000e+09
  +8.40000000000000000000e+09
  +8.45000000000000000000e+09
  +8.50000000000000000000e+09
  +8.55000000000000000000e+09
  +8.60000000000000000000e+09
  +8.65000000000000000000e+09
  +8.70000000000000000000e+09
  +8.75000000000000000000e+09
  +8.80000000000000000000e+09
  +8.85000000000000000000e+09
  +8.90000000000000000000e+09
  +8.95000000000000000000e+09
  +9.00000000000000000000e+09
  +9.05000000000000000000e+09
  +9.10000000000000000000e+09
  +9.15000000000000000000e+09
  +9.20000000000000000000e+09
  +9.25000000000000000000e+09
  +9.30000000000000000000e+09
  +9.35000000000000000000e+09
  +9.40000000000000000000e+09
  +9.45000000000000000000e+09
  +9.50000000000000000000e+09
  +9.55000000000000000000e+09
  +9.60000000000000000000e+09
  +9.65000000000000000000e+09
  +9.70000000000000000000e+09
  +9.75000000000000000000e+09
  +9.80000000000000000000e+09
  +9.85000000000000000000e+09
  +9.90000000000000000000e+09
  +9.95000000000000000000e+09
  +1.00000000000000000000e+10
</indep>
<dep S21_phase frequency>
  -1.02774106476375720831e+02
  -1.07430590445007155154e+02
  -1.11986547112421817474e+02
  -1.16437139681052315154e+02
  -1.20778657288358047595e+02
  -1.25008497763883056564e+02
  -1.29125114085607009429e+02
  -1.33127933325361652805e+02
  -1.37017256929057765547e+02
  -1.40794150472165853216e+02
  -1.44460329838366874355e+02
  -1.48018049343682235985e+02
  -1.51469995873541421361e+02
  -1.54819191758044581775e+02
  -1.58068907963783175319e+02
  -1.61222588263410415266e+02
  -1.64283784356094997747e+02
  -1.67256101430938571184e+02
  -1.70143153358158116362e+02
  -1.72948526523050475134e+02
  -1.75675751250706213114e+02
  -1.78328279775031347754e+02
  +1.79090530240977784615e+02
  +1.76577427544637487244e+02
  +1.74129275307041950782e+02
  +1.71743056023855587000e+02
  +1.69415873917811353522e+02
  +1.67144955364614958171e+02
  +1.64927647779901775493e+02
  +1.62761417330322530006e+02
  +1.60643845766958605736e+02
  +1.58572626623629844289e+02
  +1.56545560975514774782e+02
  +1.54560552913988857426e+02
  +1.52615604860768144135e+02
  +1.50708812817376156090e+02
  +1.48838361623846964221e+02
  +1.47002520282586090161e+02
  +1.45199637388824129403e+02
  +1.43428136697472353944e+02
  +1.41686512846960880552e+02
  +1.39973327253333366116e+02
  +1.38287204182175855749e+02
  +1.36626827001530642747e+02
  +1.34990934615572001576e+02
  -4.66216819237511757024e+01
  -4.82121826317679946783e+01
  -4.97816816388348115652e+01
  -5.13312500778498801424e+01
  -5.28619188189885917950e+01
  -5.43746810597463010595e+01
  -5.58704947783595926580e+01
  -5.73502850587956487516e+01
  -5.88149462953751367422e+01
  -6.02653442849766705081e+01
  -6.17023182144967989871e+01
  -6.31266825510269384836e+01
  -6.45392288419173354441e+01
  -6.59407274315916680507e+01
  -6.73319291017054126769e+01
  -6.87135666409226075757e+01
  -7.00863563503197326554e+01
  -7.14509994901428058256e+01
  -7.28081836733826435193e+01
  -7.41585842113904902817e+01
  -7.55028654165300565637e+01
  -7.68416818666403429461e+01
  -7.81756796359046717271e+01
  -7.95054974965284912969e+01
  -8.08317680954825021900e+01
  -8.21551191104092310979e+01
  -8.34761743886769806977e+01
  -8.47955550734406813262e+01
  -8.61138807204724940902e+01
  -8.74317704094408156834e+01
  -8.87498438532325764072e+01
  -9.00687225088590537325e+01
  -9.13890306934092251367e+01
  -9.27113967084856795964e+01
  -9.40364539764886302464e+01
  -9.53648421920797915163e+01
  -9.66972084921093113508e+01
  -9.80342086472332852054e+01
  -9.93765082783874191819e+01
  -1.00724784101215348642e+02
  -1.02079725201450088434e+02
  -1.03442034344126355450e+02
  -1.04812429319362934166e+02
  -1.06191644327236772938e+02
  -1.07580431404048070476e+02
  -1.08979561891936810980e+02
  -1.10389827953434448204e+02
  -1.11812044132021895848e+02
  -1.13247048959160636628e+02
  -1.14695706607494685159e+02
  -1.16158908588977524801e+02
  -1.17637575495542421322e+02
  -1.19132658778531222765e+02
  -1.20645142561399765668e+02
  -1.22176045478187802473e+02
  -1.23726422527785686611e+02
  -1.25297366931096277654e+02
  -1.26890011974714184362e+02
  -1.28505532820590588017e+02
  -1.30145148256288081257e+02
  -1.31810122354673012524e+02
  -1.33501766005203194254e+02
  -1.35221438271145331100e+02
  -1.36970547518048022084e+02
  -1.38750552248424867230e+02
  -1.40562961565782927664e+02
  -1.42409335177764006630e+02
  -1.44291282833234220107e+02
  -1.46210463071597956741e+02
  -1.48168581144616553047e+02
  -1.50167385951736946481e+02
  -1.52208665809791426682e+02
  -1.54294242857553314252e+02
  -1.56425965875889744439e+02
  -1.58605701286439796149e+02
  -1.60835322077548596553e+02
  -1.63116694397793281723e+02
  -1.65451661557697661920e+02
  -1.67842025192462898531e+02
  -1.70289523366848840169e+02
  -1.72795805452169076943e+02
  -1.75362403679622190111e+02
  -1.77990701378689180956e+02
  +1.79318101951663237514e+02
  +1.76563028414732201554e+02
  +1.73743361791857950038e+02
  +1.70858689133207036548e+02
  +1.67908942796445757040e+02
  +1.64894441573388178313e+02
  +1.61815929257249365492e+02
  +1.58674608747780069962e+02
  +1.55472169601250016058e+02
  +1.52210806843343959827e+02
  +1.48893228911942571813e+02
  +1.45522652814226461260e+02
  +1.42102784987512052339e+02
  +1.38637786946564460777e+02
  +1.35132225559540785298e+02
  +1.31591008672797954659e+02
  +1.28019307730802694323e+02
  +1.24422469924230483684e+02
  +1.20805923154144451814e+02
  +1.17175077638076075459e+02
  +1.13535228241350054645e+02
  +1.09891461562916944672e+02
  +1.06248571445514400580e+02
  +1.02610985958122256534e+02
  +9.89827080862797856753e+01
  +9.53672714520061219901e+01
  +9.17677114621541534234e+01
  +8.81865514347169749954e+01
  +8.46258025404264770941e+01
  +8.10869758610000701538e+01
  +7.75711045198797251032e+01
  +7.40787736787677317807e+01
  +7.06101561902440550966e+01
  +6.71650518199828781007e+01
  +6.37429281648541490313e+01
  +6.03429616599456508652e+01
  +5.69640773574907015586e+01
  +5.36049864492946710470e+01
  +5.02642207740725623921e+01
  +4.69401637910239557527e+01
  +4.36310777055161551630e+01
  +4.03351266006024360422e+01
  +3.70503955611375985768e+01
  +3.37749058791474823238e+01
  +3.05066265047071034644e+01
  +2.72434819610511880228e+01
  +2.39833569810805791178e+01
  +2.07240981496489915514e+01
  +1.74635128562569228450e+01
  +1.41993658799116193592e+01
  +1.09293739451723759259e+01
  +7.65119860884523816935e+00
  +4.36243786297687119458e+00
</dep>
<dep S11_phase frequency>
  +1.67198186687888380675e+02
  +1.62531977798111967104e+02
  +1.57966702732553670785e+02
  +1.53507200530072424272e+02
  +1.49157183385034585399e+02
  +1.44919253699467304841e+02
  +1.40794957537211473664e+02
  +1.36784865662044154533e+02
  +1.32888673292650850044e+02
  +1.29105310417795578815e+02
  +1.25433055711460326620e+02
  +1.21869648516295697505e+02
  +1.18412394820905333859e+02
  +1.15058264500495894822e+02
  +1.11803978238734686101e+02
  +1.08646083466940595486e+02
  +1.05581019345660621411e+02
  +1.02605171295415829036e+02
  +9.97149158911863366939e+01
  +9.69066571053929948221e+01
  +9.41768549514615784801e+01
  +9.15220475746878321388e+01
  +8.89388677838641257267e+01
  +8.64240549351198410477e+01
  +8.39744629829213380390e+01
  +8.15870654120985818736e+01
  +7.92589576658726286951e+01
  +7.69873575921857309368e+01
  +7.47696043465308122222e+01
  +7.26031561149090407525e+01
  +7.04855869556072178739e+01
  +6.84145830028230079733e+01
  +6.63879382279763916586e+01
  +6.44035499150015198211e+01
  +6.24594139730396591403e+01
  +6.05536201828699418570e+01
  +5.86843474512538065824e+01
  +5.68498591293605102237e+01
  +5.50484984369168515173e+01
  +5.32786840220777691002e+01
  +5.15389056777516145758e+01
  +4.98277202277996025259e+01
  +4.81437475907982204149e+01
  +4.64856670246221810316e+01
  +4.48522135516988242898e+01
  +4.32421745622253439478e+01
  +4.16543865907370829404e+01
  +4.00877322600463017466e+01
  +3.85411373856146113326e+01
  +3.70135682327941353265e+01
  +3.55040289189995874608e+01
  +3.40115589526899668726e+01
  +3.25352309010087097363e+01
  +3.10741481780084427555e+01
  +2.96274429455407393164e+01
  +2.81942741191142012269e+01
  +2.67738254712667185231e+01
  +2.53653038252858742396e+01
  +2.39679373323921609540e+01
  +2.25809738257994325750e+01
  +2.12036792453555236193e+01
  +1.98353361267514500810e+01
  +1.84752421495593566192e+01
  +1.71227087386198277841e+01
  +1.57770597135432630864e+01
  +1.44376299813167996433e+01
  +1.31037642672205763006e+01
  +1.17748158794499691027e+01
  +1.04501455030152037295e+01
  +9.12912001865268685208e+00
  +7.81111134262194184430e+00
  +6.49549528339166482027e+00
  +5.18165041133076265112e+00
  +3.86895693761930070664e+00
  +2.55679559868000572109e+00
  +1.24454654250599516807e+00
  -6.84117866742651459244e-02
  -1.38270376889725055136e+00
  -2.69895773758386248176e+00
  -4.01780712068425316374e+00
  -5.33989159721178996421e+00
  -6.66585827248572115877e+00
  -7.99636287535141310201e+00
  -9.33207098059036432858e+00
  -1.06736592596638484309e+01
  -1.20218167628408050263e+01
  -1.33772462356516346205e+01
  -1.47406654724586907435e+01
  -1.61128087097493732927e+01
  -1.74944280615136555923e+01
  -1.88862949987610626579e+01
  -2.02892018748477731549e+01
  -2.17039634977924080772e+01
  -2.31314187501590602380e+01
  -2.45724322563296446731e+01
  -2.60278960960684422332e+01
  -2.74987315621445418401e+01
  -2.89858909584046742225e+01
  -3.04903594330113776323e+01
  -3.20131568395460917031e+01
  -3.35553396162519348422e+01
  -3.51180026707879733294e+01
  -3.67022812544108774091e+01
  -3.83093528054001524197e+01
  -3.99404387367000168751e+01
  -4.15968061370576478453e+01
  -4.32797693482868979231e+01
  -4.49906913735317601777e+01
  -4.67309850624564830923e+01
  -4.85021140089936650952e+01
  -5.03055930855546264979e+01
  -5.21429885243299793274e+01
  -5.40159174414894778238e+01
  -5.59260466836616316755e+01
  -5.78750908582189254048e+01
  -5.98648093897829127741e+01
  -6.18970024254163746491e+01
  -6.39735053907975981247e+01
  -6.60961819801872820790e+01
  -6.82669153454592674279e+01
  -7.04875972355998641206e+01
  -7.27601148300580433670e+01
  -7.50863350100160715783e+01
  -7.74680858243785905870e+01
  -7.99071349361557849988e+01
  -8.24051648844000368399e+01
  -8.49637450718778097780e+01
  -8.75843004940471274722e+01
  -9.02680773649392165225e+01
  -9.30161059732335360195e+01
  -9.58291613178740249168e+01
  -9.87077223242826988781e+01
  -1.01651930722193597489e+02
  -1.04661550961123651859e+02
  -1.07735932829522909060e+02
  -1.10873978702030683507e+02
  -1.14074117533131300206e+02
  -1.17334287808633220607e+02
  -1.20651931622487467166e+02
  -1.24024001834964465729e+02
  -1.27446983870389374260e+02
  -1.30916933127899426381e+02
  -1.34429528229696160224e+02
  -1.37980139465904983354e+02
  -1.41563910884759252440e+02
  -1.45175853609336257932e+02
  -1.48810947231508066579e+02
  -1.52464245626481186946e+02
  -1.56130983312999035206e+02
  -1.59806678589163652759e+02
  -1.63487230099960527241e+02
  -1.67169004203147778753e+02
  -1.70848911432308511849e+02
  -1.74524471433622949235e+02
  -1.78193866903546449976e+02
  +1.78144011775085687077e+02
  +1.74489528329553138519e+02
  +1.70842264754419431938e+02
  +1.67200982428428204685e+02
  +1.63563573154168381052e+02
  +1.59926990835684904368e+02
  +1.56287151150198297955e+02
  +1.52638781273204813260e+02
  +1.48975193071341550421e+02
  +1.45287938690397453456e+02
  +1.41566282547497024780e+02
  +1.37796379586148759699e+02
  +1.33959968619843436954e+02
  +1.30032234472027539596e+02
  +1.25978180454841563574e+02
  +1.21746186026525748503e+02
  +1.17255895620547505587e+02
  +1.12373763808294910405e+02
  +1.06858968967292113916e+02
  +1.00228781191357782632e+02
  +9.13670323264465054081e+01
  +7.71412307684878015834e+01
  +4.71617900502768563342e+01
  -8.93067885453113063932e+00
  -4.56380253138107931932e+01
  -6.22452709599393969597e+01
</dep>
<dep S21_dB frequency>
  -3.68549168899169732327e+00
  -4.08592565570934329600e+00
  -4.50477835695742268030e+00
  -4.94099238100583981748e+00
  -5.39347811440584745668e+00
  -5.86114559452153294217e+00
  -6.34293334103711536898e+00
  -6.83783338738078505514e+00
  -7.34491217260397544209e+00
  -7.86332732617543239684e+00
  -8.39234066309394499683e+00
  -8.93132790229470963084e+00
  -9.47978573707967164808e+00
  -1.00373369385769706241e+01
  -1.06037341807786731351e+01
  -1.11788632568393673239e+01
  -1.17627463271915750909e+01
  -1.23555458142433600699e+01
  -1.29575695472244838413e+01
  -1.35692777739900662937e+01
  -1.41912927037759928339e+01
  -1.48244113369124352886e+01
  -1.54696224882831749881e+01
  -1.61281291406631126506e+01
  -1.68013776011480722161e+01
  -1.74910954230486268557e+01
  -1.81993407651741740949e+01
  -1.89285668978554717512e+01
  -1.96817071021158547239e+01
  -2.04622875259752703414e+01
  -2.12745791305389602144e+01
  -2.21238054888825104172e+01
  -2.30164323347572334910e+01
  -2.39605800547311211801e+01
  -2.49666268873622314572e+01
  -2.60481187399840692365e+01
  -2.72231932205806295144e+01
  -2.85169107167003730297e+01
  -2.99652874218332314626e+01
  -3.16227793953587088538e+01
  -3.35775062057223507850e+01
  -3.59863869414520891610e+01
  -3.91729284534724158107e+01
  -4.40009030650347838787e+01
  -5.49407866032886431640e+01
  -5.18056234700710476204e+01
  -4.33751091778908843821e+01
  -3.92873816628674390472e+01
  -3.65927191521121457640e+01
  -3.45932150416636190471e+01
  -3.30105155011419384437e+01
  -3.17050750864784767202e+01
  -3.05968955734418130987e+01
  -2.96358318556239552777e+01
  -2.87883714255013600791e+01
  -2.80310079444852746633e+01
  -2.73466177416146223322e+01
  -2.67223410824573122113e+01
  -2.61482754943256843205e+01
  -2.56166341028002229052e+01
  -2.51211835227049249397e+01
  -2.46568567865068359879e+01
  -2.42194797201499625317e+01
  -2.38055730656698081305e+01
  -2.34122065030918662387e+01
  -2.30368890487170077108e+01
  -2.26774854675929091741e+01
  -2.23321516264378239214e+01
  -2.19992838606089051723e+01
  -2.16774788619419496172e+01
  -2.13655015699423564968e+01
  -2.10622592249678604048e+01
  -2.07667802183162955032e+01
  -2.04781967146444507932e+01
  -2.01957302689360105319e+01
  -1.99186798413795713714e+01
  -1.96464117480176767572e+01
  -1.93783511859965678070e+01
  -1.91139750487926427525e+01
  -1.88528058053880407385e+01
  -1.85944062626093220558e+01
  -1.83383750650668666538e+01
  -1.80843428147809923701e+01
  -1.78319687144325982331e+01
  -1.75809376555800653819e+01
  -1.73309576871395094599e+01
  -1.70817578106837935081e+01
  -1.68330860582681332005e+01
  -1.65847078159676719622e+01
  -1.63364043624709047720e+01
  -1.60879715971725403278e+01
  -1.58392189364597939516e+01
  -1.55899683604630361344e+01
  -1.53400535955594730098e+01
  -1.50893194204999083752e+01
  -1.48376210862423736359e+01
  -1.45848238415013060632e+01
  -1.43308025576999149564e+01
  -1.40754414485030174831e+01
  -1.38186338804287807136e+01
  -1.35602822722276208367e+01
  -1.33002980817905829269e+01
  -1.30386018803242880182e+01
  -1.27751235144136359168e+01
  -1.25098023573906846906e+01
  -1.22425876521381038486e+01
  -1.19734389480633041103e+01
  -1.17023266354848853865e+01
  -1.14292325810337302983e+01
  -1.11541508678731542403e+01
  -1.08770886445333818671e+01
  -1.05980670858940797530e+01
  -1.03171224692463034955e+01
  -1.00343073673772043009e+01
  -9.74969195911553043743e+00
  -9.46336545566498799076e+00
  -9.17543763820079405491e+00
  -8.88604049847138455220e+00
  -8.59532996938084181693e+00
  -8.30348772657825051624e+00
  -8.01072303479403657889e+00
  -7.71727460393819697515e+00
  -7.42341240971623506084e+00
  -7.12943942176355793805e+00
  -6.83569316914669489194e+00
  -6.54254705885675047483e+00
  -6.25041134811930376713e+00
  -5.95973365677142563612e+00
  -5.67099889273414881075e+00
  -5.38472845321648740935e+00
  -5.10147855857691467918e+00
  -4.82183757690981718014e+00
  -4.54642220778122574387e+00
  -4.27587241546028451467e+00
  -4.01084503752040610891e+00
  -3.75200604509263602182e+00
  -3.50002149646652727100e+00
  -3.25554730452392249163e+00
  -3.01921802701917929568e+00
  -2.79163498105452534404e+00
  -2.57335407122174686378e+00
  -2.36487379526579744038e+00
  -2.16662394174586303564e+00
  -1.97895551194530705530e+00
  -1.80213237662501502001e+00
  -1.63632511452712003930e+00
  -1.48160737614726589761e+00
  -1.33795498073634444580e+00
  -1.20524779875497167758e+00
  -1.08327431101907212252e+00
  -9.71738585231825657829e-01
  -8.70269284676514764953e-01
  -7.78430233188392883825e-01
  -6.95732010971112257991e-01
  -6.21644048014188044249e-01
  -5.55606711737851699517e-01
  -4.97042945467397245807e-01
  -4.45369094859247471874e-01
  -4.00004650479272472197e-01
  -3.60380727257220923043e-01
  -3.25947188158045464412e-01
  -2.96178394962135382862e-01
  -2.70577630597082285924e-01
  -2.48680284035783405461e-01
  -2.30055920925879425765e-01
  -2.14309382433318817984e-01
  -2.01081063450327779396e-01
  -1.90046521718032185300e-01
  -1.80915563861643480248e-01
  -1.73430944894249233768e-01
  -1.67366806137158374845e-01
  -1.62526964079788865947e-01
  -1.58743150455409320898e-01
  -1.55873292422916642774e-01
  -1.53799911638416053616e-01
  -1.52428712391672466220e-01
  -1.51687421931496091432e-01
  -1.51524940560772092280e-01
  -1.51910854914359905177e-01
  -1.52835364849856325531e-01
  -1.54309672341559317443e-01
</dep>
<dep S11_dB frequency>
  -2.50245315800293255393e+00
  -2.22283256927742467468e+00
  -1.97232740390342353720e+00
  -1.74836783245067239889e+00
  -1.54854372924636018993e+00
  -1.37059723409170142183e+00
  -1.21241954896019588084e+00
  -1.07204950392287901018e+00
  -9.47672273705826295753e-01
  -8.37617288677258708951e-01
  -7.40354877443669678883e-01
  -6.54491523520845719375e-01
  -5.78763840854264799418e-01
  -5.12031498980219712536e-01
  -4.53269383884101761950e-01
  -4.01559287526836894422e-01
  -3.56081395826882363131e-01
  -3.16105805473130163641e-01
  -2.80984254150567158703e-01
  -2.50142203054278866592e-01
  -2.23071368801761343859e-01
  -1.99322765966989390307e-01
  -1.78500292109284280917e-01
  -1.60254864191724660794e-01
  -1.44279098065118238647e-01
  -1.30302510403924209914e-01
  -1.18087214243150648296e-01
  -1.07424074238228334233e-01
  -9.81292852101540713505e-02
  -9.00413368081691423139e-02
  -8.30183277036990047160e-02
  -7.69355942073358389788e-02
  -7.16836202545138856390e-02
  -6.71661980921263723765e-02
  -6.32988115405154622151e-02
  -6.00072162733051445160e-02
  -5.72261940654668621598e-02
  -5.48984603482272695563e-02
  -5.29737066434697173589e-02
  -5.14077615111897534561e-02
  -5.01618555236695781718e-02
  -4.92019774811149682159e-02
  -4.84983106112974737822e-02
  -4.80247388606203154393e-02
  -4.77584145975263815731e-02
  -4.76793801239639158940e-02
  -4.77702363400780358194e-02
  -4.80158527432600415463e-02
  -4.84031136779980511453e-02
  -4.89206963980206716025e-02
  -4.95588770680733259333e-02
  -5.03093613280153964529e-02
  -5.11651364758053256443e-02
  -5.21203427053521378687e-02
  -5.31701611676794957950e-02
  -5.43107169144639509439e-02
  -5.55389950377654373348e-02
  -5.68527685431674603689e-02
  -5.82505366894426751534e-02
  -5.97314727002206183326e-02
  -6.12953799049425623879e-02
  -6.29426555004407445315e-02
  -6.46742612433900271318e-02
  -6.64917004894762242451e-02
  -6.83970010897615443568e-02
  -7.03927037395166016465e-02
  -7.24818554518266155995e-02
  -7.46680078983684158977e-02
  -7.69552204244268178712e-02
  -7.93480676052207706261e-02
  -8.18516512672517182470e-02
  -8.44716169523407472974e-02
  -8.72141748541181149879e-02
  -9.00861253075931900369e-02
  -9.30948889634698462103e-02
  -9.62485418294583006116e-02
  -9.95558554134831769078e-02
  -1.03026342256909292372e-01
  -1.06670307202685721304e-01
  -1.10498904802174613415e-01
  -1.14524203327731805002e-01
  -1.18759255925815557231e-01
  -1.23218179518057663335e-01
  -1.27916242137046276550e-01
  -1.32869959469346404779e-01
  -1.38097201472222153029e-01
  -1.43617310032987555157e-01
  -1.49451228752540687950e-01
  -1.55621646057484769310e-01
  -1.62153152980683834539e-01
  -1.69072417097823668453e-01
  -1.76408374270060119837e-01
  -1.84192440019765424353e-01
  -1.92458742560427414903e-01
  -2.01244379712098797608e-01
  -2.10589702162519210038e-01
  -2.20538625781183522667e-01
  -2.31138975959101156121e-01
  -2.42442867230388048316e-01
  -2.54507121732772012557e-01
  -2.67393730379185845525e-01
  -2.81170360939454799798e-01
  -2.95910917564508491040e-01
  -3.11696156617457642568e-01
  -3.28614363998098957254e-01
  -3.46762099444340721188e-01
  -3.66245013550904052746e-01
  -3.87178743436347061468e-01
  -4.09689893088154732936e-01
  -4.33917104382989249345e-01
  -4.60012224570047256744e-01
  -4.88141575563009688654e-01
  -5.18487329642160932330e-01
  -5.51248995037333267000e-01
  -5.86645013250297497898e-01
  -6.24914467765602554827e-01
  -6.66318900864266150386e-01
  -7.11144231452919828307e-01
  -7.59702761999498821233e-01
  -8.12335256672752525908e-01
  -8.69413065471008827956e-01
  -9.31340260376628426009e-01
  -9.98555739319221147277e-01
  -1.07153524198021798952e+00
  -1.15079320836014198370e+00
  -1.23688439685247808519e+00
  -1.33040516384941609473e+00
  -1.43199429244436760023e+00
  -1.54233324472212385281e+00
  -1.66214570193649602281e+00
  -1.79219625142993854716e+00
  -1.93328808063320911614e+00
  -2.08625954928296364344e+00
  -2.25197953349435753267e+00
  -2.43134147158267444055e+00
  -2.62525609289823158576e+00
  -2.83464287755775856681e+00
  -3.06042037532392674493e+00
  -3.30349560242459716619e+00
  -3.56475283002776510699e+00
  -3.84504216955045485804e+00
  -4.14516843865497808252e+00
  -4.46588084794836159830e+00
  -4.80786407331566056911e+00
  -5.17173126640814739829e+00
  -5.55801950407060019188e+00
  -5.96718808962095970116e+00
  -6.39962000349082238415e+00
  -6.85562667126829694553e+00
  -7.33545609050087676906e+00
  -7.83930425204242986581e+00
  -8.36732972493752669152e+00
  -8.91967126128377785221e+00
  -9.49646833162581138765e+00
  -1.00978846319842929802e+01
  -1.07241348194182695153e+01
  -1.13755150447470754216e+01
  -1.20524382755848709081e+01
  -1.27554759689459480398e+01
  -1.34854084092549761920e+01
  -1.42432870556589019628e+01
  -1.50305136746781915491e+01
  -1.58489430869374068322e+01
  -1.67010193875508825556e+01
  -1.75899601104213409997e+01
  -1.85200100364084754290e+01
  -1.94967980425536211442e+01
  -2.05278499552270119466e+01
  -2.16233442963270263704e+01
  -2.27972590029400095091e+01
  -2.40691724449797987972e+01
  -2.54672095013142687492e+01
  -2.70330942624966006349e+01
  -2.88312838321604942848e+01
  -3.09663067383130865551e+01
  -3.36155725657634150139e+01
  -3.70665112936329919080e+01
  -4.13054345319941944581e+01
  -4.21541805580928468089e+01
  -3.81037408049825359058e+01
  -3.44644974397769630059e+01
</dep>
<dep Zin_ohm frequency>
  +4.54451634059241996511e+02
  +4.98638681271181667398e+02
  +5.62677820513523556656e+02
  +6.39526433895370132632e+02
  +7.24335308418512795470e+02
  +8.14079337820519185698e+02
  +9.06936091655138397982e+02
  +1.00182032385627746862e+03
  +1.09809294064843197702e+03
  +1.19538796810610051580e+03
  +1.29351011913606339476e+03
  +1.39237335077342095246e+03
  +1.49196330725659163363e+03
  +1.59231392118347616815e+03
  +1.69349259502920290288e+03
  +1.79559070763470526799e+03
  +1.89871750516652650731e+03
  +2.00299619472290760314e+03
  +2.10856150609748419811e+03
  +2.21555825696836745919e+03
  +2.32414062313880276633e+03
  +2.43447192035806074273e+03
  +2.54672477190075187536e+03
  +2.66108158074986340580e+03
  +2.77773525550120984917e+03
  +2.89689016027155776101e+03
  +3.01876327426759735317e+03
  +3.14358555840450026153e+03
  +3.27160353586993505814e+03
  +3.40308110179417280960e+03
  +3.53830158492437612949e+03
  +3.67757009196450189847e+03
  +3.82121617350891028764e+03
  +3.96959685970953296419e+03
  +4.12310012443391497072e+03
  +4.28214884920235544996e+03
  +4.44720537323691587517e+03
  +4.61877673424618114950e+03
  +4.79742072702590394329e+03
  +4.98375293475235957885e+03
  +5.17845492250155348302e+03
  +5.38228382603168392961e+03
  +5.59608362384335032402e+03
  +5.82079845047381422773e+03
  +6.05748839858342762454e+03
  +6.30734837300463277643e+03
  +6.57173071023357260856e+03
  +6.85217247382609548367e+03
  +7.15042859649912406894e+03
  +7.46851238691737216868e+03
  +7.80874538658582059725e+03
  +8.17381919810539056925e+03
  +8.56687278048234657035e+03
  +8.99158992399910130189e+03
  +9.45232333204616770672e+03
  +9.95425418752974292147e+03
  +1.05035996347567070188e+04
  +1.11078858446634985739e+04
  +1.17763121872443589382e+04
  +1.25202440502860263223e+04
  +1.33538906164269683359e+04
  +1.42952539430071883544e+04
  +1.53674850152087747119e+04
  +1.66008658817744435510e+04
  +1.80357829034576243430e+04
  +1.97273211923407907307e+04
  +2.17526131791061961849e+04
  +2.42230778219503226865e+04
  +2.73058128771716255869e+04
  +3.12632390146433863265e+04
  +3.65320979679312949884e+04
  +4.38961265099362863111e+04
  +5.49125549530513235368e+04
  +7.31601121729384030914e+04
  +1.08930669057528575649e+05
  +2.05041297379653027747e+05
  +4.33888769053027499467e+05
  +1.85934825274889532011e+05
  +1.02693357493441275437e+05
  +7.01293379975262505468e+04
  +5.30821863780803614645e+04
  +4.26358098847319124616e+04
  +3.55852245429722897825e+04
  +3.05065350335741568415e+04
  +2.66728893545945829828e+04
  +2.36750645570966335072e+04
  +2.12652517917206059792e+04
  +1.92846893686302319111e+04
  +1.76269933995878818678e+04
  +1.62182173760135647171e+04
  +1.50053713910191818286e+04
  +1.39494926055835749139e+04
  +1.30212934724758724769e+04
  +1.21983347566903194092e+04
  +1.14631346636594189476e+04
  +1.08018714705705315282e+04
  +1.02034731953276113927e+04
  +9.65896601443613690208e+03
  +9.16099952993579245231e+03
  +8.70349532397257826233e+03
  +8.28138300662781148276e+03
  +7.89039936474660498789e+03
  +7.52693369283952324622e+03
  +7.18790738012364454335e+03
  +6.87067922244723831682e+03
  +6.57297027311509646097e+03
  +6.29280369096257163619e+03
  +6.02845621271792242624e+03
  +5.77841871787668878824e+03
  +5.54136396693144615710e+03
  +5.31612004489012997510e+03
  +5.10164837762411843869e+03
  +4.89702544073164790461e+03
  +4.70142747183510891773e+03
  +4.51411764358854452439e+03
  +4.33443526770953576488e+03
  +4.16178668846282471350e+03
  +3.99563759338663567178e+03
  +3.83550652425473026597e+03
  +3.68095941576164659637e+03
  +3.53160502583769311968e+03
  +3.38709115189261046908e+03
  +3.24710155326822359712e+03
  +3.11135352307575885789e+03
  +2.97959607350357191535e+03
  +2.85160871856927360568e+03
  +2.72720085800152719457e+03
  +2.60621178622548768544e+03
  +2.48851137192227315609e+03
  +2.37400147675118569168e+03
  +2.26261820656848612998e+03
  +2.15433511405866920541e+03
  +2.04916749583434557280e+03
  +1.94717794478372275080e+03
  +1.84848332006587793330e+03
  +1.75326326507173394020e+03
  +1.66177030766575421694e+03
  +1.57434136816064938102e+03
  +1.49141010537631518673e+03
  +1.41351885224466832369e+03
  +1.34132782805137253490e+03
  +1.27561782456838659527e+03
  +1.21728081654889933816e+03
  +1.16729155969577959695e+03
  +1.12665350263761456517e+03
  +1.09631607930035215759e+03
  +1.07706894904809587388e+03
  +1.06943063591756276764e+03
  +1.07355866046446226392e+03
  +1.08920788888097081326e+03
  +1.11575006027575022927e+03
  +1.15224643846368121558e+03
  +1.19754934713055740758e+03
  +1.25040500715219673111e+03
  +1.30953803324562022681e+03
  +1.37370975401912960479e+03
  +1.44175182867481794347e+03
  +1.51258124450862055710e+03
  +1.58520358710512095968e+03
  +1.65871028454213796977e+03
  +1.73227375034019769373e+03
  +1.80514272338123328154e+03
  +1.87663887256160319339e+03
  +1.94615490176866933325e+03
  +2.01315387771869563949e+03
  +2.07716922475774572376e+03
  +2.13780472085021392559e+03
  +2.19473384053774634594e+03
  +2.24769788886300921149e+03
  +2.29650252642984833074e+03
  +2.34101247377684012463e+03
  +2.38114437879619117666e+03
  +2.41685801279785619045e+03
  +2.44814611272108686535e+03
  +2.47502329915099835489e+03
  +2.49751456941691321845e+03
  +2.51564389559035498678e+03
  +2.52942345654915197883e+03
  +2.53884401134915606235e+03
  +2.54386688739162582351e+03
  +2.54441801813183838021e+03
</dep>
<dep Zin_norm frequency>
  +9.08903268118483964599e+00
  +9.97277362542363299269e+00
  +1.12535564102704714884e+01
  +1.27905286779074032211e+01
  +1.44867061683702562647e+01
  +1.62815867564103839982e+01
  +1.81387218331027675333e+01
  +2.00364064771255492303e+01
  +2.19618588129686393984e+01
  +2.39077593621220110265e+01
  +2.58702023827212670426e+01
  +2.78474670154684176282e+01
  +2.98392661451318303989e+01
  +3.18462784236695242157e+01
  +3.38698519005840594787e+01
  +3.59118141526941059283e+01
  +3.79743501033305292935e+01
  +4.00599238944581514943e+01
  +4.21712301219496836779e+01
  +4.43111651393673469101e+01
  +4.64828124627760530529e+01
  +4.86894384071612122966e+01
  +5.09344954380150412021e+01
  +5.32216316149972641369e+01
  +5.55547051100241944255e+01
  +5.79378032054311589150e+01
  +6.03752654853519459266e+01
  +6.28717111680900089254e+01
  +6.54320707173987017313e+01
  +6.80616220358834596027e+01
  +7.07660316984875237267e+01
  +7.35514018392900368326e+01
  +7.64243234701782085949e+01
  +7.93919371941906604206e+01
  +8.24620024886783085094e+01
  +8.56429769840471095677e+01
  +8.89441074647383231877e+01
  +9.23755346849236218532e+01
  +9.59484145405180726129e+01
  +9.96750586950471983982e+01
  +1.03569098450031077618e+02
  +1.07645676520633685413e+02
  +1.11921672476867001933e+02
  +1.16415969009476285123e+02
  +1.21149767971668552491e+02
  +1.26146967460092653823e+02
  +1.31434614204671447624e+02
  +1.37043449476521914221e+02
  +1.43008571929982480242e+02
  +1.49370247738347444511e+02
  +1.56174907731716416492e+02
  +1.63476383962107803427e+02
  +1.71337455609646923449e+02
  +1.79831798479982040817e+02
  +1.89046466640923341629e+02
  +1.99085083750594861840e+02
  +2.10071992695134127871e+02
  +2.22157716893269963521e+02
  +2.35526243744887182174e+02
  +2.50404881005720511666e+02
  +2.67077812328539380360e+02
  +2.85905078860143760267e+02
  +3.07349700304175485144e+02
  +3.32017317635488836913e+02
  +3.60715658069152482312e+02
  +3.94546423846815798697e+02
  +4.35052263582123941887e+02
  +4.84461556439006471919e+02
  +5.46116257543432539023e+02
  +6.25264780292867726530e+02
  +7.30641959358625967980e+02
  +8.77922530198725667105e+02
  +1.09825109906102647983e+03
  +1.46320224345876795269e+03
  +2.17861338115057151299e+03
  +4.10082594759306084597e+03
  +8.67777538106054998934e+03
  +3.71869650549779089488e+03
  +2.05386714986882543599e+03
  +1.40258675995052499275e+03
  +1.06164372756160719291e+03
  +8.52716197694638253779e+02
  +7.11704490859445854767e+02
  +6.10130700671483168662e+02
  +5.33457787091891646014e+02
  +4.73501291141932654227e+02
  +4.25305035834412137774e+02
  +3.85693787372604617758e+02
  +3.52539867991757660093e+02
  +3.24364347520271280700e+02
  +3.00107427820383634298e+02
  +2.78989852111671496004e+02
  +2.60425869449517449539e+02
  +2.43966695133806382501e+02
  +2.29262693273188375542e+02
  +2.16037429411410613511e+02
  +2.04069463906552215349e+02
  +1.93179320288722720989e+02
  +1.83219990598715838814e+02
  +1.74069906479451560699e+02
  +1.65627660132556229655e+02
  +1.57807987294932104305e+02
  +1.50538673856790467198e+02
  +1.43758147602472888593e+02
  +1.37413584448944760652e+02
  +1.31459405462301930356e+02
  +1.25856073819251434998e+02
  +1.20569124254358456483e+02
  +1.15568374357533770080e+02
  +1.10827279338628926553e+02
  +1.06322400897802594955e+02
  +1.02032967552482361384e+02
  +9.79405088146329632082e+01
  +9.40285494367021783546e+01
  +9.02823528717708967406e+01
  +8.66887053541907164345e+01
  +8.32357337692564982490e+01
  +7.99127518677327088881e+01
  +7.67101304850946092984e+01
  +7.36191883152329324957e+01
  +7.06321005167538658043e+01
  +6.77418230378522139290e+01
  +6.49420310653644747845e+01
  +6.22270704615151757366e+01
  +5.95919214700714405808e+01
  +5.70321743713854729663e+01
  +5.45440171600305419020e+01
  +5.21242357245097522878e+01
  +4.97702274384454668166e+01
  +4.74800295350237107073e+01
  +4.52523641313697240207e+01
  +4.30867022811733875187e+01
  +4.09833499166869117403e+01
  +3.89435588956744567213e+01
  +3.69696664013175606556e+01
  +3.50652653014346782356e+01
  +3.32354061533150826335e+01
  +3.14868273632129884732e+01
  +2.98282021075263017451e+01
  +2.82703770448933653370e+01
  +2.68265565610274485664e+01
  +2.55123564913677327581e+01
  +2.43456163309779860526e+01
  +2.33458311939155898074e+01
  +2.25330700527522935772e+01
  +2.19263215860070417307e+01
  +2.15413789809619160565e+01
  +2.13886127183512542160e+01
  +2.14711732092892439994e+01
  +2.17841577776194164073e+01
  +2.23150012055150028800e+01
  +2.30449287692736248800e+01
  +2.39509869426111485780e+01
  +2.50081001430439364697e+01
  +2.61907606649124033993e+01
  +2.74741950803825929484e+01
  +2.88350365734963602904e+01
  +3.02516248901724118525e+01
  +3.17040717421024211831e+01
  +3.31742056908427613848e+01
  +3.46454750068039558641e+01
  +3.61028544676246667677e+01
  +3.75327774512320644362e+01
  +3.89230980353733855281e+01
  +4.02630775543739147793e+01
  +4.15433844951549176017e+01
  +4.27560944170042773749e+01
  +4.38946768107549232241e+01
  +4.49539577772601859351e+01
  +4.59300505285969649094e+01
  +4.68202494755367979451e+01
  +4.76228875759238263754e+01
  +4.83371602559571229563e+01
  +4.89629222544217412860e+01
  +4.95004659830199713610e+01
  +4.99502913883382646532e+01
  +5.03128779118070994514e+01
  +5.05884691309830358819e+01
  +5.07768802269831169838e+01
  +5.08773377478325130596e+01
  +5.08883603626367673201e+01
</dep>
<dep S[2,2] frequency>
  -7.31047096708657084818e-01+j1.66114156154309050573e-01
  -7.38506331843617469524e-01+j2.32397082567903645600e-01
  -7.38664849962999081612e-01+j2.98939434930972192106e-01
  -7.31812797076869969715e-01+j3.64753577269575579578e-01
  -7.18376422110929890863e-01+j4.28966224355397052204e-01
  -6.98884574656693624561e-01+j4.90833530590348954270e-01
  -6.73935666888795914531e-01+j5.49747288571815539981e-01
  -6.44167201618101148419e-01+j6.05233546264134170123e-01
  -6.10229279990905926212e-01+j6.56945307023147462289e-01
  -5.72762839118671651661e-01+j7.04651065397583820094e-01
  -5.32382809206769613830e-01+j7.48220818450641700359e-01
  -4.89665959098877223710e-01+j7.87610951760724486981e-01
  -4.45142923690081016019e-01+j8.22849099281137585926e-01
  -3.99293759927581592972e-01+j8.54019769599224432000e-01
  -3.52546332703299714062e-01+j8.81251252727634160067e-01
  -3.05276857788361055679e-01+j9.04704090058874532687e-01
  -2.57811998697967781347e-01+j9.24561211667667359748e-01
  -2.10432005989339310226e-01+j9.41019717548930878515e-01
  -1.63374485021881760138e-01+j9.54284195748414276750e-01
  -1.16838471241112601406e-01+j9.64561421894627679663e-01
  -7.09885746784441468149e-02+j9.72056262521900360518e-01
  -2.59590249754558036188e-02+j9.76968600901749861798e-01
  +1.81424955628353284931e-02+j9.79491112409232922431e-01
  +6.12312996909272211354e-02+j9.79807731779018364904e-01
  +1.03242459747679565796e-01+j9.78092673353357255905e-01
  +1.44127901304748895495e-01+j9.74509885130184771995e-01
  +1.83853821820160773237e-01+j9.69212836510303099580e-01
  +2.22398419367606958730e-01+j9.62344557201213701703e-01
  +2.59749909931864142454e-01+j9.54037860305713136810e-01
  +2.95904808267637375874e-01+j9.44415696059084153191e-01
  +3.30866446007408276930e-01+j9.33591594025602100615e-01
  +3.64643700874907106257e-01+j9.21670160981343133955e-01
  +3.97249911992153870166e-01+j9.08747609408909862161e-01
  +4.28701957975524239330e-01+j8.94912297742682327772e-01
  +4.59019476527319059134e-01+j8.80245268458058061078e-01
  +4.88224206354124223850e-01+j8.64820774005946701912e-01
  +5.16339434355561399670e-01+j8.48706783642023010472e-01
  +5.43389533046428785390e-01+j8.31965466551411125806e-01
  +5.69399575054075901548e-01+j8.14653648461178714335e-01
  +5.94395013246944103891e-01+j7.96823240279859845714e-01
  +6.18401416590744101853e-01+j7.78521638299593976562e-01
  +6.41444253197472891159e-01+j7.59792096218951162889e-01
  +6.63548713237591791803e-01+j7.40674069754839736746e-01
  +6.84739565438817532339e-01+j7.21203534959557579498e-01
  +7.05041041810208435336e-01+j7.01413281582850878237e-01
  +7.24476746021428419375e-01+j6.81333182949901527969e-01
  +7.43069581548600477383e-01+j6.60990443888230028158e-01
  +7.60841696283159119041e-01+j6.40409828248506118875e-01
  +7.77814440800927209274e-01+j6.19613867540414697821e-01
  +7.94008337916432549441e-01+j5.98623052156214696673e-01
  +8.09443061512096662113e-01+j5.77456006589743719992e-01
  +8.24137422942362141143e-01+j5.56129649983630791610e-01
  +8.38109363576575616683e-01+j5.34659343257172792185e-01
  +8.51375952268408231483e-01+j5.13059023985040663085e-01
  +8.63953386729523153953e-01+j4.91341330115143415380e-01
  +8.75856997946045989778e-01+j4.69517713534595038105e-01
  +8.87101256912692592849e-01+j4.47598544416511534560e-01
  +8.97699783074528023796e-01+j4.25593207208673052211e-01
  +9.07665353963805321413e-01+j4.03510189057791845979e-01
  +9.17009915601541769625e-01+j3.81357161400958821762e-01
  +9.25744593302963436621e-01+j3.59141055398517206054e-01
  +9.33879702584535453802e-01+j3.36868131830318273678e-01
  +9.41424759919704312594e-01+j3.14544046029759827299e-01
  +9.48388493132158449939e-01+j2.92173908387177161394e-01
  +9.54778851250520088634e-01+j2.69762340915732812263e-01
  +9.60603013678065775771e-01+j2.47313530338763909455e-01
  +9.65867398556093270656e-01+j2.24831278127425149282e-01
  +9.70577670220796440148e-01+j2.02319047891128284133e-01
  +9.74738745671583917130e-01+j1.79780010500550230246e-01
  +9.78354799984266998436e-01+j1.57217087303790692410e-01
  +9.81429270615977067393e-01+j1.34632991780234773094e-01
  +9.83964860560498255637e-01+j1.12030269963900058761e-01
  +9.85963540323311127267e-01+j8.94113399582675827393e-02
  +9.87426548695486960838e-01+j6.67785308577669711738e-02
  +9.88354392314894081295e-01+j4.41341213871099813382e-02
  +9.88746844012475922803e-01+j2.14803785685280732021e-02
  +9.88602939950797843238e-01-j1.18040327138251672709e-03
  +9.87920975572203041715e-01-j2.38458628390903898397e-02
  +9.86698500384908472327e-01-j4.65135312325462429994e-02
  +9.84932311627798595666e-01-j6.91807899872790149631e-02
  +9.82618446868823158802e-01-j9.18448274640752682085e-02
  +9.79752175608318065514e-01-j1.14502593216479681137e-01
  +9.76327989977756827145e-01-j1.37150749957762330133e-01
  +9.72339594646982385839e-01-j1.59785622725503700936e-01
  +9.67779896079548951349e-01-j1.82403144817528922728e-01
  +9.62640991307210036609e-01-j2.04998800045442408635e-01
  +9.56914156431655449353e-01-j2.27567560821772429946e-01
  +9.50589835105392411130e-01-j2.50103821563529171712e-01
  +9.43657627295306777881e-01-j2.72601326859241155365e-01
  +9.36106278693246030009e-01-j2.95053093808318234181e-01
  +9.27923671209532674453e-01-j3.17451327901433599799e-01
  +9.19096815069212258464e-01-j3.39787331769128453374e-01
  +9.09611843129266905983e-01-j3.62051406083636340139e-01
  +8.99454008149918160520e-01-j3.84232741857434612065e-01
  +8.88607683887297272740e-01-j4.06319303342399240631e-01
  +8.77056371030708437075e-01-j4.28297700697988392715e-01
  +8.64782709188704257208e-01-j4.50153051567803552668e-01
  +8.51768496337489300352e-01-j4.71868830684907425432e-01
  +8.37994717386533971570e-01-j4.93426706621218347237e-01
  +8.23441583793365627919e-01-j5.14806364810863392734e-01
  +8.08088586476437775730e-01-j5.35985316018119162251e-01
  +7.91914564635600282116e-01-j5.56938689495945382646e-01
  +7.74897793497653086803e-01-j5.77639010201537517197e-01
  +7.57016094463006772308e-01-j5.98055959613643550732e-01
  +7.38246971640534543901e-01-j6.18156119948010562837e-01
  +7.18567779322113575624e-01-j6.37902701911268410484e-01
  +6.97955925563865653416e-01-j6.57255256592175984842e-01
  +6.76389117703044551178e-01-j6.76169372688991243692e-01
  +6.53845656337140201941e-01-j6.94596361043985810468e-01
  +6.30304785009022428000e-01-j7.12482929436233036746e-01
  +6.05747103553121113428e-01-j7.29770851812175380680e-01
  +5.80155053726355118826e-01-j7.46396637654008210383e-01
  +5.53513486321596359652e-01-j7.62291209046176976294e-01
  +5.25810319372296830487e-01-j7.77379595247447818807e-01
  +4.97037297210704498429e-01-j7.91580657255952835349e-01
  +4.67190859920174117459e-01-j8.04806858004385006211e-01
  +4.36273131972707117754e-01-j8.16964097464842775587e-01
  +4.04293037379367670159e-01-j8.27951636074666152965e-01
  +3.71267546279075488780e-01-j8.37662134474502662052e-01
  +3.37223054288685042401e-01-j8.45981842479452073036e-01
  +3.02196890840235266040e-01-j8.52790975307830878549e-01
  +2.66238945827068251848e-01-j8.57964320090301768573e-01
  +2.29413394857567620733e-01-j8.61372120164639820672e-01
  +1.91800492003184719358e-01-j8.62881288058402473595e-01
  +1.53498384944741217417e-01-j8.62356999620462083556e-01
  +1.14624890853553138004e-01-j8.59664720534209614300e-01
  +7.53191524328098022112e-02-j8.54672711293941511634e-01
  +3.57430729019058562868e-02-j8.47255046368398656575e-01
  -3.91759256472969108476e-03-j8.37295166371422427964e-01
  -4.34526316229349313103e-02-j8.24689957363012537961e-01
  -8.26274151561146863454e-02-j8.09354317989237403985e-01
  -1.21183752798022209562e-01-j7.91226132734452192175e-01
  -1.58841732935759788470e-01-j7.70271518790667131249e-01
  -1.95302702077149531457e-01-j7.46490157010096466728e-01
  -2.30253505808830860602e-01-j7.19920457880199315959e-01
  -2.63372059706909633636e-01-j6.90644257133107064561e-01
  -2.94334242207220930787e-01-j6.58790689979805943466e-01
  -3.22822004017177310864e-01-j6.24538866864240871379e-01
  -3.48532475116943518678e-01-j5.88118976210074584365e-01
  -3.71187729731714932679e-01-j5.49811478862945124391e-01
  -3.90544754658718962226e-01-j5.09944139794215267614e-01
  -4.06405072547184553766e-01-j4.68886765241795844261e-01
  -4.18623415418344135830e-01-j4.27043671616764763943e-01
  -4.27114839055825368241e-01-j3.84844093172816315018e-01
  -4.31859724905691688690e-01-j3.42730919597345196070e-01
  -4.32906233970801357369e-01-j3.01148319664002905860e-01
  -4.30369948712437000449e-01-j2.60528930133574809780e-01
  -4.24430647008147476917e-01-j2.21281351534915987633e-01
  -4.15326372839332602638e-01-j1.83778683487035188193e-01
  -4.03345174832677899612e-01-j1.48348751301590892071e-01
  -3.88815051128741206998e-01-j1.15266532839595786664e-01
  -3.72092748561542563390e-01-j8.47491089170021583143e-02
  -3.53552106253223863419e-01-j5.69532561291501704392e-02
  -3.33572609091306038209e-01-j3.19756027790843444514e-02
  -3.12528734909479521953e-01-j9.85509824955524416090e-03
  -2.90780556709585025210e-01+j9.42258119973188312812e-03
  -2.68665917056151504205e-01+j2.59191443299519180821e-02
  -2.46494344471158366439e-01+j3.97367958534773496604e-02
  -2.24542746722952074601e-01+j5.10108115434702302782e-02
  -2.03052804092491684385e-01+j5.99019934159814165797e-02
  -1.82229902648030822609e-01+j6.65893504281638709541e-02
  -1.62243394295194437449e-01+j7.12632698955531773688e-02
  -1.43227944406212587269e-01+j7.41193643730672369063e-02
  -1.25285724456843661212e-01+j7.53531051106166860354e-02
  -1.08489220601965086210e-01+j7.51552907738926440073e-02
  -9.28844537614524623503e-02+j7.37083509343314097206e-02
  -7.84944374652368492828e-02+j7.11834480406319802803e-02
  -6.53227323060557585332e-02+j6.77383180673560153506e-02
  -5.33569873582380449495e-02+j6.35157769317922504815e-02
  -4.25723873660905915983e-02+j5.86428149109783983239e-02
  -3.29349487927262096765e-02+j5.32302025224456049068e-02
  -2.44046275342392621210e-02+j4.73725367131195285175e-02
  -1.69382163110743111378e-02+j4.11486641085018617359e-02
  -1.04920208159749173138e-02+j3.46224272377331082629e-02
  -5.02431115331153366199e-03+j2.78436891365574923363e-02
  -4.97549527880225550547e-04+j2.08496009043138974537e-02
  +3.11960291199876033064e-03+j1.36660852587820666471e-02
  +5.85049721728193861114e-03+j6.30951668546093219492e-03
  +7.70892456079827655124e-03-j1.21141466738901998346e-03
  +8.69776272512098706791e-03-j8.89366264543488965755e-03
  +8.80784711724667476740e-03-j1.67376110281221013310e-02
</dep>
<dep S[2,1] frequency>
  -1.44653663357744100004e-01-j6.38029997309292218333e-01
  -1.87142903608431360185e-01-j5.96058316766381768304e-01
  -2.22886634460378901812e-01-j5.52036924541247864262e-01
  -2.52069817343983870739e-01-j5.06965958830859153572e-01
  -2.75017872490392722984e-01-j4.61737746089246337000e-01
  -2.92163525785351374520e-01-j4.17121072861338759719e-01
  -3.04014039315738116009e-01-j3.73754348003534186962e-01
  -3.11120932705352348790e-01-j3.32146355232092627130e-01
  -3.14053614585988627450e-01-j2.92682939343361203655e-01
  -3.13377680802906843915e-01-j2.55637879504385268081e-01
  -3.09638075508864962782e-01-j2.21186314965746311234e-01
  -3.03346890737120455928e-01-j1.89419327974303997042e-01
  -2.94975304512346381269e-01-j1.60358587572488997530e-01
  -2.84949010627645937799e-01-j1.33970263642108178281e-01
  -2.73646447502325529388e-01-j1.10177698100347415400e-01
  -2.61399159004684578100e-01-j8.88725509121780637978e-02
  -2.48493689431620312646e-01-j6.99243163970671710583e-02
  -2.35174505985489029625e-01-j5.31882323795154973722e-02
  -2.21647539132142579188e-01-j3.85116879402131878640e-02
  -2.08084023770213011328e-01-j2.57392836426149698714e-02
  -1.94624406295074159345e-01-j1.47167199823479716986e-02
  -1.81382151797703505824e-01-j5.29369330768977852664e-03
  -1.68447341399710570631e-01+j2.67402995733814893495e-03
  -1.55889993010861815925e-01+j9.32320533592463987493e-03
  -1.43763071202278575056e-01+j1.47822318696735031940e-02
  -1.32105175254317419586e-01+j1.91706862148154424941e-02
  -1.20942910574879936014e-01+j2.25991712694314957066e-02
  -1.10292959225887068908e-01+j2.51693988116420408474e-02
  -1.00163871640026033716e-01+j2.69744410974575819784e-02
  -9.05576048986731357848e-02+j2.80990996888648494889e-02
  -8.14708340786439028092e-02+j2.86203510081319660585e-02
  -7.28960628565408497170e-02+j2.86078374051550489432e-02
  -6.48225583048754189219e-02+j2.81243800968923145234e-02
  -5.72371330055241392398e-02+j2.72264964259113333156e-02
  -5.01247955137629555566e-02+j2.59649087182969480481e-02
  -4.34692880172621726187e-02+j2.43850358119906129861e-02
  -3.72535278734169861270e-02+j2.25274612637466585541e-02
  -3.14599676532823849251e-02+j2.04283744893755843386e-02
  -2.60708864171200066506e-02+j1.81199827858998484265e-02
  -2.10686232176096506497e-02+j1.56308934405563204617e-02
  -1.64357622791990141964e-02+j1.29864660444751166268e-02
  -1.21552779330721429096e-02+j1.02091357751389853747e-02
  -8.21064618702238221970e-03+j7.31870885259038733706e-03
  -4.58592876571259355778e-03+j4.33263165923683177261e-03
  -1.26583455427424908073e-03+j1.26623518039243568474e-03
  +1.76423739777864648989e-03-j1.86704349693716012935e-03
  +4.51816981968312936235e-03-j5.05546087256930707504e-03
  +7.00911118348825686736e-03-j8.28878618261217996188e-03
  +9.24946924441190886090e-03-j1.15581383427878318926e-02
  +1.12509121208441038864e-02-j1.48558390981601319558e-02
  +1.30243752220932148406e-02-j1.81752808839932000762e-02
  +1.45800726226084347709e-02-j2.15108080011745805837e-02
  +1.59275117257914808344e-02-j2.48576098105747315958e-02
  +1.70755102655685622737e-02-j2.82116247507450783327e-02
  +1.80322148655671608830e-02-j3.15694540803971024356e-02
  +1.88051205191289635965e-02-j3.49282843395328987390e-02
  +1.94010904729080280173e-02-j3.82858176102078215375e-02
  +1.98263760961152959994e-02-j4.16402087389136366102e-02
  +2.00866363999026159570e-02-j4.49900087574938295498e-02
  +2.01869569394476922053e-02-j4.83341138080349008721e-02
  +2.01318678875096607195e-02-j5.16717189396617010422e-02
  +1.99253611143429022745e-02-j5.50022762016066993351e-02
  +1.95709061466786890526e-02-j5.83254565077627878944e-02
  +1.90714649092987749424e-02-j6.16411147932702588315e-02
  +1.84295051777921409242e-02-j6.49492580240175476636e-02
  +1.76470126913708079408e-02-j6.82500156554660675212e-02
  +1.67255018909987472620e-02-j7.15436121682415798739e-02
  +1.56660252612557879259e-02-j7.48303413347913420894e-02
  +1.44691812650068578339e-02-j7.81105418943670998244e-02
  +1.31351208685151436134e-02-j8.13845743327669818301e-02
  +1.16635526617198236748e-02-j8.46527984790928361702e-02
  +1.00537465842805446431e-02-j8.79155516441860046539e-02
  +8.30453627315947198739e-03-j9.11731270347371919316e-02
  +6.41432005223668312566e-03-j9.44257521833534729794e-02
  +4.38106058908729542600e-03-j9.76735671382901599058e-02
  +2.20228324890489211493e-03-j1.00916602157059775990e-01
  -1.24926819081505016858e-04-j1.04154754645963104620e-01
  -2.60392882110249733810e-03-j1.07387765082553085505e-01
  -5.23853163529858830566e-03-j1.10615191650401983869e-01
  -8.03300024719553855401e-03-j1.13836383305041533021e-01
  -1.09920632354233785422e-02-j1.17050450976751402310e-01
  -1.41209212256543769487e-02-j1.20256236599910637519e-01
  -1.74252562146129351406e-02-j1.23452279639756273832e-01
  -2.09112416464576275632e-02-j1.26636780765781997715e-01
  -2.45855531002270033536e-02-j1.29807562296480910602e-01
  -2.84553794185685021700e-02-j1.32962025012718865202e-01
  -3.25284340738477770194e-02-j1.36097100906874213244e-01
  -3.68129665269765343760e-02-j1.39209201401886112359e-01
  -4.13177732856857965471e-02-j1.42294160538907865643e-01
  -4.60522083113721961145e-02-j1.45347172594415013913e-01
  -5.10261923553642429696e-02-j1.48362723547922570333e-01
  -5.62502207250213728806e-02-j1.51334515780475825641e-01
  -6.17353688853183035778e-02-j1.54255385342464912402e-01
  -6.74932951905294897799e-02-j1.57117211088422970011e-01
  -7.35362399106423703099e-02-j1.59910814937509443423e-01
  -7.98770195655664622114e-02-j1.62625852483542943094e-01
  -8.65290154039940612174e-02-j1.65250693150066019221e-01
  -9.35061546595703507734e-02-j1.67772289067513846739e-01
  -1.00822882981184858142e-01-j1.70176031845070629966e-01
  -1.08494126163068346780e-01-j1.72445596424790320578e-01
  -1.16535238989881689831e-01-j1.74562771246586284635e-01
  -1.24961938658319712814e-01-j1.76507274028203292593e-01
  -1.33790219836324636438e-01-j1.78256552584567545816e-01
  -1.43036247970593610734e-01-j1.79785570288785584436e-01
  -1.52716226950782740790e-01-j1.81066576027911124713e-01
  -1.62846236683892892083e-01-j1.82068858849273235156e-01
  -1.73442035527002269557e-01-j1.82758487950012094014e-01
  -1.84518821875589433823e-01-j1.83098039259878608842e-01
  -1.96090948518851254656e-01-j1.83046310636445996867e-01
  -2.08171582668832594321e-01-j1.82558028667967386927e-01
  -2.20772303872514841228e-01-j1.81583551302393425564e-01
  -2.33902631361739360427e-01-j1.80068572035395002562e-01
  -2.47569471837037896611e-01-j1.77953833242846359841e-01
  -2.61776478286869451750e-01-j1.75174858481281808809e-01
  -2.76523310307005443232e-01-j1.71661716248796253348e-01
  -2.91804786624713485832e-01-j1.67338830835721624757e-01
  -3.07609921300447175518e-01-j1.62124859521479203206e-01
  -3.23920836562661795810e-01-j1.55932659488055652686e-01
  -3.40711547653518076473e-01-j1.48669372379749697988e-01
  -3.57946618686204087734e-01-j1.40236659344555369966e-01
  -3.75579693632234645762e-01-j1.30531124468707626640e-01
  -3.93551913481795911931e-01-j1.19444969482710688924e-01
  -4.11790239663286039562e-01-j1.06866927063822933497e-01
  -4.30205715239606378830e-01-j9.26835234163741056301e-02
  -4.48691709399508253941e-01-j7.67807223241563918670e-02
  -4.67122207345895268382e-01-j5.90460015894866130370e-02
  -4.85350226607747570196e-01-j3.93709075647265815956e-02
  -5.03206461455282361150e-01-j1.76541230604907936619e-02
  -5.20498278375081113722e-01+j6.19493306008831075282e-03
  -5.37009205752588480998e-01+j3.22519810662933309464e-02
  -5.52499077612486733102e-01+j6.05732702894350577560e-02
  -5.66705001378856154659e-01+j9.11905662904450853290e-02
  -5.79343319434383219324e-01+j1.24105868627697193962e-01
  -5.90112719751925585143e-01+j1.59286049733710410869e-01
  -5.98698618165182216977e-01+j1.96657665050565061415e-01
  -6.04778880916372219012e-01+j2.36102241021836606327e-01
  -6.08030879681849323326e-01+j2.77452393286074294743e-01
  -6.08139773749018397453e-01+j3.20489153641366486536e-01
  -6.04807800358390768025e-01+j3.64940881904017244697e-01
  -5.97764233407897527250e-01+j4.10484099684571890343e-01
  -5.86775555539730153676e-01+j4.56746502367787521326e-01
  -5.71655294635413757653e-01+j5.03312283092500867276e-01
  -5.52272919191916455972e-01+j5.49729744481001536549e-01
  -5.28561182118530203944e-01+j5.95520993288610744898e-01
  -5.00521358191179599473e-01+j6.40193329048042159002e-01
  -4.68225937897804700416e-01+j6.83251772837038640063e-01
  -4.31818511552497674710e-01+j7.24212059246948758329e-01
  -3.91510785173645126100e-01+j7.62613352133701627444e-01
  -3.47576889796442967118e-01+j7.98029953594990515420e-01
  -3.00345351865407172998e-01+j8.30081356364011813120e-01
  -2.50189259207477254776e-01+j8.58440132323061488862e-01
  -1.97515266093640035061e-01+j8.82837335179416538011e-01
  -1.42752122516819901499e-01+j9.03065299333557058858e-01
  -8.63393876954363370668e-02+j9.18977914611977975134e-01
  -2.87169057197897807654e-02+j9.30488626226718018586e-01
  +2.96845016127680050300e-02+j9.37566535909745035759e-01
  +8.84508142404661773517e-02+j9.40231056382142327266e-01
  +1.47190902526150912966e-01+j9.38545597530259234631e-01
  +2.05540897156814228453e-01+j9.32610745359427117940e-01
  +2.63166923924575579807e-01+j9.22557344339438922809e-01
  +3.19766369813359263574e-01+j9.08539822033233579468e-01
  +3.75067899558432116258e-01+j8.90730013344825266586e-01
  +4.28830467041623641933e-01+j8.69311659944443704262e-01
  +4.80841568227359184018e-01+j8.44475685514666229992e-01
  +5.30914967533017145840e-01+j8.16416283851349455780e-01
  +5.78888103299342149377e-01+j7.85327806625230162574e-01
  +6.24619345494764943716e-01+j7.51402400987304264213e-01
  +6.67985244089860152883e-01+j7.14828323126996734160e-01
  +7.08877872725909408125e-01+j6.75788840567185689068e-01
  +7.47202341404600844932e-01+j6.34461631294703898298e-01
  +7.82874525107936980461e-01+j5.91018589674109029453e-01
  +8.15819033018526318379e-01+j5.45625955570724796573e-01
  +8.45967425381450310873e-01+j4.98444692612882600535e-01
  +8.73256671767086545266e-01+j4.49631052780153528392e-01
  +8.97627835141133423313e-01+j3.99337276556016917972e-01
  +9.19024960250167888276e-01+j3.47712390043712293863e-01
  +9.37394141930904423177e-01+j2.94903072242290120730e-01
  +9.52682748647026955702e-01+j2.41054576806971204705e-01
  +9.64838778527357332493e-01+j1.86311702868772216535e-01
  +9.73810329186689527248e-01+j1.30819818720044805938e-01
  +9.79545168505289276517e-01+j7.47259502564485283971e-02
</dep>
<dep S[1,2] frequency>
  -1.44653663357744100004e-01-j6.38029997309292218333e-01
  -1.87142903608431360185e-01-j5.96058316766381768304e-01
  -2.22886634460378901812e-01-j5.52036924541247864262e-01
  -2.52069817343983870739e-01-j5.06965958830859153572e-01
  -2.75017872490392722984e-01-j4.61737746089246337000e-01
  -2.92163525785351374520e-01-j4.17121072861338759719e-01
  -3.04014039315738116009e-01-j3.73754348003534186962e-01
  -3.11120932705352348790e-01-j3.32146355232092627130e-01
  -3.14053614585988627450e-01-j2.92682939343361203655e-01
  -3.13377680802906843915e-01-j2.55637879504385268081e-01
  -3.09638075508864962782e-01-j2.21186314965746311234e-01
  -3.03346890737120455928e-01-j1.89419327974303997042e-01
  -2.94975304512346381269e-01-j1.60358587572488997530e-01
  -2.84949010627645937799e-01-j1.33970263642108178281e-01
  -2.73646447502325529388e-01-j1.10177698100347415400e-01
  -2.61399159004684578100e-01-j8.88725509121780637978e-02
  -2.48493689431620312646e-01-j6.99243163970671710583e-02
  -2.35174505985489029625e-01-j5.31882323795154973722e-02
  -2.21647539132142579188e-01-j3.85116879402131878640e-02
  -2.08084023770213011328e-01-j2.57392836426149698714e-02
  -1.94624406295074159345e-01-j1.47167199823479716986e-02
  -1.81382151797703505824e-01-j5.29369330768977852664e-03
  -1.68447341399710570631e-01+j2.67402995733814893495e-03
  -1.55889993010861815925e-01+j9.32320533592463987493e-03
  -1.43763071202278575056e-01+j1.47822318696735031940e-02
  -1.32105175254317419586e-01+j1.91706862148154424941e-02
  -1.20942910574879936014e-01+j2.25991712694314957066e-02
  -1.10292959225887068908e-01+j2.51693988116420408474e-02
  -1.00163871640026033716e-01+j2.69744410974575819784e-02
  -9.05576048986731357848e-02+j2.80990996888648494889e-02
  -8.14708340786439028092e-02+j2.86203510081319660585e-02
  -7.28960628565408497170e-02+j2.86078374051550489432e-02
  -6.48225583048754189219e-02+j2.81243800968923145234e-02
  -5.72371330055241392398e-02+j2.72264964259113333156e-02
  -5.01247955137629555566e-02+j2.59649087182969480481e-02
  -4.34692880172621726187e-02+j2.43850358119906129861e-02
  -3.72535278734169861270e-02+j2.25274612637466585541e-02
  -3.14599676532823849251e-02+j2.04283744893755843386e-02
  -2.60708864171200066506e-02+j1.81199827858998484265e-02
  -2.10686232176096506497e-02+j1.56308934405563204617e-02
  -1.64357622791990141964e-02+j1.29864660444751166268e-02
  -1.21552779330721429096e-02+j1.02091357751389853747e-02
  -8.21064618702238221970e-03+j7.31870885259038733706e-03
  -4.58592876571259355778e-03+j4.33263165923683177261e-03
  -1.26583455427424908073e-03+j1.26623518039243568474e-03
  +1.76423739777864648989e-03-j1.86704349693716012935e-03
  +4.51816981968312936235e-03-j5.05546087256930707504e-03
  +7.00911118348825686736e-03-j8.28878618261217996188e-03
  +9.24946924441190886090e-03-j1.15581383427878318926e-02
  +1.12509121208441038864e-02-j1.48558390981601319558e-02
  +1.30243752220932148406e-02-j1.81752808839932000762e-02
  +1.45800726226084347709e-02-j2.15108080011745805837e-02
  +1.59275117257914808344e-02-j2.48576098105747315958e-02
  +1.70755102655685622737e-02-j2.82116247507450783327e-02
  +1.80322148655671608830e-02-j3.15694540803971024356e-02
  +1.88051205191289635965e-02-j3.49282843395328987390e-02
  +1.94010904729080280173e-02-j3.82858176102078215375e-02
  +1.98263760961152959994e-02-j4.16402087389136366102e-02
  +2.00866363999026159570e-02-j4.49900087574938295498e-02
  +2.01869569394476922053e-02-j4.83341138080349008721e-02
  +2.01318678875096607195e-02-j5.16717189396617010422e-02
  +1.99253611143429022745e-02-j5.50022762016066993351e-02
  +1.95709061466786890526e-02-j5.83254565077627878944e-02
  +1.90714649092987749424e-02-j6.16411147932702588315e-02
  +1.84295051777921409242e-02-j6.49492580240175476636e-02
  +1.76470126913708079408e-02-j6.82500156554660675212e-02
  +1.67255018909987472620e-02-j7.15436121682415798739e-02
  +1.56660252612557879259e-02-j7.48303413347913420894e-02
  +1.44691812650068578339e-02-j7.81105418943670998244e-02
  +1.31351208685151436134e-02-j8.13845743327669818301e-02
  +1.16635526617198236748e-02-j8.46527984790928361702e-02
  +1.00537465842805446431e-02-j8.79155516441860046539e-02
  +8.30453627315947198739e-03-j9.11731270347371919316e-02
  +6.41432005223668312566e-03-j9.44257521833534729794e-02
  +4.38106058908729542600e-03-j9.76735671382901599058e-02
  +2.20228324890489211493e-03-j1.00916602157059775990e-01
  -1.24926819081505016858e-04-j1.04154754645963104620e-01
  -2.60392882110249733810e-03-j1.07387765082553085505e-01
  -5.23853163529858830566e-03-j1.10615191650401983869e-01
  -8.03300024719553855401e-03-j1.13836383305041533021e-01
  -1.09920632354233785422e-02-j1.17050450976751402310e-01
  -1.41209212256543769487e-02-j1.20256236599910637519e-01
  -1.74252562146129351406e-02-j1.23452279639756273832e-01
  -2.09112416464576275632e-02-j1.26636780765781997715e-01
  -2.45855531002270033536e-02-j1.29807562296480910602e-01
  -2.84553794185685021700e-02-j1.32962025012718865202e-01
  -3.25284340738477770194e-02-j1.36097100906874213244e-01
  -3.68129665269765343760e-02-j1.39209201401886112359e-01
  -4.13177732856857965471e-02-j1.42294160538907865643e-01
  -4.60522083113721961145e-02-j1.45347172594415013913e-01
  -5.10261923553642429696e-02-j1.48362723547922570333e-01
  -5.62502207250213728806e-02-j1.51334515780475825641e-01
  -6.17353688853183035778e-02-j1.54255385342464912402e-01
  -6.74932951905294897799e-02-j1.57117211088422970011e-01
  -7.35362399106423703099e-02-j1.59910814937509443423e-01
  -7.98770195655664622114e-02-j1.62625852483542943094e-01
  -8.65290154039940612174e-02-j1.65250693150066019221e-01
  -9.35061546595703507734e-02-j1.67772289067513846739e-01
  -1.00822882981184858142e-01-j1.70176031845070629966e-01
  -1.08494126163068346780e-01-j1.72445596424790320578e-01
  -1.16535238989881689831e-01-j1.74562771246586284635e-01
  -1.24961938658319712814e-01-j1.76507274028203292593e-01
  -1.33790219836324636438e-01-j1.78256552584567545816e-01
  -1.43036247970593610734e-01-j1.79785570288785584436e-01
  -1.52716226950782740790e-01-j1.81066576027911124713e-01
  -1.62846236683892892083e-01-j1.82068858849273235156e-01
  -1.73442035527002269557e-01-j1.82758487950012094014e-01
  -1.84518821875589433823e-01-j1.83098039259878608842e-01
  -1.96090948518851254656e-01-j1.83046310636445996867e-01
  -2.08171582668832594321e-01-j1.82558028667967386927e-01
  -2.20772303872514841228e-01-j1.81583551302393425564e-01
  -2.33902631361739360427e-01-j1.80068572035395002562e-01
  -2.47569471837037896611e-01-j1.77953833242846359841e-01
  -2.61776478286869451750e-01-j1.75174858481281808809e-01
  -2.76523310307005443232e-01-j1.71661716248796253348e-01
  -2.91804786624713485832e-01-j1.67338830835721624757e-01
  -3.07609921300447175518e-01-j1.62124859521479203206e-01
  -3.23920836562661795810e-01-j1.55932659488055652686e-01
  -3.40711547653518076473e-01-j1.48669372379749697988e-01
  -3.57946618686204087734e-01-j1.40236659344555369966e-01
  -3.75579693632234645762e-01-j1.30531124468707626640e-01
  -3.93551913481795911931e-01-j1.19444969482710688924e-01
  -4.11790239663286039562e-01-j1.06866927063822933497e-01
  -4.30205715239606378830e-01-j9.26835234163741056301e-02
  -4.48691709399508253941e-01-j7.67807223241563918670e-02
  -4.67122207345895268382e-01-j5.90460015894866130370e-02
  -4.85350226607747570196e-01-j3.93709075647265815956e-02
  -5.03206461455282361150e-01-j1.76541230604907936619e-02
  -5.20498278375081113722e-01+j6.19493306008831075282e-03
  -5.37009205752588480998e-01+j3.22519810662933309464e-02
  -5.52499077612486733102e-01+j6.05732702894350577560e-02
  -5.66705001378856154659e-01+j9.11905662904450853290e-02
  -5.79343319434383219324e-01+j1.24105868627697193962e-01
  -5.90112719751925585143e-01+j1.59286049733710410869e-01
  -5.98698618165182216977e-01+j1.96657665050565061415e-01
  -6.04778880916372219012e-01+j2.36102241021836606327e-01
  -6.08030879681849323326e-01+j2.77452393286074294743e-01
  -6.08139773749018397453e-01+j3.20489153641366486536e-01
  -6.04807800358390768025e-01+j3.64940881904017244697e-01
  -5.97764233407897527250e-01+j4.10484099684571890343e-01
  -5.86775555539730153676e-01+j4.56746502367787521326e-01
  -5.71655294635413757653e-01+j5.03312283092500867276e-01
  -5.52272919191916455972e-01+j5.49729744481001536549e-01
  -5.28561182118530203944e-01+j5.95520993288610744898e-01
  -5.00521358191179599473e-01+j6.40193329048042159002e-01
  -4.68225937897804700416e-01+j6.83251772837038640063e-01
  -4.31818511552497674710e-01+j7.24212059246948758329e-01
  -3.91510785173645126100e-01+j7.62613352133701627444e-01
  -3.47576889796442967118e-01+j7.98029953594990515420e-01
  -3.00345351865407172998e-01+j8.30081356364011813120e-01
  -2.50189259207477254776e-01+j8.58440132323061488862e-01
  -1.97515266093640035061e-01+j8.82837335179416538011e-01
  -1.42752122516819901499e-01+j9.03065299333557058858e-01
  -8.63393876954363370668e-02+j9.18977914611977975134e-01
  -2.87169057197897807654e-02+j9.30488626226718018586e-01
  +2.96845016127680050300e-02+j9.37566535909745035759e-01
  +8.84508142404661773517e-02+j9.40231056382142327266e-01
  +1.47190902526150912966e-01+j9.38545597530259234631e-01
  +2.05540897156814228453e-01+j9.32610745359427117940e-01
  +2.63166923924575579807e-01+j9.22557344339438922809e-01
  +3.19766369813359263574e-01+j9.08539822033233579468e-01
  +3.75067899558432116258e-01+j8.90730013344825266586e-01
  +4.28830467041623641933e-01+j8.69311659944443704262e-01
  +4.80841568227359184018e-01+j8.44475685514666229992e-01
  +5.30914967533017145840e-01+j8.16416283851349455780e-01
  +5.78888103299342149377e-01+j7.85327806625230162574e-01
  +6.24619345494764943716e-01+j7.51402400987304264213e-01
  +6.67985244089860152883e-01+j7.14828323126996734160e-01
  +7.08877872725909408125e-01+j6.75788840567185689068e-01
  +7.47202341404600844932e-01+j6.34461631294703898298e-01
  +7.82874525107936980461e-01+j5.91018589674109029453e-01
  +8.15819033018526318379e-01+j5.45625955570724796573e-01
  +8.45967425381450310873e-01+j4.98444692612882600535e-01
  +8.73256671767086545266e-01+j4.49631052780153528392e-01
  +8.97627835141133423313e-01+j3.99337276556016917972e-01
  +9.19024960250167888276e-01+j3.47712390043712293863e-01
  +9.37394141930904423177e-01+j2.94903072242290120730e-01
  +9.52682748647026955702e-01+j2.41054576806971204705e-01
  +9.64838778527357332493e-01+j1.86311702868772216535e-01
  +9.73810329186689527248e-01+j1.30819818720044805938e-01
  +9.79545168505289276517e-01+j7.47259502564485283971e-02
</dep>
<dep S[1,1] frequency>
  -7.31047096708657084818e-01+j1.66114156154309022817e-01
  -7.38506331843617358501e-01+j2.32397082567903701111e-01
  -7.38664849962999192634e-01+j2.98939434930972247617e-01
  -7.31812797076869969715e-01+j3.64753577269575579578e-01
  -7.18376422110929668818e-01+j4.28966224355396996692e-01
  -6.98884574656693624561e-01+j4.90833530590348954270e-01
  -6.73935666888796025553e-01+j5.49747288571815539981e-01
  -6.44167201618101259442e-01+j6.05233546264134170123e-01
  -6.10229279990906037234e-01+j6.56945307023147684333e-01
  -5.72762839118671762684e-01+j7.04651065397583931116e-01
  -5.32382809206769502808e-01+j7.48220818450641589337e-01
  -4.89665959098877057176e-01+j7.87610951760724486981e-01
  -4.45142923690081127042e-01+j8.22849099281137696948e-01
  -3.99293759927581592972e-01+j8.54019769599224432000e-01
  -3.52546332703299714062e-01+j8.81251252727633938022e-01
  -3.05276857788361000168e-01+j9.04704090058874532687e-01
  -2.57811998697967836858e-01+j9.24561211667667470770e-01
  -2.10432005989339365737e-01+j9.41019717548930989537e-01
  -1.63374485021881787894e-01+j9.54284195748414387772e-01
  -1.16838471241112518140e-01+j9.64561421894627568641e-01
  -7.09885746784441329371e-02+j9.72056262521900249496e-01
  -2.59590249754558244355e-02+j9.76968600901749639753e-01
  +1.81424955628352313486e-02+j9.79491112409232922431e-01
  +6.12312996909272488910e-02+j9.79807731779018364904e-01
  +1.03242459747679621307e-01+j9.78092673353357366928e-01
  +1.44127901304748895495e-01+j9.74509885130184771995e-01
  +1.83853821820160773237e-01+j9.69212836510302988557e-01
  +2.22398419367606903219e-01+j9.62344557201213701703e-01
  +2.59749909931864142454e-01+j9.54037860305713136810e-01
  +2.95904808267637375874e-01+j9.44415696059084264213e-01
  +3.30866446007408332441e-01+j9.33591594025601878570e-01
  +3.64643700874907050746e-01+j9.21670160981343355999e-01
  +3.97249911992153870166e-01+j9.08747609408909751139e-01
  +4.28701957975524350353e-01+j8.94912297742682216750e-01
  +4.59019476527319003623e-01+j8.80245268458058061078e-01
  +4.88224206354124168339e-01+j8.64820774005946701912e-01
  +5.16339434355561399670e-01+j8.48706783642023010472e-01
  +5.43389533046428674368e-01+j8.31965466551411125806e-01
  +5.69399575054075901548e-01+j8.14653648461178825357e-01
  +5.94395013246944103891e-01+j7.96823240279859734692e-01
  +6.18401416590744101853e-01+j7.78521638299593865540e-01
  +6.41444253197472891159e-01+j7.59792096218951051867e-01
  +6.63548713237591680780e-01+j7.40674069754839625723e-01
  +6.84739565438817421317e-01+j7.21203534959557579498e-01
  +7.05041041810208435336e-01+j7.01413281582850878237e-01
  +7.24476746021428419375e-01+j6.81333182949901527969e-01
  +7.43069581548600588405e-01+j6.60990443888230139180e-01
  +7.60841696283159119041e-01+j6.40409828248506118875e-01
  +7.77814440800927320296e-01+j6.19613867540414586799e-01
  +7.94008337916432660464e-01+j5.98623052156214696673e-01
  +8.09443061512096551091e-01+j5.77456006589743608970e-01
  +8.24137422942362141143e-01+j5.56129649983630569565e-01
  +8.38109363576575616683e-01+j5.34659343257172681163e-01
  +8.51375952268408120460e-01+j5.13059023985040663085e-01
  +8.63953386729523264975e-01+j4.91341330115143415380e-01
  +8.75856997946046211823e-01+j4.69517713534595038105e-01
  +8.87101256912692592849e-01+j4.47598544416511590072e-01
  +8.97699783074527912774e-01+j4.25593207208672996700e-01
  +9.07665353963805321413e-01+j4.03510189057791901490e-01
  +9.17009915601541769625e-01+j3.81357161400958766251e-01
  +9.25744593302963547643e-01+j3.59141055398517206054e-01
  +9.33879702584535342780e-01+j3.36868131830318384701e-01
  +9.41424759919704312594e-01+j3.14544046029759827299e-01
  +9.48388493132158449939e-01+j2.92173908387177161394e-01
  +9.54778851250520088634e-01+j2.69762340915732812263e-01
  +9.60603013678065886793e-01+j2.47313530338763881700e-01
  +9.65867398556093270656e-01+j2.24831278127425149282e-01
  +9.70577670220796440148e-01+j2.02319047891128256378e-01
  +9.74738745671584139174e-01+j1.79780010500550230246e-01
  +9.78354799984266887414e-01+j1.57217087303790692410e-01
  +9.81429270615976845349e-01+j1.34632991780234773094e-01
  +9.83964860560498255637e-01+j1.12030269963900058761e-01
  +9.85963540323311127267e-01+j8.94113399582675549837e-02
  +9.87426548695486960838e-01+j6.67785308577669850516e-02
  +9.88354392314894081295e-01+j4.41341213871099535826e-02
  +9.88746844012476033825e-01+j2.14803785685281252438e-02
  +9.88602939950797732216e-01-j1.18040327138252409966e-03
  +9.87920975572202930692e-01-j2.38458628390904384120e-02
  +9.86698500384908694372e-01-j4.65135312325462429994e-02
  +9.84932311627798484643e-01-j6.91807899872790288409e-02
  +9.82618446868823269824e-01-j9.18448274640752404530e-02
  +9.79752175608318065514e-01-j1.14502593216479653382e-01
  +9.76327989977756827145e-01-j1.37150749957762357889e-01
  +9.72339594646982163795e-01-j1.59785622725503645425e-01
  +9.67779896079549173393e-01-j1.82403144817528950483e-01
  +9.62640991307210036609e-01-j2.04998800045442353124e-01
  +9.56914156431655449353e-01-j2.27567560821772485458e-01
  +9.50589835105392744197e-01-j2.50103821563529116201e-01
  +9.43657627295306999926e-01-j2.72601326859241155365e-01
  +9.36106278693246030009e-01-j2.95053093808318234181e-01
  +9.27923671209532674453e-01-j3.17451327901433544287e-01
  +9.19096815069212258464e-01-j3.39787331769128453374e-01
  +9.09611843129266794961e-01-j3.62051406083636395650e-01
  +8.99454008149918049497e-01-j3.84232741857434501043e-01
  +8.88607683887297272740e-01-j4.06319303342399296142e-01
  +8.77056371030708437075e-01-j4.28297700697988392715e-01
  +8.64782709188704368231e-01-j4.50153051567803552668e-01
  +8.51768496337489300352e-01-j4.71868830684907258899e-01
  +8.37994717386533860548e-01-j4.93426706621218125193e-01
  +8.23441583793365516897e-01-j5.14806364810863170689e-01
  +8.08088586476437775730e-01-j5.35985316018119273274e-01
  +7.91914564635600060072e-01-j5.56938689495945271624e-01
  +7.74897793497653086803e-01-j5.77639010201537517197e-01
  +7.57016094463006883331e-01-j5.98055959613643550732e-01
  +7.38246971640534654924e-01-j6.18156119948010673859e-01
  +7.18567779322113686646e-01-j6.37902701911268410484e-01
  +6.97955925563865653416e-01-j6.57255256592175984842e-01
  +6.76389117703044440155e-01-j6.76169372688991243692e-01
  +6.53845656337140201941e-01-j6.94596361043985921491e-01
  +6.30304785009022316977e-01-j7.12482929436233036746e-01
  +6.05747103553121113428e-01-j7.29770851812175269657e-01
  +5.80155053726355118826e-01-j7.46396637654008321405e-01
  +5.53513486321596359652e-01-j7.62291209046176865272e-01
  +5.25810319372296941509e-01-j7.77379595247447818807e-01
  +4.97037297210704387407e-01-j7.91580657255952724327e-01
  +4.67190859920174117459e-01-j8.04806858004385117233e-01
  +4.36273131972707117754e-01-j8.16964097464842664564e-01
  +4.04293037379367725670e-01-j8.27951636074666041942e-01
  +3.71267546279075544291e-01-j8.37662134474502662052e-01
  +3.37223054288685042401e-01-j8.45981842479451962014e-01
  +3.02196890840235266040e-01-j8.52790975307830767527e-01
  +2.66238945827068307359e-01-j8.57964320090301546529e-01
  +2.29413394857567676244e-01-j8.61372120164639598627e-01
  +1.91800492003184691603e-01-j8.62881288058402473595e-01
  +1.53498384944741300684e-01-j8.62356999620461972533e-01
  +1.14624890853553096370e-01-j8.59664720534209725322e-01
  +7.53191524328098438446e-02-j8.54672711293941622657e-01
  +3.57430729019059811868e-02-j8.47255046368398545553e-01
  -3.91759256472967720697e-03-j8.37295166371422205920e-01
  -4.34526316229350006992e-02-j8.24689957363012426939e-01
  -8.26274151561146030787e-02-j8.09354317989237515008e-01
  -1.21183752798022126296e-01-j7.91226132734452303197e-01
  -1.58841732935759760714e-01-j7.70271518790667131249e-01
  -1.95302702077149475945e-01-j7.46490157010096355705e-01
  -2.30253505808830694068e-01-j7.19920457880199204936e-01
  -2.63372059706909689147e-01-j6.90644257133107064561e-01
  -2.94334242207220875276e-01-j6.58790689979805832444e-01
  -3.22822004017177421886e-01-j6.24538866864240871379e-01
  -3.48532475116943407656e-01-j5.88118976210074584365e-01
  -3.71187729731714877168e-01-j5.49811478862945013368e-01
  -3.90544754658718740181e-01-j5.09944139794215267614e-01
  -4.06405072547184553766e-01-j4.68886765241795622217e-01
  -4.18623415418344246852e-01-j4.27043671616764708432e-01
  -4.27114839055825368241e-01-j3.84844093172816426041e-01
  -4.31859724905691577668e-01-j3.42730919597345085048e-01
  -4.32906233970801412880e-01-j3.01148319664002850349e-01
  -4.30369948712436944938e-01-j2.60528930133574754269e-01
  -4.24430647008147587940e-01-j2.21281351534915959878e-01
  -4.15326372839332491615e-01-j1.83778683487035132682e-01
  -4.03345174832677955123e-01-j1.48348751301590975338e-01
  -3.88815051128741262509e-01-j1.15266532839595800541e-01
  -3.72092748561542618901e-01-j8.47491089170021860699e-02
  -3.53552106253223863419e-01-j5.69532561291501149281e-02
  -3.33572609091306149232e-01-j3.19756027790843444514e-02
  -3.12528734909479521953e-01-j9.85509824955532742763e-03
  -2.90780556709584914188e-01+j9.42258119973193863927e-03
  -2.68665917056151504205e-01+j2.59191443299518486931e-02
  -2.46494344471158338683e-01+j3.97367958534773635382e-02
  -2.24542746722952102356e-01+j5.10108115434702857893e-02
  -2.03052804092491490096e-01+j5.99019934159813749464e-02
  -1.82229902648030767098e-01+j6.65893504281638570763e-02
  -1.62243394295194381938e-01+j7.12632698955531496132e-02
  -1.43227944406212559514e-01+j7.41193643730672646619e-02
  -1.25285724456843716723e-01+j7.53531051106166582798e-02
  -1.08489220601965197233e-01+j7.51552907738926856407e-02
  -9.28844537614524345948e-02+j7.37083509343313958428e-02
  -7.84944374652367937717e-02+j7.11834480406320357915e-02
  -6.53227323060557307777e-02+j6.77383180673560014728e-02
  -5.33569873582380657662e-02+j6.35157769317922921148e-02
  -4.25723873660906054761e-02+j5.86428149109783497517e-02
  -3.29349487927262304932e-02+j5.32302025224455910291e-02
  -2.44046275342393037544e-02+j4.73725367131195423953e-02
  -1.69382163110743041989e-02+j4.11486641085018478581e-02
  -1.04920208159749277221e-02+j3.46224272377330943851e-02
  -5.02431115331153019254e-03+j2.78436891365574923363e-02
  -4.97549527880235958888e-04+j2.08496009043138835759e-02
  +3.11960291199877247370e-03+j1.36660852587820319526e-02
  +5.85049721728194468268e-03+j6.30951668546089750045e-03
  +7.70892456079827828597e-03-j1.21141466738903386124e-03
  +8.69776272512098359846e-03-j8.89366264543488271865e-03
  +8.80784711724667476740e-03-j1.67376110281221221476e-02
</dep>
