<Qucs Dataset 1.0.7>
<indep frequency 181>
  +1.00000000000000000000e+09
  +1.05000000000000000000e+09
  +1.10000000000000000000e+09
  +1.15000000000000000000e+09
  +1.20000000000000000000e+09
  +1.25000000000000000000e+09
  +1.30000000000000000000e+09
  +1.35000000000000000000e+09
  +1.40000000000000000000e+09
  +1.45000000000000000000e+09
  +1.50000000000000000000e+09
  +1.55000000000000000000e+09
  +1.60000000000000000000e+09
  +1.65000000000000000000e+09
  +1.70000000000000000000e+09
  +1.75000000000000000000e+09
  +1.80000000000000000000e+09
  +1.85000000000000000000e+09
  +1.90000000000000000000e+09
  +1.95000000000000000000e+09
  +2.00000000000000000000e+09
  +2.05000000000000000000e+09
  +2.10000000000000000000e+09
  +2.15000000000000000000e+09
  +2.20000000000000000000e+09
  +2.25000000000000000000e+09
  +2.30000000000000000000e+09
  +2.35000000000000000000e+09
  +2.40000000000000000000e+09
  +2.45000000000000000000e+09
  +2.50000000000000000000e+09
  +2.55000000000000000000e+09
  +2.60000000000000000000e+09
  +2.65000000000000000000e+09
  +2.70000000000000000000e+09
  +2.75000000000000000000e+09
  +2.80000000000000000000e+09
  +2.85000000000000000000e+09
  +2.90000000000000000000e+09
  +2.95000000000000000000e+09
  +3.00000000000000000000e+09
  +3.05000000000000000000e+09
  +3.10000000000000000000e+09
  +3.15000000000000000000e+09
  +3.20000000000000000000e+09
  +3.25000000000000000000e+09
  +3.30000000000000000000e+09
  +3.35000000000000000000e+09
  +3.40000000000000000000e+09
  +3.45000000000000000000e+09
  +3.50000000000000000000e+09
  +3.55000000000000000000e+09
  +3.60000000000000000000e+09
  +3.65000000000000000000e+09
  +3.70000000000000000000e+09
  +3.75000000000000000000e+09
  +3.80000000000000000000e+09
  +3.85000000000000000000e+09
  +3.90000000000000000000e+09
  +3.95000000000000000000e+09
  +4.00000000000000000000e+09
  +4.05000000000000000000e+09
  +4.10000000000000000000e+09
  +4.15000000000000000000e+09
  +4.20000000000000000000e+09
  +4.25000000000000000000e+09
  +4.30000000000000000000e+09
  +4.35000000000000000000e+09
  +4.40000000000000000000e+09
  +4.45000000000000000000e+09
  +4.50000000000000000000e+09
  +4.55000000000000000000e+09
  +4.60000000000000000000e+09
  +4.65000000000000000000e+09
  +4.70000000000000000000e+09
  +4.75000000000000000000e+09
  +4.80000000000000000000e+09
  +4.85000000000000000000e+09
  +4.90000000000000000000e+09
  +4.95000000000000000000e+09
  +5.00000000000000000000e+09
  +5.05000000000000000000e+09
  +5.10000000000000000000e+09
  +5.15000000000000000000e+09
  +5.20000000000000000000e+09
  +5.25000000000000000000e+09
  +5.30000000000000000000e+09
  +5.35000000000000000000e+09
  +5.40000000000000000000e+09
  +5.45000000000000000000e+09
  +5.50000000000000000000e+09
  +5.55000000000000000000e+09
  +5.60000000000000000000e+09
  +5.65000000000000000000e+09
  +5.70000000000000000000e+09
  +5.75000000000000000000e+09
  +5.80000000000000000000e+09
  +5.85000000000000000000e+09
  +5.90000000000000000000e+09
  +5.95000000000000000000e+09
  +6.00000000000000000000e+09
  +6.05000000000000000000e+09
  +6.10000000000000000000e+09
  +6.15000000000000000000e+09
  +6.20000000000000000000e+09
  +6.25000000000000000000e+09
  +6.30000000000000000000e+09
  +6.35000000000000000000e+09
  +6.40000000000000000000e+09
  +6.45000000000000000000e+09
  +6.50000000000000000000e+09
  +6.55000000000000000000e+09
  +6.60000000000000000000e+09
  +6.65000000000000000000e+09
  +6.70000000000000000000e+09
  +6.75000000000000000000e+09
  +6.80000000000000000000e+09
  +6.85000000000000000000e+09
  +6.90000000000000000000e+09
  +6.95000000000000000000e+09
  +7.00000000000000000000e+09
  +7.05000000000000000000e+09
  +7.10000000000000000000e+09
  +7.15000000000000000000e+09
  +7.20000000000000000000e+09
  +7.25000000000000000000e+09
  +7.30000000000000000000e+09
  +7.35000000000000000000e+09
  +7.40000000000000000000e+09
  +7.45000000000000000000e+09
  +7.50000000000000000000e+09
  +7.55000000000000000000e+09
  +7.60000000000000000000e+09
  +7.65000000000000000000e+09
  +7.70000000000000000000e+09
  +7.75000000000000000000e+09
  +7.80000000000000000000e+09
  +7.85000000000000000000e+09
  +7.90000000000000000000e+09
  +7.95000000000000000000e+09
  +8.00000000000000000000e+09
  +8.05000000000000000000e+09
  +8.10000000000000000000e+09
  +8.15000000000000000000e+09
  +8.20000000000000000000e+09
  +8.25000000000000000000e+09
  +8.30000000000000000000e+09
  +8.35000000000000000000e+09
  +8.40000000000000000000e+09
  +8.45000000000000000000e+09
  +8.50000000000000000000e+09
  +8.55000000000000000000e+09
  +8.60000000000000000000e+09
  +8.65000000000000000000e+09
  +8.70000000000000000000e+09
  +8.75000000000000000000e+09
  +8.80000000000000000000e+09
  +8.85000000000000000000e+09
  +8.90000000000000000000e+09
  +8.95000000000000000000e+09
  +9.00000000000000000000e+09
  +9.05000000000000000000e+09
  +9.10000000000000000000e+09
  +9.15000000000000000000e+09
  +9.20000000000000000000e+09
  +9.25000000000000000000e+09
  +9.30000000000000000000e+09
  +9.35000000000000000000e+09
  +9.40000000000000000000e+09
  +9.45000000000000000000e+09
  +9.50000000000000000000e+09
  +9.55000000000000000000e+09
  +9.60000000000000000000e+09
  +9.65000000000000000000e+09
  +9.70000000000000000000e+09
  +9.75000000000000000000e+09
  +9.80000000000000000000e+09
  +9.85000000000000000000e+09
  +9.90000000000000000000e+09
  +9.95000000000000000000e+09
  +1.00000000000000000000e+10
</indep>
<dep S21_phase frequency>
  -3.11085741497395638078e+01
  -3.25274499051171375186e+01
  -3.39293898640455893201e+01
  -3.53141871040546249105e+01
  -3.66816854464099435518e+01
  -3.80317768179755546498e+01
  -3.93643984838008762495e+01
  -4.06795301933452080334e+01
  -4.19771912794225201537e+01
  -4.32574377449468627788e+01
  -4.45203593683551517302e+01
  -4.57660768545007670127e+01
  -4.69947390537581668468e+01
  -4.82065202682118538746e+01
  -4.94016176602341730018e+01
  -5.05802487753689504757e+01
  -5.17426491884323382919e+01
  -5.28890702790302640324e+01
  -5.40197771402675073205e+01
  -5.51350466223572155400e+01
  -5.62351655110416999150e+01
  -5.73204288392289882381e+01
  -5.83911383290025653992e+01
  -5.94476009601627239931e+01
  -6.04901276606503870426e+01
  -6.15190321136098319244e+01
  -6.25346296754094410630e+01
  -6.35372363986554589133e+01
  -6.45271681540403818644e+01
  -6.55047398448421489547e+01
  -6.64702647078829471639e+01
  -6.74240536948628061964e+01
  -6.83664149281376154477e+01
  -6.92976532252002783707e+01
  -7.02180696863536581986e+01
  -7.11279613403209651779e+01
  -7.20276208428130644279e+01
  -7.29173362233312474245e+01
  -7.37973906758040101295e+01
  -7.46680623889059944531e+01
  -7.55296244122086335437e+01
  -7.63823445545776422705e+01
  -7.72264853115059253241e+01
  -7.80623038183124720035e+01
  -7.88900518263919963147e+01
  -7.97099756999280231184e+01
  -8.05223164306984102723e+01
  -8.13273096688060093129e+01
  -8.21251857673637886137e+01
  -8.29161698393391901618e+01
  -8.37004818249270670094e+01
  -8.44783365679798095016e+01
  -8.52499439001599057519e+01
  -8.60155087316187518809e+01
  -8.67752311471162443013e+01
  -8.75293065066179138967e+01
  -8.82779255494989314457e+01
  -8.90212745015814164162e+01
  -8.97595351843181816776e+01
  -9.04928851255042729917e+01
  -9.12214976709806819599e+01
  -9.19455420968467223020e+01
  -9.26651837217618634668e+01
  -9.33805840189685341102e+01
  -9.40919007277124848088e+01
  -9.47992879637821062033e+01
  -9.55028963289257717406e+01
  -9.62028730189402807582e+01
  -9.68993619302533630844e+01
  -9.75925037648541149338e+01
  -9.82824361334439515758e+01
  -9.89692936567102066192e+01
  -9.96532080646373685795e+01
  -1.00334308293791977462e+02
  -1.01012720582531869695e+02
  -1.01688568564102922664e+02
  -1.02361973357600987811e+02
  -1.03033053656783138763e+02
  -1.03701925816726486573e+02
  -1.04368703938336196302e+02
  -1.05033499950713476778e+02
  -1.05696423691401648171e+02
  -1.06357582984529727810e+02
  -1.07017083716880549105e+02
  -1.07675029911911892100e+02
  -1.08331523801764944892e+02
  -1.08986665897292539285e+02
  -1.09640555056144108903e+02
  -1.10293288548948822836e+02
  -1.10944962123630688211e+02
  -1.11595670067900840650e+02
  -1.12245505269963175010e+02
  -1.12894559277476986381e+02
  -1.13542922354814706409e+02
  -1.14190683538656003293e+02
  -1.14837930691957154750e+02
  -1.15484750556335157512e+02
  -1.16131228802902228381e+02
  -1.16777450081590686182e+02
  -1.17423498069001865929e+02
  -1.18069455514813327568e+02
  -1.18715404286778451137e+02
  -1.19361425414350662777e+02
  -1.20007599130959391687e+02
  -1.20654004914971082485e+02
  -1.21300721529357275585e+02
  -1.21947827060099257324e+02
  -1.22595398953350027682e+02
  -1.23243514051376209295e+02
  -1.23892248627301043484e+02
  -1.24541678418663678940e+02
  -1.25191878659814648245e+02
  -1.25842924113157266675e+02
  -1.26494889099253072118e+02
  -1.27147847525793807222e+02
  -1.27801872915456684154e+02
  -1.28457038432642463022e+02
  -1.29113416909101601959e+02
  -1.29771080868455328527e+02
  -1.30430102549602707995e+02
  -1.31090553929018710733e+02
  -1.31752506741936599610e+02
  -1.32416032502401861848e+02
  -1.33081202522200612748e+02
  -1.33748087928635357002e+02
  -1.34416759681149159178e+02
  -1.35087288586771052223e+02
  -1.35759745314367336277e+02
  -1.36434200407681487377e+02
  -1.37110724297131838512e+02
  -1.37789387310344608295e+02
  -1.38470259681395504003e+02
  -1.39153411558725792929e+02
  -1.39838913011694245370e+02
  -1.40526834035744315088e+02
  -1.41217244556126871657e+02
  -1.41910214430147789244e+02
  -1.42605813447908332137e+02
  -1.43304111331456908829e+02
  -1.44005177732339774366e+02
  -1.44709082227480450911e+02
  -1.45415894313334916887e+02
  -1.46125683398260179047e+02
  -1.46838518793061496126e+02
  -1.47554469699606386257e+02
  -1.48273605197520822685e+02
  +3.10040057712152048452e+01
  +3.02782944196575343199e+01
  +2.95491921356321149972e+01
  +2.88166305035149221681e+01
  +2.80805413284818143893e+01
  +2.73408566630581510992e+01
  +2.65975088361842217921e+01
  +2.58504304847927031119e+01
  +2.50995545880239276926e+01
  +2.43448145041378865017e+01
  +2.35861440101947863468e+01
  +2.28234773445953216253e+01
  +2.20567492525510466805e+01
  +2.12858950345506947599e+01
  +2.05108505979141106934e+01
  +1.97315525114833185683e+01
  +1.89479380635366254637e+01
  +1.81599453229713141411e+01
  +1.73675132038293931203e+01
  +1.65705815332081272118e+01
  +1.57690911226092840280e+01
  +1.49629838427653307775e+01
  +1.41522027019750851196e+01
  +1.33366919279705289370e+01
  +1.25163970533321844414e+01
  +1.16912650044512851366e+01
  +1.08612441940350397118e+01
  +1.00262846171227106851e+01
  +9.18633795058644331277e+00
  +8.34135765605579138082e+00
  +7.49129908619892503907e+00
  +6.63611959427281572488e+00
  +5.77577864683313713101e+00
  +4.91023793947626341350e+00
  +4.03946151546337528515e+00
</dep>
<dep S11_phase frequency>
  -1.21126276176411181495e+02
  -1.22544732724906992871e+02
  -1.23946271773972299002e+02
  -1.25330684039365308990e+02
  -1.26697811331825462844e+02
  -1.28047543854869445568e+02
  -1.29379817387022711728e+02
  -1.30694610388065427742e+02
  -1.31991941065934611288e+02
  -1.33271864437572133966e+02
  -1.34534469413252509185e+02
  -1.35779875930158283381e+02
  -1.37008232157177559429e+02
  -1.38219711789197930329e+02
  -1.39414511445726446937e+02
  -1.40592848185406325001e+02
  -1.41754957145032079779e+02
  -1.42901089309054754040e+02
  -1.44031509413152491561e+02
  -1.45146493983434993424e+02
  -1.46246329511074350194e+02
  -1.47331310760661494896e+02
  -1.48401739209373971562e+02
  -1.49457921613039360409e+02
  -1.50500168694398098523e+02
  -1.51528793948269566272e+02
  -1.52544112557908789540e+02
  -1.53546440416549472729e+02
  -1.54536093247956273444e+02
  -1.55513385819773390040e+02
  -1.56478631243460313271e+02
  -1.57432140354717489572e+02
  -1.58374221168450731057e+02
  -1.59305178402526109949e+02
  -1.60225313064791976103e+02
  -1.61134922098104539145e+02
  -1.62034298078368578899e+02
  -1.62923728960865986437e+02
  -1.63803497870464269681e+02
  -1.64673882931547922226e+02
  -1.65535157133817875774e+02
  -1.66387588230371335385e+02
  -1.67231438664743848221e+02
  -1.68066965523846221231e+02
  -1.68894420513973955167e+02
  -1.69714049957301455152e+02
  -1.70526094806487606093e+02
  -1.71330790675224307051e+02
  -1.72128367882754531593e+02
  -1.72919051510562866270e+02
  -1.73703061469609423284e+02
  -1.74480612576629511068e+02
  -1.75251914638170575245e+02
  -1.76017172541159425236e+02
  -1.76776586348924354297e+02
  -1.77530351401699590497e+02
  -1.78278658420744847035e+02
  -1.79021693615305423464e+02
  -1.79759638791723460827e+02
  +1.79507328535915405610e+02
  +1.78779035034139468507e+02
  +1.78055311437934051355e+02
  +1.77335992438491132361e+02
  +1.76620916571234033654e+02
  +1.75909926104440472727e+02
  +1.75202866928742366781e+02
  +1.74499588447746049269e+02
  +1.73799943469976938104e+02
  +1.73103788102327541765e+02
  +1.72410981645155601427e+02
  +1.71721386489158106770e+02
  +1.71034868014121570923e+02
  +1.70351294489631271745e+02
  +1.69670536977805966217e+02
  +1.68992469238105456952e+02
  +1.68316967634249181174e+02
  +1.67643911043267934247e+02
  +1.66973180766704814459e+02
  +1.66304660443966724870e+02
  +1.65638235967825409034e+02
  +1.64973795402057277215e+02
  +1.64311228901203662645e+02
  +1.63650428632432266340e+02
  +1.62991288699473244606e+02
  +1.62333705068600608001e+02
  +1.61677575496625763662e+02
  +1.61022799460869805444e+02
  +1.60369278091077887893e+02
  +1.59716914103235666289e+02
  +1.59065611735251025038e+02
  +1.58415276684459257694e+02
  +1.57765816046912902948e+02
  +1.57117138258414684060e+02
  +1.56469153037253676075e+02
  +1.55821771328604654627e+02
  +1.55174905250551290692e+02
  +1.54528468041694566182e+02
  +1.53882374010308183188e+02
  +1.53236538485004615495e+02
  +1.52590877766876133137e+02
  +1.51945309083075528633e+02
  +1.51299750541804797876e+02
  +1.50654121088679062268e+02
  +1.50008340464435917738e+02
  +1.49362329163961362610e+02
  +1.48716008396606127917e+02
  +1.48069300047765835870e+02
  +1.47422126641702931238e+02
  +1.46774411305586852450e+02
  +1.46126077734734565183e+02
  +1.45477050159031648491e+02
  +1.44827253310518585749e+02
  +1.44176612392128134843e+02
  +1.43525053047561186759e+02
  +1.42872501332290710252e+02
  +1.42218883685686819263e+02
  +1.41564126904254578676e+02
  +1.40908158115983326297e+02
  +1.40250904755803333046e+02
  +1.39592294542151051928e+02
  +1.38932255454645911641e+02
  +1.38270715712882235948e+02
  +1.37607603756344587964e+02
  +1.36942848225454554267e+02
  +1.36276377943761815459e+02
  +1.35608121901292321354e+02
  +1.34938009239071249112e+02
  +1.34265969234837513113e+02
  +1.33591931289974183983e+02
  +1.32915824917674768813e+02
  +1.32237579732375110098e+02
  +1.31557125440476852418e+02
  +1.30874391832395559732e+02
  +1.30189308775966566145e+02
  +1.29501806211245082068e+02
  +1.28811814146740147180e+02
  +1.28119262657122391147e+02
  +1.27424081882452455261e+02
  +1.26726202028974938685e+02
  +1.26025553371527053059e+02
  +1.25322066257615986729e+02
  +1.24615671113217345578e+02
  +1.23906298450352650775e+02
  +1.23193878876505067410e+02
  +1.22478343105935465474e+02
  +1.21759621972961909364e+02
  +1.21037646447269906957e+02
  +1.20312347651321132957e+02
  +1.19583656879929833394e+02
  +1.18851505622081305091e+02
  +1.18115825585063049630e+02
  +1.17376548720985610430e+02
  +1.16633607255767799415e+02
  +1.15886933720664217162e+02
  +1.15136460986411549356e+02
  +1.14382122300071685572e+02
  +1.13623851324650033234e+02
  +1.12861582181564216398e+02
  +1.12095249496042015380e+02
  +1.11324788445519445190e+02
  +1.10550134811116166134e+02
  +1.09771225032254776011e+02
  +1.08987996264492238652e+02
  +1.08200386440627710272e+02
  +1.07408334335143621274e+02
  +1.06611779632034554766e+02
  +1.05810662996070917075e+02
  +1.05004926147537659631e+02
  +1.04194511940480083467e+02
  +1.03379364444480685847e+02
  +1.02559429029979966685e+02
  +1.01734652457144576942e+02
  +1.00904982968272449284e+02
  +1.00070370383712131002e+02
  +9.92307662012595557144e+01
  +9.83861236989792189434e+01
  +9.75363980413779358969e+01
  +9.66815463888472947929e+01
  +9.58215280102611473012e+01
  +9.49563043986054537982e+01
  +9.40858393894852298445e+01
</dep>
<dep S21_dB frequency>
  -8.27061813452771965594e-01
  -9.04580136031561066190e-01
  -9.84662894593952842115e-01
  -1.06718245977885350939e+00
  -1.15201311489994018267e+00
  -1.23903151870839978166e+00
  -1.32811711321895931093e+00
  -1.41915247787142351221e+00
  -1.51202363193136690711e+00
  -1.60662028755313057715e+00
  -1.70283605632227752480e+00
  -1.80056861239188958912e+00
  -1.89971981552262714210e+00
  -2.00019579744324715875e+00
  -2.10190701498647181111e+00
  -2.20476827342367531770e+00
  -2.30869872333854742052e+00
  -2.41362183426256304841e+00
  -2.51946534813229483518e+00
  -2.62616121545397485093e+00
  -2.73364551686469514635e+00
  -2.84185837257306905812e+00
  -2.95074384195599748182e+00
  -3.06024981537866169745e+00
  -3.17032790010230991484e+00
  -3.28093330194621657370e+00
  -3.39202470418491053294e+00
  -3.50356414498554702419e+00
  -3.61551689452239033429e+00
  -3.72785133275885538495e+00
  -3.84053882874343521792e+00
  -3.95355362214188543746e+00
  -4.06687270761219377135e+00
  -4.18047572252732280162e+00
  -4.29434483845858494533e+00
  -4.40846465675200160916e+00
  -4.52282210846074050892e+00
  -4.63740635883083207602e+00
  -4.75220871649060683239e+00
  -4.86722254744276394689e+00
  -4.98244319392253487422e+00
  -5.09786789815263219339e+00
  -5.21349573099936147713e+00
  -5.32932752551165478394e+00
  -5.44536581530867724865e+00
  -5.56161477776903545589e+00
  -5.67808018196452302107e+00
  -5.79476934127514642370e+00
  -5.91169107061959842042e+00
  -6.02885564823365083242e+00
  -6.14627478193065890366e+00
  -6.26396157978139545008e+00
  -6.38193052515617864628e+00
  -6.50019745607767340800e+00
  -6.61877954884222052812e+00
  -6.73769530587592768711e+00
  -6.85696454780269171181e+00
  -6.97660840971345308503e+00
  -7.09664934163869531858e+00
  -7.21711111323986020949e+00
  -7.33801882275161521108e+00
  -7.45939891022200374238e+00
  -7.58127917511628623970e+00
  -7.70368879836832665120e+00
  -7.82665836898372546671e+00
  -7.95021991532188554430e+00
  -8.07440694120507806986e+00
  -8.19925446703112648095e+00
  -8.32479907609077507402e+00
  -8.45107896632262090009e+00
  -8.57813400776879575460e+00
  -8.70600580603146667613e+00
  -8.83473777206750199298e+00
  -8.96437519870022292423e+00
  -9.09496534427510283649e+00
  -9.22655752393458072902e+00
  -9.35920320904621227953e+00
  -9.49295613537731242104e+00
  -9.62787242068158377606e+00
  -9.76401069243760844074e+00
  -9.90143222656543642302e+00
  -1.00402010980450189237e+01
  -1.01803843444647679206e+01
  -1.03220521436523746672e+01
  -1.04652780066738877451e+01
  -1.06101389876423226610e+01
  -1.07567159119499482500e+01
  -1.09050936247351515362e+01
  -1.10553612616217193931e+01
  -1.12076125440197742478e+01
  -1.13619461015734923848e+01
  -1.15184658246721518537e+01
  -1.16772812503264056261e+01
  -1.18385079851531411776e+01
  -1.20022681697219333330e+01
  -1.21686909891057677413e+01
  -1.23379132351644642540e+01
  -1.25100799268847246992e+01
  -1.26853449960325264101e+01
  -1.28638720464605569305e+01
  -1.30458351966963768120e+01
  -1.32314200169418061392e+01
  -1.34208245734005693350e+01
  -1.36142605949684494249e+01
  -1.38119547798442674491e+01
  -1.40141502626391094566e+01
  -1.42211082661897698642e+01
  -1.44331099666578932528e+01
  -1.46504586058026013973e+01
  -1.48734818907731529691e+01
  -1.51025347296753551518e+01
  -1.53380023608960254222e+01
  -1.55803039462018588779e+01
  -1.58298967126119514148e+01
  -1.60872807467971199458e+01
  -1.63530045693994772193e+01
  -1.66276716466718603726e+01
  -1.69119480351936459783e+01
  -1.72065714048583089379e+01
  -1.75123617495568026925e+01
  -1.78302341792002572163e+01
  -1.81612142981990700719e+01
  -1.85064568245927887347e+01
  -1.88672683056116987643e+01
  -1.92451350613044738225e+01
  -1.96417578702741444374e+01
  -2.00590954491763469036e+01
  -2.04994195451318717005e+01
  -2.09653855744401482752e+01
  -2.14601243888016846029e+01
  -2.19873632375092178393e+01
  -2.25515878347700216011e+01
  -2.31582635248449619780e+01
  -2.38141434543400549728e+01
  -2.45277083618716638114e+01
  -2.53098117942563014537e+01
  -2.61746578732001431433e+01
  -2.71413411811453961775e+01
  -2.82363875513984581289e+01
  -2.94981947398564585683e+01
  -3.09853825606840445062e+01
  -3.27940837054430716080e+01
  -3.50988795336120489310e+01
  -3.82713794595573943980e+01
  -4.33692230019150457565e+01
  -5.75291751097207963994e+01
  -4.76050644669301306067e+01
  -4.02627457112767359604e+01
  -3.63180080795601654131e+01
  -3.35976739988692116867e+01
  -3.15150801214367568548e+01
  -2.98246522672717446767e+01
  -2.83999662483442207872e+01
  -2.71672978781529224079e+01
  -2.60798766139529938357e+01
  -2.51061641027307516083e+01
  -2.42238841665305848494e+01
  -2.34167183705774917257e+01
  -2.26723553389516716550e+01
  -2.19812784130300187257e+01
  -2.13359797683169318816e+01
  -2.07304327475054606111e+01
  -2.01597268482603340090e+01
  -1.96198086778514984019e+01
  -1.91072939762141409403e+01
  -1.86193285228659952679e+01
  -1.81534834243429230582e+01
  -1.77076750632658779239e+01
  -1.72801030516936044990e+01
  -1.68692015380693014492e+01
  -1.64736005609076201495e+01
  -1.60920950599635368405e+01
  -1.57236197932838823732e+01
  -1.53672288588273726617e+01
  -1.50220788420027311361e+01
  -1.46874148448187504812e+01
  -1.43625588246642834633e+01
  -1.40468997989216397571e+01
  -1.37398855679760352189e+01
  -1.34410156823574808982e+01
  -1.31498354358128963781e+01
</dep>
<dep S11_dB frequency>
  -7.63200481283697129697e+00
  -7.27917571691249687404e+00
  -6.94828788107507300253e+00
  -6.63745696614842817240e+00
  -6.34502439999943312898e+00
  -6.06952123610666482989e+00
  -5.80963913996902903136e+00
  -5.56420687676389391640e+00
  -5.33217108908548631518e+00
  -5.11258045233013191933e+00
  -4.90457251297873497720e+00
  -4.70736267553741161151e+00
  -4.52023492359637213411e+00
  -4.34253395064247360580e+00
  -4.17365844481996006721e+00
  -4.01305532444957613336e+00
  -3.86021476179408518092e+00
  -3.71466586425369005298e+00
  -3.57597290705716819303e+00
  -3.44373203115683423903e+00
  -3.31756833564773234713e+00
  -3.19713330651455951426e+00
  -3.08210253353544283428e+00
  -2.97217367527387077430e+00
  -2.86706463866814598163e+00
  -2.76651194509036901792e+00
  -2.67026925914366852766e+00
  -2.57810606008152243263e+00
  -2.48980643872631590696e+00
  -2.40516800524157936536e+00
  -2.32400089518446284487e+00
  -2.24612686299257102718e+00
  -2.17137845351583225195e+00
  -2.09959824342926193452e+00
  -2.03063814540187204116e+00
  -1.96435876878033344184e+00
  -1.90062883129844628627e+00
  -1.83932461697232629838e+00
  -1.78032947589223589091e+00
  -1.72353336210578911292e+00
  -1.66883240619948480798e+00
  -1.61612851954846337144e+00
  -1.56532902751875280245e+00
  -1.51634632918271572422e+00
  -1.46909758135066925711e+00
  -1.42350440493523433538e+00
  -1.37949261185472060731e+00
  -1.33699195084819977275e+00
  -1.29593587072531302162e+00
  -1.25626129970594924146e+00
  -1.21790843962427097757e+00
  -1.18082057387810701599e+00
  -1.14494388810032798887e+00
  -1.11022730261556912268e+00
  -1.07662231582319489753e+00
  -1.04408285771791820018e+00
  -1.01256515282349046636e+00
  -9.82027591872967620112e-01
  -9.52430611620975753340e-01
  -9.23736582222806523745e-01
  -8.95909701657368051642e-01
  -8.68915896712396884638e-01
  -8.42722730085970317404e-01
  -8.17299313192328402700e-01
  -7.92616224290541016018e-01
  -7.68645431582844373963e-01
  -7.45360220955267882559e-01
  -7.22735128056969600152e-01
  -7.00745874436777160810e-01
  -6.79369307475337302904e-01
  -6.58583343870221327165e-01
  -6.38366916448144694485e-01
  -6.18699924094626596549e-01
  -5.99563184605858223719e-01
  -5.80938390281287242445e-01
  -5.62808066087645331166e-01
  -5.45155530237130925286e-01
  -5.27964857032896528466e-01
  -5.11220841845174467366e-01
  -4.94908968090372658466e-01
  -4.79015376094366007731e-01
  -4.63526833728841625160e-01
  -4.48430708717100667826e-01
  -4.33714942512722967383e-01
  -4.19368025660526000387e-01
  -4.05378974555594684404e-01
  -3.91737309521434318160e-01
  -3.78433034133452195213e-01
  -3.65456615718972366302e-01
  -3.52798966969152305584e-01
  -3.40451428602628003439e-01
  -3.28405753024382018879e-01
  -3.16654088927097399075e-01
  -3.05188966785575499507e-01
  -2.94003285197924291161e-01
  -2.83090298030212239588e-01
  -2.72443602324195288666e-01
  -2.62057126929898742684e-01
  -2.51925121827729858737e-01
  -2.42042148106696858312e-01
  -2.32403068567519049958e-01
  -2.23003038921581492326e-01
  -2.13837499558144128464e-01
  -2.04902167854355832244e-01
  -1.96193031003900786313e-01
  -1.87706339341924238751e-01
  -1.79438600145077314929e-01
  -1.71386571886925048736e-01
  -1.63547258930275385413e-01
  -1.55917906639101072619e-01
  -1.48495996893671405870e-01
  -1.41279243993991693307e-01
  -1.34265590936896328511e-01
  -1.27453206053822432064e-01
  -1.20840479996420002706e-01
  -1.14426023058465262117e-01
  -1.08208662822912707324e-01
  -1.02187442123946203854e-01
  -9.63616173139376364087e-02
  -9.07306568266121049593e-02
  -8.52942400275446543922e-02
  -8.00522563438215012388e-02
  -7.50048046655495265211e-02
  -7.01521930114977626536e-02
  -6.54949384523829392091e-02
  -6.10337672850224596810e-02
  -5.67696154511645387220e-02
  -5.27036291950518376304e-02
  -4.88371659538167843251e-02
  -4.51717954752052161527e-02
  -4.17093011572300040313e-02
  -3.84516816041999553999e-02
  -3.54011523940781017150e-02
  -3.25601480519028332883e-02
  -2.99313242238600854539e-02
  -2.75175600469552313065e-02
  -2.53219607088604886647e-02
  -2.33478601923102213611e-02
  -2.15988241986790653615e-02
  -2.00786532447712329219e-02
  -1.87913859266688465510e-02
  -1.77413023444672572626e-02
  -1.69329276811095892630e-02
  -1.63710359282465515995e-02
  -1.60606537517140740556e-02
  -1.60070644886073989999e-02
  -1.62158122675424842818e-02
  -1.66927062431417305710e-02
  -1.74438249348114506054e-02
  -1.84755206599909529985e-02
  -1.97944240502740224918e-02
  -2.14074486390738658037e-02
  -2.33217955078781277733e-02
  -2.55449579776877849779e-02
  -2.80847263311880535053e-02
  -3.09491925501610663785e-02
  -3.41467550515913917386e-02
  -3.76861234049626625531e-02
  -4.15763230117960277954e-02
  -4.58266997277529189447e-02
  -5.04469244055919807668e-02
  -5.54469973370132276913e-02
  -6.08372525688942039634e-02
  -6.66283620692121880680e-02
  -7.28313397153981939569e-02
  -7.94575450773700175944e-02
  -8.65186869652839474210e-02
  -9.40268267110479505355e-02
  -1.01994381150664406577e-01
  -1.10434125273557837144e-01
  -1.19359194502648577330e-01
  -1.28783086568617033407e-01
  -1.38719662938975640820e-01
  -1.49183149762478817202e-01
  -1.60188138287008730032e-01
  -1.71749584708303537628e-01
  -1.83882809405743252729e-01
  -1.96603495519950127735e-01
  -2.09927686826362036587e-01
  -2.23871784857950256731e-01
  -2.38452545229768803070e-01
</dep>
<dep Zin_ohm frequency>
  +1.70273966526591493675e+03
  +1.65215748371768950165e+03
  +1.60252608197705126258e+03
  +1.55391763967992665130e+03
  +1.50638365565022536430e+03
  +1.45995819070469656253e+03
  +1.41466075788202738295e+03
  +1.37049886379960184968e+03
  +1.32747021788461347569e+03
  +1.28556463412160019288e+03
  +1.24476565407886710091e+03
  +1.20505192142426540158e+03
  +1.16639833778948514009e+03
  +1.12877702834472916038e+03
  +1.09215814327806742767e+03
  +1.05651051888059896555e+03
  +1.02180221934728353972e+03
  +9.88000977865784307141e+02
  +9.55074553179803729108e+02
  +9.22991015625233785613e+02
  +8.91718974675658273554e+02
  +8.61227758302457687023e+02
  +8.31487552946498226447e+02
  +8.02469511601864496697e+02
  +7.74145836410103242997e+02
  +7.46489841238777671606e+02
  +7.19475998954099623006e+02
  +6.93079977479347348890e+02
  +6.67278668246748225101e+02
  +6.42050210289275810283e+02
  +6.17374012977524216694e+02
  +5.93230780280813178251e+02
  +5.69602539426227281183e+02
  +5.46472676951659195765e+02
  +5.23825985415616059981e+02
  +5.01648724460981100037e+02
  +4.79928700567081875761e+02
  +4.58655370713594209064e+02
  +4.37819976384528331437e+02
  +4.17415715952188975280e+02
  +3.97437965611080585404e+02
  +3.77884561830235668367e+02
  +3.58756161940451477221e+02
  +3.40056704184795933088e+02
  +3.21793994559645341269e+02
  +3.03980455235794636337e+02
  +2.86634078268630901221e+02
  +2.69779638206288439051e+02
  +2.53450226559234181423e+02
  +2.37689176212287605949e+02
  +2.22552436856183476266e+02
  +2.08111427895980568792e+02
  +1.94456304928746561700e+02
  +1.81699383653644048309e+02
  +1.69978107263072445221e+02
  +1.59456362080565128281e+02
  +1.50322170455311521664e+02
  +1.42779109819223066324e+02
  +1.37028984629584556387e+02
  +1.33245455253147753183e+02
  +1.31543016647646027195e+02
  +1.31950989316024106301e+02
  +1.34403441674584115617e+02
  +1.38750052434853500927e+02
  +1.44783105566053251323e+02
  +1.52269572217676824266e+02
  +1.60978272929517515877e+02
  +1.70697493767494961503e+02
  +1.81243368150042726938e+02
  +1.92461670351159852999e+02
  +2.04225861705536232193e+02
  +2.16433493885342102203e+02
  +2.29002232406778460927e+02
  +2.41866135720593433689e+02
  +2.54972442205185785724e+02
  +2.68278914764502587786e+02
  +2.81751700139409535950e+02
  +2.95363626864438231223e+02
  +3.09092861456809828269e+02
  +3.22921850268381831484e+02
  +3.36836486139679152529e+02
  +3.50825450774359524075e+02
  +3.64879694112095762648e+02
  +3.78992020522305381292e+02
  +3.93156758447050322047e+02
  +4.07369495436996942317e+02
  +4.21626864630120962829e+02
  +4.35926371876504447300e+02
  +4.50266255129410183145e+02
  +4.64645369574988706063e+02
  +4.79063093395090334070e+02
  +4.93519250152085135142e+02
  +5.08014044630085436438e+02
  +5.22548009622473500713e+02
  +5.37121961666096808585e+02
  +5.51736964121710684594e+02
  +5.66394296313960467160e+02
  +5.81095427691719237373e+02
  +5.95841996165927412221e+02
  +6.10635789938376319697e+02
  +6.25478732260026731637e+02
  +6.40372868657890990107e+02
  +6.55320356250669874498e+02
  +6.70323454839071473543e+02
  +6.85384519510243876539e+02
  +7.00505994539427547352e+02
  +7.15690408407877839636e+02
  +7.30940369785549705739e+02
  +7.46258564351530253589e+02
  +7.61647752345385583794e+02
  +7.77110766759518014624e+02
  +7.92650512096706052034e+02
  +8.08269963628802315725e+02
  +8.23972167102571120267e+02
  +8.39760238847011919461e+02
  +8.55637366243673227473e+02
  +8.71606808527562975542e+02
  +8.87671897891368303135e+02
  +9.03836040870269584957e+02
  +9.20102719988373792148e+02
  +9.36475495651165488198e+02
  +9.52958008271274934486e+02
  +9.69553980617336605974e+02
  +9.86267220378024717320e+02
  +1.00310162293521955235e+03
  +1.02006117434210761985e+03
  +1.03714995450350124884e+03
  +1.05437214055719414318e+03
  +1.07173201045630798944e+03
  +1.08923394675397003084e+03
  +1.10688244059256635410e+03
  +1.12468209590102765105e+03
  +1.14263763380442924245e+03
  +1.16075389725122386153e+03
  +1.17903585586426788723e+03
  +1.19748861102267255774e+03
  +1.21611740118242005337e+03
  +1.23492760744442148280e+03
  +1.25392475937963354227e+03
  +1.27311454112167734820e+03
  +1.29250279773816487250e+03
  +1.31209554189291634430e+03
  +1.33189896081208280521e+03
  +1.35191942356805748204e+03
  +1.37216348869605053551e+03
  +1.39263791215913352062e+03
  +1.41334965567852350432e+03
  +1.43430589544696113080e+03
  +1.45551403124408739131e+03
  +1.47698169597378569051e+03
  +1.49871676564471567872e+03
  +1.52072736981638922771e+03
  +1.54302190253444086920e+03
  +1.56560903378003672515e+03
  +1.58849772145979022753e+03
  +1.61169722396390079666e+03
  +1.63521711332178665543e+03
  +1.65906728898602409572e+03
  +1.68325799227693369176e+03
  +1.70779982152200500423e+03
  +1.73270374792581128531e+03
  +1.75798113220810091661e+03
  +1.78364374204945397651e+03
  +1.80970377038572178208e+03
  +1.83617385459455749697e+03
  +1.86306709661910394971e+03
  +1.89039708407596799589e+03
  +1.91817791239656162361e+03
  +1.94642420805281244611e+03
  +1.97515115292016253079e+03
  +2.00437450983261419424e+03
  +2.03411064938626395815e+03
  +2.06437657804942637085e+03
  +2.09518996763876202749e+03
  +2.12656918622195598800e+03
  +2.15853333050826722683e+03
  +2.19110225978875132569e+03
  +2.22429663148747613377e+03
  +2.25813793838472292919e+03
  +2.29264854757100602001e+03
  +2.32785174118858185466e+03
</dep>
<dep Zin_norm frequency>
  +3.40547933053182987351e+01
  +3.30431496743537920224e+01
  +3.20505216395410243990e+01
  +3.10783527935985333102e+01
  +3.01276731130045085649e+01
  +2.91991638140939322454e+01
  +2.82932151576405459537e+01
  +2.74099772759920377041e+01
  +2.65494043576922678085e+01
  +2.57112926824320027208e+01
  +2.48953130815773420181e+01
  +2.41010384284853103054e+01
  +2.33279667557897028018e+01
  +2.25755405668945847708e+01
  +2.18431628655613465639e+01
  +2.11302103776119807321e+01
  +2.04360443869456709365e+01
  +1.97600195573156867113e+01
  +1.91014910635960752927e+01
  +1.84598203125046751438e+01
  +1.78343794935131647605e+01
  +1.72245551660491535984e+01
  +1.66297510589299655237e+01
  +1.60493902320372896497e+01
  +1.54829167282020652152e+01
  +1.49297968247755523663e+01
  +1.43895199790819923180e+01
  +1.38615995495869466225e+01
  +1.33455733649349639336e+01
  +1.28410042057855164899e+01
  +1.23474802595504851155e+01
  +1.18646156056162634940e+01
  +1.13920507885245445578e+01
  +1.09294535390331848390e+01
  +1.04765197083123204891e+01
  +1.00329744892196224271e+01
  +9.59857401134163801260e+00
  +9.17310741427188425234e+00
  +8.75639952769056684190e+00
  +8.34831431904378007403e+00
  +7.94875931222161202783e+00
  +7.55769123660471375814e+00
  +7.17512323880902957995e+00
  +6.80113408369591887492e+00
  +6.43587989119290693196e+00
  +6.07960910471589244253e+00
  +5.73268156537261752703e+00
  +5.39559276412576860338e+00
  +5.06900453118468341529e+00
  +4.75378352424575201240e+00
  +4.45104873712366977401e+00
  +4.16222855791961166005e+00
  +3.88912609857493141163e+00
  +3.63398767307288084183e+00
  +3.39956214526144862020e+00
  +3.18912724161130256562e+00
  +3.00644340910623064644e+00
  +2.85558219638446120214e+00
  +2.74057969259169098564e+00
  +2.66490910506295497484e+00
  +2.63086033295292054390e+00
  +2.63901978632048184181e+00
  +2.68806883349168224129e+00
  +2.77500104869706998301e+00
  +2.89566211132106499093e+00
  +3.04539144435353659190e+00
  +3.21956545859035037083e+00
  +3.41394987534989935440e+00
  +3.62486736300085432561e+00
  +3.84923340702319727313e+00
  +4.08451723411072453729e+00
  +4.32866987770684197301e+00
  +4.58004464813556921854e+00
  +4.83732271441186867378e+00
  +5.09944884410371557237e+00
  +5.36557829529005125835e+00
  +5.63503400278819110980e+00
  +5.90727253728876444683e+00
  +6.18185722913619706276e+00
  +6.45843700536763609676e+00
  +6.73672972279358273084e+00
  +7.01650901548719030387e+00
  +7.29759388224191507533e+00
  +7.57984041044610723503e+00
  +7.86313516894100672516e+00
  +8.14738990873993884634e+00
  +8.43253729260241868815e+00
  +8.71852743753008851968e+00
  +9.00532510258820373394e+00
  +9.29290739149977440547e+00
  +9.58126186790180689457e+00
  +9.87038500304170263178e+00
  +1.01602808926017083024e+01
  +1.04509601924494699432e+01
  +1.07424392333219369533e+01
  +1.10347392824342129813e+01
  +1.13278859262792082063e+01
  +1.16219085538343840369e+01
  +1.19168399233185482444e+01
  +1.22127157987675261097e+01
  +1.25095746452005354143e+01
  +1.28074573731578205127e+01
  +1.31064071250133977742e+01
  +1.34064690967814303946e+01
  +1.37076903902048776729e+01
  +1.40101198907885500233e+01
  +1.43138081681575570769e+01
  +1.46188073957109931911e+01
  +1.49251712870306061376e+01
  +1.52329550469077119601e+01
  +1.55422153351903613583e+01
  +1.58530102419341201170e+01
  +1.61653992725760460303e+01
  +1.64794433420514216948e+01
  +1.67952047769402383892e+01
  +1.71127473248734638389e+01
  +1.74321361705512600793e+01
  +1.77534379578273657785e+01
  +1.80767208174053912728e+01
  +1.84020543997674757009e+01
  +1.87295099130233104745e+01
  +1.90591601654254994003e+01
  +1.93910796123467328300e+01
  +1.97253444075604953412e+01
  +2.00620324587043903364e+01
  +2.04012234868421522549e+01
  +2.07429990900700254031e+01
  +2.10874428111438838584e+01
  +2.14346402091261616363e+01
  +2.17846789350793983431e+01
  +2.21376488118513279346e+01
  +2.24936419180205540158e+01
  +2.28527526760885848489e+01
  +2.32150779450244755253e+01
  +2.35807171172853564656e+01
  +2.39497722204534504442e+01
  +2.43223480236484022043e+01
  +2.46985521488884316454e+01
  +2.50784951875926722664e+01
  +2.54622908224335482430e+01
  +2.58500559547632988711e+01
  +2.62419108378583274543e+01
  +2.66379792162416570989e+01
  +2.70383884713611486461e+01
  +2.74432697739210098575e+01
  +2.78527582431826701281e+01
  +2.82669931135704679548e+01
  +2.86861179089392237529e+01
  +2.91102806248817458368e+01
  +2.95396339194757118207e+01
  +2.99743353128943148533e+01
  +3.04145473963277837015e+01
  +3.08604380506888169577e+01
  +3.13121806756007323713e+01
  +3.17699544291958062558e+01
  +3.22339444792780156490e+01
  +3.27043422664357308349e+01
  +3.31813457797204804933e+01
  +3.36651598455386746878e+01
  +3.41559964304400978108e+01
  +3.46540749585162259905e+01
  +3.51596226441620203218e+01
  +3.56728748409890812354e+01
  +3.61940754077144362100e+01
  +3.67234770918911479498e+01
  +3.72613419323820806994e+01
  +3.78079416815193596335e+01
  +3.83635582479312304827e+01
  +3.89284841610562466485e+01
  +3.95030230584032509000e+01
  +4.00874901966522827479e+01
  +4.06822129877252791630e+01
  +4.12875315609885262802e+01
  +4.19037993527752448131e+01
  +4.25313837244391166337e+01
  +4.31706666101653482315e+01
  +4.38220451957750256611e+01
  +4.44859326297495201175e+01
  +4.51627587676944557415e+01
  +4.58529709514201186948e+01
  +4.65570348237716373774e+01
</dep>
<dep S[2,2] frequency>
  -2.14698052653409771073e-01-j3.55540271618847547597e-01
  -2.32696317494646115476e-01-j3.64631521456934892811e-01
  -2.50924385218379397688e-01-j3.72764235147076350430e-01
  -2.69324770857782669342e-01-j3.79949399909699392364e-01
  -2.87842809968999191472e-01-j3.86201543013980908015e-01
  -3.06426826308057786985e-01-j3.91538330532206491075e-01
  -3.25028250208935665100e-01-j3.95980172141399355823e-01
  -3.43601691663812991440e-01-j3.99549837163705234833e-01
  -3.62104972453889450978e-01-j4.02272086122306249401e-01
  -3.80499121868350331788e-01-j4.04173321207862479287e-01
  -3.98748340598191142181e-01-j4.05281258222166651528e-01
  -4.16819937326375178355e-01-j4.05624621807102569981e-01
  -4.34684242375419915838e-01-j4.05232865086840143842e-01
  -4.52314502539955975990e-01-j4.04135914255690231744e-01
  -4.69686760946005033013e-01-j4.02363938134483456466e-01
  -4.86779725455388667665e-01-j3.99947142292269630648e-01
  -5.03574628790593337158e-01-j3.96915586984883383970e-01
  -5.20055083204418622245e-01-j3.93299027890026242638e-01
  -5.36206932169194683269e-01-j3.89126778414467855427e-01
  -5.52018101222629731240e-01-j3.84427592204185097913e-01
  -5.67478449785935312732e-01-j3.79229564395386464781e-01
  -5.82579625469823558781e-01-j3.73560050095822049343e-01
  -5.97314922108476920037e-01-j3.67445598573712561841e-01
  -6.11679142511779128100e-01-j3.60911901649828226191e-01
  -6.25668466702664072265e-01-j3.53983754829916508200e-01
  -6.39280326209358484846e-01-j3.46685029774828845639e-01
  -6.52513284810435800765e-01-j3.39038656778916924761e-01
  -6.65366925982827539521e-01-j3.31066616009916325769e-01
  -6.77841747176920361717e-01-j3.22789936351896344924e-01
  -6.89939060938237425091e-01-j3.14228700783800884988e-01
  -7.01660902808090791716e-01-j3.05402057317905928358e-01
  -7.13009945865566541201e-01-j2.96328234612570629025e-01
  -7.23989421717682213320e-01-j2.87024561461244609450e-01
  -7.34603047701656852730e-01-j2.77507489443126920126e-01
  -7.44854960031451795999e-01-j2.67792618099946089227e-01
  -7.54749652598407538839e-01-j2.57894722077184168629e-01
  -7.64291921121485473556e-01-j2.47827779736477543659e-01
  -7.73486812334576945283e-01-j2.37605002809194110203e-01
  -7.82339577896624338571e-01-j2.27238866718417337198e-01
  -7.90855632712006761942e-01-j2.16741141249135182978e-01
  -7.99040517354748014434e-01-j2.06122921293368011053e-01
  -8.06899864298547764285e-01-j1.95394657439294766599e-01
  -8.14439367665447555567e-01-j1.84566186211087085445e-01
  -8.21664756218015379652e-01-j1.73646759799649941236e-01
  -8.28581769333432083258e-01-j1.62645075153941220947e-01
  -8.35196135711819165337e-01-j1.51569302328434685201e-01
  -8.41513554585510137329e-01-j1.40427112004925302990e-01
  -8.47539679210451590841e-01-j1.29225702126548214199e-01
  -8.53280102435297727048e-01-j1.17971823598795100274e-01
  -8.58740344157816304360e-01-j1.06671805026952185025e-01
  -8.63925840491875707272e-01-j9.53315764717524577465e-02
  -8.68841934481458189055e-01-j8.39566922156187861459e-02
  -8.73493868210702184562e-01-j7.25523525406575331420e-02
  -8.77886776170967331190e-01-j6.11234245270207074419e-02
  -8.82025679757125979918e-01-j4.96744618862231951395e-02
  -8.85915482776062801484e-01-j3.82097238490193072402e-02
  -8.89560967860175466626e-01-j2.67331931313623469282e-02
  -8.92966793688106941218e-01-j1.52485930050818355164e-02
  -8.96137492923557821278e-01-j3.75940350225001385098e-03
  -8.99077470791018518170e-01+j7.73112321596916389488e-03
  -9.01791004214835933972e-01+j1.92199482941037176620e-02
  -9.04282241454772206524e-01+j3.07042323880578477135e-02
  -9.06555202177640961914e-01+j4.21813226086537665371e-02
  -9.08613777910397879545e-01+j5.36487401699259000565e-02
  -9.10461732825410097192e-01+j6.51041687092708543094e-02
  -9.12102704813550047014e-01+j7.65454432470085432971e-02
  -9.13540206805215415642e-01+j8.79705397534873284604e-02
  -9.14777628303501733065e-01+j9.93775652926672664611e-02
  -9.15818237097466458785e-01+j1.10764748711921032220e-01
  -9.16665181126838146675e-01+j1.22130431848779447135e-01
  -9.17321490472613132461e-01+j1.33473061226305450555e-01
  -9.17790079450808593542e-01+j1.44791180209881326091e-01
  -9.18073748789173471607e-01+j1.56083421599232829990e-01
  -9.18175187868996656171e-01+j1.67348500630580682147e-01
  -9.18096977016228055213e-01+j1.78585208364954950433e-01
  -9.17841589828040871346e-01+j1.89792405439721506566e-01
  -9.17411395522679362635e-01+j2.00969016161507418872e-01
  -9.16808661301973804036e-01+j2.12114022919655892396e-01
  -9.16035554717311240047e-01+j2.23226460900481121774e-01
  -9.15094146031116384421e-01+j2.34305413083496338889e-01
  -9.13986410567030227448e-01+j2.45350005501739659719e-01
  -9.12714231042983215048e-01+j2.56359402749349318817e-01
  -9.11279399882315988002e-01+j2.67332803720290113070e-01
  -9.09683621498882932777e-01+j2.78269437563089916399e-01
  -9.07928514552867937937e-01+j2.89168559837210514818e-01
  -9.06015614174663141966e-01+j3.00029448857486391589e-01
  -9.03946374154795728728e-01+j3.10851402213776717431e-01
  -9.01722169098425840872e-01+j3.21633733453697057136e-01
  -8.99344296543395205212e-01+j3.32375768917014868808e-01
  -8.96813979041271691628e-01+j3.43076844710846540210e-01
  -8.94132366201218831137e-01+j3.53736303815490482627e-01
  -8.91300536696851608554e-01+j3.64353493311243115116e-01
  -8.88319500236589010278e-01+j3.74927761717131713404e-01
  -8.85190199498257945798e-01+j3.85458456432999863051e-01
  -8.81913512029000257186e-01+j3.95944921276880079652e-01
  -8.78490252111738256779e-01+j4.06386494110047624684e-01
  -8.74921172599673280246e-01+j4.16782504542583920326e-01
  -8.71206966720474373922e-01+j4.27132271712739375324e-01
  -8.67348269852010522740e-01+j4.37435102133714670547e-01
  -8.63345661271609721155e-01+j4.47690287601905101411e-01
  -8.59199665880988949773e-01+j4.57897103161022556161e-01
  -8.54910755909131458985e-01+j4.68054805116784544694e-01
  -8.50479352595521431724e-01+j4.78162629097260982736e-01
  -8.45905827856238690110e-01+j4.88219788154226064236e-01
  -8.41190505935554222461e-01+j4.98225470901191125339e-01
  -8.36333665045758234413e-01+j5.08178839684053196279e-01
  -8.31335538998045575632e-01+j5.18079028780587091951e-01
  -8.26196318827399300844e-01+j5.27925142625257137752e-01
  -8.20916154414478071999e-01+j5.37716254056097353597e-01
  -8.15495156107633123455e-01+j5.47451402580629964412e-01
  -8.09933396348258338726e-01+j5.57129592658049732634e-01
  -8.04230911302730278045e-01+j5.66749791995144303058e-01
  -7.98387702504363416800e-01+j5.76310929853623865604e-01
  -7.92403738508796640083e-01+j5.85811895366785018169e-01
  -7.86278956566383913085e-01+j5.95251535863655756309e-01
  -7.80013264315222332179e-01+j6.04628655198971798335e-01
  -7.73606541498520150490e-01+j6.13942012087605237802e-01
  -7.67058641710140265424e-01+j6.23190318442215729355e-01
  -7.60369394172193846515e-01+j6.32372237713220819444e-01
  -7.53538605548675133328e-01+j6.41486383230318257809e-01
  -7.46566061799206481808e-01+j6.50531316545084670189e-01
  -7.39451530077058549750e-01+j6.59505545774414447813e-01
  -7.32194760675679012785e-01+j6.68407523944751225109e-01
  -7.24795489028069672699e-01+j6.77235647337422030922e-01
  -7.17253437763436751951e-01+j6.85988253835514760759e-01
  -7.09568318825593569166e-01+j6.94663621273144293866e-01
  -7.01739835657728905360e-01+j7.03259965788112784146e-01
  -6.93767685458156813105e-01+j7.11775440179370444405e-01
  -6.85651561511838369967e-01+j7.20208132270879874959e-01
  -6.77391155602422578852e-01+j7.28556063283920751772e-01
  -6.68986160509714933298e-01+j7.36817186220077191550e-01
  -6.60436272597468621015e-01+j7.44989384257629394526e-01
  -6.51741194496493703170e-01+j7.53070469164316746991e-01
  -6.42900637888064729886e-01+j7.61058179729891204346e-01
  -6.33914326392696181323e-01+j7.68950180222267243302e-01
  -6.24781998569314600545e-01+j7.76744058871457365711e-01
  -6.15503411029876379423e-01+j7.84437326385958977326e-01
  -6.06078341674497034219e-01+j7.92027414506690230489e-01
  -5.96506593052049449710e-01+j7.99511674604054145554e-01
  -5.86787995851200783193e-01+j8.06887376324205596312e-01
  -5.76922412526748251693e-01+j8.14151706291118992809e-01
  -5.66909741066006001020e-01+j8.21301766871585514629e-01
  -5.56749918899870133160e-01+j8.28334575010838070064e-01
  -5.46442926963011554875e-01+j8.35247061147073255327e-01
  -5.35988793907463012545e-01+j8.42036068213762756152e-01
  -5.25387600473606219964e-01+j8.48698350739243934093e-01
  -5.14639484022302973187e-01+j8.55230574053747694130e-01
  -5.03744643231563093977e-01+j8.61629313614653891129e-01
  -4.92703342960793100325e-01+j8.67891054461502609030e-01
  -4.81515919285219695656e-01+j8.74012190812882394653e-01
  -4.70182784702602107885e-01+j8.79989025818154857461e-01
  -4.58704433513798359723e-01+j8.85817771477565463201e-01
  -4.47081447378127883052e-01+j8.91494548745119130828e-01
  -4.35314501043803703251e-01+j8.97015387829268706632e-01
  -4.23404368252919716120e-01+j9.02376228707217120650e-01
  -4.11351927819660179164e-01+j9.07572921869361448621e-01
  -3.99158169879464452823e-01+j9.12601229311124639842e-01
  -3.86824202305845854521e-01+j9.17456825790115670927e-01
  -3.74351257290524985777e-01+j9.22135300367246779629e-01
  -3.61740698081177980416e-01+j9.26632158251082360678e-01
  -3.48994025870034807468e-01+j9.30942822965318828032e-01
  -3.36112886824884105064e-01+j9.35062638859827655047e-01
  -3.23099079252723853095e-01+j9.38986873986274228621e-01
  -3.09954560884583119051e-01+j9.42710723359665880849e-01
  -2.96681456268279686306e-01+j9.46229312627665075652e-01
  -2.83282064254079313237e-01+j9.49537702169680697395e-01
  -2.69758865556218030424e-01+j9.52630891647989641591e-01
  -2.56114530371175930235e-01+j9.55503825033136688916e-01
  -2.42351926031383779758e-01+j9.58151396125860199682e-01
  -2.28474124670776823631e-01+j9.60568454597453991184e-01
  -2.14484410876171899263e-01+j9.62749812570205532047e-01
  -2.00386289295965303037e-01+j9.64690251758850148001e-01
  -1.86183492175060888441e-01+j9.66384531193331342003e-01
  -1.71879986782246113597e-01+j9.67827395542038781961e-01
  -1.57479982693551956441e-01+j9.69013584053568854948e-01
  -1.42987938892323807050e-01+j9.69937840133504924900e-01
  -1.28408570643876368544e-01+j9.70594921570967716917e-01
  -1.13746856099900275905e-01+j9.70979611427667310686e-01
  -9.90080425847989220589e-02+j9.71086729599782039202e-01
  -8.41976525135401387967e-02+j9.70911145060349811686e-01
  -6.93214888877177332072e-02+j9.70447788786820031426e-01
</dep>
<dep S[2,1] frequency>
  +7.78425308523162828855e-01-j4.69735060917391866742e-01
  +7.59744494858458407904e-01-j4.84522493867319381522e-01
  +7.40801062679184108006e-01-j4.98349424308621891111e-01
  +7.21652463134153432378e-01-j5.11226742710731207886e-01
  +7.02353326768657026946e-01-j5.23168878899925804404e-01
  +6.82955295712773802208e-01-j5.34193400808478102704e-01
  +6.63506905193482876548e-01-j5.44320619268907068822e-01
  +6.44053510364312686853e-01-j5.53573204045212485802e-01
  +6.24637254100181449346e-01-j5.61975815378088272567e-01
  +6.05297071216796211957e-01-j5.69554754439322907800e-01
  +5.86068724525523498947e-01-j5.76337635262247016676e-01
  +5.66984868200389957593e-01-j5.82353079956465791156e-01
  +5.48075134094673566132e-01-j5.87630438334930227384e-01
  +5.29366236878330620463e-01-j5.92199532485867541354e-01
  +5.10882094153616406196e-01-j5.96090426312505416995e-01
  +4.92643958029681139354e-01-j5.99333219637476544150e-01
  +4.74670554980235304132e-01-j6.01957866123507545630e-01
  +4.56978231159424319596e-01-j6.03994013990085121257e-01
  +4.39581100700724203278e-01-j6.05470868301753006868e-01
  +4.22491194861442709296e-01-j6.06417073458897504246e-01
  +4.05718610196905582477e-01-j6.06860614429002631631e-01
  +3.89271654248470266868e-01-j6.06828735207804448315e-01
  +3.73156987505092518909e-01-j6.06347872987695102331e-01
  +3.57379760647973609977e-01-j6.05443606528952127377e-01
  +3.41943746311279772598e-01-j6.04140617270986224341e-01
  +3.26851464789069068306e-01-j6.02462661780984398696e-01
  +3.12104303290367313117e-01-j6.00432554210548641294e-01
  +2.97702628492179599551e-01-j5.98072157513537927542e-01
  +2.83645892266247756641e-01-j5.95402382266714380599e-01
  +2.69932730559951705729e-01-j5.92443192025744691520e-01
  +2.56561055498961576582e-01-j5.89213614240860383831e-01
  +2.43528140849189722594e-01-j5.85731755846591983783e-01
  +2.30830701031194435169e-01-j5.82014822727526470736e-01
  +2.18464963923042626570e-01-j5.78079142345510277323e-01
  +2.06426737719451330877e-01-j5.73940188892755553951e-01
  +1.94711472137355762202e-01-j5.69612610409182762439e-01
  +1.83314314272376044368e-01-j5.65110257370749824446e-01
  +1.72230159418694378504e-01-j5.60446212318751912917e-01
  +1.61453697166599019486e-01-j5.55632820157349383017e-01
  +1.50979453090208631805e-01-j5.50681718799099106931e-01
  +1.40801826331826085426e-01-j5.45603869885258996320e-01
  +1.30915123380899417471e-01-j5.40409589349898689115e-01
  +1.21313588334784949740e-01-j5.35108577634545001800e-01
  +1.11991429916404580669e-01-j5.29709949393561085884e-01
  +1.02942845510429092926e-01-j5.24222262559939644611e-01
  +9.41620424656330334834e-02-j5.18653546667062426145e-01
  +8.56432568967150087413e-02-j5.13011330344642191292e-01
  +7.73807702044082834636e-02-j5.07302667926714190294e-01
  +6.93689235183053559686e-02-j5.01534165126469866358e-01
  +6.16021302527822375850e-02-j4.95712003747343921134e-01
  +5.40748869527627878950e-02-j4.89841965412169066951e-01
  +4.67817825928620034670e-02-j4.83929454302764683327e-01
  +3.97175064809256669895e-02-j4.77979518911127776448e-01
  +3.28768549049683889152e-02-j4.71996872810838796752e-01
  +2.62547366512981897313e-02-j4.65985914463279526920e-01
  +1.98461775108809204693e-02-j4.59950746078264249839e-01
  +1.36463238811135416373e-02-j4.53895191552617205399e-01
  +7.65044556081782324564e-03-j4.47822813513316431155e-01
  +1.85393782759245197983e-03-j4.41736929494206675972e-01
  -3.74767712131574958628e-03-j4.35640627277044112375e-01
  -9.15874929100922961778e-03-j4.29536779428785486790e-01
  -1.43835005069817487011e-02-j4.23428057067848584438e-01
  -1.94260244687663105601e-02-j4.17316942892379694197e-01
  -2.42902871845715184751e-02-j4.11205743503651244275e-01
  -2.89801277376176315281e-02-j4.05096601057492011755e-01
  -3.34992593398060478638e-02-j3.98991504276163866383e-01
  -3.78512706328321402172e-02-j3.92892298852607457782e-01
  -4.20396272009473381814e-02-j3.86800697278078475794e-01
  -4.60676732633026816965e-02-j3.80718288123472470286e-01
  -4.99386335172307613273e-02-j3.74646544803590497708e-01
  -5.36556151068844564000e-02-j3.68586833852684092605e-01
  -5.72216096945063271151e-02-j3.62540422738485301757e-01
  -6.06394956141161414753e-02-j3.56508487240910387772e-01
  -6.39120400897445761768e-02-j3.50492118420551057589e-01
  -6.70419015024294462357e-02-j3.44492329200908997677e-01
  -7.00316316920853998429e-02-j3.38510060587353167616e-01
  -7.28836782820841133645e-02-j3.32546187544595972518e-01
  -7.56003870159182717048e-02-j3.26601524553572164500e-01
  -7.81840040967344829248e-02-j3.20676830867452300478e-01
  -8.06366785217702414235e-02-j3.14772815485634682720e-01
  -8.29604644048744926943e-02-j3.08890141863573219894e-01
  -8.51573232813119113116e-02-j3.03029432375317042681e-01
  -8.72291263899738766874e-02-j2.97191272544861551097e-01
  -8.91776569289413623132e-02-j2.91376215061446341981e-01
  -9.10046122810981017448e-02-j2.85584783593199331708e-01
  -9.27116062071588059590e-02-j2.79817476412691390486e-01
  -9.43001710040699825388e-02-j2.74074769847257204702e-01
  -9.57717596272946308789e-02-j2.68357121566244416488e-01
  -9.71277477759673740776e-02-j2.62664973716585037344e-01
  -9.83694359403375767625e-02-j2.56998755917589916109e-01
  -9.94980514113244229879e-02-j2.51358888125114421364e-01
  -1.00514750252338164183e-01-j2.45745783374773929530e-01
  -1.01420619233861405983e-01-j2.40159850413278280756e-01
  -1.02216677731542374130e-01-j2.34601496226455458194e-01
  -1.02903879588829585967e-01-j2.29071128472043639146e-01
  -1.03483114945401993845e-01-j2.23569157824874298335e-01
  -1.03955212032852753468e-01-j2.18096000241600418423e-01
  -1.04320938939280141722e-01-j2.12652079151740280860e-01
  -1.04581005344612607000e-01-j2.07237827581369826735e-01
  -1.04736064228661565623e-01-j2.01853690215477499237e-01
  -1.04786713554012242411e-01-j1.96500125404557607345e-01
  -1.04733497926036422943e-01-j1.91177607120762010906e-01
  -1.04576910232415179469e-01-j1.85886626868544485580e-01
  -1.04317393264664312613e-01-j1.80627695554453265858e-01
  -1.03955341324298844441e-01-j1.75401345320411378159e-01
  -1.03491101816344660547e-01-j1.70208131344569801868e-01
  -1.02924976833025247358e-01-j1.65048633613508077822e-01
  -1.02257224730540940971e-01-j1.59923458669332302362e-01
  -1.01488061701942369752e-01-j1.54833241334929483379e-01
  -1.00617663349211072799e-01-j1.49778646420423350305e-01
  -9.96461662577322188072e-02-j1.44760370413631905828e-01
  -9.85736695764264092556e-02-j1.39779143157048035828e-01
  -9.74002366069210839816e-02-j1.34835729513719332351e-01
  -9.61258964052054409866e-02-j1.29930931024086593339e-01
  -9.47506453992940089748e-02-j1.25065587555679480491e-01
  -9.32744490265500075798e-02-j1.20240578947316198444e-01
  -9.16972433943448184124e-02-j1.15456826649219662650e-01
  -9.00189369678822681742e-02-j1.10715295360291662852e-01
  -8.82394122890529930547e-02-j1.06016994663467839510e-01
  -8.63585277302966053403e-02-j1.01362980659947476969e-01
  -8.43761192875384924417e-02-j9.67543576027835444675e-02
  -8.22920024163415891882e-02-j9.21922795301062802942e-02
  -8.01059739155116357079e-02-j8.76779518980271288520e-02
  -7.78178138624832232972e-02-j8.32126332129651952174e-02
  -7.54272876048844437280e-02-j7.87976366629453278678e-02
  -7.29341478127833453549e-02-j7.44343317470788495838e-02
  -7.03381365961821963806e-02-j7.01241459022124008493e-02
  -6.76389876924039373796e-02-j6.58685661254009569010e-02
  -6.48364287281194412449e-02-j6.16691405905831907530e-02
  -6.19301835607794504135e-02-j5.75274802574972515812e-02
  -5.89199747043372343280e-02-j5.34452604705711667443e-02
  -5.58055258441571902517e-02-j4.94242225451377789613e-02
  -5.25865644460906736524e-02-j4.54661753380053851314e-02
  -4.92628244647012394908e-02-j4.15729967990031562541e-02
  -4.58340491556939663709e-02-j3.77466354997284883610e-02
  -4.22999939975742117459e-02-j3.39891121353314076825e-02
  -3.86604297275842598292e-02-j3.03025209946995652266e-02
  -3.49151454969686414476e-02-j2.66890313939779598440e-02
  -3.10639521505277280133e-02-j2.31508890678877553293e-02
  -2.71066856354248396366e-02-j1.96904175127766492559e-02
  -2.30432105441009116298e-02-j1.63100192748597133674e-02
  -1.88734237960444736770e-02-j1.30121771765424453643e-02
  -1.45972584630424360996e-02-j9.79945547317136872456e-03
  -1.02146877423652734929e-02-j6.67450093195813207170e-03
  -5.72572908213754734608e-03-j3.64004382425324197331e-03
  -1.13044846291376487220e-03-j6.98898821677713163320e-04
  +3.57103516080806062533e-03+j2.14603421397047220559e-03
  +8.37854525573611223777e-03+j4.89176955783001635863e-03
  +1.32918429385560522143e-02+j7.53523507755280048948e-03
  +1.83106220357221669004e-02+j1.00732718294688858990e-02
  +2.34345039721625750251e-02+j1.25026338082299629667e-02
  +2.86630324873207963099e-02+j1.48199878634578865316e-02
  +3.39956681775855779071e-02+j1.70219137977311689436e-02
  +3.94317828648440144024e-02+j1.91049046609053432833e-02
  +4.49706537916534990207e-02+j2.10653672565469900213e-02
  +5.06114576443582250831e-02+j2.28996228769529595881e-02
  +5.63532644064251853067e-02+j2.46039082839539999248e-02
  +6.21950310452706184305e-02+j2.61743769534145409583e-02
  +6.81355950369305907177e-02+j2.76071006019950014598e-02
  +7.41736677342310912753e-02+j2.88980710154250579336e-02
  +8.03078275852562445403e-02+j3.00432021981166252900e-02
  +8.65365132105010426145e-02+j3.10383328645355213715e-02
  +9.28580163484803849938e-02+j3.18792292932592730148e-02
  +9.92704746812564514657e-02+j3.25615885650644490412e-02
  +1.05771864553082781124e-01+j3.30810422068021220410e-02
  +1.12359993597200558124e-01+j3.34331602630437915713e-02
  +1.19032493287797261350e-01+j3.36134558176853087685e-02
  +1.25786811436225470784e-01+j3.36173899877366955113e-02
  +1.32620204652773160392e-01+j3.34403774114494373171e-02
  +1.39529730797548490173e-01+j3.30777922526918830015e-02
  +1.46512241446484503538e-01+j3.25249747431146582488e-02
  +1.53564374400931374920e-01+j3.17772382830422070454e-02
  +1.60682546271910031699e-01+j3.08298771212816014042e-02
  +1.67862945172768868174e-01+j2.96781746330047682680e-02
  +1.75101523556685151339e-01+j2.83174122136794909066e-02
  +1.82393991238254338239e-01+j2.67428788054922088324e-02
  +1.89735808641245118356e-01+j2.49498810709790526385e-02
  +1.97122180317339940059e-01+j2.29337542265131977270e-02
  +2.04548048783623204194e-01+j2.06898735459524092672e-02
  +2.12008088729210647516e-01+j1.82136665420551749350e-02
  +2.19496701644269348597e-01+j1.55006258302733904847e-02
</dep>
<dep S[1,2] frequency>
  +7.78425308523165049301e-01-j4.69735060917389091184e-01
  +7.59744494858461960618e-01-j4.84522493867313164273e-01
  +7.40801062679181443471e-01-j4.98349424308625832403e-01
  +7.21652463134155208735e-01-j5.11226742710727100061e-01
  +7.02353326768659136370e-01-j5.23168878899922917824e-01
  +6.82955295712773469141e-01-j5.34193400808477991681e-01
  +6.63506905193482654504e-01-j5.44320619268905181443e-01
  +6.44053510364313019920e-01-j5.53573204045212818869e-01
  +6.24637254100181338323e-01-j5.61975815378088050522e-01
  +6.05297071216795767867e-01-j5.69554754439323351889e-01
  +5.86068724525521722590e-01-j5.76337635262248904056e-01
  +5.66984868200392289062e-01-j5.82353079956463126621e-01
  +5.48075134094674010221e-01-j5.87630438334929228184e-01
  +5.29366236878328288995e-01-j5.92199532485870205889e-01
  +5.10882094153616406196e-01-j5.96090426312505416995e-01
  +4.92643958029678530330e-01-j5.99333219637478098463e-01
  +4.74670554980234138398e-01-j6.01957866123509988121e-01
  +4.56978231159425762886e-01-j6.03994013990083900012e-01
  +4.39581100700724147767e-01-j6.05470868301753117890e-01
  +4.22491194861444097075e-01-j6.06417073458896727089e-01
  +4.05718610196908024967e-01-j6.06860614429001632431e-01
  +3.89271654248472098736e-01-j6.06828735207803449114e-01
  +3.73156987505093629132e-01-j6.06347872987693992108e-01
  +3.57379760647970667886e-01-j6.05443606528953570667e-01
  +3.41943746311276552952e-01-j6.04140617270986890475e-01
  +3.26851464789069234840e-01-j6.02462661780984398696e-01
  +3.12104303290367146584e-01-j6.00432554210548308227e-01
  +2.97702628492179932618e-01-j5.98072157513537816520e-01
  +2.83645892266251531399e-01-j5.95402382266712604242e-01
  +2.69932730559950595506e-01-j5.92443192025745579699e-01
  +2.56561055498959800225e-01-j5.89213614240860716897e-01
  +2.43528140849188778905e-01-j5.85731755846591206627e-01
  +2.30830701031193019634e-01-j5.82014822727527025847e-01
  +2.18464963923042626570e-01-j5.78079142345510277323e-01
  +2.06426737719451081077e-01-j5.73940188892755998040e-01
  +1.94711472137355873224e-01-j5.69612610409183317550e-01
  +1.83314314272375045167e-01-j5.65110257370749602401e-01
  +1.72230159418694683815e-01-j5.60446212318752690074e-01
  +1.61453697166598797441e-01-j5.55632820157349271994e-01
  +1.50979453090207077492e-01-j5.50681718799099551021e-01
  +1.40801826331828139338e-01-j5.45603869885258552230e-01
  +1.30915123380901055050e-01-j5.40409589349898245025e-01
  +1.21313588334785060763e-01-j5.35108577634545223844e-01
  +1.11991429916404358624e-01-j5.29709949393560863840e-01
  +1.02942845510430466827e-01-j5.24222262559939533588e-01
  +9.41620424656324506163e-02-j5.18653546667062648190e-01
  +8.56432568967134821847e-02-j5.13011330344641969248e-01
  +7.73807702044070760961e-02-j5.07302667926714079272e-01
  +6.93689235183040375787e-02-j5.01534165126468867157e-01
  +6.16021302527822930961e-02-j4.95712003747344032156e-01
  +5.40748869527621287001e-02-j4.89841965412169177974e-01
  +4.67817825928634120625e-02-j4.83929454302764794349e-01
  +3.97175064809263539400e-02-j4.77979518911127221337e-01
  +3.28768549049688538211e-02-j4.71996872810838852264e-01
  +2.62547366512975062502e-02-j4.65985914463279859987e-01
  +1.98461775108815657864e-02-j4.59950746078264194328e-01
  +1.36463238811144853269e-02-j4.53895191552617094377e-01
  +7.65044556081779635742e-03-j4.47822813513316431155e-01
  +1.85393782759197102775e-03-j4.41736929494206731484e-01
  -3.74767712131540567735e-03-j4.35640627277044056864e-01
  -9.15874929100928512893e-03-j4.29536779428785486790e-01
  -1.43835005069800660193e-02-j4.23428057067848639949e-01
  -1.94260244687651621731e-02-j4.17316942892378861529e-01
  -2.42902871845710119358e-02-j4.11205743503651022230e-01
  -2.89801277376169792721e-02-j4.05096601057492289311e-01
  -3.34992593398060686805e-02-j3.98991504276163588827e-01
  -3.78512706328321818505e-02-j3.92892298852607291249e-01
  -4.20396272009474492037e-02-j3.86800697278078475794e-01
  -4.60676732633026816965e-02-j3.80718288123472470286e-01
  -4.99386335172307127550e-02-j3.74646544803590386685e-01
  -5.36556151068846090557e-02-j3.68586833852684647717e-01
  -5.72216096945063409929e-02-j3.62540422738485301757e-01
  -6.06394956141161761698e-02-j3.56508487240910665328e-01
  -6.39120400897446178101e-02-j3.50492118420551002078e-01
  -6.70419015024293907246e-02-j3.44492329200909330744e-01
  -7.00316316920853582095e-02-j3.38510060587353223127e-01
  -7.28836782820839051977e-02-j3.32546187544595917007e-01
  -7.56003870159183688493e-02-j3.26601524553572664100e-01
  -7.81840040967340804690e-02-j3.20676830867452467011e-01
  -8.06366785217699499899e-02-j3.14772815485634960275e-01
  -8.29604644048743122831e-02-j3.08890141863572886827e-01
  -8.51573232813116198781e-02-j3.03029432375316820636e-01
  -8.72291263899739599541e-02-j2.97191272544861495586e-01
  -8.91776569289412096575e-02-j2.91376215061446397492e-01
  -9.10046122810985319562e-02-j2.85584783593199720286e-01
  -9.27116062071590418814e-02-j2.79817476412691223953e-01
  -9.43001710040696772275e-02-j2.74074769847256927147e-01
  -9.57717596272948112901e-02-j2.68357121566244305466e-01
  -9.71277477759672352997e-02-j2.62664973716585203878e-01
  -9.83694359403375212514e-02-j2.56998755917590027131e-01
  -9.94980514113244784991e-02-j2.51358888125114421364e-01
  -1.00514750252337733971e-01-j2.45745783374773457686e-01
  -1.01420619233861530883e-01-j2.40159850413278141978e-01
  -1.02216677731542068819e-01-j2.34601496226454653282e-01
  -1.02903879588829322289e-01-j2.29071128472044666102e-01
  -1.03483114945402118745e-01-j2.23569157824874131801e-01
  -1.03955212032852795101e-01-j2.18096000241600668224e-01
  -1.04320938939279905799e-01-j2.12652079151739809015e-01
  -1.04581005344612523733e-01-j2.07237827581369882246e-01
  -1.04736064228661676645e-01-j2.01853690215477360459e-01
  -1.04786713554011701177e-01-j1.96500125404557357545e-01
  -1.04733497926036492331e-01-j1.91177607120761955395e-01
  -1.04576910232415304369e-01-j1.85886626868544430069e-01
  -1.04317393264664076691e-01-j1.80627695554453127080e-01
  -1.03955341324299038730e-01-j1.75401345320411239381e-01
  -1.03491101816344244213e-01-j1.70208131344569746357e-01
  -1.02924976833025080825e-01-j1.65048633613508077822e-01
  -1.02257224730540774438e-01-j1.59923458669332468896e-01
  -1.01488061701942189341e-01-j1.54833241334928900512e-01
  -1.00617663349211475254e-01-j1.49778646420423877661e-01
  -9.96461662577325935075e-02-j1.44760370413631600517e-01
  -9.85736695764256598551e-02-j1.39779143157047730517e-01
  -9.74002366069210562260e-02-j1.34835729513719415618e-01
  -9.61258964052052328197e-02-j1.29930931024086676606e-01
  -9.47506453992938563191e-02-j1.25065587555679480491e-01
  -9.32744490265494802239e-02-j1.20240578947316240077e-01
  -9.16972433943448184124e-02-j1.15456826649219981840e-01
  -9.00189369678820322518e-02-j1.10715295360291551829e-01
  -8.82394122890527571323e-02-j1.06016994663467631344e-01
  -8.63585277302964249291e-02-j1.01362980659947629625e-01
  -8.43761192875383675416e-02-j9.67543576027836416120e-02
  -8.22920024163411312212e-02-j9.21922795301065300944e-02
  -8.01059739155116495857e-02-j8.76779518980267680295e-02
  -7.78178138624832371750e-02-j8.32126332129652507286e-02
  -7.54272876048844576058e-02-j7.87976366629453417456e-02
  -7.29341478127832482103e-02-j7.44343317470789467283e-02
  -7.03381365961817939247e-02-j7.01241459022129004497e-02
  -6.76389876924038402350e-02-j6.58685661254012899679e-02
  -6.48364287281194412449e-02-j6.16691405905831907530e-02
  -6.19301835607796447025e-02-j5.75274802574971128033e-02
  -5.89199747043369082000e-02-j5.34452604705709100053e-02
  -5.58055258441573359685e-02-j4.94242225451373209943e-02
  -5.25865644460903336466e-02-j4.54661753380057390150e-02
  -4.92628244647010382629e-02-j4.15729967990029897207e-02
  -4.58340491556934043205e-02-j3.77466354997284050943e-02
  -4.22999939975739550069e-02-j3.39891121353314076825e-02
  -3.86604297275848496351e-02-j3.03025209946995235932e-02
  -3.49151454969686414476e-02-j2.66890313939777412688e-02
  -3.10639521505281790414e-02-j2.31508890678881230907e-02
  -2.71066856354247563698e-02-j1.96904175127768504838e-02
  -2.30432105441006132573e-02-j1.63100192748597237757e-02
  -1.88734237960444840854e-02-j1.30121771765422597489e-02
  -1.45972584630426338581e-02-j9.79945547317070259075e-03
  -1.02146877423650861427e-02-j6.67450093195821707315e-03
  -5.72572908213754734608e-03-j3.64004382425324197331e-03
  -1.13044846291397780950e-03-j6.98898821677649954333e-04
  +3.57103516080840106481e-03+j2.14603421397044531738e-03
  +8.37854525573607580857e-03+j4.89176955782998079680e-03
  +1.32918429385559238448e-02+j7.53523507755266604841e-03
  +1.83106220357220420003e-02+j1.00732718294684678306e-02
  +2.34345039721629878893e-02+j1.25026338082300948057e-02
  +2.86630324873208205960e-02+j1.48199878634579160219e-02
  +3.39956681775851893290e-02+j1.70219137977318211996e-02
  +3.94317828648438756245e-02+j1.91049046609054092027e-02
  +4.49706537916532145260e-02+j2.10653672565468200184e-02
  +5.06114576443578295661e-02+j2.28996228769531434688e-02
  +5.63532644064255461291e-02+j2.46039082839541421721e-02
  +6.21950310452711041531e-02+j2.61743769534143362610e-02
  +6.81355950369307294956e-02+j2.76071006019946579846e-02
  +7.41736677342310773975e-02+j2.88980710154246971111e-02
  +8.03078275852563833181e-02+j3.00432021981171248903e-02
  +8.65365132105006124030e-02+j3.10383328645349627906e-02
  +9.28580163484804266272e-02+j3.18792292932594742427e-02
  +9.92704746812566596326e-02+j3.25615885650645045524e-02
  +1.05771864553082961535e-01+j3.30810422068016432573e-02
  +1.12359993597200558124e-01+j3.34331602630437291213e-02
  +1.19032493287797053183e-01+j3.36134558176848646793e-02
  +1.25786811436225692828e-01+j3.36173899877368759226e-02
  +1.32620204652773576726e-01+j3.34403774114497634451e-02
  +1.39529730797548545684e-01+j3.30777922526916609569e-02
  +1.46512241446484642315e-01+j3.25249747431146582488e-02
  +1.53564374400931263898e-01+j3.17772382830421237787e-02
  +1.60682546271909781899e-01+j3.08298771212813967069e-02
  +1.67862945172769173485e-01+j2.96781746330052678684e-02
  +1.75101523556685845229e-01+j2.83174122136799037708e-02
  +1.82393991238254310483e-01+j2.67428788054915496375e-02
  +1.89735808641245257133e-01+j2.49498810709788895745e-02
  +1.97122180317339718014e-01+j2.29337542265135030384e-02
  +2.04548048783622760105e-01+j2.06898735459524647784e-02
  +2.12008088729210814050e-01+j1.82136665420554837158e-02
  +2.19496701644269431863e-01+j1.55006258302732655846e-02
</dep>
<dep S[1,1] frequency>
  -2.14698052653407578383e-01-j3.55540271618844549995e-01
  -2.32696317494644394630e-01-j3.64631521456932561343e-01
  -2.50924385218382284268e-01-j3.72764235147080347232e-01
  -2.69324770857779394184e-01-j3.79949399909693119604e-01
  -2.87842809968996971026e-01-j3.86201543013976411611e-01
  -3.06426826308057953518e-01-j3.91538330532206324541e-01
  -3.25028250208937441457e-01-j3.95980172141401076669e-01
  -3.43601691663812436328e-01-j3.99549837163705456877e-01
  -3.62104972453889506490e-01-j4.02272086122306360423e-01
  -3.80499121868350831388e-01-j4.04173321207862812354e-01
  -3.98748340598191974848e-01-j4.05281258222168538907e-01
  -4.16819937326373679554e-01-j4.05624621807101570781e-01
  -4.34684242375417362325e-01-j4.05232865086838422997e-01
  -4.52314502539957474792e-01-j4.04135914255691730546e-01
  -4.69686760946004977502e-01-j4.02363938134483345443e-01
  -4.86779725455391054645e-01-j3.99947142292271073938e-01
  -5.03574628790595779648e-01-j3.96915586984886270550e-01
  -5.20055083204417289977e-01-j3.93299027890025243437e-01
  -5.36206932169194461224e-01-j3.89126778414468077472e-01
  -5.52018101222628398972e-01-j3.84427592204184154223e-01
  -5.67478449785932870242e-01-j3.79229564395385521092e-01
  -5.82579625469821338335e-01-j3.73560050095820606053e-01
  -5.97314922108476809015e-01-j3.67445598573712173263e-01
  -6.11679142511782125702e-01-j3.60911901649829613969e-01
  -6.25668466702667180890e-01-j3.53983754829917118823e-01
  -6.39280326209358373823e-01-j3.46685029774828956661e-01
  -6.52513284810435911787e-01-j3.39038656778916647205e-01
  -6.65366925982827206454e-01-j3.31066616009916103724e-01
  -6.77841747176916364914e-01-j3.22789936351894679589e-01
  -6.89939060938238535314e-01-j3.14228700783801551122e-01
  -7.01660902808092346028e-01-j3.05402057317905706313e-01
  -7.13009945865567540402e-01-j2.96328234612570129425e-01
  -7.23989421717683434565e-01-j2.87024561461245442118e-01
  -7.34603047701656963753e-01-j2.77507489443126975637e-01
  -7.44854960031451907021e-01-j2.67792618099946644339e-01
  -7.54749652598408204973e-01-j2.57894722077184890274e-01
  -7.64291921121485695600e-01-j2.47827779736477737949e-01
  -7.73486812334575501993e-01-j2.37605002809193749380e-01
  -7.82339577896624671638e-01-j2.27238866718417170665e-01
  -7.90855632712008094209e-01-j2.16741141249135432778e-01
  -7.99040517354745793988e-01-j2.06122921293367483697e-01
  -8.06899864298546209973e-01-j1.95394657439294128221e-01
  -8.14439367665447444544e-01-j1.84566186211087196467e-01
  -8.21664756218015934763e-01-j1.73646759799649719191e-01
  -8.28581769333430750990e-01-j1.62645075153940693591e-01
  -8.35196135711820164538e-01-j1.51569302328434990512e-01
  -8.41513554585511691641e-01-j1.40427112004926024635e-01
  -8.47539679210452479019e-01-j1.29225702126547686843e-01
  -8.53280102435298060115e-01-j1.17971823598794683940e-01
  -8.58740344157816193338e-01-j1.06671805026952282169e-01
  -8.63925840491876262384e-01-j9.53315764717529989802e-02
  -8.68841934481456523720e-01-j8.39566922156189804349e-02
  -8.73493868210701740473e-01-j7.25523525406571029306e-02
  -8.77886776170966776078e-01-j6.11234245270204021305e-02
  -8.82025679757126868097e-01-j4.96744618862235698398e-02
  -8.85915482776061802284e-01-j3.82097238490190088678e-02
  -8.89560967860174467425e-01-j2.67331931313625897895e-02
  -8.92966793688106719173e-01-j1.52485930050819604165e-02
  -8.96137492923558043323e-01-j3.75940350224998609541e-03
  -8.99077470791018518170e-01+j7.73112321596915175181e-03
  -9.01791004214835600905e-01+j1.92199482941037003147e-02
  -9.04282241454771429368e-01+j3.07042323880579171025e-02
  -9.06555202177640517824e-01+j4.21813226086533155090e-02
  -9.08613777910397102389e-01+j5.36487401699260735288e-02
  -9.10461732825409986170e-01+j6.51041687092706600204e-02
  -9.12102704813550269058e-01+j7.65454432470091122864e-02
  -9.13540206805215415642e-01+j8.79705397534874256049e-02
  -9.14777628303501955109e-01+j9.93775652926673219723e-02
  -9.15818237097466569807e-01+j1.10764748711921018343e-01
  -9.16665181126838257697e-01+j1.22130431848779502646e-01
  -9.17321490472613354505e-01+j1.33473061226305256266e-01
  -9.17790079450808593542e-01+j1.44791180209881298335e-01
  -9.18073748789172916496e-01+j1.56083421599233385102e-01
  -9.18175187868996989238e-01+j1.67348500630580765414e-01
  -9.18096977016227944191e-01+j1.78585208364954561855e-01
  -9.17841589828041093391e-01+j1.89792405439721645344e-01
  -9.17411395522679584680e-01+j2.00969016161507529894e-01
  -9.16808661301974248126e-01+j2.12114022919655142996e-01
  -9.16035554717311018003e-01+j2.23226460900481066263e-01
  -9.15094146031116162376e-01+j2.34305413083496338889e-01
  -9.13986410567030116425e-01+j2.45350005501740076053e-01
  -9.12714231042983104025e-01+j2.56359402749349651884e-01
  -9.11279399882316099024e-01+j2.67332803720290057559e-01
  -9.09683621498883043799e-01+j2.78269437563089971910e-01
  -9.07928514552868271004e-01+j2.89168559837210181751e-01
  -9.06015614174663252989e-01+j3.00029448857486391589e-01
  -9.03946374154795173617e-01+j3.10851402213777050498e-01
  -9.01722169098426062916e-01+j3.21633733453697168159e-01
  -8.99344296543394983168e-01+j3.32375768917015146364e-01
  -8.96813979041272135717e-01+j3.43076844710846595721e-01
  -8.94132366201218942159e-01+j3.53736303815490371605e-01
  -8.91300536696851941620e-01+j3.64353493311242948582e-01
  -8.88319500236589232323e-01+j3.74927761717131713404e-01
  -8.85190199498257945798e-01+j3.85458456432999974073e-01
  -8.81913512028999257986e-01+j3.95944921276880801297e-01
  -8.78490252111738256779e-01+j4.06386494110047347128e-01
  -8.74921172599672836157e-01+j4.16782504542584142371e-01
  -8.71206966720474373922e-01+j4.27132271712739819414e-01
  -8.67348269852010966829e-01+j4.37435102133714726058e-01
  -8.63345661271609721155e-01+j4.47690287601905212433e-01
  -8.59199665880988838751e-01+j4.57897103161022223095e-01
  -8.54910755909131458985e-01+j4.68054805116784600205e-01
  -8.50479352595521653768e-01+j4.78162629097261426825e-01
  -8.45905827856238690110e-01+j4.88219788154225675658e-01
  -8.41190505935553889394e-01+j4.98225470901190958806e-01
  -8.36333665045757901346e-01+j5.08178839684053196279e-01
  -8.31335538998045242565e-01+j5.18079028780587091951e-01
  -8.26196318827398856754e-01+j5.27925142625256804685e-01
  -8.20916154414477849954e-01+j5.37716254056097797687e-01
  -8.15495156107633345499e-01+j5.47451402580629853389e-01
  -8.09933396348258338726e-01+j5.57129592658049954679e-01
  -8.04230911302729833956e-01+j5.66749791995144525103e-01
  -7.98387702504363416800e-01+j5.76310929853623865604e-01
  -7.92403738508796640083e-01+j5.85811895366784796124e-01
  -7.86278956566384135130e-01+j5.95251535863655312220e-01
  -7.80013264315221999112e-01+j6.04628655198971243223e-01
  -7.73606541498520483557e-01+j6.13942012087605348825e-01
  -7.67058641710140043379e-01+j6.23190318442215951400e-01
  -7.60369394172193513448e-01+j6.32372237713221152511e-01
  -7.53538605548674689238e-01+j6.41486383230318812920e-01
  -7.46566061799206259764e-01+j6.50531316545084892233e-01
  -7.39451530077059104862e-01+j6.59505545774414114746e-01
  -7.32194760675679012785e-01+j6.68407523944751447154e-01
  -7.24795489028069783721e-01+j6.77235647337421586833e-01
  -7.17253437763436640928e-01+j6.85988253835514760759e-01
  -7.09568318825593458143e-01+j6.94663621273144071822e-01
  -7.01739835657728905360e-01+j7.03259965788112895169e-01
  -6.93767685458156813105e-01+j7.11775440179370111338e-01
  -6.85651561511838258944e-01+j7.20208132270879985981e-01
  -6.77391155602422800897e-01+j7.28556063283920973817e-01
  -6.68986160509714711253e-01+j7.36817186220077524617e-01
  -6.60436272597468621015e-01+j7.44989384257629394526e-01
  -6.51741194496493481125e-01+j7.53070469164316302901e-01
  -6.42900637888064618863e-01+j7.61058179729890760257e-01
  -6.33914326392695737233e-01+j7.68950180222267576369e-01
  -6.24781998569314600545e-01+j7.76744058871457920823e-01
  -6.15503411029877045557e-01+j7.84437326385958755282e-01
  -6.06078341674496812175e-01+j7.92027414506690230489e-01
  -5.96506593052049893799e-01+j7.99511674604053923510e-01
  -5.86787995851200672170e-01+j8.06887376324205041200e-01
  -5.76922412526747252492e-01+j8.14151706291118659742e-01
  -5.66909741066006001020e-01+j8.21301766871585847696e-01
  -5.56749918899870355204e-01+j8.28334575010838181086e-01
  -5.46442926963011665897e-01+j8.35247061147073699416e-01
  -5.35988793907463123567e-01+j8.42036068213762645129e-01
  -5.25387600473606219964e-01+j8.48698350739243934093e-01
  -5.14639484022302973187e-01+j8.55230574053747583108e-01
  -5.03744643231562982955e-01+j8.61629313614653447040e-01
  -4.92703342960793044814e-01+j8.67891054461502275963e-01
  -4.81515919285219029522e-01+j8.74012190812882616697e-01
  -4.70182784702601996862e-01+j8.79989025818154857461e-01
  -4.58704433513798637279e-01+j8.85817771477565019111e-01
  -4.47081447378127883052e-01+j8.91494548745118908784e-01
  -4.35314501043803925295e-01+j8.97015387829268484587e-01
  -4.23404368252920049187e-01+j9.02376228707217009628e-01
  -4.11351927819660068142e-01+j9.07572921869361448621e-01
  -3.99158169879463731178e-01+j9.12601229311124528820e-01
  -3.86824202305846076566e-01+j9.17456825790115337860e-01
  -3.74351257290524874755e-01+j9.22135300367246668607e-01
  -3.61740698081178702061e-01+j9.26632158251082249656e-01
  -3.48994025870035140535e-01+j9.30942822965319050077e-01
  -3.36112886824883605463e-01+j9.35062638859827766069e-01
  -3.23099079252723742073e-01+j9.38986873986274783732e-01
  -3.09954560884583174563e-01+j9.42710723359665880849e-01
  -2.96681456268279575283e-01+j9.46229312627664742585e-01
  -2.83282064254078758125e-01+j9.49537702169680919440e-01
  -2.69758865556217974913e-01+j9.52630891647989419546e-01
  -2.56114530371175375123e-01+j9.55503825033136799938e-01
  -2.42351926031383252402e-01+j9.58151396125861087860e-01
  -2.28474124670776657098e-01+j9.60568454597454324251e-01
  -2.14484410876171704974e-01+j9.62749812570205643070e-01
  -2.00386289295965636104e-01+j9.64690251758850036978e-01
  -1.86183492175061110485e-01+j9.66384531193331008936e-01
  -1.71879986782245613997e-01+j9.67827395542039004006e-01
  -1.57479982693551345818e-01+j9.69013584053569299037e-01
  -1.42987938892324251139e-01+j9.69937840133504813878e-01
  -1.28408570643876784878e-01+j9.70594921570968605096e-01
  -1.13746856099900497949e-01+j9.70979611427667976820e-01
  -9.90080425847994910482e-02+j9.71086729599781706135e-01
  -8.41976525135399861410e-02+j9.70911145060350255775e-01
  -6.93214888877178025961e-02+j9.70447788786819920404e-01
</dep>
