<Qucs Dataset 1.0.7>
<indep frequency 181>
  +1.00000000000000000000e+09
  +1.05000000000000000000e+09
  +1.10000000000000000000e+09
  +1.15000000000000000000e+09
  +1.20000000000000000000e+09
  +1.25000000000000000000e+09
  +1.30000000000000000000e+09
  +1.35000000000000000000e+09
  +1.40000000000000000000e+09
  +1.45000000000000000000e+09
  +1.50000000000000000000e+09
  +1.55000000000000000000e+09
  +1.60000000000000000000e+09
  +1.65000000000000000000e+09
  +1.70000000000000000000e+09
  +1.75000000000000000000e+09
  +1.80000000000000000000e+09
  +1.85000000000000000000e+09
  +1.90000000000000000000e+09
  +1.95000000000000000000e+09
  +2.00000000000000000000e+09
  +2.05000000000000000000e+09
  +2.10000000000000000000e+09
  +2.15000000000000000000e+09
  +2.20000000000000000000e+09
  +2.25000000000000000000e+09
  +2.30000000000000000000e+09
  +2.35000000000000000000e+09
  +2.40000000000000000000e+09
  +2.45000000000000000000e+09
  +2.50000000000000000000e+09
  +2.55000000000000000000e+09
  +2.60000000000000000000e+09
  +2.65000000000000000000e+09
  +2.70000000000000000000e+09
  +2.75000000000000000000e+09
  +2.80000000000000000000e+09
  +2.85000000000000000000e+09
  +2.90000000000000000000e+09
  +2.95000000000000000000e+09
  +3.00000000000000000000e+09
  +3.05000000000000000000e+09
  +3.10000000000000000000e+09
  +3.15000000000000000000e+09
  +3.20000000000000000000e+09
  +3.25000000000000000000e+09
  +3.30000000000000000000e+09
  +3.35000000000000000000e+09
  +3.40000000000000000000e+09
  +3.45000000000000000000e+09
  +3.50000000000000000000e+09
  +3.55000000000000000000e+09
  +3.60000000000000000000e+09
  +3.65000000000000000000e+09
  +3.70000000000000000000e+09
  +3.75000000000000000000e+09
  +3.80000000000000000000e+09
  +3.85000000000000000000e+09
  +3.90000000000000000000e+09
  +3.95000000000000000000e+09
  +4.00000000000000000000e+09
  +4.05000000000000000000e+09
  +4.10000000000000000000e+09
  +4.15000000000000000000e+09
  +4.20000000000000000000e+09
  +4.25000000000000000000e+09
  +4.30000000000000000000e+09
  +4.35000000000000000000e+09
  +4.40000000000000000000e+09
  +4.45000000000000000000e+09
  +4.50000000000000000000e+09
  +4.55000000000000000000e+09
  +4.60000000000000000000e+09
  +4.65000000000000000000e+09
  +4.70000000000000000000e+09
  +4.75000000000000000000e+09
  +4.80000000000000000000e+09
  +4.85000000000000000000e+09
  +4.90000000000000000000e+09
  +4.95000000000000000000e+09
  +5.00000000000000000000e+09
  +5.05000000000000000000e+09
  +5.10000000000000000000e+09
  +5.15000000000000000000e+09
  +5.20000000000000000000e+09
  +5.25000000000000000000e+09
  +5.30000000000000000000e+09
  +5.35000000000000000000e+09
  +5.40000000000000000000e+09
  +5.45000000000000000000e+09
  +5.50000000000000000000e+09
  +5.55000000000000000000e+09
  +5.60000000000000000000e+09
  +5.65000000000000000000e+09
  +5.70000000000000000000e+09
  +5.75000000000000000000e+09
  +5.80000000000000000000e+09
  +5.85000000000000000000e+09
  +5.90000000000000000000e+09
  +5.95000000000000000000e+09
  +6.00000000000000000000e+09
  +6.05000000000000000000e+09
  +6.10000000000000000000e+09
  +6.15000000000000000000e+09
  +6.20000000000000000000e+09
  +6.25000000000000000000e+09
  +6.30000000000000000000e+09
  +6.35000000000000000000e+09
  +6.40000000000000000000e+09
  +6.45000000000000000000e+09
  +6.50000000000000000000e+09
  +6.55000000000000000000e+09
  +6.60000000000000000000e+09
  +6.65000000000000000000e+09
  +6.70000000000000000000e+09
  +6.75000000000000000000e+09
  +6.80000000000000000000e+09
  +6.85000000000000000000e+09
  +6.90000000000000000000e+09
  +6.95000000000000000000e+09
  +7.00000000000000000000e+09
  +7.05000000000000000000e+09
  +7.10000000000000000000e+09
  +7.15000000000000000000e+09
  +7.20000000000000000000e+09
  +7.25000000000000000000e+09
  +7.30000000000000000000e+09
  +7.35000000000000000000e+09
  +7.40000000000000000000e+09
  +7.45000000000000000000e+09
  +7.50000000000000000000e+09
  +7.55000000000000000000e+09
  +7.60000000000000000000e+09
  +7.65000000000000000000e+09
  +7.70000000000000000000e+09
  +7.75000000000000000000e+09
  +7.80000000000000000000e+09
  +7.85000000000000000000e+09
  +7.90000000000000000000e+09
  +7.95000000000000000000e+09
  +8.00000000000000000000e+09
  +8.05000000000000000000e+09
  +8.10000000000000000000e+09
  +8.15000000000000000000e+09
  +8.20000000000000000000e+09
  +8.25000000000000000000e+09
  +8.30000000000000000000e+09
  +8.35000000000000000000e+09
  +8.40000000000000000000e+09
  +8.45000000000000000000e+09
  +8.50000000000000000000e+09
  +8.55000000000000000000e+09
  +8.60000000000000000000e+09
  +8.65000000000000000000e+09
  +8.70000000000000000000e+09
  +8.75000000000000000000e+09
  +8.80000000000000000000e+09
  +8.85000000000000000000e+09
  +8.90000000000000000000e+09
  +8.95000000000000000000e+09
  +9.00000000000000000000e+09
  +9.05000000000000000000e+09
  +9.10000000000000000000e+09
  +9.15000000000000000000e+09
  +9.20000000000000000000e+09
  +9.25000000000000000000e+09
  +9.30000000000000000000e+09
  +9.35000000000000000000e+09
  +9.40000000000000000000e+09
  +9.45000000000000000000e+09
  +9.50000000000000000000e+09
  +9.55000000000000000000e+09
  +9.60000000000000000000e+09
  +9.65000000000000000000e+09
  +9.70000000000000000000e+09
  +9.75000000000000000000e+09
  +9.80000000000000000000e+09
  +9.85000000000000000000e+09
  +9.90000000000000000000e+09
  +9.95000000000000000000e+09
  +1.00000000000000000000e+10
</indep>
<dep S21_phase frequency>
  -3.65285810592438195954e+01
  -3.83118114372597275974e+01
  -4.00889535331422308673e+01
  -4.18597731177906595690e+01
  -4.36240431945842104255e+01
  -4.53815441667118051328e+01
  -4.71320639857472798440e+01
  -4.88753982813926697304e+01
  -5.06113504724383460598e+01
  -5.23397318590708380270e+01
  -5.40603616966960345280e+01
  -5.57730672515613790097e+01
  -5.74776838385354977845e+01
  -5.91740548413884965839e+01
  -6.08620317161033099751e+01
  -6.25414739777073549476e+01
  -6.42122491711807441561e+01
  -6.58742328271061552414e+01
  -6.75273084026794663259e+01
  -6.91713672088027919926e+01
  -7.08063083239745054698e+01
  -7.24320384957379133084e+01
  -7.40484720304605872343e+01
  -7.56555306722254954366e+01
  -7.72531434716428719867e+01
  -7.88412466453738289829e+01
  -8.04197834271827076691e+01
  -8.19887039113068141205e+01
  -8.35479648889322703553e+01
  -8.50975296785699555357e+01
  -8.66373679510771808054e+01
  -8.81674555500828347476e+01
  -8.96877743085308480886e+01
  -9.11983118620473476312e+01
  -9.26990614598002906632e+01
  -9.41900217734957863058e+01
  -9.56711967051294749353e+01
  -9.71425951940759802028e+01
  -9.86042310240628694373e+01
  -1.00056122630562398967e+02
  -1.01498292909067799883e+02
  -1.02930769024724952487e+02
  -1.04353582223734392187e+02
  -1.05766767646903687705e+02
  -1.07170364145716987991e+02
  -1.08564414101234973486e+02
  -1.09948963246126780291e+02
  -1.11324060490085770425e+02
  -1.12689757748871940635e+02
  -1.14046109777178202194e+02
  -1.15393174005504633328e+02
  -1.16731010381189463487e+02
  -1.18059681213725909288e+02
  -1.19379251024471486176e+02
  -1.20689786400831280844e+02
  -1.21991355854978394291e+02
  -1.23284029687158792399e+02
  -1.24567879853601837681e+02
  -1.25842979839049434077e+02
  -1.27109404533901027889e+02
  -1.28367230115948444791e+02
  -1.29616533936675608629e+02
  -1.30857394412077383095e+02
  -1.32089890917941289672e+02
  -1.33314103689535187414e+02
  -1.34530113725621220055e+02
  -1.35738002696726198337e+02
  -1.36937852857577297527e+02
  -1.38129746963614536526e+02
  -1.39313768191483632108e+02
  -1.40490000063412139752e+02
  -1.41658526375362953331e+02
  -1.42819431128862845526e+02
  -1.43972798466395573769e+02
  -1.45118712610254561923e+02
  -1.46257257804740845586e+02
  -1.47388518261600012238e+02
  -1.48512578108585074688e+02
  -1.49629521341036877402e+02
  -1.50739431776370679472e+02
  -1.51842393011363157029e+02
  -1.52938488382130088894e+02
  -1.54027800926690929373e+02
  -1.55110413350014994194e+02
  -1.56186407991447538279e+02
  -1.57255866794417556775e+02
  -1.58318871278326327001e+02
  -1.59375502512522899679e+02
  -1.60425841092275135225e+02
  -1.61469967116642919791e+02
  -1.62507960168166562198e+02
  -1.63539899294286811937e+02
  -1.64565862990411119426e+02
  -1.65585929184547410387e+02
  -1.66600175223429118887e+02
  -1.67608677860053319364e+02
  -1.68611513242564257098e+02
  -1.69608756904410086008e+02
  -1.70600483755705226940e+02
  -1.71586768075737154504e+02
  -1.72567683506552469908e+02
  -1.73543303047565899533e+02
  -1.74513699051133102103e+02
  -1.75478943219032430534e+02
  -1.76439106599807189468e+02
  -1.77394259586914216698e+02
  -1.78344471917631608449e+02
  -1.79289812672682813854e+02
  +1.79769649723469200353e+02
  +1.78833847501699267468e+02
  +1.77902713546705115277e+02
  +1.76976181394945058400e+02
  +1.76054185232055203869e+02
  +1.75136659889786329813e+02
  +1.74223540842494003300e+02
  +1.73314764203207062110e+02
  +1.72410266719309760219e+02
  +1.71509985767859262751e+02
  +1.70613859350575012286e+02
  +1.69721826088510738373e+02
  +1.68833825216446740569e+02
  +1.67949796577015490584e+02
  +1.67069680614585962530e+02
  +1.66193418368926472795e+02
  +1.65320951468663281503e+02
  +1.64452222124555078153e+02
  +1.63587173122597107522e+02
  +1.62725747816977929006e+02
  +1.61867890122891907367e+02
  +1.61013544509231053325e+02
  +1.60162655991171021697e+02
  +1.59315170122654990337e+02
  +1.58471032988789886531e+02
  +1.57630191198173974954e+02
  +1.56792591875155352454e+02
  +1.55958182652044087035e+02
  +1.55126911661245486584e+02
  -2.57012724725732617514e+01
  -2.65264206404421436503e+01
  -2.73485832569713060991e+01
  -2.81678102683277487017e+01
  -2.89841511601849965984e+01
  -2.97976549656647975439e+01
  -3.06083702733093474535e+01
  -3.14163452350156475745e+01
  -3.22216275739824666857e+01
  -3.30242645926195095285e+01
  -3.38243031804475222657e+01
  -3.46217898219762147960e+01
  -3.54167706045451069485e+01
  -3.62092912261417794184e+01
  -3.69993970031831622691e+01
  -3.77871328782600173213e+01
  -3.85725434278481955630e+01
  -3.93556728699715705488e+01
  -4.01365650718292457100e+01
  -4.09152635573748497677e+01
  -4.16918115148521977176e+01
  -4.24662518042857257683e+01
  -4.32386269649153760497e+01
  -4.40089792225943270410e+01
  -4.47773504971264060259e+01
  -4.55437824095584176121e+01
  -4.63083162894195297099e+01
  -4.70709931819092091132e+01
  -4.78318538550341543214e+01
  -4.85909388066905236769e+01
  -4.93482882716951962720e+01
  -5.01039422287666695865e+01
  -5.08579404074467618102e+01
  -5.16103222949770170658e+01
  -5.23611271431179332581e+01
  -5.31103939749175708585e+01
  -5.38581615914282494373e+01
  -5.46044685783685821434e+01
  -5.53493533127391330595e+01
  -5.60928539693819843137e+01
  -5.68350085274911407396e+01
  -5.75758547770738289273e+01
  -5.83154303253597916523e+01
  -5.90537726031615051170e+01
</dep>
<dep S11_phase frequency>
  -1.26503490510812113712e+02
  -1.28287657275899562137e+02
  -1.30065709144851609835e+02
  -1.31837415657897395249e+02
  -1.33602552987787447591e+02
  -1.35360904216503286079e+02
  -1.37112259569811868687e+02
  -1.38856416615269864678e+02
  -1.40593180427900023233e+02
  -1.42322363726735176215e+02
  -1.44043786984692019359e+02
  -1.45757278513796137531e+02
  -1.47462674527442970884e+02
  -1.49159819181051432224e+02
  -1.50848564592435280929e+02
  -1.52528770843011272973e+02
  -1.54200305960878409905e+02
  -1.55863045886831315556e+02
  -1.57516874424237158792e+02
  -1.59161683173750191145e+02
  -1.60797371453781181572e+02
  -1.62423846207653099327e+02
  -1.64041021898343899466e+02
  -1.65648820391723290868e+02
  -1.67247170829167771444e+02
  -1.68836009490438755165e+02
  -1.70415279647695484755e+02
  -1.71984931411487565356e+02
  -1.73544921569565218533e+02
  -1.75095213419333532556e+02
  -1.76635776594733329148e+02
  -1.78166586888335189087e+02
  -1.79687626069380343097e+02
  +1.78801118301500508778e+02
  +1.77299653060207873523e+02
  +1.75807979629072804073e+02
  +1.74326094208102972516e+02
  +1.72853987966982515445e+02
  +1.71391647237268045956e+02
  +1.69939053704240080833e+02
  +1.68496184597934785643e+02
  +1.67063012882880059351e+02
  +1.65639507446111764466e+02
  +1.64225633283090132863e+02
  +1.62821351681140242817e+02
  +1.61426620400102564190e+02
  +1.60041393849886986800e+02
  +1.58665623264675900828e+02
  +1.57299256873529117229e+02
  +1.55942240067195626807e+02
  +1.54594515560938020826e+02
  +1.53256023553227578304e+02
  +1.51926701880171805215e+02
  +1.50606486165571226366e+02
  +1.49295309966519312184e+02
  +1.47993104914482330514e+02
  +1.46699800851811346547e+02
  +1.45415325963662155573e+02
  +1.44139606905310273532e+02
  +1.42872568924864481232e+02
  +1.41614135981399471120e+02
  +1.40364230858537268887e+02
  +1.39122775273519010852e+02
  +1.37889689981822812115e+02
  +1.36664894877387411043e+02
  +1.35448309088513951792e+02
  +1.34239851069522956095e+02
  +1.33039438688252744214e+02
  +1.31846989309487582887e+02
  +1.30662419874411256160e+02
  +1.29485646976186643542e+02
  +1.28316586931760639345e+02
  +1.27155155850001946760e+02
  +1.26001269696277972798e+02
  +1.24854844353578542382e+02
  +1.23715795680297418357e+02
  +1.22584039564781164700e+02
  +1.21459491976754165421e+02
  +1.20342069015732150206e+02
  +1.19231686956530822386e+02
  +1.18128262291979666543e+02
  +1.17031711772947247141e+02
  +1.15941952445782675341e+02
  +1.14858901687278830650e+02
  +1.13782477237257040770e+02
  +1.12712597228874940924e+02
  +1.11649180216753393324e+02
  +1.10592145203020052691e+02
  +1.09541411661359376239e+02
  +1.08496899559161349202e+02
  +1.07458529377858198472e+02
  +1.06426222131530309412e+02
  +1.05399899383866824110e+02
  +1.04379483263561382955e+02
  +1.03364896478217374920e+02
  +1.02356062326840458354e+02
  +1.01352904710987701264e+02
  +1.00355348144644722197e+02
  +9.93633177628966564043e+01
  +9.83767393294570666740e+01
  +9.73955392431169286738e+01
  +9.64196445431721400610e+01
  +9.54489829138882299731e+01
  +9.44834826880541243099e+01
  +9.35230728496791670068e+01
  +9.25676830358821831624e+01
  +9.16172435380214551515e+01
  +9.06716853021093811549e+01
  +8.97309399285567650395e+01
  +8.87949396712888869843e+01
  +8.78636174362699620133e+01
  +8.69369067794778089819e+01
  +8.60147419043609033906e+01
  +8.50970576588145775077e+01
  +8.41837895317073474644e+01
  +8.32748736489894554325e+01
  +8.23702467694114801589e+01
  +8.14698462798820486341e+01
  +8.05736101904910526628e+01
  +7.96814771292220314081e+01
  +7.87933863363794699808e+01
  +7.79092776587512787501e+01
  +7.70290915435294891722e+01
  +7.61527690320078676223e+01
  +7.52802517530767119069e+01
  +7.44114819165310024118e+01
  +7.35464023062108935846e+01
  +7.26849562729879750123e+01
  +7.18270877276148098645e+01
  +7.09727411334501567808e+01
  +7.01218614990736597292e+01
  +6.92743943708019429550e+01
  +6.84302858251199666029e+01
  +6.75894824610348052829e+01
  +6.67519313923659467491e+01
  +6.59175802399795287556e+01
  +6.50863771239763764243e+01
  +6.42582706558417555698e+01
  +6.34332099305650203291e+01
  +6.26111445187370492249e+01
  +6.17920244586311113721e+01
  +6.09758002482742327288e+01
  +6.01624228375155780668e+01
  +5.93518436200953587445e+01
  +5.85440144257226080526e+01
  +5.77388875121622504594e+01
  +5.69364155573400054777e+01
  +5.61365516514663625003e+01
  +5.53392492891841740743e+01
  +5.45444623617437684970e+01
  +5.37521451492073722989e+01
  +5.29622523126871556087e+01
  +5.21747388866182575384e+01
  +5.13895602710695911242e+01
  +5.06066722240950426226e+01
  +4.98260308541253564840e+01
  +4.90475926124049195209e+01
  +4.82713142854718313401e+01
  +4.74971529876856664032e+01
  +4.67250661538017766361e+01
  +4.59550115315941383187e+01
  +4.51869471745280648634e+01
  +4.44208314344818049335e+01
  +4.36566229545200386042e+01
  +4.28942806617176088935e+01
  +4.21337637600352081790e+01
  +4.13750317232465221196e+01
  +4.06180442879175416238e+01
  +3.98627614464382062920e+01
  +3.91091434401057682635e+01
  +3.83571507522603596385e+01
  +3.76067441014727634752e+01
  +3.68578844347841396711e+01
  +3.61105329209965830728e+01
  +3.53646509440161054272e+01
  +3.46202000962461227118e+01
  +3.38771421720313341552e+01
  +3.31354391611528313888e+01
  +3.23950532423725192643e+01
  +3.16559467770270686060e+01
  +3.09180823026714115542e+01
</dep>
<dep S21_dB frequency>
  -5.72846242082778234206e-01
  -6.29979264865580868005e-01
  -6.89698971559663309705e-01
  -7.51981434193547015887e-01
  -8.16802021636249486747e-01
  -8.84135459298210468759e-01
  -9.53955889007268575952e-01
  -1.02623692904062280284e+00
  -1.10095173426498793567e+00
  -1.17807305631213732333e+00
  -1.25757330369863340458e+00
  -1.33942460179246447538e+00
  -1.42359885252408724376e+00
  -1.51006779373011301715e+00
  -1.59880305802937305870e+00
  -1.68977623112698238650e+00
  -1.78295890944471047135e+00
  -1.87832275699067796637e+00
  -1.97583956137820715426e+00
  -2.07548128891871108692e+00
  -2.17722013871794484174e+00
  -2.28102859571651261916e+00
  -2.38687948262310278835e+00
  -2.49474601070009915915e+00
  -2.60460182936950079835e+00
  -2.71642107461868675955e+00
  -2.83017841619530763353e+00
  -2.94584910358889029425e+00
  -3.06340901080816774282e+00
  -3.18283467997310864916e+00
  -3.30410336374810764681e+00
  -3.42719306665497480680e+00
  -3.55208258530983211898e+00
  -3.67875154764075906755e+00
  -3.80718045114825587305e+00
  -3.93735070028030342826e+00
  -4.06924464300257060501e+00
  -4.20284560665081752262e+00
  -4.33813793316028117886e+00
  -4.47510701377685737867e+00
  -4.61373932335689040940e+00
  -4.75402245437582315901e+00
  -4.89594515077057668151e+00
  -5.03949734174455343805e+00
  -5.18467017567865262606e+00
  -5.33145605429210611703e+00
  -5.47984866721041896653e+00
  -5.62984302710059392183e+00
  -5.78143550554777974071e+00
  -5.93462386985035639242e+00
  -6.08940732092673364662e+00
  -6.24578653253084237207e+00
  -6.40376369198916783887e+00
  -6.56334254268185812720e+00
  -6.72452842850439225231e+00
  -6.88732834055979736831e+00
  -7.05175096634899389869e+00
  -7.21780674174181413605e+00
  -7.38550790603279416757e+00
  -7.55486856040607523965e+00
  -7.72590473015742773555e+00
  -7.89863443104801632444e+00
  -8.07307774019438717517e+00
  -8.24925687193042556089e+00
  -8.42719625911527892015e+00
  -8.60692264040086563170e+00
  -8.78846515401854588845e+00
  -8.97185543869533930206e+00
  -9.15712774236826376750e+00
  -9.34431903942808972374e+00
  -9.53346915729717281351e+00
  -9.72462091322700317164e+00
  -9.91782026229221003177e+00
  -1.01131164576612349038e+01
  -1.03105622243406180871e+01
  -1.05102139477217626506e+01
  -1.07121318784077779185e+01
  -1.09163803549698528172e+01
  -1.11230280464730739709e+01
  -1.13321482168346214792e+01
  -1.15438190133256846082e+01
  -1.17581237818192470002e+01
  -1.19751514117132202841e+01
  -1.21949967138388970511e+01
  -1.24177608351016406374e+01
  -1.26435517141047082390e+01
  -1.28724845825919587128e+01
  -1.31046825182226616135e+01
  -1.33402770549832361269e+01
  -1.35794088584615373350e+01
  -1.38222284742881775799e+01
  -1.40688971593229297241e+01
  -1.43195878066559565411e+01
  -1.45744859772634214323e+01
  -1.48337910532619066117e+01
  -1.50977175302036208393e+01
  -1.53664964688533594028e+01
  -1.56403771304820047305e+01
  -1.59196288240523884383e+01
  -1.62045429989313412023e+01
  -1.64954356231637824237e+01
  -1.67926498951812810390e+01
  -1.70965593464513432309e+01
  -1.74075714045007714503e+01
  -1.77261315005719630733e+01
  -1.80527278247424689539e+01
  -1.83878968547305063908e+01
  -1.87322298142948930888e+01
  -1.90863802550753369758e+01
  -1.94510730045888564632e+01
  -1.98271147865837242819e+01
  -2.02154069031389980182e+01
  -2.06169604779768960157e+01
  -2.10329149075853152340e+01
  -2.14645603656074186461e+01
  -2.19133654779230866438e+01
  -2.23810116626482127344e+01
  -2.28694361586590559909e+01
  -2.33808865214614627348e+01
  -2.39179904607784479253e+01
  -2.44838465130145337412e+01
  -2.50821434828731852917e+01
  -2.57173203538430783510e+01
  -2.63947843244841422461e+01
  -2.71212143250769699421e+01
  -2.79049936761078534175e+01
  -2.87568440095349302510e+01
  -2.96907844308628483532e+01
  -3.07256392994697264953e+01
  -3.18875204031261993975e+01
  -3.32141528817234004123e+01
  -3.47629798460452192899e+01
  -3.66278622598518595055e+01
  -3.89783376901019380512e+01
  -4.21720790765053124005e+01
  -4.72087301176849578610e+01
  -6.02877671036644713354e+01
  -5.24199555441411035872e+01
  -4.48488155414283653499e+01
  -4.08961129801984029086e+01
  -3.82112203981726707980e+01
  -3.61799252606655201703e+01
  -3.45483112761765056575e+01
  -3.31865599744471779786e+01
  -3.20193022923392476287e+01
  -3.09988707396221911949e+01
  -3.00931936990728559067e+01
  -2.92796559211363032205e+01
  -2.85417112552739702380e+01
  -2.78668881526664478088e+01
  -2.72455526474532270242e+01
  -2.66701078416873755828e+01
  -2.61344571831500829262e+01
  -2.56336336420096024824e+01
  -2.51635368181148244560e+01
  -2.47207423468752587326e+01
  -2.43023609829389855008e+01
  -2.39059325904138511021e+01
  -2.35293451514612570463e+01
  -2.31707720262053413762e+01
  -2.28286227405450077299e+01
  -2.25015039458306347342e+01
  -2.21881881272576748643e+01
  -2.18875882856470092008e+01
  -2.15987372744192001051e+01
  -2.13207708009486687217e+01
  -2.10529133391085636617e+01
  -2.07944663744703497343e+01
  -2.05447985334653360212e+01
  -2.03033372453888070197e+01
  -2.00695616601802093726e+01
  -1.98429966016358214631e+01
  -1.96232073795387371717e+01
  -1.94097953183304596791e+01
  -1.92023938867453409785e+01
  -1.90006653340096356430e+01
  -1.88042977550683119148e+01
  -1.86130025208049403318e+01
  -1.84265120201001231237e+01
  -1.82445776693931627221e+01
  -1.80669681525957450674e+01
</dep>
<dep S11_dB frequency>
  -9.15627291485849070796e+00
  -8.76724100315860077615e+00
  -8.39941453124737513747e+00
  -8.05101456736192488961e+00
  -7.72048538394703331988e+00
  -7.40645791050635082797e+00
  -7.10772036924876982056e+00
  -6.82319446567046661301e+00
  -6.55191592094397634582e+00
  -6.29301843119296755447e+00
  -6.04572035599544665985e+00
  -5.80931359866261232128e+00
  -5.58315426033678452455e+00
  -5.36665474002748421611e+00
  -5.15927702121114162281e+00
  -4.96052693827975588192e+00
  -4.76994925688671056463e+00
  -4.58712343405292788390e+00
  -4.41165994895309587776e+00
  -4.24319711512059427605e+00
  -4.08139830063305009134e+00
  -3.92594949553011307586e+00
  -3.77655717596194762109e+00
  -3.63294642288717772871e+00
  -3.49485925992549351093e+00
  -3.36205318054342106038e+00
  -3.23429983934018006053e+00
  -3.11138388600646553783e+00
  -2.99310192369110117383e+00
  -2.87926157615027156211e+00
  -2.76968065027468401951e+00
  -2.66418638245161387701e+00
  -2.56261475879788402921e+00
  -2.46480990063479188379e+00
  -2.37062350771457319709e+00
  -2.27991435267843511880e+00
  -2.19254782105631518263e+00
  -2.10839549183320507098e+00
  -2.02733475422130204890e+00
  -1.94924845680583902485e+00
  -1.87402458569517116338e+00
  -1.80155596869992828957e+00
  -1.73174000291505758575e+00
  -1.66447840338075137012e+00
  -1.59967697075990722411e+00
  -1.53724537620284462669e+00
  -1.47709696177076277301e+00
  -1.41914855496860958795e+00
  -1.36332029609322780139e+00
  -1.30953547724177687961e+00
  -1.25772039194613283186e+00
  -1.20780419450753084831e+00
  -1.15971876820066999159e+00
  -1.11339860160096848496e+00
  -1.06878067236391149919e+00
  -1.02580433785236624367e+00
  -9.84411232066411678865e-01
  -9.44545168384100630732e-01
  -9.06152047668267179859e-01
  -8.69179771336288542471e-01
  -8.33578159028602883041e-01
  -7.99298870544153716722e-01
  -7.66295331742015362053e-01
  -7.34522664135352054693e-01
  -7.03937617927922643091e-01
  -6.74498508265811813622e-01
  -6.46165154495731308693e-01
  -6.18898822239981272197e-01
  -5.92662168113318288398e-01
  -5.67419186921845675187e-01
  -5.43135161196446225595e-01
  -5.19776612925695769007e-01
  -4.97311257363117209529e-01
  -4.75707958793781360285e-01
  -4.54936688153362245313e-01
  -4.34968482401368650159e-01
  -4.15775405556656207917e-01
  -3.97330511310455825047e-01
  -3.79607807137699815314e-01
  -3.62582219833013641441e-01
  -3.46229562402598500803e-01
  -3.30526502247624143216e-01
  -3.15450530579197363501e-01
  -3.00979933008308442322e-01
  -2.87093761257933122177e-01
  -2.73771805947457758101e-01
  -2.60994570402714343160e-01
  -2.48743245447351768451e-01
  -2.36999685133891857536e-01
  -2.25746383375163867102e-01
  -2.14966451438777517158e-01
  -2.04643596269402261445e-01
  -1.94762099605271299385e-01
  -1.85306797857283156450e-01
  -1.76263062720336566302e-01
  -1.67616782488317850319e-01
  -1.59354344045207901859e-01
  -1.51462615506355841033e-01
  -1.43928929485058171300e-01
  -1.36741066960533980135e-01
  -1.29887241724768759399e-01
  -1.23356085386453637187e-01
  -1.17136632911283483649e-01
  -1.11218308678742966444e-01
  -1.05590913036322578411e-01
  -1.00244609332928474865e-01
  -9.51699114140400065365e-02
  -9.03576715617595838115e-02
  -8.57990688636688370039e-02
  -8.14855979950713932292e-02
  -7.74090583996132342026e-02
  -7.35615438542764205065e-02
  -6.99354324046672082282e-02
  -6.65233766576693724693e-02
  -6.33182944186917867624e-02
  -6.03133596612338840348e-02
  -5.75019938170782882181e-02
  -5.48778573757961046775e-02
  -5.24348417826507526285e-02
  -5.01670616243744052487e-02
  -4.80688470929010319699e-02
  -4.61347367170168304318e-02
  -4.43594703528798692260e-02
  -4.27379824241805386653e-02
  -4.12653954032758604753e-02
  -3.99370135250154550954e-02
  -3.87483167250612381416e-02
  -3.76949547949858160267e-02
  -3.67727417466413020186e-02
  -3.59776503785156284709e-02
  -3.53058070372514673507e-02
  -3.47534865673789702956e-02
  -3.43171074430362460506e-02
  -3.39932270752631437993e-02
  -3.37785372889061602519e-02
  -3.36698599633611789228e-02
  -3.36641428315300750285e-02
  -3.37584554316477172820e-02
  -3.39499852066747417889e-02
  -3.42360337464119451889e-02
  -3.46140131673814133162e-02
  -3.50814426259047767998e-02
  -3.56359449597875577176e-02
  -3.62752434544770241409e-02
  -3.69971587293173725941e-02
  -3.77996057400613594268e-02
  -3.86805908936795964093e-02
  -3.96382092717547443450e-02
  -4.06706419589508705315e-02
  -4.17761534729656144882e-02
  -4.29530892927960095129e-02
  -4.41998734819621097447e-02
  -4.55150064037111862225e-02
  -4.68970625252168593633e-02
  -4.83446883078440803327e-02
  -4.98566001808143158258e-02
  -5.14315825955348401854e-02
  -5.30684861581327479985e-02
  -5.47662258377327321179e-02
  -5.65237792479335449114e-02
  -5.83401849995761681567e-02
  -6.02145411222546403374e-02
  -6.21460035526706783271e-02
  -6.41337846878425599240e-02
  -6.61771520010751290730e-02
  -6.82754267189818464523e-02
  -7.04279825577157209127e-02
  -7.26342445166549416369e-02
  -7.48936877280113738609e-02
  -7.72058363606700492898e-02
  -7.95702625767957666403e-02
  -8.19865855397672038674e-02
  -8.44544704720832234424e-02
  -8.69736277617973035925e-02
  -8.95438121163551759008e-02
  -9.21648217625048171708e-02
  -9.48364976912231677497e-02
  -9.75587229464228988807e-02
  -1.00331421956539032503e-01
  -1.03154559907809084685e-01
  -1.06028142158469659839e-01
</dep>
<dep Zin_ohm frequency>
  +1.69588093580555641893e+03
  +1.63920729224267279278e+03
  +1.58294029403466470285e+03
  +1.52720230098748015735e+03
  +1.47209555562308173648e+03
  +1.41770460920628602253e+03
  +1.36409865272211300180e+03
  +1.31133372106573392557e+03
  +1.25945475427482710984e+03
  +1.20849751188018876746e+03
  +1.15849034593886335642e+03
  +1.10945584563161992264e+03
  +1.06141237202926618011e+03
  +1.01437550628884901016e+03
  +9.68359438594136918255e+02
  +9.23378329037370576771e+02
  +8.79447675689155516920e+02
  +8.36585729589649531590e+02
  +7.94815001465977047701e+02
  +7.54163910550332730054e+02
  +7.14668631486276467513e+02
  +6.76375199801434519031e+02
  +6.39341937409992169705e+02
  +6.03642252607914088003e+02
  +5.69367846136927255429e+02
  +5.36632302958239506552e+02
  +5.05574947912607058242e+02
  +4.76364663616846314653e+02
  +4.49203076901760141482e+02
  +4.24326091753257458095e+02
  +4.02002205381551277696e+02
  +3.82525530415269315654e+02
  +3.66201305450987831591e+02
  +3.53322475890198120396e+02
  +3.44138223972337641499e+02
  +3.38819039410932077772e+02
  +3.37426608738111497132e+02
  +3.39897851371980948443e+02
  +3.46048947407001094234e+02
  +3.55598304294214131005e+02
  +3.68201038376719338885e+02
  +3.83485240141453516571e+02
  +4.01082376219633147230e+02
  +4.20648293787778470687e+02
  +4.41874889567900311249e+02
  +4.64494456231947594915e+02
  +4.88279190795684144177e+02
  +5.13037995332023115225e+02
  +5.38612082242325300285e+02
  +5.64870321053780457987e+02
  +5.91704836946449972856e+02
  +6.19027094260208059495e+02
  +6.46764535959725662906e+02
  +6.74857764139234973300e+02
  +7.03258207120898305220e+02
  +7.31926205239978912687e+02
  +7.60829447447828215445e+02
  +7.89941697111160010536e+02
  +8.19241753861673032588e+02
  +8.48712607023442387799e+02
  +8.78340744084409379866e+02
  +9.08115584538645521206e+02
  +9.38029015160354447289e+02
  +9.68075007467273053408e+02
  +9.98249301930371530034e+02
  +1.02854914653616924625e+03
  +1.05897307974533464403e+03
  +1.08952074983495685956e+03
  +1.12019276416145271469e+03
  +1.15099056311692493182e+03
  +1.18191631453901300119e+03
  +1.21297282512462629711e+03
  +1.24416346603189776943e+03
  +1.27549211036500264527e+03
  +1.30696308064830645890e+03
  +1.33858110472964153814e+03
  +1.37035127882338656491e+03
  +1.40227903662478161095e+03
  +1.43437012360729750071e+03
  +1.46663057576310598051e+03
  +1.49906670216856446132e+03
  +1.53168507085739247486e+03
  +1.56449249756778181109e+03
  +1.59749603699906538168e+03
  +1.63070297627171066779e+03
  +1.66412083033286808131e+03
  +1.69775733909066889282e+03
  +1.73162046609485400950e+03
  +1.76571839861068428945e+03
  +1.80005954895779791514e+03
  +1.83465255700693137442e+03
  +1.86950629374585196274e+03
  +1.90462986584134091572e+03
  +1.94003262113781215703e+03
  +1.97572415504519267415e+03
  +2.01171431777893917570e+03
  +2.04801322242455989908e+03
  +2.08463125380712472179e+03
  +2.12157907815378848682e+03
  +2.15886765354412955276e+03
  +2.19650824114928855124e+03
  +2.23451241726677471888e+03
  +2.27289208616308724231e+03
  +2.31165949374172942044e+03
  +2.35082724205894737679e+03
  +2.39040830471456411033e+03
  +2.43041604314997357505e+03
  +2.47086422389029667102e+03
  +2.51176703677241039259e+03
  +2.55313911420551721676e+03
  +2.59499555151617778392e+03
  +2.63735192843466438717e+03
  +2.68022433178533856335e+03
  +2.72362937944923669420e+03
  +2.76758424567334805033e+03
  +2.81210668780738706118e+03
  +2.85721507455591108737e+03
  +2.90292841584087091178e+03
  +2.94926639437767425989e+03
  +2.99624939907641055470e+03
  +3.04389856038895004531e+03
  +3.09223578773275949061e+03
  +3.14128380913284581766e+03
  +3.19106621323515355471e+03
  +3.24160749385722101579e+03
  +3.29293309725600965976e+03
  +3.34506947230762034451e+03
  +3.39804412381038082458e+03
  +3.45188566914052125867e+03
  +3.50662389850954878057e+03
  +3.56228983909397175012e+03
  +3.61891582333169435515e+03
  +3.67653556170528463554e+03
  +3.73518422036126821695e+03
  +3.79489850394559971392e+03
  +3.85571674407046384658e+03
  +3.91767899386567023612e+03
  +3.98082712911019734747e+03
  +4.04520495648604719463e+03
  +4.11085832954830584640e+03
  +4.17783527306261930789e+03
  +4.24618611642481118906e+03
  +4.31596363694787487475e+03
  +4.38722321388037926226e+03
  +4.46002299410735031415e+03
  +4.53442407058283060906e+03
  +4.61049067465161078871e+03
  +4.68829038353993291821e+03
  +4.76789434443116078910e+03
  +4.84937751669534827670e+03
  +4.93281893401363686280e+03
  +5.01830198833141548675e+03
  +5.10591473779207626649e+03
  +5.19575024104878593789e+03
  +5.28790692062919697491e+03
  +5.38248895834259110416e+03
  +5.47960672607494871045e+03
  +5.57937725572291219578e+03
  +5.68192475247783659142e+03
  +5.78738115619711697946e+03
  +5.89588675620010508283e+03
  +6.00759086551303335000e+03
  +6.12265256137621145172e+03
  +6.24124149973218663945e+03
  +6.36353881245832508284e+03
  +6.48973809731204801210e+03
  +6.62004651195219503279e+03
  +6.75468598501804081025e+03
  +6.89389455912940047710e+03
  +7.03792788286525865260e+03
  +7.18706087134311383124e+03
  +7.34158955802741547814e+03
  +7.50183316392938650097e+03
  +7.66813641452700903756e+03
  +7.84087213965975388419e+03
  +8.02044419749757071259e+03
  +8.20729077063844488293e+03
  +8.40188809069407398056e+03
  +8.60475465767741115997e+03
  +8.81645603247657527390e+03
  +9.03761029515422887926e+03
</dep>
<dep Zin_norm frequency>
  +3.39176187161111286628e+01
  +3.27841458448534552872e+01
  +3.16588058806932934885e+01
  +3.05440460197496044259e+01
  +2.94419111124616357245e+01
  +2.83540921841257222979e+01
  +2.72819730544422611729e+01
  +2.62266744213146800746e+01
  +2.51890950854965431915e+01
  +2.41699502376037749229e+01
  +2.31698069187772652811e+01
  +2.21891169126323966054e+01
  +2.12282474405853243127e+01
  +2.02875101257769792085e+01
  +1.93671887718827377967e+01
  +1.84675665807474125302e+01
  +1.75889535137831103384e+01
  +1.67317145917929899213e+01
  +1.58963000293195406698e+01
  +1.50832782110066556669e+01
  +1.42933726297255283555e+01
  +1.35275039960286900254e+01
  +1.27868387481998428967e+01
  +1.20728450521582821864e+01
  +1.13873569227385456060e+01
  +1.07326460591647894205e+01
  +1.01114989582521417333e+01
  +9.52729327233692657728e+00
  +8.98406153803520268752e+00
  +8.48652183506514923295e+00
  +8.04004410763102583815e+00
  +7.65051060830538620650e+00
  +7.32402610901975670288e+00
  +7.06644951780396191054e+00
  +6.88276447944675329182e+00
  +6.77638078821864198176e+00
  +6.74853217476222955185e+00
  +6.79795702743961882675e+00
  +6.92097894814002234654e+00
  +7.11196608588428258457e+00
  +7.36402076753438716850e+00
  +7.66970480282907018932e+00
  +8.02164752439266237616e+00
  +8.41296587575556920058e+00
  +8.83749779135800572760e+00
  +9.28988912463895211147e+00
  +9.76558381591368274144e+00
  +1.02607599066404624466e+01
  +1.07722416448465061478e+01
  +1.12974064210756086624e+01
  +1.18340967389289986045e+01
  +1.23805418852041615452e+01
  +1.29352907191945138976e+01
  +1.34971552827846998923e+01
  +1.40651641424179665307e+01
  +1.46385241047995791064e+01
  +1.52165889489565646642e+01
  +1.57988339422231991449e+01
  +1.63848350772334612202e+01
  +1.69742521404688488929e+01
  +1.75668148816881881658e+01
  +1.81623116907729098557e+01
  +1.87605803032070888037e+01
  +1.93615001493454599313e+01
  +1.99649860386074315954e+01
  +2.05709829307233853513e+01
  +2.11794615949066944438e+01
  +2.17904149966991376175e+01
  +2.24038552832290562833e+01
  +2.30198112623384965048e+01
  +2.36383262907802595976e+01
  +2.42594565024925259422e+01
  +2.48832693206379573780e+01
  +2.55098422073000534738e+01
  +2.61392616129661270463e+01
  +2.67716220945928284891e+01
  +2.74070255764677312982e+01
  +2.80455807324956332138e+01
  +2.86874024721459477405e+01
  +2.93326115152621191839e+01
  +2.99813340433712873789e+01
  +3.06337014171478472235e+01
  +3.12898499513556380691e+01
  +3.19499207399813087704e+01
  +3.26140595254342144926e+01
  +3.32824166066573639000e+01
  +3.39551467818133758669e+01
  +3.46324093218970787689e+01
  +3.53143679722136880628e+01
  +3.60011909791559574501e+01
  +3.66930511401386283410e+01
  +3.73901258749170395390e+01
  +3.80925973168268185987e+01
  +3.88006524227562437090e+01
  +3.95144831009038526304e+01
  +4.02342863555787815244e+01
  +4.09602644484912019607e+01
  +4.16926250761424981306e+01
  +4.24315815630757739996e+01
  +4.31773530708825887814e+01
  +4.39301648229857732986e+01
  +4.46902483453354903986e+01
  +4.54578417232617439936e+01
  +4.62331898748345864192e+01
  +4.70165448411789483885e+01
  +4.78081660942912805012e+01
  +4.86083208629994700800e+01
  +4.94172844778059356941e+01
  +5.02353407354482115466e+01
  +5.10627822841103480300e+01
  +5.18999110303235582364e+01
  +5.27470385686932914382e+01
  +5.36044866357067704143e+01
  +5.44725875889847372946e+01
  +5.53516849134669612909e+01
  +5.62421337561477372446e+01
  +5.71443014911182203264e+01
  +5.80585683168174213620e+01
  +5.89853278875534883241e+01
  +5.99249879815282113782e+01
  +6.08779712077790051694e+01
  +6.18447157546551906648e+01
  +6.28256761826569203322e+01
  +6.38213242647030725152e+01
  +6.48321498771444169051e+01
  +6.58586619451201897846e+01
  +6.69013894461524074586e+01
  +6.79608824762076153547e+01
  +6.90377133828104234681e+01
  +7.01324779701909761798e+01
  +7.12457967818794344339e+01
  +7.23783164666338905135e+01
  +7.35307112341056949845e+01
  +7.47036844072253671811e+01
  +7.58979700789119959836e+01
  +7.71143348814092775001e+01
  +7.83535798773134075645e+01
  +7.96165425822039480863e+01
  +8.09040991297209473032e+01
  +8.22171665909661157912e+01
  +8.35567054612523918422e+01
  +8.49237223284962254866e+01
  +8.63192727389574940844e+01
  +8.77444642776075767188e+01
  +8.92004598821470153780e+01
  +9.06884814116566104758e+01
  +9.22098134930322146374e+01
  +9.37658076707986509746e+01
  +9.53578868886232129398e+01
  +9.69875503339069666708e+01
  +9.86563786802727378245e+01
  +1.00366039766628304619e+02
  +1.02118294755841532151e+02
  +1.03915004820975724442e+02
  +1.05758138412583946320e+02
  +1.07649779166851828904e+02
  +1.09592134521498977051e+02
  +1.11587545114458251305e+02
  +1.13638495049556723870e+02
  +1.15747623123942332768e+02
  +1.17917735124002092562e+02
  +1.20151817310260668137e+02
  +1.22453051227524227329e+02
  +1.24824829994643735631e+02
  +1.27270776249166502225e+02
  +1.29794761946240953421e+02
  +1.32400930239043901793e+02
  +1.35093719700360821889e+02
  +1.37877891182588001584e+02
  +1.40758557657305175326e+02
  +1.43741217426862277762e+02
  +1.46831791160548306152e+02
  +1.50036663278587724335e+02
  +1.53362728290540189846e+02
  +1.56817442793195084505e+02
  +1.60408883949951416525e+02
  +1.64145815412768882879e+02
  +1.68037761813881473927e+02
  +1.72095093153548219789e+02
  +1.76329120649531489562e+02
  +1.80752205903084586680e+02
</dep>
<dep S[2,2] frequency>
  -2.07304965501248550375e-01-j2.80120890350368689781e-01
  -2.25816847454937297268e-01-j2.86060397498238527803e-01
  -2.44731376181149151705e-01-j2.90981129547986105965e-01
  -2.63990057187800497562e-01-j2.94869055152030323796e-01
  -2.83534304765465539067e-01-j2.97713787443073474304e-01
  -3.03305687118937239433e-01-j2.99508530120370930483e-01
  -3.23246162547700222056e-01-j3.00250006107138367462e-01
  -3.43298305411298965151e-01-j2.99938369943638261095e-01
  -3.63405520759641442741e-01-j2.98577105166938361336e-01
  -3.83512246655554278618e-01-j2.96172907997312107042e-01
  -4.03564143366078764696e-01-j2.92735558703181686369e-01
  -4.23508268749915484097e-01-j2.88277782051995279389e-01
  -4.43293239317174181391e-01-j2.82815098273347442781e-01
  -4.62869376581837910223e-01-j2.76365665964348583561e-01
  -4.82188838470397340696e-01-j2.68950118356395151409e-01
  -5.01205735683348807541e-01-j2.60591394337806425696e-01
  -5.19876233033936374639e-01-j2.51314565590329663802e-01
  -5.38158635908959070981e-01-j2.41146661149375940436e-01
  -5.56013462105041433858e-01-j2.30116490640442206139e-01
  -5.73403499395212734591e-01-j2.18254467378089761498e-01
  -5.90293849270193127232e-01-j2.05592432441005890098e-01
  -6.06651957378645856345e-01-j1.92163480757927496168e-01
  -6.22447631259501532597e-01-j1.78001790156471967341e-01
  -6.37653046017765845477e-01-j1.63142454240827794454e-01
  -6.52242738643324493353e-01-j1.47621319876723194886e-01
  -6.66193591709911325793e-01-j1.31474829973515644488e-01
  -6.79484807219739583850e-01-j1.14739872165269041204e-01
  -6.92097871377949758198e-01-j9.74536339060590728334e-02
  -7.04016511091405616796e-01-j7.96534644100988648008e-02
  -7.15226642988865846107e-01-j6.13767437855711750494e-02
  -7.25716315754118879155e-01-j4.26607596330936950091e-02
  -7.35475646552387285482e-01-j2.35425913053951586795e-02
  -7.44496752312527654283e-01-j4.05900195546113340406e-03
  -7.52773676605019148589e-01+j1.57536615647179550903e-02
  -7.60302312828469828432e-01+j3.58595609522061875563e-02
  -7.67080324386516854140e-01+j5.62234509001303880971e-02
  -7.73107062503090136651e-01+j7.68107558451879557371e-02
  -7.78383482287550831913e-01+j9.75876391612499616279e-02
  -7.82912057622979329352e-01+j1.18521064983581642105e-01
  -7.86696695411573054812e-01+j1.39578852882326909235e-01
  -7.89742649670604257572e-01+j1.60729725632465292318e-01
  -7.92056435932210423090e-01+j1.81943350352261279390e-01
  -7.93645746359728732067e-01+j2.03190373301866955558e-01
  -7.94519365953469058894e-01+j2.24442448649231657276e-01
  -7.94687090179945321289e-01+j2.45672261522727364280e-01
  -7.94159644320605817569e-01+j2.66853545677627368438e-01
  -7.92948604799678324895e-01+j2.87961096108800718163e-01
  -7.91066322715756387041e-01+j3.08970776943540748061e-01
  -7.88525849768554887298e-01+j3.29859524947963833608e-01
  -7.85340866740855902961e-01+j3.50605348976794795046e-01
  -7.81525614666155887811e-01+j3.71187325691424152563e-01
  -7.77094828785059199561e-01+j3.91585591863527870959e-01
  -7.72063675367878121669e-01+j4.11781333573061569808e-01
  -7.66447691457446733665e-01+j4.31756772599201477103e-01
  -7.60262727564589346763e-01+j4.51495150291647828755e-01
  -7.53524893329089673344e-01+j4.70980709197595048821e-01
  -7.46250506141365121948e-01+j4.90198672707006288807e-01
  -7.38456042704152992862e-01+j5.09135222965439893095e-01
  -7.30158093499439275753e-01+j5.27777477290188423709e-01
  -7.21373320113471216963e-01+j5.46113463311713398518e-01
  -7.12118415361811862851e-01+j5.64132093048432148308e-01
  -7.02410066147141298742e-01+j5.81823136109258176596e-01
  -6.92264918974508813854e-01+j5.99177192204656039465e-01
  -6.81699548042183800511e-01+j6.16185663133565153515e-01
  -6.70730425820783571211e-01+j6.32840724400634102587e-01
  -6.59373896029067041447e-01+j6.49135296605444445106e-01
  -6.47646148911524277558e-01+j6.65063016733342893261e-01
  -6.35563198720489608284e-01+j6.80618209465645107592e-01
  -6.23140863303985659272e-01+j6.95795858615897100385e-01
  -6.10394745699736174238e-01+j7.10591578788113298337e-01
  -5.97340217635715431399e-01+j7.25001587342867459540e-01
  -5.83992404837999634637e-01+j7.39022676747501439110e-01
  -5.70366174047801655078e-01+j7.52652187377760295561e-01
  -5.56476121650969712817e-01+j7.65887980829685677264e-01
  -5.42336563825118966875e-01+j7.78728413792786677838e-01
  -5.27961528111748124026e-01+j7.91172312528075516447e-01
  -5.13364746323188181343e-01+j8.03218947987848541636e-01
  -4.98559648696896784426e-01+j8.14868011607740916347e-01
  -4.83559359212570538666e-01+j8.26119591795801411216e-01
  -4.68376691990528004617e-01+j8.36974151138040189934e-01
  -4.53024148693009609534e-01+j8.47432504335013048191e-01
  -4.37513916853266626728e-01+j8.57495796879616078989e-01
  -4.21857869060553725138e-01+j8.67165484482215642714e-01
  -4.06067562932511838536e-01+j8.76443313245645727605e-01
  -3.90154241809649138251e-01+j8.85331300589352387931e-01
  -3.74128836109970719370e-01+j8.93831716919032626123e-01
  -3.58001965285005108175e-01+j9.01947068035552357301e-01
  -3.41783940321711166010e-01+j9.09680078274627490487e-01
  -3.25484766737806352488e-01+j9.17033674366779183451e-01
  -3.09114148021160717317e-01+j9.24010970005283205353e-01
  -2.92681489466867783555e-01+j9.30615251108353747078e-01
  -2.76195902368389700765e-01+j9.36849961760539695632e-01
  -2.59666208522039088091e-01+j9.42718690817193172293e-01
  -2.43100945006707286344e-01+j9.48225159154979180265e-01
  -2.26508369203238330014e-01+j9.53373207550711199154e-01
  -2.09896464020423612062e-01+j9.58166785170165624663e-01
  -1.93272943296827648396e-01+j9.62609938648154139784e-01
  -1.76645257349974715844e-01+j9.66706801740786936250e-01
  -1.60020598646514300434e-01+j9.70461585530679404776e-01
  -1.43405907569014917646e-01+j9.73878569165784746531e-01
  -1.26807878256966516384e-01+j9.76962091112510089275e-01
  -1.10232964501362759591e-01+j9.79716540903865396039e-01
  -9.36873856739976196284e-02+j9.82146351363544112267e-01
  -7.71771326741515217851e-02+j9.84255991287056430927e-01
  -6.07079738769370699791e-02+j9.86049958561300732285e-01
  -4.42854610689613278907e-02+j9.87532773704269839499e-01
  -2.79149353583258985623e-02+j9.88708973806943780538e-01
  -1.16015330472058770389e-02+j9.89583106859829086943e-01
  +4.64980854352947496622e-03+j9.90159726446996568683e-01
  +2.08343453071065179416e-02+j9.90443386790926361130e-01
  +3.69475206495399680073e-02+j9.90438638131939552700e-01
  +5.29849598616515746197e-02+j9.90150022426423248589e-01
  +6.89424645710785544139e-02+j9.89582069348622028748e-01
  +8.48160072800218101108e-02+j9.88739292581180095887e-01
  +1.00601725993786167423e-01+j9.87626186380156978473e-01
  +1.16295918944413434470e-01+j9.86247222400745693349e-01
  +1.31895039413124220973e-01+j9.84606846770393007162e-01
  +1.47395690654616023929e-01+j9.82709477396538799709e-01
  +1.62794620925766408970e-01+j9.80559501496672702991e-01
  +1.78088718620786568003e-01+j9.78161273338901460228e-01
  +1.93275007514362356931e-01+j9.75519112181674308282e-01
  +2.08350642113976303182e-01+j9.72637300401823945428e-01
  +2.23312903122133837863e-01+j9.69520081800496980051e-01
  +2.38159193008944336523e-01+j9.66171660077025706848e-01
  +2.52887031695129271824e-01+j9.62596197461225822067e-01
  +2.67494052345303712226e-01+j9.58797813495014139562e-01
  +2.81977997271047609029e-01+j9.54780583954690675874e-01
  +2.96336713943136265126e-01+j9.50548539905586298282e-01
  +3.10568151112004975367e-01+j9.46105666881210449759e-01
  +3.24670355035403257471e-01+j9.41455904179385183461e-01
  +3.38641465812001996039e-01+j9.36603144268208676060e-01
  +3.52479713819584705714e-01+j9.31551232295077080714e-01
  +3.66183416256281257795e-01+j9.26303965692300779189e-01
  +3.79750973783292977703e-01+j9.20865093873175499795e-01
  +3.93180867267343636673e-01+j9.15238318012718266026e-01
  +4.06471654621091360582e-01+j9.09427290907532270836e-01
  +4.19621967739639945005e-01+j9.03435616909592953405e-01
  +4.32630509531229556774e-01+j8.97266851928985698095e-01
  +4.45496051040157214906e-01+j8.90924503500944653389e-01
  +4.58217428659905723354e-01+j8.84412030912733682086e-01
  +4.70793541434478823859e-01+j8.77732845386203330840e-01
  +4.83223348445894818060e-01+j8.70890310312058546494e-01
  +4.95505866285768536983e-01+j8.63887741532125552624e-01
  +5.07640166608947174254e-01+j8.56728407666065505666e-01
  +5.19625373767104381528e-01+j8.49415530479259550667e-01
  +5.31460662520288229516e-01+j8.41952285288698143439e-01
  +5.43145255824335260186e-01+j8.34341801403965299677e-01
  +5.54678422692157280238e-01+j8.26587162600538438717e-01
  +5.66059476126880456448e-01+j8.18691407622796019083e-01
  +5.77287771124858184457e-01+j8.10657530714310792241e-01
  +5.88362702746609622650e-01+j8.02488482173108863549e-01
  +5.99283704253744553547e-01+j7.94187168929776587945e-01
  +6.10050245309990191167e-01+j7.85756455146374932497e-01
  +6.20661830244453538441e-01+j7.77199162834285361967e-01
  +6.31117996375290202238e-01+j7.68518072489238868172e-01
  +6.41418312392004974498e-01+j7.59715923741848042638e-01
  +6.51562376794607489572e-01+j7.50795416022147721336e-01
  +6.61549816387938749429e-01+j7.41759209236667826914e-01
  +6.71380284829470541652e-01+j7.32609924456733785370e-01
  +6.81053461228969037045e-01+j7.23350144616750512228e-01
  +6.90569048798413409607e-01+j7.13982415221288468921e-01
  +6.99926773550626823983e-01+j7.04509245059949162915e-01
  +7.09126383045127095528e-01+j6.94933106928972588179e-01
  +7.18167645179697111679e-01+j6.85256438358704422775e-01
  +7.27050347026291010621e-01+j6.75481642346063893001e-01
  +7.35774293709864135593e-01+j6.65611088091228819685e-01
  +7.44339307328806043529e-01+j6.55647111737832410938e-01
  +7.52745225915669724515e-01+j6.45592017116011107625e-01
  +7.60991902436929490428e-01+j6.35448076487701074555e-01
  +7.69079203830578594925e-01+j6.25217531293637773793e-01
  +7.77007010080360549509e-01+j6.14902592901556688254e-01
  +7.84775213325517917440e-01+j6.04505443355154659102e-01
  +7.92383717004943477491e-01+j5.94028236123393060808e-01
  +7.99832435034703248533e-01+j5.83473096849775663131e-01
  +8.07121291017878994545e-01+j5.72842124101294758454e-01
  +8.14250217485772087578e-01+j5.62137390116733581813e-01
  +8.21219155169518821857e-01+j5.51360941554071004589e-01
  +8.28028052301199912755e-01+j5.40514800236792547494e-01
  +8.34676863943586977435e-01+j5.29600963898880006120e-01
  +8.41165551347681339500e-01+j5.18621406928337025377e-01
  +8.47494081337243576613e-01+j5.07578081109112511093e-01
</dep>
<dep S[2,1] frequency>
  +7.52273946645876323558e-01-j5.57234382763339919364e-01
  +7.29753579575323052531e-01-j5.76568956518621500429e-01
  +7.06646735905960055035e-01-j5.94818996661000021220e-01
  +6.83013165998519911071e-01-j6.11967617119574591733e-01
  +6.58912767676447352905e-01-j6.28001606488427066566e-01
  +6.34405339661818779007e-01-j6.42911375356054470842e-01
  +6.09550344029739732399e-01-j6.56690886163891818228e-01
  +5.84406678925824318860e-01-j6.69337566759708013642e-01
  +5.59032462652312323037e-01-j6.80852208897596566928e-01
  +5.33484830084671624029e-01-j6.91238853005153530695e-01
  +5.07819742234114746005e-01-j7.00504660590077432580e-01
  +4.82091809622577860406e-01-j7.08659775693745275227e-01
  +4.56354129989460455263e-01-j7.15717176818260303328e-01
  +4.30658140706419612087e-01-j7.21692520756931688020e-01
  +4.05053486134340945402e-01-j7.26603979747386774513e-01
  +3.79587900024108138020e-01-j7.30472073341713934447e-01
  +3.54307102935673468025e-01-j7.33319496351600874640e-01
  +3.29254714529907788201e-01-j7.35170944178264451629e-01
  +3.04472180479545329046e-01-j7.36052936779596933548e-01
  +2.79998713644282415380e-01-j7.35993642460878505496e-01
  +2.55871249065878769713e-01-j7.35022702602543098749e-01
  +2.32124412259317652873e-01-j7.33171058359837979346e-01
  +2.08790500207457763171e-01-j7.30470780286438192697e-01
  +1.85899474408402015646e-01-j7.26954901748050330568e-01
  +1.63478965276757509661e-01-j7.22657256904559175403e-01
  +1.41554287162467179462e-01-j7.17612323950672426065e-01
  +1.20148463222520734961e-01-j7.11855074217140337822e-01
  +9.92822593623219479264e-02-j7.05420827647997628063e-01
  +7.89742264530980120352e-02-j6.98345115084666678840e-01
  +5.92407500292765759609e-02-j6.90663547706130920290e-01
  +4.00961066752285599790e-02-j6.82411693896389115466e-01
  +2.15525263220308661849e-02-j6.73624963736167203798e-01
  +3.62025969271883435452e-03-j6.64338501246534374189e-01
  -1.36923498429915631996e-02-j6.54587084446984990294e-01
  -3.03787907162627913993e-02-j6.44405033231045032416e-01
  -4.64343045898985909425e-02-j6.33826125007767249286e-01
  -6.18558054193207584870e-02-j6.22883518008088499229e-01
  -7.66417967543519540463e-02-j6.11609682111024177686e-01
  -9.07922878541551764409e-02-j6.00036337005751096996e-01
  -1.04308709148412018242e-01-j5.88194397471564767166e-01
  -1.17193827537311556775e-01-j5.76113925529139314641e-01
  -1.29451661982796117911e-01-j5.63824089191741650851e-01
  -1.41087399802946961147e-01-j5.51353127525423758470e-01
  -1.52107314041630331536e-01-j5.38728321711770985480e-01
  -1.62518682246665935320e-01-j5.25975971794501839796e-01
  -1.72329706951823424799e-01-j5.13121378783567561044e-01
  -1.81549438121585221539e-01-j5.00188831785129850438e-01
  -1.90187697782623704734e-01-j4.87201599824305942033e-01
  -1.98255007032801050526e-01-j4.74181928028034327394e-01
  -2.05762515587117472693e-01-j4.61151037839057365009e-01
  -2.12721933990545536419e-01-j4.48129130936963882004e-01
  -2.19145468600271314807e-01-j4.35135396549829966961e-01
  -2.25045759414309709534e-01-j4.22188021848494632327e-01
  -2.30435820800037050038e-01-j4.09304205125740394600e-01
  -2.35328985154636266541e-01-j3.96500171473817997203e-01
  -2.39738849509937346216e-01-j3.83791190685874750166e-01
  -2.43679225076463695787e-01-j3.71191597119500171775e-01
  -2.47164089705675688036e-01-j3.58714811274019218512e-01
  -2.50207543235345941657e-01-j3.46373362846610466370e-01
  -2.52823765670638411773e-01-j3.34178915046155933233e-01
  -2.55026978142615212697e-01-j3.22142289957599081696e-01
  -2.56831406576678522580e-01-j3.10273494763279589215e-01
  -2.58251247995484323194e-01-j2.98581748641329303151e-01
  -2.59300639374313024454e-01-j2.87075510174620851522e-01
  -2.59993628961497136309e-01-j2.75762505116665557203e-01
  -2.60344149972181693187e-01-j2.64649754373597279056e-01
  -2.60365996560512125146e-01-j2.53743602073476071102e-01
  -2.60072801972942024840e-01-j2.43049743605921964029e-01
  -2.59478018783862118823e-01-j2.32573253526220130594e-01
  -2.58594901114035435885e-01-j2.22318613228752709476e-01
  -2.57436488732218859976e-01-j2.12289738304669017843e-01
  -2.56015592940851133275e-01-j2.02490005508281750712e-01
  -2.54344784147760516468e-01-j1.92922279265639956547e-01
  -2.52436381027298206714e-01-j1.83588937667176155255e-01
  -2.50302441176215362262e-01-j1.74491897894143266345e-01
  -2.47954753171782227295e-01-j1.65632641035933420026e-01
  -2.45404829942200503057e-01-j1.57012236262123544561e-01
  -2.42663903362005106690e-01-j1.48631364319365716353e-01
  -2.39742919988157665578e-01-j1.40490340329046226042e-01
  -2.36652537855504635500e-01-j1.32589135866898105709e-01
  -2.33403124253534405286e-01-j1.24927400310628267111e-01
  -2.30004754409518036296e-01-j1.17504481445993888555e-01
  -2.26467211006493307490e-01-j1.10319445325782306000e-01
  -2.22799984467822120848e-01-j1.03371095379740429721e-01
  -2.19012273943369917273e-01-j9.66579907767316365286e-02
  -2.15112988935665189194e-01-j9.01784640432881506866e-02
  -2.11110751507624483381e-01-j8.39306379453089029807e-02
  -2.07013899016662589192e-01-j7.79124416419056803340e-02
  -2.02830487323090752350e-01-j7.21216261223712462591e-02
  -1.98568294423794172721e-01-j6.65557789390028020637e-02
  -1.94234824465181588060e-01-j6.12123382499910051457e-02
  -1.89837312092173249312e-01-j5.60886061878125702362e-02
  -1.85382727092866184115e-01-j5.11817615696828626115e-02
  -1.80877779301186314420e-01-j4.64888719674756492606e-02
  -1.76328923722313679612e-01-j4.20069051552034930519e-02
  -1.71742365848244593618e-01-j3.77327399527547166502e-02
  -1.67124067133115228323e-01-j3.36631764849444695131e-02
  -1.62479750600212163869e-01-j2.97949458752650685189e-02
  -1.57814906554692740981e-01-j2.61247193938766407439e-02
  -1.53134798378076197878e-01-j2.26491170794492283069e-02
  -1.48444468382493505176e-01-j1.93647158544631402266e-02
  -1.43748743704472298210e-01-j1.62680571534622765706e-02
  -1.39052242219811078572e-01-j1.33556540836040123915e-02
  -1.34359378462611922522e-01-j1.06239981366013334918e-02
  -1.29674369533167271884e-01-j8.06956547087535162877e-03
  -1.25001240980749050991e-01-j5.68882278241229430438e-03
  -1.20343832648733412016e-01-j3.47823278244327070349e-03
  -1.15705804470712311782e-01-j1.43425929965226655292e-03
  -1.11090642207436168798e-01+j4.46627975798199788795e-04
  -1.06501663115547540173e-01+j2.16794908959894562853e-03
  -1.01942021540009988834e-01+j3.73320974563677967020e-03
  -9.74147144231795741876e-02+j5.14589753746863380612e-03
  -9.29225867242613884356e-02+j6.40947847357774703331e-03
  -8.84683367437744672124e-02+j7.52739378153687715978e-03
  -8.40545213483482461791e-02+j8.50305697672481229643e-03
  -7.96835610919198744639e-02+j9.33985118176272957613e-03
  -7.53577452299969835492e-02+j1.00411266833264831155e-02
  -7.10792366242771755935e-02+j1.06101987135169412158e-02
  -6.68500765354531345519e-02+j1.10503454434502101922e-02
  -6.26721893025001669519e-02+j1.13648061772544713838e-02
  -5.85473869072395750046e-02+j1.15567797351137768053e-02
  -5.44773734233527998083e-02+j1.16294230145049890673e-02
  -5.04637493494216812784e-02+j1.15858497192276657661e-02
  -4.65080158258959971973e-02+j1.14291292462879601893e-02
  -4.26115787362206649425e-02+j1.11622857211499133118e-02
  -3.87757526925887816005e-02+j1.07882971722859603153e-02
  -3.50017649071213202139e-02+j1.03100948364069043561e-02
  -3.12907589493893606436e-02+j9.73056258612465217739e-03
  -2.76437983915065708940e-02+j9.05253647224044111219e-03
  -2.40618703421136212461e-02+j8.27880437319532952456e-03
  -2.05458888707771257509e-02+j7.41210574461078578606e-03
  -1.70966983244435766220e-02+j6.45513146220140412307e-03
  -1.37150765377410423229e-02+j5.41052375169037615826e-03
  -1.04017379389602232509e-02+j4.28087619966557950818e-03
  -7.15733655371515731236e-03+j3.06873383966886756000e-03
  -3.98246890829598992889e-03+j1.77659330808600563097e-03
  -8.77676834811984491261e-04+j4.06903064714234693599e-04
  +2.15654981971723528830e-03-j1.03793632684478142822e-03
  +5.11977057815782114758e-03-j2.55557186354066082426e-03
  +8.01159180970070598782e-03-j4.14369771629512304717e-03
  +1.08316642957432540673e-02-j5.80005479657716340597e-03
  +1.35796808829361671106e-02-j7.52243027995866311158e-03
  +1.62553742211611965129e-02-j9.30865709026733323395e-03
  +1.88585145841835763458e-02-j1.11566133477502549276e-02
  +2.13889077707268733530e-02-j1.30642217844229146378e-02
  +2.38463930837628478032e-02-j1.50294491296374330136e-02
  +2.62308413857753608411e-02-j1.70503054686532914963e-02
  +2.85421532278302587937e-02-j1.91248435768784502686e-02
  +3.07802570502710391709e-02-j2.12511582322436505532e-02
  +3.29451074529159698701e-02-j2.34273855080228618486e-02
  +3.50366835326461137368e-02-j2.56517020482705006279e-02
  +3.70549872863198126449e-02-j2.79223243278907719278e-02
  +3.90000420769773675778e-02-j3.02375078992205593986e-02
  +4.08718911613501212354e-02-j3.25955466268921315032e-02
  +4.26705962767122970458e-02-j3.49947719125869236012e-02
  +4.43962362851816963460e-02-j3.74335519112242096074e-02
  +4.60489058735795431243e-02-j3.99102907399615583484e-02
  +4.76287143070543289580e-02-j4.24234276813383534566e-02
  +4.91357842346643106102e-02-j4.49714363817442577820e-02
  +5.05702505452100131711e-02-j4.75528240463297668938e-02
  +5.19322592716157938053e-02-j5.01661306313990404404e-02
  +5.32219665422252879994e-02-j5.28099280351966154923e-02
  +5.44395375774196083052e-02-j5.54828192879771725510e-02
  +5.55851457300001808304e-02-j5.81834377421260734442e-02
  +5.66589715678513239361e-02-j6.09104462630685877800e-02
  +5.76612019974073256035e-02-j6.36625364216042433085e-02
  +5.85920294265336663586e-02-j6.64384276882698937561e-02
  +5.94516509654409996966e-02-j6.92368666302563412485e-02
  +6.02402676643177328875e-02-j7.20566261113643052871e-02
  +6.09580837864163727069e-02-j7.48965044954183756243e-02
  +6.16053061153421857576e-02-j7.77553248535274160735e-02
  +6.21821432953716946024e-02-j8.06319341755141749672e-02
  +6.26888052036491116858e-02-j8.35252025858113089640e-02
  +6.31255023531597792008e-02-j8.64340225640753134773e-02
  +6.34924453254171183847e-02-j8.93573081707175059796e-02
  +6.37898442318401565077e-02-j9.22939942775528321395e-02
  +6.40179082028491108769e-02-j9.52430358036903124130e-02
  +6.41768449037268540192e-02-j9.82034069567846168436e-02
  +6.42668600763514480390e-02-j1.01174100479743359071e-01
  +6.42881571059336492935e-02-j1.04154126902935295629e-01
  +6.42409366119291863617e-02-j1.07142513801934777251e-01
</dep>
<dep S[1,2] frequency>
  +7.52273946645876323558e-01-j5.57234382763339919364e-01
  +7.29753579575323052531e-01-j5.76568956518621500429e-01
  +7.06646735905960055035e-01-j5.94818996661000021220e-01
  +6.83013165998519911071e-01-j6.11967617119574591733e-01
  +6.58912767676447352905e-01-j6.28001606488427066566e-01
  +6.34405339661818779007e-01-j6.42911375356054470842e-01
  +6.09550344029739732399e-01-j6.56690886163891818228e-01
  +5.84406678925824318860e-01-j6.69337566759708013642e-01
  +5.59032462652312323037e-01-j6.80852208897596566928e-01
  +5.33484830084671624029e-01-j6.91238853005153530695e-01
  +5.07819742234114746005e-01-j7.00504660590077432580e-01
  +4.82091809622577860406e-01-j7.08659775693745275227e-01
  +4.56354129989460455263e-01-j7.15717176818260303328e-01
  +4.30658140706419612087e-01-j7.21692520756931688020e-01
  +4.05053486134340945402e-01-j7.26603979747386774513e-01
  +3.79587900024108138020e-01-j7.30472073341713934447e-01
  +3.54307102935673468025e-01-j7.33319496351600874640e-01
  +3.29254714529907788201e-01-j7.35170944178264451629e-01
  +3.04472180479545329046e-01-j7.36052936779596933548e-01
  +2.79998713644282415380e-01-j7.35993642460878505496e-01
  +2.55871249065878769713e-01-j7.35022702602543098749e-01
  +2.32124412259317652873e-01-j7.33171058359837979346e-01
  +2.08790500207457763171e-01-j7.30470780286438192697e-01
  +1.85899474408402015646e-01-j7.26954901748050330568e-01
  +1.63478965276757509661e-01-j7.22657256904559175403e-01
  +1.41554287162467179462e-01-j7.17612323950672426065e-01
  +1.20148463222520734961e-01-j7.11855074217140337822e-01
  +9.92822593623219479264e-02-j7.05420827647997628063e-01
  +7.89742264530980120352e-02-j6.98345115084666678840e-01
  +5.92407500292765759609e-02-j6.90663547706130920290e-01
  +4.00961066752285599790e-02-j6.82411693896389115466e-01
  +2.15525263220308661849e-02-j6.73624963736167203798e-01
  +3.62025969271883435452e-03-j6.64338501246534374189e-01
  -1.36923498429915631996e-02-j6.54587084446984990294e-01
  -3.03787907162627913993e-02-j6.44405033231045032416e-01
  -4.64343045898985909425e-02-j6.33826125007767249286e-01
  -6.18558054193207584870e-02-j6.22883518008088499229e-01
  -7.66417967543519540463e-02-j6.11609682111024177686e-01
  -9.07922878541551764409e-02-j6.00036337005751096996e-01
  -1.04308709148412018242e-01-j5.88194397471564767166e-01
  -1.17193827537311556775e-01-j5.76113925529139314641e-01
  -1.29451661982796117911e-01-j5.63824089191741650851e-01
  -1.41087399802946961147e-01-j5.51353127525423758470e-01
  -1.52107314041630331536e-01-j5.38728321711770985480e-01
  -1.62518682246665935320e-01-j5.25975971794501839796e-01
  -1.72329706951823424799e-01-j5.13121378783567561044e-01
  -1.81549438121585221539e-01-j5.00188831785129850438e-01
  -1.90187697782623704734e-01-j4.87201599824305942033e-01
  -1.98255007032801050526e-01-j4.74181928028034327394e-01
  -2.05762515587117472693e-01-j4.61151037839057365009e-01
  -2.12721933990545536419e-01-j4.48129130936963882004e-01
  -2.19145468600271314807e-01-j4.35135396549829966961e-01
  -2.25045759414309709534e-01-j4.22188021848494632327e-01
  -2.30435820800037050038e-01-j4.09304205125740394600e-01
  -2.35328985154636266541e-01-j3.96500171473817997203e-01
  -2.39738849509937346216e-01-j3.83791190685874750166e-01
  -2.43679225076463695787e-01-j3.71191597119500171775e-01
  -2.47164089705675688036e-01-j3.58714811274019218512e-01
  -2.50207543235345941657e-01-j3.46373362846610466370e-01
  -2.52823765670638411773e-01-j3.34178915046155933233e-01
  -2.55026978142615212697e-01-j3.22142289957599081696e-01
  -2.56831406576678522580e-01-j3.10273494763279589215e-01
  -2.58251247995484323194e-01-j2.98581748641329303151e-01
  -2.59300639374313024454e-01-j2.87075510174620851522e-01
  -2.59993628961497136309e-01-j2.75762505116665557203e-01
  -2.60344149972181693187e-01-j2.64649754373597279056e-01
  -2.60365996560512125146e-01-j2.53743602073476071102e-01
  -2.60072801972942024840e-01-j2.43049743605921964029e-01
  -2.59478018783862118823e-01-j2.32573253526220130594e-01
  -2.58594901114035435885e-01-j2.22318613228752709476e-01
  -2.57436488732218859976e-01-j2.12289738304669017843e-01
  -2.56015592940851133275e-01-j2.02490005508281750712e-01
  -2.54344784147760516468e-01-j1.92922279265639956547e-01
  -2.52436381027298206714e-01-j1.83588937667176155255e-01
  -2.50302441176215362262e-01-j1.74491897894143266345e-01
  -2.47954753171782227295e-01-j1.65632641035933420026e-01
  -2.45404829942200503057e-01-j1.57012236262123544561e-01
  -2.42663903362005106690e-01-j1.48631364319365716353e-01
  -2.39742919988157665578e-01-j1.40490340329046226042e-01
  -2.36652537855504635500e-01-j1.32589135866898105709e-01
  -2.33403124253534405286e-01-j1.24927400310628267111e-01
  -2.30004754409518036296e-01-j1.17504481445993888555e-01
  -2.26467211006493307490e-01-j1.10319445325782306000e-01
  -2.22799984467822120848e-01-j1.03371095379740429721e-01
  -2.19012273943369917273e-01-j9.66579907767316365286e-02
  -2.15112988935665189194e-01-j9.01784640432881506866e-02
  -2.11110751507624483381e-01-j8.39306379453089029807e-02
  -2.07013899016662589192e-01-j7.79124416419056803340e-02
  -2.02830487323090752350e-01-j7.21216261223712462591e-02
  -1.98568294423794172721e-01-j6.65557789390028020637e-02
  -1.94234824465181588060e-01-j6.12123382499910051457e-02
  -1.89837312092173249312e-01-j5.60886061878125702362e-02
  -1.85382727092866184115e-01-j5.11817615696828626115e-02
  -1.80877779301186314420e-01-j4.64888719674756492606e-02
  -1.76328923722313679612e-01-j4.20069051552034930519e-02
  -1.71742365848244593618e-01-j3.77327399527547166502e-02
  -1.67124067133115228323e-01-j3.36631764849444695131e-02
  -1.62479750600212163869e-01-j2.97949458752650685189e-02
  -1.57814906554692740981e-01-j2.61247193938766407439e-02
  -1.53134798378076197878e-01-j2.26491170794492283069e-02
  -1.48444468382493505176e-01-j1.93647158544631402266e-02
  -1.43748743704472298210e-01-j1.62680571534622765706e-02
  -1.39052242219811078572e-01-j1.33556540836040123915e-02
  -1.34359378462611922522e-01-j1.06239981366013334918e-02
  -1.29674369533167271884e-01-j8.06956547087535162877e-03
  -1.25001240980749050991e-01-j5.68882278241229430438e-03
  -1.20343832648733412016e-01-j3.47823278244327070349e-03
  -1.15705804470712311782e-01-j1.43425929965226655292e-03
  -1.11090642207436168798e-01+j4.46627975798199788795e-04
  -1.06501663115547540173e-01+j2.16794908959894562853e-03
  -1.01942021540009988834e-01+j3.73320974563677967020e-03
  -9.74147144231795741876e-02+j5.14589753746863380612e-03
  -9.29225867242613884356e-02+j6.40947847357774703331e-03
  -8.84683367437744672124e-02+j7.52739378153687715978e-03
  -8.40545213483482461791e-02+j8.50305697672481229643e-03
  -7.96835610919198744639e-02+j9.33985118176272957613e-03
  -7.53577452299969835492e-02+j1.00411266833264831155e-02
  -7.10792366242771755935e-02+j1.06101987135169412158e-02
  -6.68500765354531345519e-02+j1.10503454434502101922e-02
  -6.26721893025001669519e-02+j1.13648061772544713838e-02
  -5.85473869072395750046e-02+j1.15567797351137768053e-02
  -5.44773734233527998083e-02+j1.16294230145049890673e-02
  -5.04637493494216812784e-02+j1.15858497192276657661e-02
  -4.65080158258959971973e-02+j1.14291292462879601893e-02
  -4.26115787362206649425e-02+j1.11622857211499133118e-02
  -3.87757526925887816005e-02+j1.07882971722859603153e-02
  -3.50017649071213202139e-02+j1.03100948364069043561e-02
  -3.12907589493893606436e-02+j9.73056258612465217739e-03
  -2.76437983915065708940e-02+j9.05253647224044111219e-03
  -2.40618703421136212461e-02+j8.27880437319532952456e-03
  -2.05458888707771257509e-02+j7.41210574461078578606e-03
  -1.70966983244435766220e-02+j6.45513146220140412307e-03
  -1.37150765377410423229e-02+j5.41052375169037615826e-03
  -1.04017379389602232509e-02+j4.28087619966557950818e-03
  -7.15733655371515731236e-03+j3.06873383966886756000e-03
  -3.98246890829598992889e-03+j1.77659330808600563097e-03
  -8.77676834811984491261e-04+j4.06903064714234693599e-04
  +2.15654981971723528830e-03-j1.03793632684478142822e-03
  +5.11977057815782114758e-03-j2.55557186354066082426e-03
  +8.01159180970070598782e-03-j4.14369771629512304717e-03
  +1.08316642957432540673e-02-j5.80005479657716340597e-03
  +1.35796808829361671106e-02-j7.52243027995866311158e-03
  +1.62553742211611965129e-02-j9.30865709026733323395e-03
  +1.88585145841835763458e-02-j1.11566133477502549276e-02
  +2.13889077707268733530e-02-j1.30642217844229146378e-02
  +2.38463930837628478032e-02-j1.50294491296374330136e-02
  +2.62308413857753608411e-02-j1.70503054686532914963e-02
  +2.85421532278302587937e-02-j1.91248435768784502686e-02
  +3.07802570502710391709e-02-j2.12511582322436505532e-02
  +3.29451074529159698701e-02-j2.34273855080228618486e-02
  +3.50366835326461137368e-02-j2.56517020482705006279e-02
  +3.70549872863198126449e-02-j2.79223243278907719278e-02
  +3.90000420769773675778e-02-j3.02375078992205593986e-02
  +4.08718911613501212354e-02-j3.25955466268921315032e-02
  +4.26705962767122970458e-02-j3.49947719125869236012e-02
  +4.43962362851816963460e-02-j3.74335519112242096074e-02
  +4.60489058735795431243e-02-j3.99102907399615583484e-02
  +4.76287143070543289580e-02-j4.24234276813383534566e-02
  +4.91357842346643106102e-02-j4.49714363817442577820e-02
  +5.05702505452100131711e-02-j4.75528240463297668938e-02
  +5.19322592716157938053e-02-j5.01661306313990404404e-02
  +5.32219665422252879994e-02-j5.28099280351966154923e-02
  +5.44395375774196083052e-02-j5.54828192879771725510e-02
  +5.55851457300001808304e-02-j5.81834377421260734442e-02
  +5.66589715678513239361e-02-j6.09104462630685877800e-02
  +5.76612019974073256035e-02-j6.36625364216042433085e-02
  +5.85920294265336663586e-02-j6.64384276882698937561e-02
  +5.94516509654409996966e-02-j6.92368666302563412485e-02
  +6.02402676643177328875e-02-j7.20566261113643052871e-02
  +6.09580837864163727069e-02-j7.48965044954183756243e-02
  +6.16053061153421857576e-02-j7.77553248535274160735e-02
  +6.21821432953716946024e-02-j8.06319341755141749672e-02
  +6.26888052036491116858e-02-j8.35252025858113089640e-02
  +6.31255023531597792008e-02-j8.64340225640753134773e-02
  +6.34924453254171183847e-02-j8.93573081707175059796e-02
  +6.37898442318401565077e-02-j9.22939942775528321395e-02
  +6.40179082028491108769e-02-j9.52430358036903124130e-02
  +6.41768449037268540192e-02-j9.82034069567846168436e-02
  +6.42668600763514480390e-02-j1.01174100479743359071e-01
  +6.42881571059336492935e-02-j1.04154126902935295629e-01
  +6.42409366119291863617e-02-j1.07142513801934777251e-01
</dep>
<dep S[1,1] frequency>
  -2.07304965501248522619e-01-j2.80120890350368689781e-01
  -2.25816847454937214001e-01-j2.86060397498238527803e-01
  -2.44731376181149179461e-01-j2.90981129547986050454e-01
  -2.63990057187800442051e-01-j2.94869055152030379308e-01
  -2.83534304765465483555e-01-j2.97713787443073474304e-01
  -3.03305687118937239433e-01-j2.99508530120370930483e-01
  -3.23246162547700277567e-01-j3.00250006107138422973e-01
  -3.43298305411299020662e-01-j2.99938369943638372117e-01
  -3.63405520759641387230e-01-j2.98577105166938361336e-01
  -3.83512246655554223107e-01-j2.96172907997312107042e-01
  -4.03564143366078764696e-01-j2.92735558703181686369e-01
  -4.23508268749915539608e-01-j2.88277782051995390411e-01
  -4.43293239317174236902e-01-j2.82815098273347498292e-01
  -4.62869376581837910223e-01-j2.76365665964348639072e-01
  -4.82188838470397285185e-01-j2.68950118356395151409e-01
  -5.01205735683348918563e-01-j2.60591394337806425696e-01
  -5.19876233033936263617e-01-j2.51314565590329774825e-01
  -5.38158635908959070981e-01-j2.41146661149375884925e-01
  -5.56013462105041433858e-01-j2.30116490640442261650e-01
  -5.73403499395212623568e-01-j2.18254467378089705987e-01
  -5.90293849270193127232e-01-j2.05592432441005890098e-01
  -6.06651957378645634300e-01-j1.92163480757927412901e-01
  -6.22447631259501532597e-01-j1.78001790156471939586e-01
  -6.37653046017765956499e-01-j1.63142454240827794454e-01
  -6.52242738643324604375e-01-j1.47621319876723333664e-01
  -6.66193591709911325793e-01-j1.31474829973515588977e-01
  -6.79484807219739583850e-01-j1.14739872165268999571e-01
  -6.92097871377949647176e-01-j9.74536339060590450778e-02
  -7.04016511091405727818e-01-j7.96534644100989480675e-02
  -7.15226642988866068151e-01-j6.13767437855712721939e-02
  -7.25716315754118879155e-01-j4.26607596330937158258e-02
  -7.35475646552387396504e-01-j2.35425913053952245990e-02
  -7.44496752312527876327e-01-j4.05900195546114034295e-03
  -7.52773676605019037567e-01+j1.57536615647180522348e-02
  -7.60302312828469828432e-01+j3.58595609522062222507e-02
  -7.67080324386516632096e-01+j5.62234509001303117692e-02
  -7.73107062503090025629e-01+j7.68107558451879002259e-02
  -7.78383482287550720891e-01+j9.75876391612499338724e-02
  -7.82912057622979329352e-01+j1.18521064983581669861e-01
  -7.86696695411573276857e-01+j1.39578852882327020257e-01
  -7.89742649670604146550e-01+j1.60729725632465236806e-01
  -7.92056435932210201045e-01+j1.81943350352261196123e-01
  -7.93645746359728621044e-01+j2.03190373301866927802e-01
  -7.94519365953468947872e-01+j2.24442448649231546254e-01
  -7.94687090179945099244e-01+j2.45672261522727447547e-01
  -7.94159644320605817569e-01+j2.66853545677627423949e-01
  -7.92948604799678213872e-01+j2.87961096108800718163e-01
  -7.91066322715756387041e-01+j3.08970776943540859083e-01
  -7.88525849768554776276e-01+j3.29859524947963944630e-01
  -7.85340866740855791939e-01+j3.50605348976794795046e-01
  -7.81525614666155887811e-01+j3.71187325691424208074e-01
  -7.77094828785059199561e-01+j3.91585591863527870959e-01
  -7.72063675367878121669e-01+j4.11781333573061514297e-01
  -7.66447691457446844687e-01+j4.31756772599201588125e-01
  -7.60262727564589457785e-01+j4.51495150291647773244e-01
  -7.53524893329089673344e-01+j4.70980709197594882287e-01
  -7.46250506141364788881e-01+j4.90198672707006122273e-01
  -7.38456042704152881839e-01+j5.09135222965439893095e-01
  -7.30158093499439164731e-01+j5.27777477290188423709e-01
  -7.21373320113471216963e-01+j5.46113463311713398518e-01
  -7.12118415361811862851e-01+j5.64132093048432148308e-01
  -7.02410066147141187720e-01+j5.81823136109258176596e-01
  -6.92264918974508591809e-01+j5.99177192204656039465e-01
  -6.81699548042183689489e-01+j6.16185663133565153515e-01
  -6.70730425820783460189e-01+j6.32840724400633880542e-01
  -6.59373896029066930424e-01+j6.49135296605444445106e-01
  -6.47646148911524499603e-01+j6.65063016733342893261e-01
  -6.35563198720489719307e-01+j6.80618209465645440659e-01
  -6.23140863303985659272e-01+j6.95795858615896989363e-01
  -6.10394745699736174238e-01+j7.10591578788113409360e-01
  -5.97340217635715431399e-01+j7.25001587342867570563e-01
  -5.83992404837999634637e-01+j7.39022676747501328087e-01
  -5.70366174047801544056e-01+j7.52652187377760184539e-01
  -5.56476121650969490773e-01+j7.65887980829685788287e-01
  -5.42336563825119077897e-01+j7.78728413792786566816e-01
  -5.27961528111748346070e-01+j7.91172312528075516447e-01
  -5.13364746323188514410e-01+j8.03218947987848652659e-01
  -4.98559648696896728914e-01+j8.14868011607740916347e-01
  -4.83559359212570427644e-01+j8.26119591795801411216e-01
  -4.68376691990527949105e-01+j8.36974151138040078912e-01
  -4.53024148693009609534e-01+j8.47432504335013159213e-01
  -4.37513916853266626728e-01+j8.57495796879616190012e-01
  -4.21857869060553558604e-01+j8.67165484482215531692e-01
  -4.06067562932511949558e-01+j8.76443313245645838627e-01
  -3.90154241809649193762e-01+j8.85331300589352387931e-01
  -3.74128836109970774881e-01+j8.93831716919032626123e-01
  -3.58001965285005052664e-01+j9.01947068035552135257e-01
  -3.41783940321711110499e-01+j9.09680078274627379464e-01
  -3.25484766737806407999e-01+j9.17033674366779294473e-01
  -3.09114148021160606294e-01+j9.24010970005282983308e-01
  -2.92681489466867728044e-01+j9.30615251108353636056e-01
  -2.76195902368389589743e-01+j9.36849961760539695632e-01
  -2.59666208522039199114e-01+j9.42718690817193283316e-01
  -2.43100945006707230833e-01+j9.48225159154979180265e-01
  -2.26508369203238302259e-01+j9.53373207550711310176e-01
  -2.09896464020423556551e-01+j9.58166785170165513641e-01
  -1.93272943296827537374e-01+j9.62609938648154139784e-01
  -1.76645257349974715844e-01+j9.66706801740787269317e-01
  -1.60020598646514383701e-01+j9.70461585530679293754e-01
  -1.43405907569014917646e-01+j9.73878569165784524486e-01
  -1.26807878256966516384e-01+j9.76962091112510089275e-01
  -1.10232964501362745713e-01+j9.79716540903865396039e-01
  -9.36873856739977167729e-02+j9.82146351363544001245e-01
  -7.71771326741514662739e-02+j9.84255991287056430927e-01
  -6.07079738769370907958e-02+j9.86049958561300954329e-01
  -4.42854610689614180963e-02+j9.87532773704269839499e-01
  -2.79149353583259124401e-02+j9.88708973806943780538e-01
  -1.16015330472057781597e-02+j9.89583106859828864899e-01
  +4.64980854352960160103e-03+j9.90159726446996346638e-01
  +2.08343453071062958970e-02+j9.90443386790926472152e-01
  +3.69475206495399957629e-02+j9.90438638131939441678e-01
  +5.29849598616515399252e-02+j9.90150022426422915522e-01
  +6.89424645710785544139e-02+j9.89582069348621806704e-01
  +8.48160072800218378664e-02+j9.88739292581179984865e-01
  +1.00601725993786195179e-01+j9.87626186380156978473e-01
  +1.16295918944413573248e-01+j9.86247222400745582327e-01
  +1.31895039413124248728e-01+j9.84606846770393007162e-01
  +1.47395690654616107196e-01+j9.82709477396538688687e-01
  +1.62794620925766464481e-01+j9.80559501496672480947e-01
  +1.78088718620786595759e-01+j9.78161273338901571250e-01
  +1.93275007514362384686e-01+j9.75519112181674197259e-01
  +2.08350642113976525227e-01+j9.72637300401823834406e-01
  +2.23312903122133976641e-01+j9.69520081800497202096e-01
  +2.38159193008944392034e-01+j9.66171660077025817870e-01
  +2.52887031695129382847e-01+j9.62596197461225711045e-01
  +2.67494052345303767737e-01+j9.58797813495014250584e-01
  +2.81977997271047609029e-01+j9.54780583954690786896e-01
  +2.96336713943136320637e-01+j9.50548539905586409304e-01
  +3.10568151112005030878e-01+j9.46105666881210560781e-01
  +3.24670355035403201960e-01+j9.41455904179385294483e-01
  +3.38641465812001940527e-01+j9.36603144268208565038e-01
  +3.52479713819584761225e-01+j9.31551232295077191736e-01
  +3.66183416256281257795e-01+j9.26303965692300779189e-01
  +3.79750973783292922192e-01+j9.20865093873175499795e-01
  +3.93180867267343525651e-01+j9.15238318012717932959e-01
  +4.06471654621091471604e-01+j9.09427290907532381858e-01
  +4.19621967739639833983e-01+j9.03435616909592731361e-01
  +4.32630509531229501263e-01+j8.97266851928985698095e-01
  +4.45496051040157325929e-01+j8.90924503500944653389e-01
  +4.58217428659905667843e-01+j8.84412030912733682086e-01
  +4.70793541434478879371e-01+j8.77732845386203330840e-01
  +4.83223348445894762548e-01+j8.70890310312058435471e-01
  +4.95505866285768425961e-01+j8.63887741532125552624e-01
  +5.07640166608947174254e-01+j8.56728407666065283621e-01
  +5.19625373767104270506e-01+j8.49415530479259439645e-01
  +5.31460662520288118493e-01+j8.41952285288697921395e-01
  +5.43145255824335371209e-01+j8.34341801403965077633e-01
  +5.54678422692157502283e-01+j8.26587162600538327695e-01
  +5.66059476126880345426e-01+j8.18691407622796130106e-01
  +5.77287771124858073435e-01+j8.10657530714310792241e-01
  +5.88362702746609511628e-01+j8.02488482173108974571e-01
  +5.99283704253744553547e-01+j7.94187168929776587945e-01
  +6.10050245309990191167e-01+j7.85756455146374710452e-01
  +6.20661830244453538441e-01+j7.77199162834285472989e-01
  +6.31117996375290202238e-01+j7.68518072489239090217e-01
  +6.41418312392005196543e-01+j7.59715923741848042638e-01
  +6.51562376794607267527e-01+j7.50795416022147721336e-01
  +6.61549816387938971474e-01+j7.41759209236667715892e-01
  +6.71380284829470541652e-01+j7.32609924456734007414e-01
  +6.81053461228969037045e-01+j7.23350144616750623250e-01
  +6.90569048798413520629e-01+j7.13982415221288579943e-01
  +6.99926773550626712961e-01+j7.04509245059949162915e-01
  +7.09126383045127095528e-01+j6.94933106928972366134e-01
  +7.18167645179697333724e-01+j6.85256438358704644820e-01
  +7.27050347026290899599e-01+j6.75481642346063893001e-01
  +7.35774293709864135593e-01+j6.65611088091228819685e-01
  +7.44339307328806265573e-01+j6.55647111737832410938e-01
  +7.52745225915669502470e-01+j6.45592017116011107625e-01
  +7.60991902436929712472e-01+j6.35448076487701185577e-01
  +7.69079203830578483903e-01+j6.25217531293637662770e-01
  +7.77007010080360438486e-01+j6.14902592901556688254e-01
  +7.84775213325517917440e-01+j6.04505443355154770124e-01
  +7.92383717004943477491e-01+j5.94028236123392949786e-01
  +7.99832435034703470578e-01+j5.83473096849775663131e-01
  +8.07121291017879105567e-01+j5.72842124101294869476e-01
  +8.14250217485772198600e-01+j5.62137390116733581813e-01
  +8.21219155169518710835e-01+j5.51360941554071004589e-01
  +8.28028052301200245822e-01+j5.40514800236792769539e-01
  +8.34676863943586977435e-01+j5.29600963898880006120e-01
  +8.41165551347681339500e-01+j5.18621406928336914355e-01
  +8.47494081337243798657e-01+j5.07578081109112511093e-01
</dep>
