<Qucs Dataset 1.0.7>
<indep frequency 181>
  +1.00000000000000000000e+09
  +1.05000000000000000000e+09
  +1.10000000000000000000e+09
  +1.15000000000000000000e+09
  +1.20000000000000000000e+09
  +1.25000000000000000000e+09
  +1.30000000000000000000e+09
  +1.35000000000000000000e+09
  +1.40000000000000000000e+09
  +1.45000000000000000000e+09
  +1.50000000000000000000e+09
  +1.55000000000000000000e+09
  +1.60000000000000000000e+09
  +1.65000000000000000000e+09
  +1.70000000000000000000e+09
  +1.75000000000000000000e+09
  +1.80000000000000000000e+09
  +1.85000000000000000000e+09
  +1.90000000000000000000e+09
  +1.95000000000000000000e+09
  +2.00000000000000000000e+09
  +2.05000000000000000000e+09
  +2.10000000000000000000e+09
  +2.15000000000000000000e+09
  +2.20000000000000000000e+09
  +2.25000000000000000000e+09
  +2.30000000000000000000e+09
  +2.35000000000000000000e+09
  +2.40000000000000000000e+09
  +2.45000000000000000000e+09
  +2.50000000000000000000e+09
  +2.55000000000000000000e+09
  +2.60000000000000000000e+09
  +2.65000000000000000000e+09
  +2.70000000000000000000e+09
  +2.75000000000000000000e+09
  +2.80000000000000000000e+09
  +2.85000000000000000000e+09
  +2.90000000000000000000e+09
  +2.95000000000000000000e+09
  +3.00000000000000000000e+09
  +3.05000000000000000000e+09
  +3.10000000000000000000e+09
  +3.15000000000000000000e+09
  +3.20000000000000000000e+09
  +3.25000000000000000000e+09
  +3.30000000000000000000e+09
  +3.35000000000000000000e+09
  +3.40000000000000000000e+09
  +3.45000000000000000000e+09
  +3.50000000000000000000e+09
  +3.55000000000000000000e+09
  +3.60000000000000000000e+09
  +3.65000000000000000000e+09
  +3.70000000000000000000e+09
  +3.75000000000000000000e+09
  +3.80000000000000000000e+09
  +3.85000000000000000000e+09
  +3.90000000000000000000e+09
  +3.95000000000000000000e+09
  +4.00000000000000000000e+09
  +4.05000000000000000000e+09
  +4.10000000000000000000e+09
  +4.15000000000000000000e+09
  +4.20000000000000000000e+09
  +4.25000000000000000000e+09
  +4.30000000000000000000e+09
  +4.35000000000000000000e+09
  +4.40000000000000000000e+09
  +4.45000000000000000000e+09
  +4.50000000000000000000e+09
  +4.55000000000000000000e+09
  +4.60000000000000000000e+09
  +4.65000000000000000000e+09
  +4.70000000000000000000e+09
  +4.75000000000000000000e+09
  +4.80000000000000000000e+09
  +4.85000000000000000000e+09
  +4.90000000000000000000e+09
  +4.95000000000000000000e+09
  +5.00000000000000000000e+09
  +5.05000000000000000000e+09
  +5.10000000000000000000e+09
  +5.15000000000000000000e+09
  +5.20000000000000000000e+09
  +5.25000000000000000000e+09
  +5.30000000000000000000e+09
  +5.35000000000000000000e+09
  +5.40000000000000000000e+09
  +5.45000000000000000000e+09
  +5.50000000000000000000e+09
  +5.55000000000000000000e+09
  +5.60000000000000000000e+09
  +5.65000000000000000000e+09
  +5.70000000000000000000e+09
  +5.75000000000000000000e+09
  +5.80000000000000000000e+09
  +5.85000000000000000000e+09
  +5.90000000000000000000e+09
  +5.95000000000000000000e+09
  +6.00000000000000000000e+09
  +6.05000000000000000000e+09
  +6.10000000000000000000e+09
  +6.15000000000000000000e+09
  +6.20000000000000000000e+09
  +6.25000000000000000000e+09
  +6.30000000000000000000e+09
  +6.35000000000000000000e+09
  +6.40000000000000000000e+09
  +6.45000000000000000000e+09
  +6.50000000000000000000e+09
  +6.55000000000000000000e+09
  +6.60000000000000000000e+09
  +6.65000000000000000000e+09
  +6.70000000000000000000e+09
  +6.75000000000000000000e+09
  +6.80000000000000000000e+09
  +6.85000000000000000000e+09
  +6.90000000000000000000e+09
  +6.95000000000000000000e+09
  +7.00000000000000000000e+09
  +7.05000000000000000000e+09
  +7.10000000000000000000e+09
  +7.15000000000000000000e+09
  +7.20000000000000000000e+09
  +7.25000000000000000000e+09
  +7.30000000000000000000e+09
  +7.35000000000000000000e+09
  +7.40000000000000000000e+09
  +7.45000000000000000000e+09
  +7.50000000000000000000e+09
  +7.55000000000000000000e+09
  +7.60000000000000000000e+09
  +7.65000000000000000000e+09
  +7.70000000000000000000e+09
  +7.75000000000000000000e+09
  +7.80000000000000000000e+09
  +7.85000000000000000000e+09
  +7.90000000000000000000e+09
  +7.95000000000000000000e+09
  +8.00000000000000000000e+09
  +8.05000000000000000000e+09
  +8.10000000000000000000e+09
  +8.15000000000000000000e+09
  +8.20000000000000000000e+09
  +8.25000000000000000000e+09
  +8.30000000000000000000e+09
  +8.35000000000000000000e+09
  +8.40000000000000000000e+09
  +8.45000000000000000000e+09
  +8.50000000000000000000e+09
  +8.55000000000000000000e+09
  +8.60000000000000000000e+09
  +8.65000000000000000000e+09
  +8.70000000000000000000e+09
  +8.75000000000000000000e+09
  +8.80000000000000000000e+09
  +8.85000000000000000000e+09
  +8.90000000000000000000e+09
  +8.95000000000000000000e+09
  +9.00000000000000000000e+09
  +9.05000000000000000000e+09
  +9.10000000000000000000e+09
  +9.15000000000000000000e+09
  +9.20000000000000000000e+09
  +9.25000000000000000000e+09
  +9.30000000000000000000e+09
  +9.35000000000000000000e+09
  +9.40000000000000000000e+09
  +9.45000000000000000000e+09
  +9.50000000000000000000e+09
  +9.55000000000000000000e+09
  +9.60000000000000000000e+09
  +9.65000000000000000000e+09
  +9.70000000000000000000e+09
  +9.75000000000000000000e+09
  +9.80000000000000000000e+09
  +9.85000000000000000000e+09
  +9.90000000000000000000e+09
  +9.95000000000000000000e+09
  +1.00000000000000000000e+10
</indep>
<dep S21_phase frequency>
  -7.17617740864590416550e+01
  -7.32908010235616558248e+01
  -7.47379267243045717350e+01
  -7.61114824469009221275e+01
  -7.74188016276350197131e+01
  -7.86663510008772988158e+01
  -7.98598446679366702483e+01
  -8.10043428384999657510e+01
  -8.21043370444956934762e+01
  -8.31638235591337320329e+01
  -8.41863666148755100949e+01
  -8.51751528456373421250e+01
  -8.61330382047665779055e+01
  -8.70625884444636426451e+01
  -8.79661140907023622049e+01
  -8.88457007128561002673e+01
  -8.97032351694474101578e+01
  -9.05404284097289036026e+01
  -9.13588353237268648854e+01
  -9.21598720592479878633e+01
  -9.29448311614329725217e+01
  -9.37148948372078649527e+01
  -9.44711466019744818823e+01
  -9.52145815278530562864e+01
  -9.59461152806643298163e+01
  -9.66665921056698493885e+01
  -9.73767918991137833018e+01
  -9.80774364831354716898e+01
  -9.87691951851268612472e+01
  -9.94526898085566983809e+01
  -1.00128499070381820957e+02
  -1.00797162569976919144e+02
  -1.01459184345836021635e+02
  -1.02115036068886425369e+02
  -1.02765159914871176738e+02
  -1.03409971152819593954e+02
  -1.04049860481909178134e+02
  -1.04685196144992744394e+02
  -1.05316325843543793894e+02
  -1.05943578475799043304e+02
  -1.06567265717191887120e+02
  -1.07187683459988676304e+02
  -1.07805113126957238023e+02
  +7.15801771276983203052e+01
  +7.09679313186382643153e+01
  +7.03579046201357840573e+01
  +6.97498624387700090210e+01
  +6.91435795591752366818e+01
  +6.85388393559415334266e+01
  +6.79354330649541111598e+01
  +6.73331591084135254732e+01
  +6.67318224681963982903e+01
  +6.61312341029010610782e+01
  +6.55312104042951091287e+01
  +6.49315726893431843791e+01
  +6.43321467243522846502e+01
  +6.37327622780984128781e+01
  +6.31332527010803019607e+01
  +6.25334545283293152806e+01
  +6.19332071034055999803e+01
  +6.13323522214311793732e+01
  +6.07307337891887186743e+01
  +6.01281975004823223685e+01
  +5.95245905250826012889e+01
  +5.89197612097345384541e+01
  +5.83135587897927933909e+01
  +5.77058331101741046609e+01
  +5.70964343543897143718e+01
  +5.64852127805116950299e+01
  +5.58720184629927061337e+01
  +5.52567010393252573408e+01
  +5.46391094605820200059e+01
  +5.40190917449199332623e+01
  +5.33964947331914245865e+01
  +5.27711638458232030757e+01
  +5.21429428401726013931e+01
  +5.15116735675881827206e+01
  +5.08771957294376591108e+01
  +5.02393466313724843531e+01
  +4.95979609351330310574e+01
  +4.89528704071985600876e+01
  +4.83039036636107113054e+01
  +4.76508859103018025394e+01
  +4.69936386782737116619e+01
  +4.63319795529775007026e+01
  +4.56657218972551248726e+01
  +4.49946745672038233010e+01
  +4.43186416203398110270e+01
  +4.36374220154353125167e+01
  +4.29508093034173654701e+01
  +4.22585913087197084792e+01
  +4.15605498005009010853e+01
  +4.08564601531403539525e+01
  +4.01460909954576834480e+01
  +3.94292038481135520556e+01
  +3.87055527486786132840e+01
  +3.79748838639026899955e+01
  +3.72369350887436141306e+01
  +3.64914356317858477041e+01
  +3.57381055867322245945e+01
  +3.49766554897379222666e+01
  +3.42067858624531453415e+01
  +3.34281867407502133460e+01
  +3.26405371892562428116e+01
  +3.18435048019699493693e+01
  +3.10367451894392587519e+01
  +3.02199014532027590008e+01
  +2.93926036484648065539e+01
  +2.85544682362909583162e+01
  +2.77050975269752868257e+01
  +2.68440791166547185753e+01
  +2.59709853197407412040e+01
  +2.50853726003099275488e+01
  +2.41867810062512234026e+01
  +2.32747336107207694056e+01
  +2.23487359663276841104e+01
  +2.14082755784536615806e+01
  +2.04528214052453201077e+01
  +1.94818233930885682526e+01
  +1.84947120578201200658e+01
  +1.74908981235681189048e+01
  +1.64697722329232831839e+01
  +1.54307047441984739322e+01
  +1.43730456337844696435e+01
  +1.32961245241200796130e+01
  +1.21992508605317837578e+01
  +1.10817142631850771295e+01
  +9.94278508361366419877e+00
  +8.78171519872750394597e+00
  +7.59773907882863408503e+00
  +6.39007516992438517889e+00
  +5.15792763445345237017e+00
  +3.90048849833630839612e+00
  +2.61694025588206358179e+00
  +1.30645898738758869939e+00
  -3.17819530100412056539e-02
  -1.39860761973539160508e+00
  -2.79483646817682096497e+00
  -4.22127459758045997518e+00
  -5.67870918768888710559e+00
  -7.16790107759041372759e+00
  -8.68957644355540281822e+00
  -1.02444175445693073101e+01
  -1.18330525204898169278e+01
  -1.34560442488177329778e+01
  -1.51138782925163202009e+01
  -1.68069500034714423009e+01
  -1.85355508842513998502e+01
  -2.02998543546073193511e+01
  -2.20999011180700648538e+01
  -2.39355843769719811576e+01
  -2.58066351994895164523e+01
  -2.77126083975138719495e+01
  -2.96528693261590419183e+01
  -3.16265820607763963324e+01
  -3.36326994411229946991e+01
  -3.56699554902324464933e+01
  -3.77368607129612527729e+01
  -3.98317007520234582785e+01
  -4.19525388244271439930e+01
  -4.40972222770022526106e+01
  -4.62633934865407780990e+01
  -4.84485051908059958237e+01
  -5.06498401767005077545e+01
  -5.28645350791158534776e+01
  -5.50896078684221279786e+01
  -5.73219884374884998124e+01
  -5.95585515522739683547e+01
  -6.17961513142959688594e+01
  -6.40316562076091457811e+01
  -6.62619837733446530592e+01
  -6.84841339737735808058e+01
  -7.06952203737008346707e+01
  -7.28924983745397838675e+01
  -7.50733898772696903734e+01
  -7.72355039140430790212e+01
  -7.93766529629175323635e+01
  -8.14948648344818309397e+01
  -8.35883901827209001567e+01
  -8.56557058368667725290e+01
  -8.76955142702741454741e+01
</dep>
<dep S11_phase frequency>
  -1.61763172259442114864e+02
  -1.63292114591847052907e+02
  -1.64739156327936285606e+02
  -1.66112628484277763619e+02
  -1.67419864292271910244e+02
  -1.68667330311377270391e+02
  -1.69860740492638626620e+02
  -1.71005154915898856416e+02
  -1.72105065000283190102e+02
  -1.73164466920510534464e+02
  -1.74186924822641344690e+02
  -1.75175625264461984898e+02
  -1.76133424131959742454e+02
  -1.77062887117497297140e+02
  -1.77966324693690324921e+02
  -1.78845822382159099107e+02
  -1.79703266998539675114e+02
  +1.79459630546565421128e+02
  +1.78641315398076443444e+02
  +1.77840371439889850080e+02
  +1.77055506155719086792e+02
  +1.76285537364983611042e+02
  +1.75529381576415147492e+02
  +1.74786043740071733055e+02
  +1.74054608210581989169e+02
  +1.73334230761601929771e+02
  +1.72624131514447100244e+02
  +1.71923588663332139959e+02
  +1.71231932896153551837e+02
  +1.70548542423782691912e+02
  +1.69872838542764895919e+02
  +1.69204281666486821223e+02
  +1.68542367768560353625e+02
  +1.67886625189590830587e+02
  +1.67236611764862686869e+02
  +1.66591912235935268427e+02
  +1.65952135913838844772e+02
  +1.65316914565606538190e+02
  +1.64685900499370148964e+02
  +1.64058764826275961468e+02
  +1.63435195880079760400e+02
  +1.62814897777567324511e+02
  +1.62197589104909241087e+02
  +1.61583001716789510738e+02
  +1.60970879636635686438e+02
  +1.60360978047602515062e+02
  +1.59753062365100845454e+02
  +1.59146907382669382969e+02
  +1.58542296483877748869e+02
  +1.57939020913715808092e+02
  +1.57336879103618372255e+02
  +1.56735676044868853296e+02
  +1.56135222705664972409e+02
  +1.55535335487595091308e+02
  +1.54935835717694857294e+02
  +1.54336549172618134662e+02
  +1.53737305631790547977e+02
  +1.53137938456694627121e+02
  +1.52538284193707056602e+02
  +1.51938182198123286071e+02
  +1.51337474277222185037e+02
  +1.50736004350398616225e+02
  +1.50133618124551730943e+02
  +1.49530162783069044963e+02
  +1.48925486686866207720e+02
  +1.48319439086061464650e+02
  +1.47711869840965363210e+02
  +1.47102629151154019382e+02
  +1.46491567291478219204e+02
  +1.45878534353928159817e+02
  +1.45263379994340056101e+02
  +1.44645953182985152807e+02
  +1.44026101958129288505e+02
  +1.43403673181697769223e+02
  +1.42778512296214756816e+02
  +1.42150463082222472622e+02
  +1.41519367415409647037e+02
  +1.40885065022709483173e+02
  +1.40247393236642352576e+02
  +1.39606186747200808895e+02
  +1.38961277350587948831e+02
  +1.38312493694132314204e+02
  +1.37659661016716768245e+02
  +1.37002600884063980402e+02
  +1.36341130918230419411e+02
  +1.35675064520670360935e+02
  +1.35004210588233490853e+02
  +1.34328373221469433929e+02
  +1.33647351424619046156e+02
  +1.32960938796676543916e+02
  +1.32268923212921777122e+02
  +1.31571086496328717885e+02
  +1.30867204078270447098e+02
  +1.30157044647963829220e+02
  +1.29440369790113777526e+02
  +1.28716933610248560171e+02
  +1.27986482347275185134e+02
  +1.27248753972823067215e+02
  +1.26503477777001734239e+02
  +1.25750373940265532724e+02
  +1.24989153091153241348e+02
  +1.24219515849773827654e+02
  +1.23441152357019674923e+02
  +1.22653741789631339998e+02
  +1.21856951861398428605e+02
  +1.21050438310979942003e+02
  +1.20233844377052065511e+02
  +1.19406800261763763160e+02
  +1.18568922583792954129e+02
  +1.17719813822667020986e+02
  +1.16859061756432382140e+02
  +1.15986238895258708226e+02
  +1.15100901914133871173e+02
  +1.14202591088463051960e+02
  +1.13290829737146950151e+02
  +1.12365123678581994682e+02
  +1.11424960706016577205e+02
  +1.10469810089830090760e+02
  +1.09499122115583787718e+02
  +1.08512327668142475545e+02
  +1.07508837873807550523e+02
  +1.06488043814226102768e+02
  +1.05449316327903133583e+02
  +1.04392005917411836435e+02
  +1.03315442782919234332e+02
  +1.02218937005405322793e+02
  +1.01101778905963030297e+02
  +9.99632396108219438702e+01
  +9.88025718552094929237e+01
  +9.76190110628410678828e+01
  +9.64117767416470741182e+01
  +9.51800742402451760427e+01
  +9.39230969135591067243e+01
  +9.26400287497208978493e+01
  +9.13300475138577354528e+01
  +8.99923284672815526619e+01
  +8.86260487228019968597e+01
  +8.72303922979779287061e+01
  +8.58045559278394875946e+01
  +8.43477556964594867850e+01
  +8.28592345423651153169e+01
  +8.13382706855990420536e+01
  +7.97841870138702944359e+01
  +7.81963614511984985711e+01
  +7.65742383144982596832e+01
  +7.49173406415660991797e+01
  +7.32252834482976737718e+01
  +7.14977878445934180718e+01
  +6.97346959093082290337e+01
  +6.79359861983845263467e+01
  +6.61017897431986938273e+01
  +6.42324063990266722612e+01
  +6.23283214452161971053e+01
  +6.03902224533325906464e+01
  +5.84190166916125477314e+01
  +5.64158498521462163922e+01
  +5.43821279440544245176e+01
  +5.23195464114425945468e+01
  +5.02301354310718792817e+01
  +4.81163420118643259116e+01
  +4.59812002220732409796e+01
  +4.38287328623899909985e+01
  +4.16650562859095501267e+01
  +3.95021708658878480946e+01
  +3.73770034393516468185e+01
  +3.55999289836141699084e+01
  -1.47970240724538285804e+02
  -1.49762476747818993772e+02
  -1.51910842960529862467e+02
  -1.54107979514374591190e+02
  -1.56316905658957409742e+02
  -1.58525369376721641856e+02
  -1.60726924427597339218e+02
  -1.62917164588751859355e+02
  -1.65092631945280004402e+02
  -1.67250426111215205083e+02
  -1.69388044190630239427e+02
  -1.71503308308797443260e+02
  -1.73594329253189386009e+02
  -1.75659485430945693452e+02
  -1.77697408048242948553e+02
</dep>
<dep S21_dB frequency>
  -7.80212565235548183296e+00
  -8.23566469062184935979e+00
  -8.66488290018516948976e+00
  -9.09032830222419718780e+00
  -9.51259087562675986760e+00
  -9.93229266678263655876e+00
  -1.03500814974043215955e+01
  -1.07666274586848089712e+01
  -1.11826216021591946514e+01
  -1.15987764093843281898e+01
  -1.20158277567645281891e+01
  -1.24345381989926515587e+01
  -1.28557014830106748349e+01
  -1.32801482811352116187e+01
  -1.37087532029431891090e+01
  -1.41424432161792168472e+01
  -1.45822076827950990463e+01
  -1.50291103032659041361e+01
  -1.54843033677967909512e+01
  -1.59490448462222200732e+01
  -1.64247190219002199285e+01
  -1.69128616064570103106e+01
  -1.74151905874291621501e+01
  -1.79336444976193263301e+01
  -1.84704304105787358026e+01
  -1.90280848494262855297e+01
  -1.96095520853872109512e+01
  -2.02182862223487873621e+01
  -2.08583863851132704781e+01
  -2.15347788813974361233e+01
  -2.22534674933552381049e+01
  -2.30218850710398648118e+01
  -2.38494001118217155977e+01
  -2.47480684332402880443e+01
  -2.57337877743783671747e+01
  -2.68281461430613532571e+01
  -2.80615335003285224502e+01
  -2.94787197300576231385e+01
  -3.11496947878844210322e+01
  -3.31931457762400867750e+01
  -3.58357926095132768296e+01
  -3.96036297043015537156e+01
  -4.63089772062620568249e+01
  -6.25730599273014860273e+01
  -4.40430928645452581804e+01
  -3.85833286673848476767e+01
  -3.52757525273378220732e+01
  -3.28991095997586242561e+01
  -3.10444059844321955666e+01
  -2.95238748405501354455e+01
  -2.82355595465424826784e+01
  -2.71178808846895620377e+01
  -2.61307862880335086686e+01
  -2.52467585910158689444e+01
  -2.44460781312490773587e+01
  -2.37141310972171659444e+01
  -2.30397874500617874105e+01
  -2.24143757510039485226e+01
  -2.18310092908191997196e+01
  -2.12841282872310877394e+01
  -2.07691800059490638830e+01
  -2.02823897669536243882e+01
  -1.98205935109901005831e+01
  -1.93811130789782168904e+01
  -1.89616617633086548267e+01
  -1.85602717225285722691e+01
  -1.81752374555377755883e+01
  -1.78050712529318744259e+01
  -1.74484677047243224024e+01
  -1.71042751422549841323e+01
  -1.67714724505036159030e+01
  -1.64491500835769990374e+01
  -1.61364944017862939063e+01
  -1.58327746571835987766e+01
  -1.55373321083897693029e+01
  -1.52495708605433435423e+01
  -1.49689501129772217780e+01
  -1.46949775633607657710e+01
  -1.44272037678788649373e+01
  -1.41652172964453733073e+01
  -1.39086405527498406798e+01
  -1.36571261531955627788e+01
  -1.34103537780173827088e+01
  -1.31680274232141734103e+01
  -1.29298729942614230026e+01
  -1.26956361925275800218e+01
  -1.24650806534069111819e+01
  -1.22379863017961749705e+01
  -1.20141478959655945147e+01
  -1.17933737353534731085e+01
  -1.15754845115285540658e+01
  -1.13603122846535438129e+01
  -1.11476995703711736496e+01
  -1.09374985242084665771e+01
  -1.07295702124276726153e+01
  -1.05237839598064688573e+01
  -1.03200167661550246123e+01
  -1.01181527845048506720e+01
  -9.91808285487602958597e+00
  -9.71970408836742194580e+00
  -9.52291949703540296923e+00
  -9.32763766566108110112e+00
  -9.13377246205393333867e+00
  -8.94124278302690633780e+00
  -8.74997233360480919373e+00
  -8.55988943740961438778e+00
  -8.37092687650636868568e+00
  -8.18302175929914099584e+00
  -7.99611541534477687776e+00
  -7.81015331620332098339e+00
  -7.62508502167532764560e+00
  -7.44086415098787234967e+00
  -7.25744837868846115470e+00
  -7.07479945518434050200e+00
  -6.89288325203485907622e+00
  -6.71166983225704871785e+00
  -6.53113354604556484162e+00
  -6.35125315243658228326e+00
  -6.17201196755606851241e+00
  -5.99339804018830868415e+00
  -5.81540435547750700351e+00
  -5.63802906762453659439e+00
  -5.46127576246835921836e+00
  -5.28515375083060767736e+00
  -5.10967839345315066879e+00
  -4.93487145826109330216e+00
  -4.76076151052746787684e+00
  -4.58738433629237363220e+00
  -4.41478339908209616027e+00
  -4.24301032957299462112e+00
  -4.07212544733016645893e+00
  -3.90219831310828757509e+00
  -3.73330830941255564781e+00
  -3.56554524605845069019e+00
  -3.39900998632988304848e+00
  -3.23381508798535888261e+00
  -3.07008545180069436498e+00
  -2.90795896853907454016e+00
  -2.74758715321377033902e+00
  -2.58913575324853617587e+00
  -2.43278531467681613520e+00
  -2.27873168787649671430e+00
  -2.12718645158035135623e+00
  -1.97837723110907504065e+00
  -1.83254788406306667881e+00
  -1.68995852422555037364e+00
  -1.55088535236407043527e+00
  -1.41562026118883133030e+00
  -1.28447018119458378216e+00
  -1.15775613476451955108e+00
  -1.03581196804474751083e+00
  -9.18982734006330015397e-01
  -8.07622706055126760027e-01
  -7.02093009730961670201e-01
  -6.02758870548460556904e-01
  -5.09986488826268291596e-01
  -4.24139567198219269439e-01
  -3.45575532955400666069e-01
  -2.74641514758733717994e-01
  -2.11670150687063435280e-01
  -1.56975320952942004604e-01
  -1.10847912703312748151e-01
  -7.35517348619088018324e-02
  -4.53197067856947050091e-02
  -2.63504446286627995455e-02
  -1.68053631093659193441e-02
  -1.68063976888953164890e-02
  -2.64344333314322915696e-02
  -4.57285019191581293407e-02
  -7.46857823921753954943e-02
  -1.13262407519584107352e-01
  -1.61375050826539689908e-01
  -2.18903238577114800378e-01
  -2.85692306640331739054e-01
  -3.61556902008462577314e-01
  -4.46284914685328992778e-01
  -5.39641718086132593513e-01
  -6.41374594926577112908e-01
  -7.51217230297719251730e-01
  -8.68894163319618328956e-01
  -9.94125102302549468192e-01
</dep>
<dep S11_dB frequency>
  -7.90842362679516353019e-01
  -7.09585316726468962045e-01
  -6.38023900974732827152e-01
  -5.74737369789928176367e-01
  -5.18551302456772389426e-01
  -4.68489206098511357101e-01
  -4.23734635640977186366e-01
  -3.83601348306893352724e-01
  -3.47509638425802735995e-01
  -3.14967457763105140867e-01
  -2.85555265000707381162e-01
  -2.58913799054756088580e-01
  -2.34734158415953519938e-01
  -2.12749709635702138888e-01
  -1.92729454690990287258e-01
  -1.74472568090134755314e-01
  -1.57803876684917743223e-01
  -1.42570102965940415096e-01
  -1.28636729629286211685e-01
  -1.15885372006709341797e-01
  -1.04211567485896203222e-01
  -9.35229087642928808011e-02
  -8.37374617783678970584e-02
  -7.47824202612666771861e-02
  -6.65929577430627861467e-02
  -5.91112449049232685505e-02
  -5.22856059071478626588e-02
  -4.60697919227296553979e-02
  -4.04223538474126412035e-02
  -3.53060992019254768493e-02
  -3.06876207302466535998e-02
  -2.65368862381292827668e-02
  -2.28268808960468798375e-02
  -1.95332946180337037323e-02
  -1.66342482771868471758e-02
  -1.41100534748096993753e-02
  -1.19430013769775758559e-02
  -1.01171767991005308318e-02
  -8.61829427874460929360e-03
  -7.43355334755548598918e-03
  -6.55151061035937065657e-03
  -5.96196657593775838913e-03
  -5.65586546900528983756e-03
  -5.62520649565309126955e-03
  -5.86296524158051723941e-03
  -6.36302405952997654492e-03
  -7.12011045406505012345e-03
  -8.12974260241820095851e-03
  -9.38818126275359383925e-03
  -1.08923874182655922027e-02
  -1.26399850898856365433e-02
  -1.46292288238036652381e-02
  -1.68589754234525213139e-02
  -1.93286595518843140606e-02
  -2.20382728790856421974e-02
  -2.49883464920652026420e-02
  -2.81799363235402076933e-02
  -3.16146113889484298154e-02
  -3.52944446514832643746e-02
  -3.92220063618813896689e-02
  -4.34003597441540225899e-02
  -4.78330589200907513314e-02
  -5.25241489859104640492e-02
  -5.74781681724954862656e-02
  -6.27001520379807109062e-02
  -6.81956396574988632509e-02
  -7.39706817896177010185e-02
  -8.00318510138846861413e-02
  -8.63862538472280061530e-02
  -9.30415448608259282315e-02
  -1.00005942832034219747e-01
  -1.07288248979063458033e-01
  -1.14897867339621595484e-01
  -1.22844827367736567081e-01
  -1.31139808836806093240e-01
  -1.39794169151157443576e-01
  -1.48819973182899689679e-01
  -1.58230025766306320323e-01
  -1.68037906998394437341e-01
  -1.78258010511130604581e-01
  -1.88905584899736744831e-01
  -1.99996778510431599818e-01
  -2.11548687812798674734e-01
  -2.23579409604411499801e-01
  -2.36108097320037207956e-01
  -2.49155021744715654552e-01
  -2.62741636459010052818e-01
  -2.76890648376572567901e-01
  -2.91626093768827754360e-01
  -3.06973420209654235258e-01
  -3.22959574914437663740e-01
  -3.39613099993496314610e-01
  -3.56964235190412815246e-01
  -3.75045028730467522315e-01
  -3.93889456965703377289e-01
  -4.13533553570122114351e-01
  -4.34015549112167109413e-01
  -4.55376021914526918355e-01
  -4.77658061200756489662e-01
  -5.00907443629590387602e-01
  -5.25172824428848494804e-01
  -5.50505944464372509728e-01
  -5.76961854717271904747e-01
  -6.04599159795810914275e-01
  -6.33480282278627959691e-01
  -6.63671749876741823293e-01
  -6.95244507614377726945e-01
  -7.28274257467100838426e-01
  -7.62841828162270640945e-01
  -7.99033578147279266446e-01
  -8.36941835067586348273e-01
  -8.76665375477144181993e-01
  -9.18309948932398478760e-01
  -9.61988851107119402606e-01
  -1.00782355111594301711e+00
  -1.05594437886099190571e+00
  -1.10649127893062249051e+00
  -1.15961463839638834195e+00
  -1.21547619679194829345e+00
  -1.27425004763798921381e+00
  -1.33612374212470741419e+00
  -1.40129950701258598755e+00
  -1.46999559049991068704e+00
  -1.54244775178307635954e+00
  -1.61891091236196293934e+00
  -1.69966098989522995666e+00
  -1.78499693868487430137e+00
  -1.87524302478655569004e+00
  -1.97075136846013188041e+00
  -2.07190479238865066236e+00
  -2.17912002106452540318e+00
  -2.29285128530042303652e+00
  -2.41359439640558193219e+00
  -2.54189136775092539011e+00
  -2.67833567798326122045e+00
  -2.82357829105698598937e+00
  -2.97833457488015040937e+00
  -3.14339229456369828597e+00
  -3.31962090051051861295e+00
  -3.50798238933535566630e+00
  -3.70954409163142218020e+00
  -3.92549384160687475642e+00
  -4.15715811909250554379e+00
  -4.40602393801789204986e+00
  -4.67376550700410309247e+00
  -4.96227703651564944209e+00
  -5.27371355696909205335e+00
  -5.61054231033844352794e+00
  -5.97560828838745639047e+00
  -6.37221897930803748977e+00
  -6.80425562053326515866e+00
  -7.27632168795969125341e+00
  -7.79394475167927591741e+00
  -8.36385656168543079048e+00
  -8.99439080360353138133e+00
  -9.69606318802181910144e+00
  -1.04824440462709667088e+01
  -1.13715198331678486454e+01
  -1.23879131018448624957e+01
  -1.35667036550367647862e+01
  -1.49604710468339163754e+01
  -1.66534862174469928675e+01
  -1.87940277698763829051e+01
  -2.16824573446223034523e+01
  -2.60950308567355904188e+01
  -3.56347511584972025389e+01
  -3.55689839422246336653e+01
  -2.60407683162731338200e+01
  -2.16112541917660685442e+01
  -1.87020453284512484515e+01
  -1.65397025364539693726e+01
  -1.48246942178176848159e+01
  -1.34091076643156270620e+01
  -1.22088774292171073910e+01
  -1.11715579309971637656e+01
  -1.02621643584573725150e+01
  -9.45614410614172484770e+00
  -8.73556242772814961484e+00
  -8.08688624244471832014e+00
  -7.49962504184747125180e+00
  -6.96546004998291223842e+00
</dep>
<dep Zin_ohm frequency>
  +4.17054973174014264714e+02
  +3.81030667673573645970e+02
  +3.47265345083377212632e+02
  +3.15491702596883044407e+02
  +2.85482500365587156921e+02
  +2.57043915453870738475e+02
  +2.30010344650177700032e+02
  +2.04240458635367389206e+02
  +1.79614449721450142761e+02
  +1.56032629541037067611e+02
  +1.33415954216057173198e+02
  +1.11710054435512191162e+02
  +9.08971094442424316640e+01
  +7.10287743339480215354e+01
  +5.23273106006654913358e+01
  +3.55596440540052824986e+01
  +2.36138922149726049327e+01
  +2.36628765431363667915e+01
  +3.49487881021880468779e+01
  +4.99854508589963870691e+01
  +6.59800286539281870546e+01
  +8.21750600227839385070e+01
  +9.83245394447338867394e+01
  +1.14337054942979875705e+02
  +1.30178073334472770739e+02
  +1.45837083971849807540e+02
  +1.61314666794643045478e+02
  +1.76616777143394330096e+02
  +1.91751995547848252954e+02
  +2.06730120068623477891e+02
  +2.21561414600289680266e+02
  +2.36256197478979373727e+02
  +2.50824615165269364070e+02
  +2.65276520323843044480e+02
  +2.79621410405743745287e+02
  +2.93868401931277333006e+02
  +3.08026226016904786320e+02
  +3.22103236505417783064e+02
  +3.36107425432998468295e+02
  +3.50046442577817629171e+02
  +3.63927617061544253829e+02
  +3.77757979737240361828e+02
  +3.91544285578761048328e+02
  +4.05293035594284333456e+02
  +4.19010497985244626307e+02
  +4.32702728400263424646e+02
  +4.46375589217162996647e+02
  +4.60034767839922494659e+02
  +4.73685794031538705440e+02
  +4.87334056325275071231e+02
  +5.00984817569315850960e+02
  +5.14643229667013429207e+02
  +5.28314347578071874523e+02
  +5.42003142646897799750e+02
  +5.55714515323542286751e+02
  +5.69453307341068352798e+02
  +5.83224313410791182832e+02
  +5.97032292494605826505e+02
  +6.10881978710747944206e+02
  +6.24778091927200534883e+02
  +6.38725348094322725956e+02
  +6.52728469366280137365e+02
  +6.66792194058968789250e+02
  +6.80921286490326906460e+02
  +6.95120546747666821830e+02
  +7.09394820425443072054e+02
  +7.23749008376012170629e+02
  +7.38188076515372358699e+02
  +7.52717065725465772630e+02
  +7.67341101894632629410e+02
  +7.82065406137904233219e+02
  +7.96895305239299091227e+02
  +8.11836242359032439708e+02
  +8.26893788049418503761e+02
  +8.42073651624581543729e+02
  +8.57381692930475310277e+02
  +8.72823934563633770267e+02
  +8.88406574588964303985e+02
  +9.04135999809399322658e+02
  +9.20018799642770773062e+02
  +9.36061780664295270071e+02
  +9.52271981876335985362e+02
  +9.68656690770695718129e+02
  +9.85223460252745667276e+02
  +1.00198012650100963583e+03
  +1.01893482784048910617e+03
  +1.03609602471322841666e+03
  +1.05347252083503644826e+03
  +1.07107348563320942958e+03
  +1.08890847806647502694e+03
  +1.10698747193497865737e+03
  +1.12532088279528875319e+03
  +1.14391959660287989209e+03
  +1.16279500021219769224e+03
  +1.18195901387252229142e+03
  +1.20142412586598129565e+03
  +1.22120342944216122305e+03
  +1.24131066221194669197e+03
  +1.26176024817079701279e+03
  +1.28256734252859996559e+03
  +1.30374787952930410029e+03
  +1.32531862344762203065e+03
  +1.34729722295230521922e+03
  +1.36970226902421904924e+03
  +1.39255335661222011367e+03
  +1.41587115019864972965e+03
  +1.43967745342785906359e+03
  +1.46399528292278023400e+03
  +1.48884894637352499558e+03
  +1.51426412492433837542e+03
  +1.54026795980658744156e+03
  +1.56688914305921207415e+03
  +1.59415801203700311817e+03
  +1.62210664722140950289e+03
  +1.65076897260560099312e+03
  +1.68018085760998474143e+03
  +1.71038021907619713602e+03
  +1.74140712136151068989e+03
  +1.77330387187980181807e+03
  +1.80611510856922018320e+03
  +1.83988787465903124030e+03
  +1.87467167469477658415e+03
  +1.91051850397921498370e+03
  +1.94748284129499643313e+03
  +1.98562159186409917311e+03
  +2.02499396380851476351e+03
  +2.06566125670725796226e+03
  +2.10768653495099442807e+03
  +2.15113415117982822267e+03
  +2.19606907579395601715e+03
  +2.24255597693262416215e+03
  +2.29065798094770252646e+03
  +2.34043502573909609055e+03
  +2.39194169785898702685e+03
  +2.44522441860140088465e+03
  +2.50031781417826641700e+03
  +2.55724007081914260198e+03
  +2.61598703837699122232e+03
  +2.67652480842156364815e+03
  +2.73878045992779198059e+03
  +2.80263064632861414793e+03
  +2.86788770624231710826e+03
  +2.93428303866309806835e+03
  +3.00144762393005294143e+03
  +3.06888983816715972353e+03
  +3.13597115593639273357e+03
  +3.20188102338844100814e+03
  +3.26561316112020085711e+03
  +3.32594682860850662109e+03
  +3.38143806259659731950e+03
  +3.43042733887671920456e+03
  +3.47107101916189230906e+03
  +3.50140360511052767833e+03
  +3.51943537170150057136e+03
  +3.52328472669167922504e+03
  +3.51133670521654994445e+03
  +3.48240971152792280918e+03
  +3.43590477474533872737e+03
  +3.37190877383930410360e+03
  +3.29122803789328463608e+03
  +3.19534146870987751754e+03
  +3.08627941101052465456e+03
  +2.96645018179793305535e+03
  +2.83844518910806209533e+03
  +2.70485363533682084380e+03
  +2.56811033882467881995e+03
  +2.43038905161581214998e+03
  +2.29354286316992329375e+03
  +2.15908551817610350554e+03
  +2.02820354357070755213e+03
  +1.90178839383043123235e+03
  +1.78047920359440036009e+03
  +1.66470902651441861053e+03
  +1.55474981296530563668e+03
  +1.45075338691787464995e+03
  +1.35278716331882287705e+03
  +1.26086431311965952773e+03
  +1.17496862083032669943e+03
  +1.09507449143063581687e+03
  +1.02116253759665698908e+03
  +9.53230980870768235036e+02
</dep>
<dep Zin_norm frequency>
  +8.34109946348028508112e+00
  +7.62061335347147306152e+00
  +6.94530690166754371973e+00
  +6.30983405193766078156e+00
  +5.70965000731174310289e+00
  +5.14087830907741505371e+00
  +4.60020689300355378748e+00
  +4.08480917270734789071e+00
  +3.59228899442900306838e+00
  +3.12065259082074142327e+00
  +2.66831908432114328633e+00
  +2.23420108871024369890e+00
  +1.81794218888484859775e+00
  +1.42057548667896038630e+00
  +1.04654621201330977343e+00
  +7.11192881080105698821e-01
  +4.72277844299452131960e-01
  +4.73257530862727315846e-01
  +6.98975762043760884268e-01
  +9.99709017179927772467e-01
  +1.31960057307856382103e+00
  +1.64350120045567882343e+00
  +1.96649078889467787690e+00
  +2.28674109885959753186e+00
  +2.60356146668945553913e+00
  +2.91674167943699602645e+00
  +3.22629333589286071415e+00
  +3.53233554286788686838e+00
  +3.83503991095696505909e+00
  +4.13460240137246959335e+00
  +4.43122829200579371189e+00
  +4.72512394957958736796e+00
  +5.01649230330538742351e+00
  +5.30553040647686113829e+00
  +5.59242820811487462151e+00
  +5.87736803862554690880e+00
  +6.16052452033809583298e+00
  +6.44206473010835534154e+00
  +6.72214850865996904616e+00
  +7.00092885155635258343e+00
  +7.27855234123088479237e+00
  +7.55515959474480780500e+00
  +7.83088571157522128630e+00
  +8.10586071188568624279e+00
  +8.38020995970489224192e+00
  +8.65405456800526806660e+00
  +8.92751178434325964872e+00
  +9.20069535679844996423e+00
  +9.47371588063077396669e+00
  +9.74668112650550177989e+00
  +1.00196963513863170903e+01
  +1.02928645933402691526e+01
  +1.05662869515614374905e+01
  +1.08400628529379563503e+01
  +1.11142903064708455929e+01
  +1.13890661468213671981e+01
  +1.16644862682158247935e+01
  +1.19406458498921157485e+01
  +1.22176395742149583867e+01
  +1.24955618385440114793e+01
  +1.27745069618864537375e+01
  +1.30545693873256034578e+01
  +1.33358438811793753587e+01
  +1.36184257298065372055e+01
  +1.39024109349533375735e+01
  +1.41878964085088608016e+01
  +1.44749801675202434126e+01
  +1.47637615303074465345e+01
  +1.50543413145093154526e+01
  +1.53468220378926520908e+01
  +1.56413081227580850197e+01
  +1.59379061047859824640e+01
  +1.62367248471806497889e+01
  +1.65378757609883706436e+01
  +1.68414730324916313009e+01
  +1.71476338586095060634e+01
  +1.74564786912726752632e+01
  +1.77681314917792860797e+01
  +1.80827199961879863110e+01
  +1.84003759928554160297e+01
  +1.87212356132859056856e+01
  +1.90454396375267194230e+01
  +1.93731338154139152152e+01
  +1.97044692050549130613e+01
  +2.00396025300201934272e+01
  +2.03786965568097819812e+01
  +2.07219204942645696121e+01
  +2.10694504167007288231e+01
  +2.14214697126641873126e+01
  +2.17781695613294985492e+01
  +2.21397494386995745685e+01
  +2.25064176559057749216e+01
  +2.28783919320575961365e+01
  +2.32559000042439549816e+01
  +2.36391802774504462548e+01
  +2.40284825173196239234e+01
  +2.44240685888432231820e+01
  +2.48262132442389322762e+01
  +2.52352049634159385505e+01
  +2.56513468505719970381e+01
  +2.60749575905860808689e+01
  +2.65063724689524420342e+01
  +2.69459444590461032476e+01
  +2.73940453804843819796e+01
  +2.78510671322444025577e+01
  +2.83174230039729941666e+01
  +2.87935490685571799929e+01
  +2.92799056584556041116e+01
  +2.97769789274704983484e+01
  +3.02852824984867687874e+01
  +3.08053591961317501102e+01
  +3.13377828611842410567e+01
  +3.18831602407400609422e+01
  +3.24421329444281880683e+01
  +3.30153794521120218519e+01
  +3.36036171521996962497e+01
  +3.42076043815239430046e+01
  +3.48281424272302118084e+01
  +3.54660774375960343718e+01
  +3.61223021713844048008e+01
  +3.67977574931806259428e+01
  +3.74934334938955302619e+01
  +3.82103700795843010951e+01
  +3.89496568258999289469e+01
  +3.97124318372819828937e+01
  +4.04998792761702972598e+01
  +4.13132251341451635085e+01
  +4.21537306990198885615e+01
  +4.30226830235965636007e+01
  +4.39213815158791192061e+01
  +4.48511195386524832429e+01
  +4.58131596189540530872e+01
  +4.68087005147819255058e+01
  +4.78388339571797374106e+01
  +4.89044883720280196826e+01
  +5.00063562835653243610e+01
  +5.11448014163828474921e+01
  +5.23197407675398267202e+01
  +5.35304961684312772263e+01
  +5.47756091985558413171e+01
  +5.60526129265722801165e+01
  +5.73577541248463376178e+01
  +5.86856607732619650619e+01
  +6.00289524786010559865e+01
  +6.13777967633431984495e+01
  +6.27194231187278532502e+01
  +6.40376204677688178890e+01
  +6.53122632224040131632e+01
  +6.65189365721701335588e+01
  +6.76287612519319480953e+01
  +6.86085467775343857966e+01
  +6.94214203832378444758e+01
  +7.00280721022105581142e+01
  +7.03887074340300102904e+01
  +7.04656945338335845008e+01
  +7.02267341043310011628e+01
  +6.96481942305584595942e+01
  +6.87180954949067768212e+01
  +6.74381754767860854827e+01
  +6.58245607578656972692e+01
  +6.39068293741975494981e+01
  +6.17255882202104970702e+01
  +5.93290036359586636650e+01
  +5.67689037821612458856e+01
  +5.40970727067364123286e+01
  +5.13622067764935792411e+01
  +4.86077810323162395889e+01
  +4.58708572633984701383e+01
  +4.31817103635220718161e+01
  +4.05640708714141524638e+01
  +3.80357678766086237943e+01
  +3.56095840718880083386e+01
  +3.32941805302883722106e+01
  +3.10949962593061144389e+01
  +2.90150677383574944201e+01
  +2.70557432663764565461e+01
  +2.52172862623931912651e+01
  +2.34993724166065334202e+01
  +2.19014898286127177585e+01
  +2.04232507519331392132e+01
  +1.90646196174153637060e+01
</dep>
<dep S[2,2] frequency>
  -8.67115263822897497370e-01-j2.85710723921696940764e-01
  -8.82648586633390852541e-01-j2.64939681567973095433e-01
  -8.96412650360294938068e-01-j2.44572411318886323572e-01
  -9.08613557462679910515e-01-j2.24646602773046127899e-01
  -9.19430361374523830165e-01-j2.05182370087355070432e-01
  -9.29018506548015987612e-01-j1.86187149618160019404e-01
  -9.37512957465108098809e-01-j1.67659347286251009246e-01
  -9.45030981553882432067e-01-j1.49591046768300511838e-01
  -9.51674588065680060467e-01-j1.31970014044283878718e-01
  -9.57532644551053579995e-01-j1.14781175637894625186e-01
  -9.62682701616983438342e-01-j9.80077036254988487318e-02
  -9.67192559549237440564e-01-j8.16318070871105971875e-02
  -9.71121609858284218220e-01-j6.56353045905312404429e-02
  -9.74521982508206652263e-01-j5.00000335175450408287e-02
  -9.77439526498027788648e-01-j3.47081379974642639796e-02
  -9.79914648151840927959e-01-j1.97422667168008700300e-02
  -9.81983028250509426549e-01-j5.08570402608746370554e-03
  -9.83676236161844963490e-01+j9.27754810625814121949e-03
  -9.85022256465630796640e-01+j2.33627241408794726618e-02
  -9.86045941240159873331e-01+j3.71842751605056046071e-02
  -9.86769399165038918476e-01+j5.07558678301120100307e-02
  -9.87212330874267740555e-01+j6.40903966063595814662e-02
  -9.87392318531372326085e-01+j7.72000050787771951999e-02
  -9.87325076361528775060e-01+j9.00961133799166175029e-02
  -9.87024667832393953759e-01+j1.02789449396355980770e-01
  -9.86503694297093391974e-01+j1.15290082111457442560e-01
  -9.85773459174190791465e-01+j1.27607455862060986673e-01
  -9.84844111118399312410e-01+j1.39750424630976255447e-01
  -9.83724769113543562327e-01+j1.51727285752632251592e-01
  -9.82423631979864597774e-01+j1.63545812600526280223e-01
  -9.80948074417710591533e-01+j1.75213285968291859751e-01
  -9.79304731397691030637e-01+j1.86736523962543810029e-01
  -9.77499572444019304562e-01+j1.98121910304122239577e-01
  -9.75537967135163830434e-01+j2.09375420991946670224e-01
  -9.73424742957429534052e-01+j2.20502649325104993494e-01
  -9.71164236487300214229e-01+j2.31508829308343933029e-01
  -9.68760338742553628322e-01+j2.42398857486512936399e-01
  -9.66216535426680955823e-01+j2.53177313267105519312e-01
  -9.63535942692622326966e-01+j2.63848477798572123021e-01
  -9.60721338967785443153e-01+j2.74416351476754083460e-01
  -9.57775193310335004604e-01+j2.84884670153865593445e-01
  -9.54699690705123615864e-01+j2.95256920124289390372e-01
  -9.51496754654695631181e-01+j3.05536351960049801235e-01
  -9.48168067375294687515e-01+j3.15725993266298854412e-01
  -9.44715087868587377606e-01+j3.25828660424054561418e-01
  -9.41139068105981468904e-01+j3.35846969383783555685e-01
  -9.37441067533182792459e-01+j3.45783345569626476834e-01
  -9.33621966077292197994e-01+j3.55640032950162943148e-01
  -9.29682475816827724735e-01+j3.65419102327571743150e-01
  -9.25623151455927994924e-01+j3.75122458893222765486e-01
  -9.21444399727491481045e-01+j3.84751849093909248367e-01
  -9.17146487835491464047e-01+j3.94308866849235883922e-01
  -9.12729551034174968471e-01+j4.03794959157207589140e-01
  -9.08193599430827225305e-01+j4.13211431121676797673e-01
  -9.03538524089222083724e-01+j4.22559450432114735996e-01
  -8.98764102502445760834e-01+j4.31840051323196139066e-01
  -8.93870003496484932803e-01+j4.41054138038709686587e-01
  -8.88855791619514001844e-01+j4.50202487821744268270e-01
  -8.83720931066222181727e-01+j4.59285753450364930828e-01
  -8.78464789181622740522e-01+j4.68304465335673381077e-01
  -8.73086639584450430185e-01+j4.77259033196773096996e-01
  -8.67585664946609158577e-01+j4.86149747324919390135e-01
  -8.61960959461800069192e-01+j4.94976779447119319411e-01
  -8.56211531033722716977e-01+j5.03740183197301405471e-01
  -8.50336303211809418912e-01+j5.12439894201332402091e-01
  -8.44334116900394060501e-01+j5.21075729780222762777e-01
  -8.38203731865526102673e-01+j5.29647388274058106283e-01
  -8.31943828062171486515e-01+j5.38154447987428286027e-01
  -8.25553006803430355909e-01+j5.46596365755373514439e-01
  -8.19029791792490691194e-01+j5.54972475127199382783e-01
  -8.12372630037420995208e-01+j5.63281984163765736540e-01
  -8.05579892668481956086e-01+j5.71523972842278182860e-01
  -7.98649875677464260448e-01+j5.79697390060869399697e-01
  -7.91580800598656209033e-01+j5.87801050233639044151e-01
  -7.84370815151267053444e-01+j5.95833629465179703821e-01
  -7.77017993863712064240e-01+j6.03793661291873617891e-01
  -7.69520338700856343372e-01+j6.11679531975663604015e-01
  -7.61875779716377099504e-01+j6.19489475334185746291e-01
  -7.54082175753564842857e-01+j6.27221567089536580220e-01
  -7.46137315219517205378e-01+j6.34873718716126411721e-01
  -7.38038916959357416125e-01+j6.42443670766346230927e-01
  -7.29784631259350669019e-01+j6.49928985651005763913e-01
  -7.21372041010129971816e-01+j6.57327039849644911840e-01
  -7.12798663064114212951e-01+j6.64635015524088546002e-01
  -7.04061949824349109228e-01+j6.71849891506764551607e-01
  -6.95159291105662768828e-01+j6.78968433633487911116e-01
  -6.86088016313042725614e-01+j6.85987184388683890468e-01
  -6.76845396986795022620e-01+j6.92902451829245369375e-01
  -6.67428649769145510007e-01+j6.99710297751560794666e-01
  -6.57834939852680600225e-01+j7.06406525064693480154e-01
  -6.48061384977500432036e-01+j7.12986664331200059586e-01
  -6.38105060051062711324e-01+j7.19445959435835002971e-01
  -6.27963002472645137608e-01+j7.25779352341332950616e-01
  -6.17632218253244547057e-01+j7.31981466889670362441e-01
  -6.07109689031485544319e-01+j7.38046591606847268707e-01
  -5.96392380096959717761e-01+j7.43968661469258552010e-01
  -5.85477249544496758382e-01+j7.49741238590366898542e-01
  -5.74361258696041931948e-01+j7.55357491787655765947e-01
  -5.63041383941460860107e-01+j7.60810174992075261002e-01
  -5.51514630165748753754e-01+j7.66091604465258924073e-01
  -5.39778045947657880710e-01+j7.71193634794294813339e-01
  -5.27828740734318957450e-01+j7.76107633639629423961e-01
  -5.15663904217454560630e-01+j7.80824455219377933091e-01
  -5.03280828160056703524e-01+j7.85334412522993741135e-01
  -4.90676930947485545609e-01+j7.89627248259519687323e-01
  -4.77849785164264240223e-01+j7.93692104560722255790e-01
  -4.64797148527327619316e-01+j7.97517491478061057997e-01
  -4.51516998538148528475e-01+j8.01091254335056013325e-01
  -4.38007571250131733098e-01+j8.04400540023984866878e-01
  -4.24267404583707041787e-01+j8.07431762368775784999e-01
  -4.10295386659617511427e-01+j8.10170566715198381402e-01
  -3.96090809660767484424e-01+j8.12601793956244877748e-01
  -3.81653429774275188002e-01+j8.14709444255813486357e-01
  -3.66983533807458683906e-01+j8.16476640798975306090e-01
  -3.52082013113840297525e-01+j8.17885593973404878554e-01
  -3.36950445506764173498e-01+j8.18917566475793390346e-01
  -3.21591185877599272658e-01+j8.19552839940698163446e-01
  -3.06007466271301764582e-01+j8.19770683809343703174e-01
  -2.90203506201998473468e-01+j8.19549327294247897946e-01
  -2.74184634012726746732e-01+j8.18865935454144544536e-01
  -2.57957420093433420494e-01+j8.17696590574816584152e-01
  -2.41529822765293361586e-01+j8.16016280256765980106e-01
  -2.24911347613151096914e-01+j8.13798893842432646828e-01
  -2.08113220994894154714e-01+j8.11017229075032597407e-01
  -1.91148578370161664752e-01+j8.07643011169495883550e-01
  -1.74032667962596698796e-01+j8.03646926793476712447e-01
  -1.56783070089935028246e-01+j7.98998675802455760042e-01
  -1.39419932253737277605e-01+j7.93667043945359251822e-01
  -1.21966219762270081106e-01+j7.87620000151734278582e-01
  -1.04447981252133670349e-01+j7.80824822421815167850e-01
  -8.68946279606027938147e-02+j7.73248256756927321298e-01
  -6.93392249648159542108e-02+j7.64856713975636814951e-01
  -5.18187918285334184199e-02+j7.55616509642099143385e-01
  -3.43746091647458423823e-02+j7.45494152662217857142e-01
  -1.70525265177659257620e-02+j7.34456688348773978348e-01
  +9.67343222827952986531e-05+j7.22472101878364303396e-01
  +1.70172879432318804871e-02+j7.09509788012285813608e-01
  +3.36478149212973004500e-02+j6.95541092671494221022e-01
  +4.99213233264309899639e-02+j6.80539931374733897407e-01
  +6.57649550479506850298e-02+j6.64483488591082638308e-01
  +8.10998519928819855407e-02+j6.47353000639665276950e-01
  +9.58410993769077401705e-02+j6.29134622800699649936e-01
  +1.09897765433156296977e-01+j6.09820378696426024234e-01
  +1.23173058771595636540e-01+j5.89409186678344410026e-01
  +1.35564626155179168698e-01+j5.67907953858223790711e-01
  +1.46965014401718691017e-01+j5.45332723515727035846e-01
  +1.57262320216289663843e-01+j5.21709855924695098395e-01
  +1.66341050719060912222e-01+j4.97077216247610087496e-01
  +1.74083214949099535085e-01+j4.71485336223864404115e-01
  +1.80369662388272261611e-01+j4.44998509196344926853e-01
  +1.85081678285705514275e-01+j4.17695770974164659606e-01
  +1.88102837067507244750e-01+j3.89671712636072142821e-01
  +1.89321104303996790019e-01+j3.61037066277122953295e-01
  +1.88631164664099515438e-01+j3.31919001629952858945e-01
  +1.85936938325628631219e-01+j3.02461071245817558761e-01
  +1.81154232010775462225e-01+j2.72822745285995593711e-01
  +1.74213454052208588374e-01+j2.43178484637660896617e-01
  +1.65062306830203953112e-01+j2.13716313510072891679e-01
  +1.53668355963122449381e-01+j1.84635870042426264437e-01
  +1.40021365342754500194e-01+j1.56145935485330650261e-01
  +1.24135282053483328446e-01+j1.28461468406488754646e-01
  +1.06049756799480116021e-01+j1.01800198767746263862e-01
  +8.58310947089908349295e-02+j7.63788657553772648567e-02
  +6.35725487315032811164e-02+j5.24092106445470523601e-02
  +3.93938929928801112590e-02+j3.00938592620008833756e-02
  +1.34402452952360057514e-02+j9.62224535725004354036e-03
  -1.41198555008094361884e-02-j8.83326565691388773671e-03
  -4.30970728170191955120e-02-j2.51208949820668492325e-02
  -7.32845143173466440079e-02-j3.91124654744882463420e-02
  -1.04461476768356764655e-01-j5.07057905431667621521e-02
  -1.36397551435769592842e-01-j5.98263448073480114120e-02
  -1.68856930217688216977e-01-j6.64281612679690769419e-02
  -2.01602745831662599763e-01-j7.04939396330822032333e-02
  -2.34401283330413046091e-01-j7.20343901015361720575e-02
  -2.67025914254595431174e-01-j7.10868732360632749057e-02
  -2.99260627159758096916e-01-j6.77134269189333670713e-02
  -3.30903056736189138398e-01-j6.19982939021793064138e-02
  -3.61766945584506838252e-01-j5.40450771520279149573e-02
  -3.91684005210600205693e-01-j4.39736549586419792068e-02
  -4.20505173525489550634e-01-j3.19169843533180647155e-02
  -4.48101293133015610159e-01-j1.80179110750536275454e-02
</dep>
<dep S[2,1] frequency>
  +1.27466053570741644219e-01-j3.86820226204540262849e-01
  +1.11397696536889773133e-01-j3.71091385405760532112e-01
  +9.70730498996946050694e-02-j3.55764396801678872695e-01
  +8.42859996880134798580e-02-j3.40876858047268693763e-01
  +7.28574817197607110808e-02-j3.26448791060440168810e-01
  +6.26320414364397032303e-02-j3.12487539669762781624e-01
  +5.34747047917121035021e-02-j2.98991416984566160675e-01
  +4.52681952527600531266e-02-j2.85952413590094933760e-01
  +3.79104948549354933696e-02-j2.73358202097558178334e-01
  +3.13127276689247058261e-02-j2.61193615386195399086e-01
  +2.53973349958111840885e-02-j2.49441731613087580577e-01
  +2.00965087045447618475e-02-j2.38084665664239941707e-01
  +1.53508496520433374705e-02-j2.27104141638242718049e-01
  +1.11082204254558183920e-02-j2.16481902171420215186e-01
  +7.32276473631263483122e-03-j2.06199996369881594083e-01
  +3.95406910949995787224e-03-j1.96240977617253092857e-01
  +9.66445733715225207584e-04-j1.86588034679213032874e-01
  -1.67168168393669477022e-03-j1.77225073654714737614e-01
  -3.98830455597079264890e-03-j1.68136763926140631042e-01
  -6.00828171214546485901e-03-j1.59308557963078856190e-01
  -7.75372851170066500898e-03-j1.50726692358759212231e-01
  -9.24435220442126545648e-03-j1.42378175616982488583e-01
  -1.04977415125133560769e-02-j1.34250766807124860547e-01
  -1.15296171683627532434e-02-j1.26332948149993407050e-01
  -1.23540491000330918125e-02-j1.18613893802682973666e-01
  -1.29836450780680800338e-02-j1.11083436511534100477e-01
  -1.34297148985114637304e-02-j1.03732033351034994006e-01
  -1.37024135559868764228e-02-j9.65507314268062299956e-02
  -1.38108663384275895392e-02-j8.95311341653170084109e-02
  -1.37632783355920648716e-02-j8.26653686217181937756e-02
  -1.35670304834796997401e-02-j7.59460540939615597056e-02
  -1.32287639547534925655e-02-j6.93662722250677071800e-02
  -1.27544544419442296146e-02-j6.29195386969194497828e-02
  -1.21494776575888745185e-02-j5.65997765613880030044e-02
  -1.14186671869566779697e-02-j5.04012912131516707670e-02
  -1.05663656692131600195e-02-j4.43187469790750493415e-02
  -9.59647014706843486109e-03-j3.83471452785765706817e-02
  -8.51247230945027973104e-03-j3.24818042958491537409e-02
  -7.31749425324210861499e-03-j2.67183400962894591901e-02
  -6.01432030606750215457e-03-j2.10526491147517043345e-02
  -4.60542538010775496377e-03-j1.54808919412291537410e-02
  -3.09300026536285174728e-03-j9.99947832969296651617e-03
  -1.47897421777235969428e-03-j4.60505335722869151710e-03
  +2.34964847842281511579e-04+j7.05515336860249963995e-04
  +2.04735228931196208690e-03+j5.93514929922834069687e-03
  +3.95693055622698026952e-03+j1.10865700615099364856e-02
  +5.96263468897659763834e-03+j1.61623090500135381531e-02
  +8.06357931540907166279e-03+j2.11647166619549007005e-02
  +1.02590469847255224417e-02+j2.60959705600983180029e-02
  +1.25484776973408609924e-02+j3.09580832338403610926e-02
  +1.49314595059569232838e-02+j3.57529088709321943296e-02
  +1.74077200776015898753e-02+j4.04821495803583467077e-02
  +1.99771191189266027199e-02+j4.51473610034259925650e-02
  +2.26396415780697329856e-02+j4.97499573467029485019e-02
  +2.53953915459703069568e-02+j5.42912158672769554202e-02
  +2.82445867884429137329e-02+j5.87722808378250555217e-02
  +3.11875538476038133284e-02+j6.31941670160036245152e-02
  +3.42247236577451138806e-02+j6.75577626400995362443e-02
  +3.73566276262664725971e-02+j7.18638319701601635536e-02
  +4.05838941352779161709e-02+j7.61130173915067070878e-02
  +4.39072454237113621311e-02+j8.03058410951257295451e-02
  +4.73274948135165712815e-02+j8.44427063472346917106e-02
  +5.08455442467891718938e-02+j8.85238983582812971607e-02
  +5.44623821034470531610e-02+j9.25495847594906412281e-02
  +5.81790812714923569193e-02+j9.65198156932475237468e-02
  +6.19967974439478292092e-02+j1.00434523521630889031e-01
  +6.59167676182763340176e-02+j1.04293522155668505480e-01
  +6.99403087755198632491e-02+j1.08096506006051515381e-01
  +7.40688167175355821614e-02+j1.11843048554342780476e-01
  +7.83037650416203434567e-02+j1.15532600542029836865e-01
  +8.26467042324004197429e-02+j1.19164487773022659267e-01
  +8.70992608513207339227e-02+j1.22737908523616712220e-01
  +9.16631368042214317304e-02+j1.26251930552217922488e-01
  +9.63401086673982692821e-02+j1.29705487699498522858e-01
  +1.01132027052320674909e-01+j1.33097376067989908721e-01
  +1.06040815988597103559e-01+j1.36426249768422880315e-01
  +1.11068472304103840753e-01+j1.39690616218494462197e-01
  +1.16217064980101439375e-01+j1.42888830977964675917e-01
  +1.21488734458026090279e-01+j1.46019092102342262773e-01
  +1.26885691873007327990e-01+j1.49079433995608495733e-01
  +1.32410218187462291883e-01+j1.52067720740725442763e-01
  +1.38064663195925196870e-01+j1.54981638884852862548e-01
  +1.43851444369855835381e-01+j1.57818689654398297550e-01
  +1.49773045508392044223e-01+j1.60576180573269944318e-01
  +1.55832015157781028636e-01+j1.63251216455827408147e-01
  +1.62030964758607315401e-01+j1.65840689744252117732e-01
  +1.68372566475926549456e-01+j1.68341270158310435390e-01
  +1.74859550662715884650e-01+j1.70749393623684853072e-01
  +1.81494702902007365442e-01+j1.73061250443424241574e-01
  +1.88280860567288627072e-01+j1.75272772675491267380e-01
  +1.95220908834312950608e-01+j1.77379620677874993984e-01
  +2.02317776070326804660e-01+j1.79377168781545831555e-01
  +2.09574428518798844268e-01+j1.81260490050409395213e-01
  +2.16993864188822133121e-01+j1.83024340086683529050e-01
  +2.24579105848625060204e-01+j1.84663139839723738911e-01
  +2.32333193011769939540e-01+j1.86170957376375845183e-01
  +2.40259172792524511308e-01+j1.87541488571548009556e-01
  +2.48360089493757069112e-01+j1.88768036679003048395e-01
  +2.56638972776005891419e-01+j1.89843490744564302730e-01
  +2.65098824240274033581e-01+j1.90760302827015337801e-01
  +2.73742602239505639083e-01+j1.91510463996477059423e-01
  +2.82573204714200332255e-01+j1.92085479085841587255e-01
  +2.91593449826540285219e-01+j1.92476340178523191993e-01
  +3.00806054144171608478e-01+j1.92673498825498251685e-01
  +3.10213608099686843911e-01+j1.92666836996824603068e-01
  +3.19818548424520399109e-01+j1.92445636787972523818e-01
  +3.29623127226508383369e-01+j1.91998548919893069487e-01
  +3.39629377348689143190e-01+j1.91313560094393986244e-01
  +3.49839073612948081582e-01+j1.90377959293758031167e-01
  +3.60253689516086716971e-01+j1.89178303146451398664e-01
  +3.70874348907802853237e-01+j1.87700380520045478905e-01
  +3.81701772140239203868e-01+j1.85929176549221669701e-01
  +3.92736216137428817419e-01+j1.83848836361976464282e-01
  +4.03977407790938825016e-01+j1.81442628832313823661e-01
  +4.15424470045598737133e-01+j1.78692910763989243339e-01
  +4.27075839997736850240e-01+j1.75581091999131466697e-01
  +4.38929178288950894160e-01+j1.72087602049186660924e-01
  +4.50981269042621146781e-01+j1.68191858965714202689e-01
  +4.63227909560534056865e-01+j1.63872241306876859079e-01
  +4.75663788975454804309e-01+j1.59106064214124237610e-01
  +4.88282355045552174388e-01+j1.53869560794659326897e-01
  +5.01075668282629727024e-01+j1.48137870210629324363e-01
  +5.14034242632335547363e-01+j1.41885034107735341635e-01
  +5.27146871977565489864e-01+j1.35084003275337455330e-01
  +5.40400441822629917787e-01+j1.27706656718534344863e-01
  +5.53779725644006348695e-01+j1.19723835640182116324e-01
  +5.67267165573352216690e-01+j1.11105395176875398899e-01
  +5.80842637320999388706e-01+j1.01820277105307874232e-01
  +5.94483199566402165104e-01+j9.18366071300511788156e-02
  +6.08162828449951953225e-01+j8.11218207740899699409e-02
  +6.21852138314190394652e-01+j6.96428223095470061432e-02
  +6.35518090478283781408e-01+j5.73661815740090161309e-02
  +6.49123692605034774417e-01+j4.42583738989117680962e-02
  +6.62627692152156111405e-01+j3.02860687055765999409e-02
  +6.75984268504165042302e-01+j1.54164725700699466182e-02
  +6.89142729671986531415e-01-j3.82267320283722386153e-04
  +7.02047220930927529103e-01-j1.71405934465978376791e-02
  +7.14636454445400914892e-01-j3.48869963842122904341e-02
  +7.26843470788698486906e-01-j5.36473963654616678443e-02
  +7.38595445283121598834e-01-j7.34444439282086053433e-02
  +7.49813554212951149935e-01-j9.42967370173596192151e-02
  +7.60412918130106141312e-01-j1.16217953875236146288e-01
  +7.70302641577751412427e-01-j1.39215903662217449499e-01
  +7.79385970464608779373e-01-j1.63291500071266304506e-01
  +7.87560589856117099217e-01-j1.88437667298850586306e-01
  +7.94719085891419485534e-01-j2.14638192639441088838e-01
  +8.00749595630970145699e-01-j2.41866545661518717036e-01
  +8.05536667599673461559e-01-j2.70084690315605335797e-01
  +8.08962353306076353832e-01-j2.99241923248667440749e-01
  +8.10907545781762384429e-01-j3.29273778780402592847e-01
  +8.11253574921383946439e-01-j3.60101048043565075130e-01
  +8.09884060908054093098e-01-j3.91628966183823867819e-01
  +8.06687016196324324646e-01-j4.23746626616546384625e-01
  +8.01557173482421725375e-01-j4.56326684409194605063e-01
  +7.94398502130452155434e-01-j4.89225411104150520458e-01
  +7.85126859223895134932e-01-j5.22283159931395846165e-01
  +7.73672704647787146115e-01-j5.55325292696928429770e-01
  +7.59983793542019059331e-01-j5.88163607191075077374e-01
  +7.44027745508050508683e-01-j6.20598286585371972102e-01
  +7.25794379660575583735e-01-j6.52420370256015957899e-01
  +7.05297699563070756845e-01-j6.83414719583361640609e-01
  +6.82577413671452304378e-01-j7.13363423880259972520e-01
  +6.57699886154890611678e-01-j7.42049562567389853207e-01
  +6.30758430309573236983e-01-j7.69261212314650721922e-01
  +6.01872881930500369663e-01-j7.94795564584560465526e-01
  +5.71188421828079051501e-01-j8.18463002267386885435e-01
  +5.38873653227162296986e-01-j8.40090975947205831353e-01
  +5.05117978443000437139e-01-j8.59527522186347314737e-01
  +4.70128356938324498682e-01-j8.76644278572787705173e-01
  +4.34125560479876160258e-01-j8.91338872625458744636e-01
  +3.97340067758857384828e-01-j9.03536592459340814898e-01
  +3.60007758274748901339e-01-j9.13191283964711497667e-01
  +3.22365572165331071286e-01-j9.20285459140628869790e-01
  +2.84647298708092688635e-01-j9.24829639886937115989e-01
  +2.47079642184634240554e-01-j9.26860997885943005414e-01
  +2.09878691370911474312e-01-j9.26441381566919464063e-01
  +1.73246890434629652322e-01-j9.23654843665452363055e-01
  +1.37370577176916336404e-01-j9.18604796577264459678e-01
  +1.02418122054674320953e-01-j9.11410927477621202186e-01
  +6.85386706980366383624e-02-j9.02206001748471542179e-01
  +3.58614656400144948822e-02-j8.91132672955236126988e-01
</dep>
<dep S[1,2] frequency>
  +1.27466053570741227885e-01-j3.86820226204540540405e-01
  +1.11397696536889925789e-01-j3.71091385405760421090e-01
  +9.70730498996964924485e-02-j3.55764396801678262072e-01
  +8.42859996880163941935e-02-j3.40876858047268249674e-01
  +7.28574817197606000585e-02-j3.26448791060440057787e-01
  +6.26320414364410077424e-02-j3.12487539669764002870e-01
  +5.34747047917134010753e-02-j2.98991416984567492943e-01
  +4.52681952527600670044e-02-j2.85952413590094878248e-01
  +3.79104948549376929989e-02-j2.73358202097557734245e-01
  +3.13127276689259756437e-02-j2.61193615386196731354e-01
  +2.53973349958124018644e-02-j2.49441731613087525066e-01
  +2.00965087045448138892e-02-j2.38084665664239969463e-01
  +1.53508496520436150262e-02-j2.27104141638242745804e-01
  +1.11082204254558322698e-02-j2.16481902171420215186e-01
  +7.32276473631186027718e-03-j2.06199996369882454506e-01
  +3.95406910950020940715e-03-j1.96240977617253897769e-01
  +9.66445733715554913465e-04-j1.86588034679213060629e-01
  -1.67168168393570792940e-03-j1.77225073654714765370e-01
  -3.98830455597100862197e-03-j1.68136763926139798375e-01
  -6.00828171214556547297e-03-j1.59308557963078023523e-01
  -7.75372851169989305703e-03-j1.50726692358757685675e-01
  -9.24435220442126545648e-03-j1.42378175616982488583e-01
  -1.04977415125135538354e-02-j1.34250766807125609947e-01
  -1.15296171683624791571e-02-j1.26332948149993462561e-01
  -1.23540491000328749721e-02-j1.18613893802681391598e-01
  -1.29836450780681338102e-02-j1.11083436511533253932e-01
  -1.34297148985113145442e-02-j1.03732033351035771163e-01
  -1.37024135559869423423e-02-j9.65507314268054528394e-02
  -1.38108663384275097419e-02-j8.95311341653162034993e-02
  -1.37632783355918116019e-02-j8.26653686217182076534e-02
  -1.35670304834796442289e-02-j7.59460540939615597056e-02
  -1.32287639547529443929e-02-j6.93662722250678043245e-02
  -1.27544544419442018590e-02-j6.29195386969194636606e-02
  -1.21494776575889282949e-02-j5.65997765613879752489e-02
  -1.14186671869565808252e-02-j5.04012912131524826176e-02
  -1.05663656692135173726e-02-j4.43187469790749591358e-02
  -9.59647014706823883734e-03-j3.83471452785750094305e-02
  -8.51247230945029881299e-03-j3.24818042958499586526e-02
  -7.31749425324260301118e-03-j2.67183400962893551067e-02
  -6.01432030606744143925e-03-j2.10526491147517078040e-02
  -4.60542538010741409060e-03-j1.54808919412275959593e-02
  -3.09300026536304300054e-03-j9.99947832969292314809e-03
  -1.47897421777214935906e-03-j4.60505335722881208038e-03
  +2.34964847842270967712e-04+j7.05515336860266985969e-04
  +2.04735228931205359357e-03+j5.93514929922873794854e-03
  +3.95693055622682587913e-03+j1.10865700615099555676e-02
  +5.96263468897731928331e-03+j1.61623090500132952918e-02
  +8.06357931540894676270e-03+j2.11647166619542657917e-02
  +1.02590469847252899888e-02+j2.60959705600975130912e-02
  +1.25484776973409841577e-02+j3.09580832338402570092e-02
  +1.49314595059568556296e-02+j3.57529088709322706574e-02
  +1.74077200776017564088e-02+j4.04821495803582703799e-02
  +1.99771191189266027199e-02+j4.51473610034256664370e-02
  +2.26396415780698266607e-02+j4.97499573467021574680e-02
  +2.53953915459704249180e-02+j5.42912158672768860312e-02
  +2.82445867884432849637e-02+j5.87722808378257702278e-02
  +3.11875538476044864011e-02+j6.31941670160043461602e-02
  +3.42247236577457036866e-02+j6.75577626400993003219e-02
  +3.73566276262663893304e-02+j7.18638319701601080425e-02
  +4.05838941352777565763e-02+j7.61130173915068181101e-02
  +4.39072454237119519371e-02+j8.03058410951258405674e-02
  +4.73274948135162173979e-02+j8.44427063472349415107e-02
  +5.08455442467891718938e-02+j8.85238983582812971607e-02
  +5.44623821034473862279e-02+j9.25495847594909187839e-02
  +5.81790812714921418136e-02+j9.65198156932477041581e-02
  +6.19967974439479749260e-02+j1.00434523521630264531e-01
  +6.59167676182761397286e-02+j1.04293522155668463847e-01
  +6.99403087755195440600e-02+j1.08096506006050988025e-01
  +7.40688167175361650285e-02+j1.11843048554342336387e-01
  +7.83037650416204544790e-02+j1.15532600542029809110e-01
  +8.26467042324003364762e-02+j1.19164487773022687023e-01
  +8.70992608513208727006e-02+j1.22737908523616309764e-01
  +9.16631368042214456082e-02+j1.26251930552218089021e-01
  +9.63401086673987966380e-02+j1.29705487699498550613e-01
  +1.01132027052320744298e-01+j1.33097376067989991988e-01
  +1.06040815988597256214e-01+j1.36426249768423268893e-01
  +1.11068472304103729731e-01+j1.39690616218494517708e-01
  +1.16217064980101522642e-01+j1.42888830977964648161e-01
  +1.21488734458026159668e-01+j1.46019092102341929706e-01
  +1.26885691873007355746e-01+j1.49079433995608884311e-01
  +1.32410218187462014328e-01+j1.52067720740725831341e-01
  +1.38064663195924253181e-01+j1.54981638884852473970e-01
  +1.43851444369855113736e-01+j1.57818689654398436328e-01
  +1.49773045508391655645e-01+j1.60576180573270249630e-01
  +1.55832015157780195969e-01+j1.63251216455827158347e-01
  +1.62030964758607454179e-01+j1.65840689744251618132e-01
  +1.68372566475926355167e-01+j1.68341270158310435390e-01
  +1.74859550662715912406e-01+j1.70749393623684908583e-01
  +1.81494702902007559731e-01+j1.73061250443424657908e-01
  +1.88280860567288599317e-01+j1.75272772675491322891e-01
  +1.95220908834313117142e-01+j1.77379620677874577650e-01
  +2.02317776070327415283e-01+j1.79377168781545498488e-01
  +2.09574428518799260601e-01+j1.81260490050409395213e-01
  +2.16993864188821994343e-01+j1.83024340086683695583e-01
  +2.24579105848625282249e-01+j1.84663139839724210756e-01
  +2.32333193011770078318e-01+j1.86170957376376178249e-01
  +2.40259172792524428042e-01+j1.87541488571548065067e-01
  +2.48360089493757207890e-01+j1.88768036679003436973e-01
  +2.56638972776006168974e-01+j1.89843490744564025174e-01
  +2.65098824240274477670e-01+j1.90760302827015421068e-01
  +2.73742602239505528061e-01+j1.91510463996477364734e-01
  +2.82573204714200498788e-01+j1.92085479085842003588e-01
  +2.91593449826540396241e-01+j1.92476340178523330771e-01
  +3.00806054144171275411e-01+j1.92673498825498445974e-01
  +3.10213608099686843911e-01+j1.92666836996824825112e-01
  +3.19818548424520676665e-01+j1.92445636787972718107e-01
  +3.29623127226508660925e-01+j1.91998548919893985421e-01
  +3.39629377348688699101e-01+j1.91313560094393431132e-01
  +3.49839073612948192604e-01+j1.90377959293758253212e-01
  +3.60253689516086383904e-01+j1.89178303146451565198e-01
  +3.70874348907802631192e-01+j1.87700380520045922994e-01
  +3.81701772140239148356e-01+j1.85929176549221308878e-01
  +3.92736216137428761908e-01+j1.83848836361976353260e-01
  +4.03977407790939047061e-01+j1.81442628832313851417e-01
  +4.15424470045598404067e-01+j1.78692910763989354361e-01
  +4.27075839997736961262e-01+j1.75581091999131327919e-01
  +4.38929178288951282738e-01+j1.72087602049186855213e-01
  +4.50981269042620258602e-01+j1.68191858965715840268e-01
  +4.63227909560534278910e-01+j1.63872241306877192146e-01
  +4.75663788975454360219e-01+j1.59106064214124237610e-01
  +4.88282355045551952344e-01+j1.53869560794659659964e-01
  +5.01075668282629838046e-01+j1.48137870210629740697e-01
  +5.14034242632335436340e-01+j1.41885034107735508169e-01
  +5.27146871977565933953e-01+j1.35084003275337205530e-01
  +5.40400441822629473698e-01+j1.27706656718533567707e-01
  +5.53779725644006570739e-01+j1.19723835640182366125e-01
  +5.67267165573351994645e-01+j1.11105395176874705010e-01
  +5.80842637320999277684e-01+j1.01820277105307846477e-01
  +5.94483199566402054081e-01+j9.18366071300512204489e-02
  +6.08162828449951509135e-01+j8.11218207740902752523e-02
  +6.21852138314190616697e-01+j6.96428223095477832993e-02
  +6.35518090478283892431e-01+j5.73661815740098973704e-02
  +6.49123692605034885439e-01+j4.42583738989124064744e-02
  +6.62627692152156111405e-01+j3.02860687055761974851e-02
  +6.75984268504164820257e-01+j1.54164725700699136585e-02
  +6.89142729671986531415e-01-j3.82267320283722386153e-04
  +7.02047220930927640126e-01-j1.71405934465981846238e-02
  +7.14636454445400914892e-01-j3.48869963842134006571e-02
  +7.26843470788698264862e-01-j5.36473963654615290664e-02
  +7.38595445283122487012e-01-j7.34444439282083694209e-02
  +7.49813554212951260958e-01-j9.42967370173593971705e-02
  +7.60412918130106363357e-01-j1.16217953875235702199e-01
  +7.70302641577750746293e-01-j1.39215903662218642989e-01
  +7.79385970464608446306e-01-j1.63291500071267553507e-01
  +7.87560589856116100016e-01-j1.88437667298851058151e-01
  +7.94719085891419818601e-01-j2.14638192639440367193e-01
  +8.00749595630969812632e-01-j2.41866545661518717036e-01
  +8.05536667599672351336e-01-j2.70084690315604170063e-01
  +8.08962353306075909742e-01-j2.99241923248667274216e-01
  +8.10907545781762717496e-01-j3.29273778780403425515e-01
  +8.11253574921384057461e-01-j3.60101048043565297174e-01
  +8.09884060908054093098e-01-j3.91628966183823645775e-01
  +8.06687016196324213624e-01-j4.23746626616545996047e-01
  +8.01557173482421170263e-01-j4.56326684409193994441e-01
  +7.94398502130452266456e-01-j4.89225411104150686992e-01
  +7.85126859223894246753e-01-j5.22283159931397067410e-01
  +7.73672704647788145316e-01-j5.55325292696927652614e-01
  +7.59983793542019170353e-01-j5.88163607191075521463e-01
  +7.44027745508049953571e-01-j6.20598286585371972102e-01
  +7.25794379660575916802e-01-j6.52420370256016179944e-01
  +7.05297699563070867868e-01-j6.83414719583361529587e-01
  +6.82577413671452193356e-01-j7.13363423880260194565e-01
  +6.57699886154889834522e-01-j7.42049562567390519341e-01
  +6.30758430309573125960e-01-j7.69261212314650721922e-01
  +6.01872881930499925573e-01-j7.94795564584560798593e-01
  +5.71188421828078829456e-01-j8.18463002267387107480e-01
  +5.38873653227163296187e-01-j8.40090975947205831353e-01
  +5.05117978443000881228e-01-j8.59527522186347425759e-01
  +4.70128356938325053793e-01-j8.76644278572787372106e-01
  +4.34125560479874939013e-01-j8.91338872625458855659e-01
  +3.97340067758856996250e-01-j9.03536592459341036943e-01
  +3.60007758274749289917e-01-j9.13191283964711608689e-01
  +3.22365572165330849241e-01-j9.20285459140628425700e-01
  +2.84647298708092744146e-01-j9.24829639886936893944e-01
  +2.47079642184632658486e-01-j9.26860997885943227459e-01
  +2.09878691370911973912e-01-j9.26441381566918908952e-01
  +1.73246890434629485789e-01-j9.23654843665452585100e-01
  +1.37370577176916114359e-01-j9.18604796577264348656e-01
  +1.02418122054674431975e-01-j9.11410927477621313209e-01
  +6.85386706980365967290e-02-j9.02206001748472097290e-01
  +3.58614656400144948822e-02-j8.91132672955236015966e-01
</dep>
<dep S[1,1] frequency>
  -8.67115263822898052481e-01-j2.85710723921697218319e-01
  -8.82648586633391296630e-01-j2.64939681567973206455e-01
  -8.96412650360293383756e-01-j2.44572411318885740705e-01
  -9.08613557462676912913e-01-j2.24646602773045434009e-01
  -9.19430361374523830165e-01-j2.05182370087354848387e-01
  -9.29018506548014766366e-01-j1.86187149618161185138e-01
  -9.37512957465107543698e-01-j1.67659347286252563558e-01
  -9.45030981553882543089e-01-j1.49591046768300400815e-01
  -9.51674588065678506155e-01-j1.31970014044285127719e-01
  -9.57532644551052136705e-01-j1.14781175637895971331e-01
  -9.62682701616982217097e-01-j9.80077036254987238317e-02
  -9.67192559549237440564e-01-j8.16318070871105416764e-02
  -9.71121609858284329242e-01-j6.56353045905312404429e-02
  -9.74521982508206541240e-01-j5.00000335175450616454e-02
  -9.77439526498028232737e-01-j3.47081379974649925635e-02
  -9.79914648151841150003e-01-j1.97422667168002004268e-02
  -9.81983028250509315527e-01-j5.08570402608751227780e-03
  -9.83676236161844297357e-01+j9.27754810625812734171e-03
  -9.85022256465630574596e-01+j2.33627241408786989751e-02
  -9.86045941240159873331e-01+j3.71842751605055560349e-02
  -9.86769399165038474386e-01+j5.07558678301119198251e-02
  -9.87212330874267740555e-01+j6.40903966063595953440e-02
  -9.87392318531372326085e-01+j7.72000050787780001116e-02
  -9.87325076361528664037e-01+j9.00961133799165342362e-02
  -9.87024667832394064781e-01+j1.02789449396355925259e-01
  -9.86503694297093058907e-01+j1.15290082111456679281e-01
  -9.85773459174190236354e-01+j1.27607455862060126250e-01
  -9.84844111118399423432e-01+j1.39750424630977060358e-01
  -9.83724769113543673349e-01+j1.51727285752633056504e-01
  -9.82423631979864930841e-01+j1.63545812600526335734e-01
  -9.80948074417711146644e-01+j1.75213285968291970773e-01
  -9.79304731397690475525e-01+j1.86736523962543782273e-01
  -9.77499572444020081718e-01+j1.98121910304122378355e-01
  -9.75537967135164052479e-01+j2.09375420991946670224e-01
  -9.73424742957429645074e-01+j2.20502649325104216338e-01
  -9.71164236487300214229e-01+j2.31508829308343933029e-01
  -9.68760338742553517299e-01+j2.42398857486513741311e-01
  -9.66216535426680955823e-01+j2.53177313267104631134e-01
  -9.63535942692622549011e-01+j2.63848477798572234043e-01
  -9.60721338967785665197e-01+j2.74416351476754083460e-01
  -9.57775193310334893582e-01+j2.84884670153866481623e-01
  -9.54699690705124170975e-01+j2.95256920124288835261e-01
  -9.51496754654695520159e-01+j3.05536351960050189813e-01
  -9.48168067375294576493e-01+j3.15725993266298687878e-01
  -9.44715087868587599651e-01+j3.25828660424054228351e-01
  -9.41139068105981579926e-01+j3.35846969383783611196e-01
  -9.37441067533182126326e-01+j3.45783345569625866212e-01
  -9.33621966077292197994e-01+j3.55640032950163553771e-01
  -9.29682475816828057802e-01+j3.65419102327570799460e-01
  -9.25623151455927883902e-01+j3.75122458893222487930e-01
  -9.21444399727491703089e-01+j3.84751849093909414901e-01
  -9.17146487835491686091e-01+j3.94308866849236328012e-01
  -9.12729551034174746427e-01+j4.03794959157207644651e-01
  -9.08193599430826892238e-01+j4.13211431121676242562e-01
  -9.03538524089222527813e-01+j4.22559450432114125373e-01
  -8.98764102502445205722e-01+j4.31840051323196250088e-01
  -8.93870003496485598937e-01+j4.41054138038708576364e-01
  -8.88855791619513224688e-01+j4.50202487821745322982e-01
  -8.83720931066222070704e-01+j4.59285753450364930828e-01
  -8.78464789181622851544e-01+j4.68304465335673714144e-01
  -8.73086639584449875073e-01+j4.77259033196773319041e-01
  -8.67585664946609269599e-01+j4.86149747324920000757e-01
  -8.61960959461800180215e-01+j4.94976779447119819011e-01
  -8.56211531033722272888e-01+j5.03740183197301405471e-01
  -8.50336303211809085845e-01+j5.12439894201332180046e-01
  -8.44334116900393616412e-01+j5.21075729780222540732e-01
  -8.38203731865526657785e-01+j5.29647388274057995261e-01
  -8.31943828062171375493e-01+j5.38154447987428286027e-01
  -8.25553006803429245686e-01+j5.46596365755374735684e-01
  -8.19029791792490802216e-01+j5.54972475127199382783e-01
  -8.12372630037421328275e-01+j5.63281984163765847562e-01
  -8.05579892668481623019e-01+j5.71523972842278404904e-01
  -7.98649875677464482493e-01+j5.79697390060869177653e-01
  -7.91580800598656764144e-01+j5.87801050233638711084e-01
  -7.84370815151267053444e-01+j5.95833629465179814844e-01
  -7.77017993863711731173e-01+j6.03793661291874395047e-01
  -7.69520338700856565417e-01+j6.11679531975663381971e-01
  -7.61875779716376988482e-01+j6.19489475334185524247e-01
  -7.54082175753564953880e-01+j6.27221567089535914086e-01
  -7.46137315219516539244e-01+j6.34873718716126189676e-01
  -7.38038916959357860215e-01+j6.42443670766346786039e-01
  -7.29784631259350891064e-01+j6.49928985651006208002e-01
  -7.21372041010130193861e-01+j6.57327039849645022862e-01
  -7.12798663064114212951e-01+j6.64635015524088101913e-01
  -7.04061949824349442295e-01+j6.71849891506764218541e-01
  -6.95159291105662768828e-01+j6.78968433633487689072e-01
  -6.86088016313042836636e-01+j6.85987184388683890468e-01
  -6.76845396986795022620e-01+j6.92902451829245480397e-01
  -6.67428649769145287962e-01+j6.99710297751560794666e-01
  -6.57834939852680822270e-01+j7.06406525064693480154e-01
  -6.48061384977500098969e-01+j7.12986664331199615496e-01
  -6.38105060051062600301e-01+j7.19445959435834891949e-01
  -6.27963002472644693519e-01+j7.25779352341332839593e-01
  -6.17632218253244213990e-01+j7.31981466889670473464e-01
  -6.07109689031486210453e-01+j7.38046591606846935640e-01
  -5.96392380096958940605e-01+j7.43968661469258329966e-01
  -5.85477249544496869404e-01+j7.49741238590366898542e-01
  -5.74361258696041487859e-01+j7.55357491787655876969e-01
  -5.63041383941460860107e-01+j7.60810174992074705891e-01
  -5.51514630165747976598e-01+j7.66091604465258813050e-01
  -5.39778045947658546844e-01+j7.71193634794295257429e-01
  -5.27828740734319845629e-01+j7.76107633639629646005e-01
  -5.15663904217454671652e-01+j7.80824455219377933091e-01
  -5.03280828160057147613e-01+j7.85334412522993852157e-01
  -4.90676930947485490098e-01+j7.89627248259519576301e-01
  -4.77849785164264406756e-01+j7.93692104560721700679e-01
  -4.64797148527327952383e-01+j7.97517491478062168220e-01
  -4.51516998538149194609e-01+j8.01091254335055125146e-01
  -4.38007571250132066165e-01+j8.04400540023985310967e-01
  -4.24267404583707152810e-01+j8.07431762368776007044e-01
  -4.10295386659618011027e-01+j8.10170566715198603447e-01
  -3.96090809660767595446e-01+j8.12601793956244433659e-01
  -3.81653429774275076980e-01+j8.14709444255813708402e-01
  -3.66983533807458406351e-01+j8.16476640798975306090e-01
  -3.52082013113840797125e-01+j8.17885593973404767532e-01
  -3.36950445506764173498e-01+j8.18917566475793390346e-01
  -3.21591185877598884080e-01+j8.19552839940698385490e-01
  -3.06007466271302208671e-01+j8.19770683809344924420e-01
  -2.90203506201998695513e-01+j8.19549327294247786924e-01
  -2.74184634012726469177e-01+j8.18865935454145432715e-01
  -2.57957420093433476005e-01+j8.17696590574817028241e-01
  -2.41529822765293028519e-01+j8.16016280256766535217e-01
  -2.24911347613151541003e-01+j8.13798893842432646828e-01
  -2.08113220994893904914e-01+j8.11017229075032042296e-01
  -1.91148578370161276174e-01+j8.07643011169495106394e-01
  -1.74032667962596254707e-01+j8.03646926793477045514e-01
  -1.56783070089935083757e-01+j7.98998675802455204931e-01
  -1.39419932253737527406e-01+j7.93667043945359029777e-01
  -1.21966219762270372540e-01+j7.87620000151734167559e-01
  -1.04447981252133725860e-01+j7.80824822421815167850e-01
  -8.68946279606024746256e-02+j7.73248256756928209477e-01
  -6.93392249648157876774e-02+j7.64856713975637703129e-01
  -5.18187918285334947477e-02+j7.55616509642099920541e-01
  -3.43746091647452803319e-02+j7.45494152662217746119e-01
  -1.70525265177652943227e-02+j7.34456688348774422437e-01
  +9.67343222825559068134e-05+j7.22472101878364081351e-01
  +1.70172879432323558013e-02+j7.09509788012285702585e-01
  +3.36478149212966759496e-02+j6.95541092671493554889e-01
  +4.99213233264314132365e-02+j6.80539931374734452518e-01
  +6.57649550479512956525e-02+j6.64483488591082860353e-01
  +8.10998519928819994185e-02+j6.47353000639666276150e-01
  +9.58410993769077956816e-02+j6.29134622800700205048e-01
  +1.09897765433155811254e-01+j6.09820378696424914011e-01
  +1.23173058771595955729e-01+j5.89409186678343299803e-01
  +1.35564626155178447053e-01+j5.67907953858223235599e-01
  +1.46965014401719024084e-01+j5.45332723515727479935e-01
  +1.57262320216289691599e-01+j5.21709855924694432261e-01
  +1.66341050719061023244e-01+j4.97077216247610531585e-01
  +1.74083214949099313040e-01+j4.71485336223865014738e-01
  +1.80369662388272150588e-01+j4.44998509196344205208e-01
  +1.85081678285705708564e-01+j4.17695770974164326539e-01
  +1.88102837067507105973e-01+j3.89671712636072142821e-01
  +1.89321104303996790019e-01+j3.61037066277122842273e-01
  +1.88631164664099321149e-01+j3.31919001629953414056e-01
  +1.85936938325628603463e-01+j3.02461071245817447739e-01
  +1.81154232010774796091e-01+j2.72822745285994483488e-01
  +1.74213454052209809619e-01+j2.43178484637661396217e-01
  +1.65062306830204064134e-01+j2.13716313510072669635e-01
  +1.53668355963121894270e-01+j1.84635870042426042392e-01
  +1.40021365342754361416e-01+j1.56145935485329789838e-01
  +1.24135282053483356202e-01+j1.28461468406489198735e-01
  +1.06049756799479935609e-01+j1.01800198767746041817e-01
  +8.58310947089899467510e-02+j7.63788657553762656560e-02
  +6.35725487315032533608e-02+j5.24092106445470384823e-02
  +3.93938929928798475810e-02+j3.00938592620005607170e-02
  +1.34402452952356900318e-02+j9.62224535725005047926e-03
  -1.41198555008086000517e-02-j8.83326565691402304514e-03
  -4.30970728170185224393e-02-j2.51208949820668492325e-02
  -7.32845143173462137964e-02-j3.91124654744881353197e-02
  -1.04461476768357486300e-01-j5.07057905431667274576e-02
  -1.36397551435769870398e-01-j5.98263448073484416234e-02
  -1.68856930217688050444e-01-j6.64281612679694655199e-02
  -2.01602745831663016096e-01-j7.04939396330818979219e-02
  -2.34401283330412935069e-01-j7.20343901015359777684e-02
  -2.67025914254596707931e-01-j7.10868732360633998058e-02
  -2.99260627159757375271e-01-j6.77134269189328952265e-02
  -3.30903056736189193909e-01-j6.19982939021795353973e-02
  -3.61766945584507004785e-01-j5.40450771520276720961e-02
  -3.91684005210600094671e-01-j4.39736549586420069624e-02
  -4.20505173525489828190e-01-j3.19169843533186961548e-02
  -4.48101293133015776693e-01-j1.80179110750535234620e-02
</dep>
