<Qucs Dataset 1.0.7>
<indep frequency 181>
  +1.00000000000000000000e+09
  +1.05000000000000000000e+09
  +1.10000000000000000000e+09
  +1.15000000000000000000e+09
  +1.20000000000000000000e+09
  +1.25000000000000000000e+09
  +1.30000000000000000000e+09
  +1.35000000000000000000e+09
  +1.40000000000000000000e+09
  +1.45000000000000000000e+09
  +1.50000000000000000000e+09
  +1.55000000000000000000e+09
  +1.60000000000000000000e+09
  +1.65000000000000000000e+09
  +1.70000000000000000000e+09
  +1.75000000000000000000e+09
  +1.80000000000000000000e+09
  +1.85000000000000000000e+09
  +1.90000000000000000000e+09
  +1.95000000000000000000e+09
  +2.00000000000000000000e+09
  +2.05000000000000000000e+09
  +2.10000000000000000000e+09
  +2.15000000000000000000e+09
  +2.20000000000000000000e+09
  +2.25000000000000000000e+09
  +2.30000000000000000000e+09
  +2.35000000000000000000e+09
  +2.40000000000000000000e+09
  +2.45000000000000000000e+09
  +2.50000000000000000000e+09
  +2.55000000000000000000e+09
  +2.60000000000000000000e+09
  +2.65000000000000000000e+09
  +2.70000000000000000000e+09
  +2.75000000000000000000e+09
  +2.80000000000000000000e+09
  +2.85000000000000000000e+09
  +2.90000000000000000000e+09
  +2.95000000000000000000e+09
  +3.00000000000000000000e+09
  +3.05000000000000000000e+09
  +3.10000000000000000000e+09
  +3.15000000000000000000e+09
  +3.20000000000000000000e+09
  +3.25000000000000000000e+09
  +3.30000000000000000000e+09
  +3.35000000000000000000e+09
  +3.40000000000000000000e+09
  +3.45000000000000000000e+09
  +3.50000000000000000000e+09
  +3.55000000000000000000e+09
  +3.60000000000000000000e+09
  +3.65000000000000000000e+09
  +3.70000000000000000000e+09
  +3.75000000000000000000e+09
  +3.80000000000000000000e+09
  +3.85000000000000000000e+09
  +3.90000000000000000000e+09
  +3.95000000000000000000e+09
  +4.00000000000000000000e+09
  +4.05000000000000000000e+09
  +4.10000000000000000000e+09
  +4.15000000000000000000e+09
  +4.20000000000000000000e+09
  +4.25000000000000000000e+09
  +4.30000000000000000000e+09
  +4.35000000000000000000e+09
  +4.40000000000000000000e+09
  +4.45000000000000000000e+09
  +4.50000000000000000000e+09
  +4.55000000000000000000e+09
  +4.60000000000000000000e+09
  +4.65000000000000000000e+09
  +4.70000000000000000000e+09
  +4.75000000000000000000e+09
  +4.80000000000000000000e+09
  +4.85000000000000000000e+09
  +4.90000000000000000000e+09
  +4.95000000000000000000e+09
  +5.00000000000000000000e+09
  +5.05000000000000000000e+09
  +5.10000000000000000000e+09
  +5.15000000000000000000e+09
  +5.20000000000000000000e+09
  +5.25000000000000000000e+09
  +5.30000000000000000000e+09
  +5.35000000000000000000e+09
  +5.40000000000000000000e+09
  +5.45000000000000000000e+09
  +5.50000000000000000000e+09
  +5.55000000000000000000e+09
  +5.60000000000000000000e+09
  +5.65000000000000000000e+09
  +5.70000000000000000000e+09
  +5.75000000000000000000e+09
  +5.80000000000000000000e+09
  +5.85000000000000000000e+09
  +5.90000000000000000000e+09
  +5.95000000000000000000e+09
  +6.00000000000000000000e+09
  +6.05000000000000000000e+09
  +6.10000000000000000000e+09
  +6.15000000000000000000e+09
  +6.20000000000000000000e+09
  +6.25000000000000000000e+09
  +6.30000000000000000000e+09
  +6.35000000000000000000e+09
  +6.40000000000000000000e+09
  +6.45000000000000000000e+09
  +6.50000000000000000000e+09
  +6.55000000000000000000e+09
  +6.60000000000000000000e+09
  +6.65000000000000000000e+09
  +6.70000000000000000000e+09
  +6.75000000000000000000e+09
  +6.80000000000000000000e+09
  +6.85000000000000000000e+09
  +6.90000000000000000000e+09
  +6.95000000000000000000e+09
  +7.00000000000000000000e+09
  +7.05000000000000000000e+09
  +7.10000000000000000000e+09
  +7.15000000000000000000e+09
  +7.20000000000000000000e+09
  +7.25000000000000000000e+09
  +7.30000000000000000000e+09
  +7.35000000000000000000e+09
  +7.40000000000000000000e+09
  +7.45000000000000000000e+09
  +7.50000000000000000000e+09
  +7.55000000000000000000e+09
  +7.60000000000000000000e+09
  +7.65000000000000000000e+09
  +7.70000000000000000000e+09
  +7.75000000000000000000e+09
  +7.80000000000000000000e+09
  +7.85000000000000000000e+09
  +7.90000000000000000000e+09
  +7.95000000000000000000e+09
  +8.00000000000000000000e+09
  +8.05000000000000000000e+09
  +8.10000000000000000000e+09
  +8.15000000000000000000e+09
  +8.20000000000000000000e+09
  +8.25000000000000000000e+09
  +8.30000000000000000000e+09
  +8.35000000000000000000e+09
  +8.40000000000000000000e+09
  +8.45000000000000000000e+09
  +8.50000000000000000000e+09
  +8.55000000000000000000e+09
  +8.60000000000000000000e+09
  +8.65000000000000000000e+09
  +8.70000000000000000000e+09
  +8.75000000000000000000e+09
  +8.80000000000000000000e+09
  +8.85000000000000000000e+09
  +8.90000000000000000000e+09
  +8.95000000000000000000e+09
  +9.00000000000000000000e+09
  +9.05000000000000000000e+09
  +9.10000000000000000000e+09
  +9.15000000000000000000e+09
  +9.20000000000000000000e+09
  +9.25000000000000000000e+09
  +9.30000000000000000000e+09
  +9.35000000000000000000e+09
  +9.40000000000000000000e+09
  +9.45000000000000000000e+09
  +9.50000000000000000000e+09
  +9.55000000000000000000e+09
  +9.60000000000000000000e+09
  +9.65000000000000000000e+09
  +9.70000000000000000000e+09
  +9.75000000000000000000e+09
  +9.80000000000000000000e+09
  +9.85000000000000000000e+09
  +9.90000000000000000000e+09
  +9.95000000000000000000e+09
  +1.00000000000000000000e+10
</indep>
<dep S21_phase frequency>
  -3.07754555706904397994e+01
  -3.22976998064690690171e+01
  -3.38177945382763667226e+01
  -3.53356985044197671186e+01
  -3.68513780007355151724e+01
  -3.83648070160437484333e+01
  -3.98759673477871174896e+01
  -4.13848486987065982134e+01
  -4.28914487554458006002e+01
  -4.43957732501418576021e+01
  -4.58978360060402863496e+01
  -4.73976589682900311118e+01
  -4.88952722211694492671e+01
  -5.03907139929154226365e+01
  -5.18840306495245613405e+01
  -5.33752766788148989008e+01
  -5.48645146660984579512e+01
  -5.63518152628515025526e+01
  -5.78372571497336522839e+01
  -5.93209269953735045533e+01
  -6.08029194122764380381e+01
  -6.22833369112494281694e+01
  -6.37622898557316020174e+01
  -6.52398964173762010432e+01
  -6.67162825342727359157e+01
  -6.81915818731257417085e+01
  -6.96659357967728993799e+01
  -7.11394933383401735227e+01
  -7.26124111833899235080e+01
  -7.40848536613680437313e+01
  -7.55569927477005052197e+01
  -7.70290080778396486494e+01
  -7.85010869746462986996e+01
  -7.99734244904245059615e+01
  -8.14462234650245164858e+01
  -8.29196946014053253293e+01
  -8.43940565601324266254e+01
  -8.58695360742818252220e+01
  -8.73463680863313385316e+01
  -8.88247959086419029973e+01
  -9.03050714092459827498e+01
  -9.17874552247156287876e+01
  -9.32722170020138747759e+01
  -9.47596356713261371851e+01
  -9.62499997520081791436e+01
  -9.77436076939263216445e+01
  -9.92407682566257705048e+01
  -1.00741800928938275206e+02
  -1.02247036391833873381e+02
  -1.03756817027524633090e+02
  -1.05271497478073996490e+02
  -1.06791445257002251878e+02
  -1.08317041417645043566e+02
  -1.09848681282333686227e+02
  -1.11386775236752072260e+02
  -1.12931749594178967300e+02
  -1.14484047534669855395e+02
  -1.16044130124607036691e+02
  -1.17612477422443163277e+02
  -1.19189589676873936241e+02
  -1.20775988624091141332e+02
  -1.22372218891206472335e+02
  -1.23978849513358937884e+02
  -1.25596475572439800317e+02
  -1.27225719965781536303e+02
  -1.28867235313500373195e+02
  -1.30521706013513238531e+02
  -1.32189850453435980171e+02
  -1.33872423388713627901e+02
  -1.35570218496228790173e+02
  -1.37284071112386527602e+02
  -1.39014861164091996670e+02
  -1.40763516300096512168e+02
  -1.42531015228773469516e+02
  -1.44318391266339773438e+02
  -1.46126736096718985891e+02
  -1.47957203740433186567e+02
  -1.49811014724872904935e+02
  -1.51689460441692801851e+02
  -1.53593907668585416104e+02
  -1.55525803221816460109e+02
  -1.57486678692140685598e+02
  -1.59478155199426566924e+02
  -1.61501948079740316189e+02
  -1.63559871391959518405e+02
  -1.65653842098169178598e+02
  -1.67785883732123664913e+02
  -1.69958129321748003804e+02
  -1.72172823273835859936e+02
  -1.74432321860685505044e+02
  -1.76739091868502327998e+02
  -1.79095706875540827241e+02
  +1.78495159475514554970e+02
  +1.76030743960056156538e+02
  +1.73508208878492666827e+02
  +1.70924662778587759249e+02
  +1.68277187897167920028e+02
  +1.65562875515879483146e+02
  +1.62778870474424820713e+02
  +1.59922426065229302594e+02
  +1.56990970412283388669e+02
  +1.53982185173810364631e+02
  +1.50894096958638613160e+02
  +1.47725181164989663785e+02
  +1.44474477001080856553e+02
  +1.41141711212614694659e+02
  +1.37727426541521651870e+02
  +1.34233109245204900617e+02
  +1.30661308257742717842e+02
  +1.27015736994752586497e+02
  +1.23301347685514272712e+02
  +1.19524367797030947713e+02
  +1.15692288919728511587e+02
  +1.11813800644228763304e+02
  +1.07898665518806126329e+02
  +1.03957535923513503917e+02
  +1.00001719128786618285e+02
  -8.39570978155472573690e+01
  -8.79071472404715024140e+01
  -9.18368851489969557633e+01
  -9.57352811151488367614e+01
  -9.95920759596228322152e+01
  -1.03397993056682580004e+02
  -1.07144894138439624953e+02
  -1.10825875969818042677e+02
  -1.14435309451097623423e+02
  -1.17968826928951202149e+02
  -1.21423266396636336140e+02
  -1.24796582756597416619e+02
  -1.28087736549465148528e+02
  -1.31296569809313069754e+02
  -1.34423677325696303342e+02
  -1.37470279900328534950e+02
  -1.40438104441050171545e+02
  -1.43329274120532090819e+02
  -1.46146210448590466058e+02
  -1.48891548009231740934e+02
  -1.51568061796146935194e+02
  -1.54178606515186544357e+02
  -1.56726066867595761778e+02
  -1.59213317637943731597e+02
  -1.61643192342766212732e+02
  -1.64018459212838706662e+02
  -1.66341803353679011934e+02
  -1.68615814032336515993e+02
  -1.70842976157002738091e+02
  -1.73025665137861068388e+02
  -1.75166144435333336560e+02
  -1.77266565210956258625e+02
  -1.79328967594154477183e+02
  +1.78644716835673250444e+02
  +1.76652661678001379642e+02
  +1.74693141713962319272e+02
  +1.72764528492931702885e+02
  +1.70865285668583993584e+02
  +1.68993964213662565044e+02
  +1.67149197612936120549e+02
  +1.65329697109668046551e+02
  +1.63534247061488372310e+02
  +1.61761700446012469001e+02
  +1.60010974544243566697e+02
  +1.58281046820092115013e+02
  +1.56570951006807234762e+02
  +1.54879773405285845911e+02
  +1.53206649394795419994e+02
  +1.51550760153332447544e+02
  +1.49911329582400242089e+02
  +1.48287621429259729666e+02
  +1.46678936598520635926e+02
  +1.45084610644182134820e+02
  +1.43504011432813854299e+02
  +1.41936536968384842794e+02
  +1.40381613369282547410e+02
  +1.38838692988204655876e+02
  +1.37307252665891979859e+02
  +1.35786792109986919286e+02
  +1.34276832390700803899e+02
  +1.32776914545379071342e+02
  +1.31286598284487752153e+02
  +1.29805460791975747270e+02
  +1.28333095613406840130e+02
</dep>
<dep S11_phase frequency>
  -1.20880079039620667913e+02
  -1.22399234715771783044e+02
  -1.23916340693521320304e+02
  -1.25431340970359585185e+02
  -1.26944189303467879881e+02
  -1.28454848943697300001e+02
  -1.29963292435864417484e+02
  -1.31469501465262879947e+02
  -1.32973466735993412158e+02
  -1.34475187870883587493e+02
  -1.35974673325587872341e+02
  -1.37471940311653952449e+02
  -1.38967014724928930036e+02
  -1.40459931076734847011e+02
  -1.41950732426262618446e+02
  -1.43439470313187570127e+02
  -1.44926204690058426650e+02
  -1.46411003854407198332e+02
  -1.47893944380787104365e+02
  -1.49375111053230739344e+02
  -1.50854596798737361496e+02
  -1.52332502622567972139e+02
  -1.53808937546250376727e+02
  -1.55284018549215176108e+02
  -1.56757870515123727273e+02
  -1.58230626183919127925e+02
  -1.59702426110746586119e+02
  -1.61173418632851905841e+02
  -1.62643759845644353845e+02
  -1.64113613589096559053e+02
  -1.65583151445714179317e+02
  -1.67052552751278852838e+02
  -1.68522004619666432745e+02
  -1.69991701982990832676e+02
  -1.71461847648426129354e+02
  -1.72932652373049194239e+02
  -1.74404334958137070544e+02
  -1.75877122364349816053e+02
  -1.77351249849355099286e+02
  -1.78826961129461011524e+02
  +1.79695491433039109097e+02
  +1.78215846615065004244e+02
  +1.76733834088600076484e+02
  +1.75249174145216784382e+02
  +1.73761577387153181462e+02
  +1.72270744382677264639e+02
  +1.70776365283319108812e+02
  +1.69278119400370286485e+02
  +1.67775674737857798391e+02
  +1.66268687479002181817e+02
  +1.64756801422917561695e+02
  +1.63239647368081165268e+02
  +1.61716842438832628659e+02
  +1.60187989350855872317e+02
  +1.58652675611312929504e+02
  +1.57110472648945716401e+02
  +1.55560934869123144608e+02
  +1.54003598628441324081e+02
  +1.52437981123088263757e+02
  +1.50863579184786374299e+02
  +1.49279867977708505578e+02
  +1.47686299589339284921e+02
  +1.46082301507830692344e+02
  +1.44467274977991564811e+02
  +1.42840593227645911156e+02
  +1.41201599555759429450e+02
  +1.39549605273413874329e+02
  +1.37883887488528756649e+02
  +1.36203686725101817956e+02
  +1.34508204367849003802e+02
  +1.32796599923384320618e+02
  +1.31067988089678721053e+02
  +1.29321435626473345337e+02
  +1.27555958020763796412e+02
  +1.25770515943512634749e+02
  +1.23964011496581335336e+02
  +1.22135284252684016337e+02
  +1.20283107096212120268e+02
  +1.18406181879376958932e+02
  +1.16503134916612026473e+02
  +1.14572512351044707657e+02
  +1.12612775440596578846e+02
  +1.10622295828553902197e+02
  +1.08599350885002834843e+02
  +1.06542119232186507816e+02
  +1.04448676599619915351e+02
  +1.02316992194735462363e+02
  +1.00144925823094268935e+02
  +9.79302260499628687285e+01
  +9.56705297634117357575e+01
  +9.33633635789368980795e+01
  +9.10061476173893595387e+01
  +8.85962022913904547750e+01
  +8.61307588489530644438e+01
  +8.36069745433592430572e+01
  +8.10219534196780415414e+01
  +7.83727738212211733071e+01
  +7.56565238098561678726e+01
  +7.28703457427716614347e+01
  +7.00114912287330639629e+01
  +6.70773875656052211980e+01
  +6.40657164977759379099e+01
  +6.09745056823201210250e+01
  +5.78022325715668472412e+01
  +5.45479394704423299345e+01
  +5.12113572926747409042e+01
  +4.77930340393158630263e+01
  +4.42944623280128908505e+01
  +4.07181985537987145563e+01
  +3.70679646825663056120e+01
  +3.33487225604626686959e+01
  +2.95667103037148919498e+01
  +2.57294311386267935404e+01
  +2.18455872214405175669e+01
  +1.79249545281587607803e+01
  +1.39781996510044308479e+01
  +1.00166447702447882762e+01
  +6.05199244834658145464e+00
  +2.09602636843164980007e+00
  -1.83969306427099832391e+00
  -5.74411873173070741672e+00
  -9.60697459197696446154e+00
  -1.34189670995802554643e+01
  -1.71719411225953564326e+01
  -2.08589767276559250320e+01
  -2.44744283886425364472e+01
  -2.80139123984758171559e+01
  -3.14742511634772945683e+01
  -3.48533845524985750330e+01
  -3.81502587039389524648e+01
  -4.13647019498361530054e+01
  -4.44972961370724320318e+01
  -4.75492499332792775135e+01
  -5.05222789599967185836e+01
  -5.34184959806266803639e+01
  -5.62403129923017814917e+01
  -5.89903559731904962860e+01
  -6.16713922194768429108e+01
  -6.42862696411669816143e+01
  -6.68378670312081339944e+01
  -6.93290541326098406216e+01
  -7.17626602603850329842e+01
  -7.41414502520371030414e+01
  -7.64681065920058529173e+01
  -7.87452166589193751634e+01
  -8.09752641629517313504e+01
  -8.31606239624251770692e+01
  -8.53035595664862142939e+01
  -8.74062227397040771848e+01
  -8.94706547224163983856e+01
  -9.14987886667294390008e+01
  -9.34924529623587687865e+01
  -9.54533751896749009802e+01
  -9.73831864904012718398e+01
  -9.92834261905444606100e+01
  -1.01155546546515168416e+02
  -1.03000917515115403944e+02
  -1.04820831472173964016e+02
  -1.06616507824004827398e+02
  -1.08389097471377382931e+02
  -1.10139687097960589313e+02
  -1.11869303264884649707e+02
  -1.13578916300576651111e+02
  -1.15269443980840406994e+02
  -1.16941754998565940582e+02
  -1.18596672225753351881e+02
  -1.20234975772972717323e+02
  -1.21857405853098569537e+02
  -1.23464665457345105892e+02
  -1.25057422852382913447e+02
  -1.26636313907736123952e+02
  -1.28201944262845188405e+02
  -1.29754891343145857263e+02
  -1.31295706234378826593e+02
  -1.32824915424064386116e+02
  -1.34343022418760057235e+02
  -1.35850509245332290220e+02
  -1.37347837844064940782e+02
  -1.38835451361003634929e+02
  -1.40313775346506702135e+02
  -1.41783218866540124736e+02
</dep>
<dep S21_dB frequency>
  -1.59539106501056460186e-01
  -1.74051552130922188022e-01
  -1.89092407994420091955e-01
  -2.04643212300427257411e-01
  -2.20685122805204803065e-01
  -2.37198982027559429620e-01
  -2.54165381367808973501e-01
  -2.71564724173000038299e-01
  -2.89377287746925559997e-01
  -3.07583284281449265141e-01
  -3.26162920667251776674e-01
  -3.45096457138781009810e-01
  -3.64364264709043039758e-01
  -3.83946881349958524243e-01
  -4.03825066887221195699e-01
  -4.23979856584440817358e-01
  -4.44392613404160696788e-01
  -4.65045078947279033610e-01
  -4.85919423083169876865e-01
  -5.06998292300311015346e-01
  -5.28264856818276951067e-01
  -5.49702856517817917137e-01
  -5.71296645761637078564e-01
  -5.93031237189335258542e-01
  -6.14892344588730987986e-01
  -6.36866424955890186865e-01
  -6.58940719874674396550e-01
  -6.81103296357584819809e-01
  -7.03343087306886660670e-01
  -7.25649931767807121474e-01
  -7.48014615163379303908e-01
  -7.70428909712521536868e-01
  -7.92885615254663056461e-01
  -8.15378600715796930665e-01
  -8.37902846474799511967e-01
  -8.60454487904417475441e-01
  -8.83030860386787797012e-01
  -9.05630546122972557299e-01
  -9.28253423085772966239e-01
  -9.50900716489846975499e-01
  -9.73575053188665551218e-01
  -9.96280519439238232415e-01
  -1.01902272251813874604e+00
  -1.04180885671423850702e+00
  -1.06464777427412093935e+00
  -1.08755006193163339390e+00
  -1.11052812371529374680e+00
  -1.13359627079871594368e+00
  -1.15677081923864477631e+00
  -1.18007019653493316902e+00
  -1.20351505805068725863e+00
  -1.22712841444519971112e+00
  -1.25093577140354939026e+00
  -1.27496528309764611819e+00
  -1.29924792098045838173e+00
  -1.32381765971008502625e+00
  -1.34871168221846460256e+00
  -1.37397060618964284018e+00
  -1.39963873449820486172e+00
  -1.42576433248389822239e+00
  -1.45239993531075062272e+00
  -1.47960268908535708121e+00
  -1.50743472989754789815e+00
  -1.53596360550608279638e+00
  -1.56526274503756734902e+00
  -1.59541198280466245407e+00
  -1.62649814320520347266e+00
  -1.65861569464363745041e+00
  -1.69186748155634258950e+00
  -1.72636554493103999697e+00
  -1.76223204323539550664e+00
  -1.79960028743203026558e+00
  -1.83861590580751288471e+00
  -1.87943815672818770324e+00
  -1.92224141021498562409e+00
  -1.96721682247545848199e+00
  -2.01457423132790047759e+00
  -2.06454430490414164723e+00
  -2.11738098124523421717e+00
  -2.17336424256203430971e+00
  -2.23280327520246224537e+00
  -2.29604007497649709180e+00
  -2.36345356772015602331e+00
  -2.43546432718190919431e+00
  -2.51253998693888469518e+00
  -2.59520146066048251754e+00
  -2.68403010638102967889e+00
  -2.77967599649152585783e+00
  -2.88286748721401053785e+00
  -2.99442232114689144140e+00
  -3.11526054649075323510e+00
  -3.24641960017884834144e+00
  -3.38907198416621380233e+00
  -3.54454607151680356480e+00
  -3.71435072182495851223e+00
  -3.90020457893656358195e+00
  -4.10407119046695445519e+00
  -4.32820146255838444915e+00
  -4.57518549759622672468e+00
  -4.84801664000020871015e+00
  -5.15017170732814655310e+00
  -5.48571312379329878439e+00
  -5.85942135290124355151e+00
  -6.27697024113082946428e+00
  -6.74516467290605348239e+00
  -7.27227116528559314190e+00
  -7.86849118843699901760e+00
  -8.54666090411762269241e+00
  -9.32332369914528236166e+00
  -1.02204440170650343589e+01
  -1.12682845515654648239e+01
  -1.25105382222988907870e+01
  -1.40142175599318044021e+01
  -1.58907834488740959955e+01
  -1.83483970599820835901e+01
  -2.18541315785356147217e+01
  -2.79039318958629145584e+01
  -6.87225464829531915711e+01
  -2.77838773741812943285e+01
  -2.18489088930224752971e+01
  -1.84050221791891779333e+01
  -1.59951667514408093496e+01
  -1.41598372248205848223e+01
  -1.26932622152044594088e+01
  -1.14849312794536793092e+01
  -1.04682774134353024920e+01
  -9.59985720071722958835e+00
  -8.84958111071485120647e+00
  -8.19563160703868298640e+00
  -7.62160683100855251837e+00
  -7.11481436187928917292e+00
  -6.66520005976565155237e+00
  -6.26464691125742945133e+00
  -5.90649924561951777946e+00
  -5.58522952753056056707e+00
  -5.29619838199093706521e+00
  -5.03547740971241797325e+00
  -4.79971543703989844687e+00
  -4.58603555649662020244e+00
  -4.39195449272937832319e+00
  -4.21531849540504222063e+00
  -4.05425170121285827207e+00
  -3.90711406714361375592e+00
  -3.77246676562710270275e+00
  -3.64904347811429374815e+00
  -3.53572640870804599800e+00
  -3.43152611572698873488e+00
  -3.33556446069443346403e+00
  -3.24706012374432129164e+00
  -3.16531624699535729661e+00
  -3.08970985340685633247e+00
  -3.01968275515189343849e+00
  -2.95473371764556080876e+00
  -2.89441168662432701808e+00
  -2.83830991866717274874e+00
  -2.78606088216535141555e+00
  -2.73733181738913255998e+00
  -2.69182086201671433301e+00
  -2.64925366308517107328e+00
  -2.60938040840799967413e+00
  -2.57197322056421873171e+00
  -2.53682386496830769573e+00
  -2.50374173058546078963e+00
  -2.47255204779443227281e+00
  -2.44309431291644907347e+00
  -2.41522089317881638593e+00
  -2.38879578949072657323e+00
  -2.36369353748307098328e+00
  -2.33979822988773600301e+00
  -2.31700264557595891901e+00
  -2.29520747250054446553e+00
  -2.27432061343811042775e+00
  -2.25425656485211733937e+00
  -2.23493586042154968041e+00
  -2.21628457184213889519e+00
  -2.19823386042167090437e+00
  -2.18071957378682723672e+00
  -2.16368188270808614604e+00
  -2.14706495364898408695e+00
  -2.13081665316846047276e+00
  -2.11488828076023471780e+00
</dep>
<dep S11_dB frequency>
  -1.48500365017143565183e+01
  -1.44552652378726964599e+01
  -1.40814147121473993707e+01
  -1.37267068378765273451e+01
  -1.33895867392630503190e+01
  -1.30686861998929124695e+01
  -1.27627942919037487002e+01
  -1.24708335579487261668e+01
  -1.21918405328841501500e+01
  -1.19249496902499174666e+01
  -1.16693801159121299804e+01
  -1.14244243714285929059e+01
  -1.11894391291691981394e+01
  -1.09638372513487816207e+01
  -1.07470810535912697503e+01
  -1.05386765463335478898e+01
  -1.03381684881341939786e+01
  -1.01451361167690716769e+01
  -9.95918944905789516042e+00
  -9.77996606017373970587e+00
  -9.60712826902764582826e+00
  -9.44036066900435066884e+00
  -9.27936795355264898433e+00
  -9.12387299448918298594e+00
  -8.97361513761982365622e+00
  -8.82834868588554932956e+00
  -8.68784154480070291982e+00
  -8.55187400877172088087e+00
  -8.42023767002874556908e+00
  -8.29273443455327985419e+00
  -8.16917563158467174844e+00
  -8.04938120516673549787e+00
  -7.93317897774570734981e+00
  -7.82040397719301516588e+00
  -7.71089781973464738485e+00
  -7.60450814225725402196e+00
  -7.50108807827668311319e+00
  -7.40049577258422530690e+00
  -7.30259393018565017286e+00
  -7.20724939569701739117e+00
  -7.11433275981134460864e+00
  -7.02371798986924478214e+00
  -6.93528208191168538121e+00
  -6.84890473191533288855e+00
  -6.76446802418545445335e+00
  -6.68185613513377241190e+00
  -6.60095505089375222951e+00
  -6.52165229743065388845e+00
  -6.44383668199405601484e+00
  -6.36739804493901129234e+00
  -6.29222702110556841859e+00
  -6.21821481010935706024e+00
  -6.14525295505613833313e+00
  -6.07323312934174452948e+00
  -6.00204693136400635467e+00
  -5.93158568712968037318e+00
  -5.86174026090771516095e+00
  -5.79240087426113348101e+00
  -5.72345693397428156857e+00
  -5.65479686959954186420e+00
  -5.58630798156996366544e+00
  -5.51787630106782600592e+00
  -5.44938646310907159886e+00
  -5.38072159460503307571e+00
  -5.31176321949156537983e+00
  -5.24239118339416698689e+00
  -5.17248360070809098943e+00
  -5.10191682744626096024e+00
  -5.03056546372468194050e+00
  -4.95830239034956576916e+00
  -4.88499884462539935015e+00
  -4.81052454124555595172e+00
  -4.73474784495329803491e+00
  -4.65753600258875355422e+00
  -4.57875544316760851871e+00
  -4.49827215578652328531e+00
  -4.41595215642069494066e+00
  -4.33166205607777765607e+00
  -4.24526974430562553664e+00
  -4.15664520371337697924e+00
  -4.06566147295063640144e+00
  -3.97219577747859542427e+00
  -3.87613084942889196682e+00
  -3.77735645982969314716e+00
  -3.67577118840248751042e+00
  -3.57128445789269921562e+00
  -3.46381886132596639172e+00
  -3.35331281146347537359e+00
  -3.23972354176945520621e+00
  -3.12303048700491858725e+00
  -3.00323906861362299736e+00
  -2.88038490471585850727e+00
  -2.75453845595026702853e+00
  -2.62581010561430128192e+00
  -2.49435565436242390192e+00
  -2.36038218480063521909e+00
  -2.22415421822316083933e+00
  -2.08600004306866715353e+00
  -1.94631804124959595370e+00
  -1.80558277370648401217e+00
  -1.66435051075196160930e+00
  -1.52326380801437344381e+00
  -1.38305463945654594227e+00
  -1.24454551259889001358e+00
  -1.10864791917610716609e+00
  -9.76357432721556173227e-01
  -8.48744772615795728399e-01
  -7.26942233934413373220e-01
  -6.12125055177537347184e-01
  -5.05487577148661992865e-01
  -4.08214439196823986045e-01
  -3.21447548061271071163e-01
  -2.46250099626729113123e-01
  -1.83569469480233005143e-01
  -1.34201228772505398723e-01
  -9.87567955792768847889e-02
  -7.76372204315443348310e-02
  -7.10152855112151232264e-02
  -7.88274810874095704927e-02
  -1.00776579963539225648e-01
  -1.36344579696927981072e-01
  -1.84814866064678617885e-01
  -2.45301704767248052175e-01
  -3.16784689297294475008e-01
  -3.98145603172824102955e-01
  -4.88205278157080535539e-01
  -5.85758384425383749061e-01
  -6.89604586277233866376e-01
  -7.98575046897706419813e-01
  -9.11553790710463718305e-01
  -1.02749387846880901876e+00
  -1.14542869047347029010e+00
  -1.26447884140826127819e+00
  -1.38385537625314247734e+00
  -1.50285993950779594996e+00
  -1.62088259161307091105e+00
  -1.73739788811989681605e+00
  -1.85195975668728296526e+00
  -1.96419561806241560475e+00
  -2.07380010933118352767e+00
  -2.18052868687491496758e+00
  -2.28419131578526402038e+00
  -2.38464639313055037917e+00
  -2.48179500427426802389e+00
  -2.57557557348639498684e+00
  -2.66595894103969000000e+00
  -2.75294387740974322298e+00
  -2.83655302969685685355e+00
  -2.91682928470075975014e+00
  -2.99383252611073924498e+00
  -3.06763675911498978621e+00
  -3.13832757364925374333e+00
  -3.20599991691170194130e+00
  -3.27075614621645893720e+00
  -3.33270433439751645466e+00
  -3.39195680155248080467e+00
  -3.44862884874142139324e+00
  -3.50283767119596056716e+00
  -3.55470143055098120044e+00
  -3.60433846752589337470e+00
  -3.65186663830655122709e+00
  -3.69740275959484510082e+00
  -3.74106214887981414208e+00
  -3.78295824794308188643e+00
  -3.82320231894038098375e+00
  -3.86190320360245031850e+00
  -3.89916713718404128741e+00
  -3.93509760976165878787e+00
  -3.96979526835281815167e+00
  -4.00335785410596667333e+00
  -4.03588016950308237085e+00
  -4.06745407113295343038e+00
  -4.09816848413823020536e+00
  -4.12810943492638493524e+00
  -4.15736009916083837368e+00
  -4.18600086243082092352e+00
  -4.21410939133222317565e+00
  -4.24176071298893830885e+00
  -4.26902730130504970418e+00
  -4.29597916846916660916e+00
  -4.32268396043449598665e+00
</dep>
<dep Zin_ohm frequency>
  +2.08440508706863693078e+03
  +2.05001734695965933497e+03
  +2.01520369929351795690e+03
  +1.98006401468770445717e+03
  +1.94469221639296415560e+03
  +1.90917627199635694524e+03
  +1.87359827440152275813e+03
  +1.83803459783144944595e+03
  +1.80255611541327948544e+03
  +1.76722846595644728040e+03
  +1.73211235874491649156e+03
  +1.69726390643704075956e+03
  +1.66273497744478390814e+03
  +1.62857356040620470594e+03
  +1.59482413451383808933e+03
  +1.56152804051687212450e+03
  +1.52872384814251904572e+03
  +1.49644771647943343851e+03
  +1.46473374453350697877e+03
  +1.43361430969608613850e+03
  +1.40312039227064178704e+03
  +1.37328188448285845880e+03
  +1.34412788256071780779e+03
  +1.31568696053051576200e+03
  +1.28798742432653466494e+03
  +1.26105754468473242014e+03
  +1.23492576708140609298e+03
  +1.20962089671586340955e+03
  +1.18517225623133640511e+03
  +1.16160981355417243321e+03
  +1.13896427693265218295e+03
  +1.11726715401929914151e+03
  +1.09655077170150298116e+03
  +1.07684825340959332607e+03
  +1.05819345086392468147e+03
  +1.04062082773586871554e+03
  +1.02416529353832265770e+03
  +1.00886198728286103687e+03
  +9.94746012059397912708e+02
  +9.81852123711287390506e+02
  +9.70214379136781190027e+02
  +9.59865752353409675379e+02
  +9.50837729152889437501e+02
  +9.43159893748548938675e+02
  +9.36859523024335430819e+02
  +9.31961205573894176268e+02
  +9.28486503421838619943e+02
  +9.26453673954149962810e+02
  +9.25877468047825459507e+02
  +9.26769017696942796647e+02
  +9.29135822730663107905e+02
  +9.32981841781904677191e+02
  +9.38307687861942895324e+02
  +9.45110924143807324072e+02
  +9.53386451272280282865e+02
  +9.63126974052023797412e+02
  +9.74323532970625933558e+02
  +9.86966084814128976177e+02
  +1.00104411662105974301e+03
  +1.01654727827860540401e+03
  +1.03346602098703283446e+03
  +1.05179223135771212583e+03
  +1.07151985380925361824e+03
  +1.09264549695093614901e+03
  +1.11516902260126266810e+03
  +1.13909411884672203996e+03
  +1.16442886102089755695e+03
  +1.19118626664995531428e+03
  +1.21938485228241734148e+03
  +1.24904920174746052908e+03
  +1.28021055683920303636e+03
  +1.31290744279119235216e+03
  +1.34718634228311748302e+03
  +1.38310243321366169766e+03
  +1.42072040718890411881e+03
  +1.46011538773195161411e+03
  +1.50137396974538773975e+03
  +1.54459540490030235560e+03
  +1.58989296155711804204e+03
  +1.63739549275487547675e+03
  +1.68724925199912877360e+03
  +1.73962000436851349150e+03
  +1.79469549027640982786e+03
  +1.85268831162897095055e+03
  +1.91383932585411321270e+03
  +1.97842165331978003451e+03
  +2.04674542932990561894e+03
  +2.11916346495799052718e+03
  +2.19607802386727598787e+03
  +2.27794897829099818409e+03
  +2.36530368110407607674e+03
  +2.45874898884516096587e+03
  +2.55898600175229876186e+03
  +2.66682826438544179837e+03
  +2.78322441310098383838e+03
  +2.90928659221196448925e+03
  +3.04632643033472004390e+03
  +3.19590103446346574856e+03
  +3.35987241737232852756e+03
  +3.54048517352532053337e+03
  +3.74046929802661770736e+03
  +3.96317818999479231934e+03
  +4.21277674180391386471e+03
  +4.49450209189255747333e+03
  +4.81503204914488651411e+03
  +5.18301689414735483297e+03
  +5.60986582295173229795e+03
  +6.11094260890945770370e+03
  +6.70744245996028803347e+03
  +7.42945027309100532875e+03
  +8.32114937032618217927e+03
  +9.45017866689357651921e+03
  +1.09255816401392839907e+04
  +1.29352099147171520599e+04
  +1.58325899603470643342e+04
  +2.03710526957464171574e+04
  +2.84903837981031138042e+04
  +4.71515003048329817830e+04
  +1.32642179535711708013e+05
  +1.46442116218992043287e+05
  +4.92328399301712488523e+04
  +2.95144318883215128153e+04
  +2.10997221915234877088e+04
  +1.64385276710209327575e+04
  +1.34781310591754245252e+04
  +1.14314045285839074495e+04
  +9.93187031177576136542e+03
  +8.78585343042256317858e+03
  +7.88138041829248413705e+03
  +7.14920997019644164538e+03
  +6.54422450688692697440e+03
  +6.03576634967654354114e+03
  +5.60227479724915156112e+03
  +5.22814526773287252581e+03
  +4.90180579315751037939e+03
  +4.61449381267150420172e+03
  +4.35945282815406426380e+03
  +4.13138988089990925801e+03
  +3.92610012157385790488e+03
  +3.74020135836834697329e+03
  +3.57094274090384806186e+03
  +3.41606449345302962683e+03
  +3.27369347759513038909e+03
  +3.14226433873970700006e+03
  +3.02045920818360036719e+03
  +2.90716105604851691169e+03
  +2.80141721854065963271e+03
  +2.70241059972419543556e+03
  +2.60943672651609631430e+03
  +2.52188531374401782159e+03
  +2.43922533751987793949e+03
  +2.36099286196934144755e+03
  +2.28678104478759451013e+03
  +2.21623188041382127267e+03
  +2.14902933911098216413e+03
  +2.08489363517870879150e+03
  +2.02357641446954266939e+03
  +1.96485669500070662252e+03
  +1.90853742813136204859e+03
  +1.85444257396561692985e+03
  +1.80241460515166977530e+03
  +1.75231236941339852820e+03
  +1.70400925397348419210e+03
  +1.65739160525660508938e+03
  +1.61235736546801467739e+03
  +1.56881489426079610894e+03
  +1.52668194906685357637e+03
  +1.48588480203004564828e+03
  +1.44635747504300047694e+03
  +1.40804107730719420033e+03
  +1.37088323222983854066e+03
  +1.33483758243428269452e+03
  +1.29986336326772061511e+03
  +1.26592503649644436337e+03
  +1.23299197693023120337e+03
  +1.20103820554561616518e+03
  +1.17004216330873464358e+03
  +1.13998652034978704251e+03
  +1.11085801542587364565e+03
  +1.08264732073618074537e+03
  +1.05534892712993837449e+03
</dep>
<dep Zin_norm frequency>
  +4.16881017413727406051e+01
  +4.10003469391931858468e+01
  +4.03040739858703602749e+01
  +3.96012802937540868697e+01
  +3.88938443278592842489e+01
  +3.81835254399271377679e+01
  +3.74719654880304560152e+01
  +3.67606919566289889190e+01
  +3.60511223082655902772e+01
  +3.53445693191289436186e+01
  +3.46422471748983298312e+01
  +3.39452781287408171806e+01
  +3.32546995488956795839e+01
  +3.25714712081240946873e+01
  +3.18964826902767626393e+01
  +3.12305608103374439111e+01
  +3.05744769628503796355e+01
  +2.99289543295886666385e+01
  +2.92946748906701408544e+01
  +2.86722861939217246174e+01
  +2.80624078454128351723e+01
  +2.74656376896571678969e+01
  +2.68825576512143555874e+01
  +2.63137392106103149558e+01
  +2.57597484865306931567e+01
  +2.52211508936946486870e+01
  +2.46985153416281235650e+01
  +2.41924179343172660595e+01
  +2.37034451246267288127e+01
  +2.32321962710834490906e+01
  +2.27792855386530419537e+01
  +2.23453430803859838250e+01
  +2.19310154340300584863e+01
  +2.15369650681918685109e+01
  +2.11638690172784933452e+01
  +2.08124165547173731738e+01
  +2.04833058707664541487e+01
  +2.01772397456572214480e+01
  +1.98949202411879575436e+01
  +1.96370424742257476680e+01
  +1.94042875827356233742e+01
  +1.91973150470681943602e+01
  +1.90167545830577893184e+01
  +1.88631978749709787735e+01
  +1.87371904604867083322e+01
  +1.86392241114778833833e+01
  +1.85697300684367725410e+01
  +1.85290734790829993983e+01
  +1.85175493609565080533e+01
  +1.85353803539388550803e+01
  +1.85827164546132621581e+01
  +1.86596368356380928333e+01
  +1.87661537572388574802e+01
  +1.89022184828761474762e+01
  +1.90677290254456046625e+01
  +1.92625394810404770851e+01
  +1.94864706594125181027e+01
  +1.97393216962825803762e+01
  +2.00208823324211948602e+01
  +2.03309455655721080802e+01
  +2.06693204197406572575e+01
  +2.10358446271542405270e+01
  +2.14303970761850735016e+01
  +2.18529099390187226959e+01
  +2.23033804520252516568e+01
  +2.27818823769344405150e+01
  +2.32885772204179524181e+01
  +2.38237253329991069961e+01
  +2.43876970456483448402e+01
  +2.49809840349492091605e+01
  +2.56042111367840590219e+01
  +2.62581488558238476116e+01
  +2.69437268456623506552e+01
  +2.76620486642732323901e+01
  +2.84144081437780826604e+01
  +2.92023077546390332770e+01
  +3.00274793949077540844e+01
  +3.08919080980060449804e+01
  +3.17978592311423611250e+01
  +3.27479098550975109561e+01
  +3.37449850399825734826e+01
  +3.47924000873702681247e+01
  +3.58939098055281959887e+01
  +3.70537662325794201479e+01
  +3.82767865170822645382e+01
  +3.95684330663955989849e+01
  +4.09349085865981123789e+01
  +4.23832692991598065646e+01
  +4.39215604773455225995e+01
  +4.55589795658199676609e+01
  +4.73060736220815201136e+01
  +4.91749797769032213068e+01
  +5.11797200350459746687e+01
  +5.33365652877088365358e+01
  +5.56644882620196739254e+01
  +5.81857318442392923430e+01
  +6.09265286066944042886e+01
  +6.39180206892693121290e+01
  +6.71974483474465671407e+01
  +7.08097034705064061200e+01
  +7.48093859605323530104e+01
  +7.92635637998958486605e+01
  +8.42555348360782687678e+01
  +8.98900418378511574247e+01
  +9.63006409828977325560e+01
  +1.03660337882947104049e+02
  +1.12197316459034652780e+02
  +1.22218852178189152369e+02
  +1.34148849199205756122e+02
  +1.48589005461820107712e+02
  +1.66422987406523645859e+02
  +1.89003573337871529247e+02
  +2.18511632802785669583e+02
  +2.58704198294343029829e+02
  +3.16651799206941291231e+02
  +4.07421053914928336326e+02
  +5.69807675962062262442e+02
  +9.43030006096659576542e+02
  +2.65284359071423386922e+03
  +2.92884232437984110220e+03
  +9.84656798603425045258e+02
  +5.90288637766430269949e+02
  +4.21994443830469776913e+02
  +3.28770553420418650603e+02
  +2.69562621183508497325e+02
  +2.28628090571678143306e+02
  +1.98637406235515243225e+02
  +1.75717068608451256750e+02
  +1.57627608365849681604e+02
  +1.42984199403928840866e+02
  +1.30884490137738538351e+02
  +1.20715326993530865707e+02
  +1.12045495944983031222e+02
  +1.04562905354657459611e+02
  +9.80361158631502149774e+01
  +9.22898762534300800553e+01
  +8.71890565630812801601e+01
  +8.26277976179981834548e+01
  +7.85220024314771620766e+01
  +7.48040271673669394659e+01
  +7.14188548180769657847e+01
  +6.83212898690605925367e+01
  +6.54738695519026094871e+01
  +6.28452867747941397170e+01
  +6.04091841636720090492e+01
  +5.81432211209703382337e+01
  +5.60283443708131940753e+01
  +5.40482119944839070058e+01
  +5.21887345303219305492e+01
  +5.04377062748803552950e+01
  +4.87845067503975613477e+01
  +4.72198572393868332142e+01
  +4.57356208957518859393e+01
  +4.43246376082764257376e+01
  +4.29805867822196461248e+01
  +4.16978727035741769669e+01
  +4.04715282893908536721e+01
  +3.92971339000141313136e+01
  +3.81707485626272386980e+01
  +3.70888514793123391655e+01
  +3.60482921030333969270e+01
  +3.50462473882679717008e+01
  +3.40801850794696861158e+01
  +3.31478321051321032087e+01
  +3.22471473093602938320e+01
  +3.13762978852159228893e+01
  +3.05336389813370701063e+01
  +2.97176960406009129656e+01
  +2.89271495008600112442e+01
  +2.81608215461438859961e+01
  +2.74176646445967726606e+01
  +2.66967516486856517588e+01
  +2.59972672653544130128e+01
  +2.53185007299288855620e+01
  +2.46598395386046256306e+01
  +2.40207641109123244405e+01
  +2.34008432661746930137e+01
  +2.27997304069957422712e+01
  +2.22171603085174744763e+01
  +2.16529464147236154759e+01
  +2.11069785425987674898e+01
</dep>
<dep S[2,2] frequency>
  -9.28583818192177390394e-02-j1.55277542776344479325e-01
  -1.01449993824966153144e-01-j1.59864330342297938925e-01
  -1.10293343335428728480e-01-j1.64032735896020298583e-01
  -1.19368066136965544910e-01-j1.67772755576643839426e-01
  -1.28653536393961903661e-01-j1.71075468679336761824e-01
  -1.38128932473088994470e-01-j1.73933032650944341402e-01
  -1.47773300919486871852e-01-j1.76338673685114993850e-01
  -1.57565618293164733110e-01-j1.78286673176025478593e-01
  -1.67484850604125767859e-01-j1.79772350306820871690e-01
  -1.77510010117723937562e-01-j1.80792041063372682652e-01
  -1.87620209332732990060e-01-j1.81343073973044749403e-01
  -1.97794711967476666281e-01-j1.81423742875025467702e-01
  -2.08012980821542375898e-01-j1.81033277031976691518e-01
  -2.18254722409427059926e-01-j1.80171808891374629624e-01
  -2.28499928294137844009e-01-j1.78840339802863901308e-01
  -2.38728913075004600675e-01-j1.77040703991038106402e-01
  -2.48922349010532173441e-01-j1.74775531074833817557e-01
  -2.59061297281557689764e-01-j1.72048207414259413106e-01
  -2.69127235921164720267e-01-j1.68862836552454570471e-01
  -2.79102084458608068473e-01-j1.65224199007403982353e-01
  -2.88968225340944573354e-01-j1.61137711652102388893e-01
  -2.98708522211895532994e-01-j1.56609386906055164657e-01
  -3.08306335140538179118e-01-j1.51645791944062247047e-01
  -3.17745532902248495333e-01-j1.46254008110921318586e-01
  -3.27010502423908999692e-01-j1.40441590713393710255e-01
  -3.36086155510453454820e-01-j1.34216529343166801613e-01
  -3.44957932975511916140e-01-j1.27587208867597889927e-01
  -3.53611806300001829673e-01-j1.20562371208069812889e-01
  -3.62034276944073640792e-01-j1.13151078009721045570e-01
  -3.70212373435989894332e-01-j1.05362674290747859729e-01
  -3.78133646359501640610e-01-j9.72067531448320143461e-02
  -3.85786161356213130880e-01-j8.86931215565405217660e-02
  -3.93158490255230752553e-01-j7.98317673766834184912e-02
  -4.00239700434217138270e-01-j7.06328274931253968782e-02
  -4.07019342509476467207e-01-j6.11065572218508212821e-02
  -4.13487436442915023971e-01-j5.12633009339150957917e-02
  -4.19634456144784007137e-01-j4.11134639256117012662e-02
  -4.25451312639631151757e-01-j3.06674855326020956436e-02
  -4.30929335852488992753e-01-j1.99358134829306643532e-02
  -4.36060255059435686320e-01-j8.92887947996011399621e-03
  -4.40836178034701819950e-01+j2.34292399689664532225e-03
  -4.45249568912454429803e-01+j1.38692656868403402237e-02
  -4.49293224768137045011e-01+j2.56398963511911270885e-02
  -4.52960250909277772902e-01+j3.76446683973507972842e-02
  -4.56244034850942337123e-01+j4.98735543318124599499e-02
  -4.59138218935264963427e-01+j6.23166640458631543309e-02
  -4.61636671538470655385e-01+j7.49642609309216778612e-02
  -4.63733456791992404433e-01+j8.78067768118793723353e-02
  -4.65422802727100293207e-01+j1.00834825676018854934e-01
  -4.66699067734395178775e-01+j1.14039216161945594630e-01
  -4.67556705211315926096e-01+j1.27410962757486978525e-01
  -4.67990226251440044614e-01+j1.40941295636927893531e-01
  -4.67994160209672160899e-01+j1.54621669046137805159e-01
  -4.67563012957286361360e-01+j1.68443768119173109543e-01
  -4.66691222619628587331e-01+j1.82399513980148031411e-01
  -4.65373112568146229950e-01+j1.96481066950500216084e-01
  -4.63602841416582478473e-01+j2.10680827642244328235e-01
  -4.61374349749238965579e-01+j2.24991435672467876561e-01
  -4.58681303287400699009e-01+j2.39405765682066312694e-01
  -4.55517032178542669030e-01+j2.53916920281414659755e-01
  -4.51874466072316571807e-01+j2.68518219476230557419e-01
  -4.47746064628325834978e-01+j2.83203186047065957887e-01
  -4.43123743083931098674e-01+j2.97965526263887559022e-01
  -4.37998792497100830623e-01+j3.12799105211401085036e-01
  -4.32361794271070354334e-01+j3.27697915879445689225e-01
  -4.26202528565851224140e-01+j3.42656041032780356304e-01
  -4.19509876209368970379e-01+j3.57667606714714481075e-01
  -4.12271713740537781856e-01+j3.72726726054721568815e-01
  -4.04474801252541316110e-01+j3.87827431840411462893e-01
  -3.96104662761044723496e-01+j4.02963596073204866066e-01
  -3.87145458905843342645e-01+j4.18128834453483699818e-01
  -3.77579851912818398318e-01+j4.33316393429285351413e-01
  -3.67388862905732249686e-01+j4.48519017090017568794e-01
  -3.56551721876476324091e-01+j4.63728790789272649064e-01
  -3.45045710912436187634e-01+j4.78936957935456208979e-01
  -3.32846001659122869842e-01+j4.94133705893590180480e-01
  -3.19925488487465714549e-01+j5.09307916395766779871e-01
  -3.06254619465474053897e-01+j5.24446875263422485069e-01
  -2.91801228036396631538e-01+j5.39535935607252659096e-01
  -2.76530369319701596620e-01+j5.54558128001986783140e-01
  -2.60404166224276645281e-01+j5.69493710452070533989e-01
  -2.43381672150328798310e-01+j5.84319650300558435241e-01
  -2.25418759021330461501e-01+j5.99009029632004419419e-01
  -2.06468041801720514350e-01+j6.13530365245522624207e-01
  -1.86478853598672139613e-01+j6.27846834018298549651e-01
  -1.65397288999676539412e-01+j6.41915394568272290599e-01
  -1.43166337542902755153e-01+j6.55685796729169712016e-01
  -1.19726134224523064753e-01+j6.69099471698660241969e-01
  -9.50143597615281526592e-02+j6.82088298108035950840e-01
  -6.89668299480792473810e-02+j6.94573243069722123799e-01
  -4.15183207879351590108e-02+j7.06462882962212934679e-01
  -1.26036839523803317897e-02+j7.17651816889632199192e-01
  +1.78406848824315816815e-02+j7.28018997086239183503e-01
  +4.98749547659604330896e-02+j7.37426015789523603416e-01
  +8.35534692242314580568e-02+j7.45715408082789243949e-01
  +1.18921777955596802423e-01+j7.52709055660115256003e-01
  +1.56013013376763376439e-01+j7.58206807942328975258e-01
  +1.94843544635575349755e-01+j7.61985474580163968383e-01
  +2.35407862593722316813e-01+j7.63798386447070654093e-01
  +2.77672685447314659957e-01+j7.63375768832953882637e-01
  +3.21570330592135189551e-01+j7.60426216972440838227e-01
  +3.66991478372661217300e-01+j7.54639604107306127823e-01
  +4.13777560628525664654e-01+j7.45691776817567264501e-01
  +4.61713141933981274789e-01+j7.33251388897537825784e-01
  +5.10518819857040173638e-01+j7.16989178190465592522e-01
  +5.59845341073530566867e-01+j6.96589883559239231303e-01
  +6.09269792001426280237e-01+j6.71766815940796901963e-01
  +6.58294844347180663213e-01+j6.42278828648896515929e-01
  +7.06352076429990649586e-01+j6.07949080614746839579e-01
  +7.52810304088773363240e-01+j5.68684574388685137869e-01
  +7.96989598241442220861e-01+j5.24495025812939830168e-01
  +8.38181215562220915949e-01+j4.75509257773403026803e-01
  +8.75673034060295285563e-01+j4.21987099039078827900e-01
  +9.08779323759577706277e-01+j3.64324805785356420351e-01
  +9.36872902762822534761e-01+j3.03052378855584336748e-01
  +9.59417078957113145243e-01+j2.38821841472613011215e-01
  +9.75994415556513783550e-01+j1.72386511104154038776e-01
  +9.86329409574545734607e-01+j1.04572406408200258010e-01
  +9.90302684816644851473e-01+j3.62439783959140546243e-02
  +9.87955220657342869650e-01-j3.17328649230830955874e-02
  +9.79482310611334505701e-01-j9.85271227107979152837e-02
  +9.65218152905622739368e-01-j1.63375290014296625785e-01
  +9.45612995666493594271e-01-j2.25607618674901172495e-01
  +9.21205421988601447225e-01-j2.84666426999493682448e-01
  +8.92592587515619761973e-01-j3.40115885132620254794e-01
  +8.60401037922774225564e-01-j3.91643680444910602390e-01
  +8.25260237023908826970e-01-j4.39055724636088440249e-01
  +7.87780268817760087607e-01-j4.82265526593496141050e-01
  +7.48534478437385630833e-01-j5.21280019246213144335e-01
  +7.08047196989631366648e-01-j5.56183545407864077248e-01
  +6.66786218914534822844e-01-j5.87121455547809256714e-01
  +6.25159389870901027741e-01-j6.14284432045875905537e-01
  +5.83514507414568006638e-01-j6.37894299349162863244e-01
  +5.42141705545674423838e-01-j6.58191756286989226865e-01
  +5.01277550051442366552e-01-j6.75426202764529248768e-01
  +4.61110178624524247315e-01-j6.89847637453951167963e-01
  +4.21784948768270662178e-01-j7.01700472899058125265e-01
  +3.83410186607961611660e-01-j7.11219039643650630111e-01
  +3.46062747919957225395e-01-j7.18624518870810136129e-01
  +3.09793202384230026425e-01-j7.24123041015992452429e-01
  +2.74630531260938060001e-01-j7.27904705011505726020e-01
  +2.40586288290975419679e-01-j7.30143300685450635790e-01
  +2.07658216094113279304e-01-j7.30996549178128951496e-01
  +1.75833338778737358066e-01-j7.30606708909103730321e-01
  +1.45090569002246316810e-01-j7.29101425107572032047e-01
  +1.15402877141414769713e-01-j7.26594727880457758040e-01
  +8.67390739056908555149e-02-j7.23188106724861334840e-01
  +5.90652575279850960976e-02-j7.18971608302467535268e-01
  +3.23459740232757281264e-02-j7.14024919489383402826e-01
  +6.54513495869586681142e-03-j7.08418409649872904410e-01
  -1.83732675371693632282e-02-j7.02214115258289472976e-01
  -4.24446136888388808606e-02-j6.95466656900433632948e-01
  -6.57032468258417212681e-02-j6.88224083769639727315e-01
  -8.81821763082742404727e-02-j6.80528644421353190452e-01
  -1.09912870960189895664e-01-j6.72417485088125710391e-01
  -1.30925124881179522074e-01-j6.63923278550683226840e-01
  -1.51246980582137369176e-01-j6.55074787623366461276e-01
  -1.70904697031531938034e-01-j6.45897367911586917089e-01
  -1.89922752440936870588e-01-j6.36413414765335194723e-01
  -2.08323873506699841496e-01-j6.26642759385353187440e-01
  -2.26129084402351299143e-01-j6.16603018912808331642e-01
  -2.43357770126859329629e-01-j6.06309905104419066824e-01
  -2.60027749895951842962e-01-j5.95777495904363019186e-01
  -2.76155357153182623442e-01-j5.85018473900727475900e-01
  -2.91755523505073000035e-01-j5.74044335318870224683e-01
  -3.06841864477366332853e-01-j5.62865572871003028155e-01
  -3.21426765470429143257e-01-j5.51491835459685386667e-01
  -3.35521466680355651135e-01-j5.39932067429136797188e-01
  -3.49136146064944252743e-01-j5.28194629775158186469e-01
  -3.62279999684126552406e-01-j5.16287405464016191381e-01
  -3.74961318943892063515e-01-j5.04217890773046240049e-01
  -3.87187564430906516755e-01-j4.91993274350326248445e-01
  -3.98965436149433194668e-01-j4.79620505497035498621e-01
  -4.10300940069415864819e-01-j4.67106353001895013843e-01
  -4.21199450969765964992e-01-j4.54457455701915369328e-01
  -4.31665771618349014549e-01-j4.41680365804871521984e-01
  -4.41704188373474082585e-01-j4.28781585885889882093e-01
  -4.51318523323443909767e-01-j4.15767600361052980240e-01
  -4.60512183103636674186e-01-j4.02644902144038696612e-01
  -4.69288204546017995167e-01-j3.89420015105864214533e-01
  -4.77649297325999921959e-01-j3.76099512881910735818e-01
</dep>
<dep S[2,1] frequency>
  +8.43542139594529949420e-01-j5.02362392897580445350e-01
  +8.28513717517963321768e-01-j5.23718077124901149055e-01
  +8.12920287143017117337e-01-j5.44568392504705234280e-01
  +7.96781983943325999853e-01-j5.64898735829571285727e-01
  +7.80119219834318422535e-01-j5.84695515060638659754e-01
  +7.62952619686317778935e-01-j6.03946141442719630632e-01
  +7.45302959943209830662e-01-j6.22639017239223546696e-01
  +7.27191109621448950051e-01-j6.40763519353228505615e-01
  +7.08637973939071130758e-01-j6.58309979117796095771e-01
  +6.89664440795000222018e-01-j6.75269658553126816969e-01
  +6.70291330290802123137e-01-j6.91634723397234529862e-01
  +6.50539347456149830151e-01-j7.07398213223875416134e-01
  +6.30429038308655709244e-01-j7.22554008964903515810e-01
  +6.09980749351073936459e-01-j7.37096798153062060521e-01
  +5.89214590578023389433e-01-j7.51022038199629649036e-01
  +5.68150402038830160123e-01-j7.64325918014679528412e-01
  +5.46807723976948656386e-01-j7.77005318270023170868e-01
  +5.25205770542296779269e-01-j7.89057770594825402810e-01
  +5.03363407051856337482e-01-j8.00481415981684651939e-01
  +4.81299130753166104491e-01-j8.11274962667798082983e-01
  +4.59031055028895407233e-01-j8.21437643740840051088e-01
  +4.36576896964735505779e-01-j8.30969174703875657073e-01
  +4.13953968189695264979e-01-j8.39869711217197112418e-01
  +3.91179168887699157953e-01-j8.48139807218380670228e-01
  +3.68268984869641879953e-01-j8.55780373605039224039e-01
  +3.45239487589488580621e-01-j8.62792637647908478016e-01
  +3.22106336981949181730e-01-j8.69178103285514369603e-01
  +2.98884786997680174103e-01-j8.74938512435360249420e-01
  +2.75589693709755390039e-01-j8.80075807441200397285e-01
  +2.52235525866406795625e-01-j8.84592094761039171580e-01
  +2.28836377766278131762e-01-j8.88489609986457762325e-01
  +2.05405984336737651441e-01-j8.91770684270881797140e-01
  +1.81957738299112020686e-01-j8.94437712232102777321e-01
  +1.58504709311924091297e-01-j8.96493121383549640413e-01
  +1.35059664988692318399e-01-j8.97939343138640655440e-01
  +1.11635093695500314803e-01-j8.98778785424017678807e-01
  +8.82432290413030229193e-02-j8.99013806929634728959e-01
  +6.48960759840954137800e-02-j8.98646693017604136777e-01
  +4.16054384851473335605e-02-j8.97679633306333157883e-01
  +1.83829486548492924969e-02-j8.96114700942973185782e-01
  -4.75990265575915779545e-03-j8.93953833574363754266e-01
  -2.78117338514717038489e-02-j8.91198816025856599410e-01
  -5.07612391994168785092e-02-j8.87851264697322228869e-01
  -7.35971540546037916730e-02-j8.83912613687519499450e-01
  -9.63082187006032847121e-02-j8.79384102661064037676e-01
  -1.18883140787810481775e-01-j8.74266766476997192470e-01
  -1.41310556337727433185e-01-j8.68561426604425812492e-01
  -1.63578989267131907903e-01-j8.62268684358876935647e-01
  -1.85676809371002837779e-01-j8.55388916003261168264e-01
  -2.07592188687370449163e-01-j8.47922269769798786498e-01
  -2.29313056151371597036e-01-j8.39868664873813397520e-01
  -2.50827050428920783620e-01-j8.31227792607911686318e-01
  -2.72121470803114939851e-01-j8.21999119625538621214e-01
  -2.93183225968927541061e-01-j8.12181893546475852652e-01
  -3.13998780573056635035e-01-j8.01775151044890610486e-01
  -3.34554099317190101193e-01-j7.90777728612351071824e-01
  -3.54834588423621921649e-01-j7.79188276225534992570e-01
  -3.74825034242700416698e-01-j7.67005274191306596343e-01
  -3.94509538762166989123e-01-j7.54227053491401511209e-01
  -4.13871451759354747058e-01-j7.40851820006280581410e-01
  -4.32893299318785451657e-01-j7.26877683063929302953e-01
  -4.51556708420882801924e-01-j7.12302688835660169353e-01
  -4.69842327292679329265e-01-j6.97124859189117151992e-01
  -4.87729741199968425125e-01-j6.81342236710400839250e-01
  -5.05197383353666373829e-01-j6.64952936724122367629e-01
  -5.22222440602758797290e-01-j6.47955207275529021516e-01
  -5.38780753594986783206e-01-j6.30347498193714939063e-01
  -5.54846711106685819281e-01-j6.12128540534044640609e-01
  -5.70393138279559064330e-01-j5.93297437902080893046e-01
  -5.85391178558601454895e-01-j5.73853771396706235919e-01
  -5.99810169208781163164e-01-j5.53797720177626295879e-01
  -6.13617510405544130947e-01-j5.33130199968038342995e-01
  -6.26778528055550343545e-01-j5.11853022149500236360e-01
  -6.39256330721198029465e-01-j4.89969076496933608755e-01
  -6.51011661310134659431e-01-j4.67482541040538157606e-01
  -6.62002744567377732210e-01-j4.44399123030111364852e-01
  -6.72185131895287946158e-01-j4.20726335516548366478e-01
  -6.81511545652649708416e-01-j3.96473814653027778476e-01
  -6.89931725881578583603e-01-j3.71653683449299110375e-01
  -6.97392283419573710823e-01-j3.46280968374782005537e-01
  -7.03836564620771931722e-01-j3.20374075881314668290e-01
  -7.09204534490566307348e-01-j2.93955336574397207983e-01
  -7.13432686994907139244e-01-j2.67051625357877964184e-01
  -7.16453993711642755926e-01-j2.39695066346787111211e-01
  -7.18197904924782304370e-01-j2.11923831594449940674e-01
  -7.18590420806402896403e-01-j1.83783042587849970717e-01
  -7.17554254565840765601e-01-j1.55325782857604705045e-01
  -7.15009114442221593855e-01-j1.26614228699011177603e-01
  -7.10872137219442201683e-01-j9.77209026114615880720e-02
  -7.05058512550433058585e-01-j6.87300502550652198108e-02
  -6.97482344709957513551e-01-j3.97391360203692839415e-02
  -6.88057806249635750540e-01-j1.08604441309349923628e-02
  -6.76700646020798490810e-01+j1.77772391321060659053e-02
  -6.63330121516939485993e-01+j4.60269017440117361728e-02
  -6.47871431469410730131e-01+j7.37216004218137627158e-02
  -6.30258727645777172555e-01+j1.00672858359939179640e-01
  -6.10438782806873136977e-01+j1.26669282763325480312e-01
  -5.88375382055555284921e-01+j1.51475556324252025320e-01
  -5.64054483912141191304e-01+j1.74831999845669910920e-01
  -5.37490161275900990567e-01+j1.96454949811558893247e-01
  -5.08731276483160521629e-01+j2.16038241115083518018e-01
  -4.77868764631126763387e-01+j2.33256125208021136697e-01
  -4.45043292053964367749e-01+j2.47767978455502774215e-01
  -4.10452921848805607485e-01+j2.59225152006600068066e-01
  -3.74360259912671577975e-01+j2.67280267612458433124e-01
  -3.37098384438434928168e-01+j2.71599156570669464372e-01
  -2.99074699985084402343e-01+j2.71875455727107029347e-01
  -2.60771735510001101410e-01+j2.67847605665606725012e-01
  -2.22743865277141878112e-01+j2.59317644722215800979e-01
  -1.85609018618339671747e-01+j2.46170780576057401934e-01
  -1.50034701263964037610e-01+j2.28394296237128452409e-01
  -1.16718101568600657325e-01+j2.06093982730959635052e-01
  -8.63606896472159657474e-02+j1.79506079362855286430e-01
  -5.96384790298267464248e-02+j1.49002739014507945559e-01
  -3.71699003699318616945e-02+j1.15089391367427476554e-01
  -1.94838867805674949285e-02+j7.83930685890638079272e-02
  -6.99113244686269761502e-03+j3.96417269949714684563e-02
  +3.85647175746876906500e-05-j3.64294590697459403326e-04
  +1.49047808407787242720e-03-j4.07864908549922244863e-02
  -2.59083363736846861852e-03-j8.07851113579041296697e-02
  -1.20075792079244285382e-02-j1.19555469769285493964e-01
  -2.64241522585184213101e-02-j1.56360476951601379270e-01
  -4.53899906162218841343e-02-j1.90556845788856982216e-01
  -6.83672922644076030974e-02-j2.21613344579485838093e-01
  -9.47607753014609033304e-02-j2.49120526184779506051e-01
  -1.23946854522855670622e-01-j2.72792337500864900957e-01
  -1.55300103939914890816e-01-j2.92460771202542435532e-01
  -1.88215541976954836567e-01-j3.08065184045725859452e-01
  -2.22125974459173591846e-01-j3.19638070208126623406e-01
  -2.56514250499890017476e-01-j3.27288994892922457947e-01
  -2.90920762770970287026e-01-j3.31188141357084353533e-01
  -3.24946834281176211157e-01-j3.31550586130219593350e-01
  -3.58254789542838958383e-01-j3.28622062040453410958e-01
  -3.90565539212123280510e-01-j3.22666645487416192672e-01
  -4.21654451451089318237e-01-j3.13956540351594426408e-01
  -4.51346176217837957712e-01-j3.02763935311478216139e-01
  -4.79508959669659617919e-01-j2.89354781120038040410e-01
  -5.06048855764688831904e-01-j2.73984259568653132355e-01
  -5.30904123961200125059e-01-j2.56893683725474830659e-01
  -5.54040002224965633104e-01-j2.38308566992498110926e-01
  -5.75443965362919307438e-01-j2.18437615701796428169e-01
  -5.95121519103533058725e-01-j1.97472427818438822644e-01
  -6.13092537870197240579e-01-j1.75587712639404869286e-01
  -6.29388125751703886301e-01-j1.52941879030109084692e-01
  -6.44047962645339477916e-01-j1.29677870202514033959e-01
  -6.57118088123040844373e-01-j1.05924149983843848832e-01
  -6.68649071891124324729e-01-j8.17957684415508839981e-02
  -6.78694519905153281769e-01-j5.73954536261706144140e-02
  -6.87309867837121224454e-01-j3.28146913758026112506e-02
  -6.94551417629366341089e-01-j8.13476704820526377859e-03
  -7.00475577575142116515e-01+j1.65722477893644679070e-02
  -7.05138271245563719170e-01+j4.12425737858484325882e-02
  -7.08594485321399458755e-01+j6.58198723461180384975e-02
  -7.10897930798910615557e-01+j9.02544656426924052361e-02
  -7.12100796024443094545e-01+j1.14502626926015455000e-01
  -7.12253573536012152267e-01+j1.38525938271620602249e-01
  -7.11404945753121076280e-01+j1.62290711844233020988e-01
  -7.09601717183732771943e-01+j1.85767470162587350346e-01
  -7.06888783047255553349e-01+j2.08930480584430505742e-01
  -7.03309126088265457177e-01+j2.31757339199562983900e-01
  -6.98903834921482114417e-01+j2.54228599444416669684e-01
  -6.93712138547476708794e-01+j2.76327440979633798257e-01
  -6.87771452749647682623e-01+j2.98039374660811651196e-01
  -6.81117434961907242119e-01+j3.19351979753465409217e-01
  -6.73784044914197743914e-01+j3.40254669875261983591e-01
  -6.65803608946346936470e-01+j3.60738484477588272625e-01
  -6.57206886353015384827e-01+j3.80795902995479162989e-01
  -6.48023136502997365582e-01+j4.00420679093677123195e-01
  -6.38280185781398556877e-01+j4.19607692714075886098e-01
  -6.28004493646914241367e-01+j4.38352817884480550070e-01
  -6.17221217289951717966e-01+j4.56652804479969309792e-01
  -6.05954274530151604239e-01+j4.74505172337285618944e-01
  -5.94226404711661215785e-01+j4.91908116309859699822e-01
  -5.82059227447750404671e-01+j5.08860421018783259939e-01
  -5.69473299138181121570e-01+j5.25361384203572923113e-01
  -5.56488167237455866321e-01+j5.41410747708845119242e-01
  -5.43122422293131235094e-01+j5.57008635259524931271e-01
  -5.29393747803572178867e-01+j5.72155496280311925972e-01
  -5.15318967966186258778e-01+j5.86852055105806957869e-01
  -5.00914093402035853764e-01+j6.01099265007529859339e-01
  -4.86194364952462487750e-01+j6.14898266534150139684e-01
</dep>
<dep S[1,2] frequency>
  +8.43542139594535056446e-01-j5.02362392897572673789e-01
  +8.28513717517961656434e-01-j5.23718077124903813591e-01
  +8.12920287143016562226e-01-j5.44568392504705789392e-01
  +7.96781983943323002251e-01-j5.64898735829575615597e-01
  +7.80119219834320865026e-01-j5.84695515060635773175e-01
  +7.62952619686321220627e-01-j6.03946141442716522008e-01
  +7.45302959943211162930e-01-j6.22639017239221770339e-01
  +7.27191109621450060274e-01-j6.40763519353227617437e-01
  +7.08637973939070464624e-01-j6.58309979117796650883e-01
  +6.89664440795000222018e-01-j6.75269658553126816969e-01
  +6.70291330290806119940e-01-j6.91634723397230755104e-01
  +6.50539347456149941173e-01-j7.07398213223875638178e-01
  +6.30429038308654265954e-01-j7.22554008964905070123e-01
  +6.09980749351070716813e-01-j7.37096798153064280967e-01
  +5.89214590578019281608e-01-j7.51022038199632424593e-01
  +5.68150402038829382967e-01-j7.64325918014681526813e-01
  +5.46807723976946213895e-01-j7.77005318270025280292e-01
  +5.25205770542296224157e-01-j7.89057770594825846899e-01
  +5.03363407051854006014e-01-j8.00481415981686317274e-01
  +4.81299130753170989472e-01-j8.11274962667795196403e-01
  +4.59031055028891632475e-01-j8.21437643740842493578e-01
  +4.36576896964737448670e-01-j8.30969174703874435828e-01
  +4.13953968189695209468e-01-j8.39869711217197001396e-01
  +3.91179168887695216661e-01-j8.48139807218382335563e-01
  +3.68268984869645654712e-01-j8.55780373605037114615e-01
  +3.45239487589489746355e-01-j8.62792637647907589837e-01
  +3.22106336981948015996e-01-j8.69178103285514591647e-01
  +2.98884786997678064679e-01-j8.74938512435361137598e-01
  +2.75589693709756722306e-01-j8.80075807441201285464e-01
  +2.52235525866407461759e-01-j8.84592094761038949535e-01
  +2.28836377766278131762e-01-j8.88489609986457762325e-01
  +2.05405984336738650642e-01-j8.91770684270880797939e-01
  +1.81957738299113214175e-01-j8.94437712232103221410e-01
  +1.58504709311924396609e-01-j8.96493121383550195524e-01
  +1.35059664988692401666e-01-j8.97939343138640766462e-01
  +1.11635093695498954780e-01-j8.98778785424017789829e-01
  +8.82432290413005249174e-02-j8.99013806929635062026e-01
  +6.48960759840978562707e-02-j8.98646693017603359621e-01
  +4.16054384851487560337e-02-j8.97679633306333046860e-01
  +1.83829486548477555319e-02-j8.96114700942973185782e-01
  -4.75990265576161416389e-03-j8.93953833574363865289e-01
  -2.78117338514732512222e-02-j8.91198816025856266343e-01
  -5.07612391994167605480e-02-j8.87851264697321340691e-01
  -7.35971540546042080067e-02-j8.83912613687519055361e-01
  -9.63082187006025214338e-02-j8.79384102661064148698e-01
  -1.18883140787811480976e-01-j8.74266766476997081448e-01
  -1.41310556337729459342e-01-j8.68561426604425590448e-01
  -1.63578989267133101393e-01-j8.62268684358876380536e-01
  -1.85676809370999951199e-01-j8.55388916003261945420e-01
  -2.07592188687368700561e-01-j8.47922269769799341610e-01
  -2.29313056151371097435e-01-j8.39868664873813619565e-01
  -2.50827050428920061975e-01-j8.31227792607911797340e-01
  -2.72121470803113774117e-01-j8.21999119625538510192e-01
  -2.93183225968925431637e-01-j8.12181893546477184920e-01
  -3.13998780573056357479e-01-j8.01775151044890832530e-01
  -3.34554099317189435059e-01-j7.90777728612352182047e-01
  -3.54834588423621755116e-01-j7.79188276225535436659e-01
  -3.74825034242700916298e-01-j7.67005274191306707365e-01
  -3.94509538762167932813e-01-j7.54227053491400623031e-01
  -4.13871451759353858879e-01-j7.40851820006280914477e-01
  -4.32893299318784952057e-01-j7.26877683063929413976e-01
  -4.51556708420882191302e-01-j7.12302688835659725264e-01
  -4.69842327292679551309e-01-j6.97124859189117707103e-01
  -4.87729741199969257792e-01-j6.81342236710399840049e-01
  -5.05197383353666595873e-01-j6.64952936724122811718e-01
  -5.22222440602760129558e-01-j6.47955207275527245159e-01
  -5.38780753594987005251e-01-j6.30347498193714828041e-01
  -5.54846711106686041326e-01-j6.12128540534043974475e-01
  -5.70393138279558953307e-01-j5.93297437902081337135e-01
  -5.85391178558600011606e-01-j5.73853771396707901253e-01
  -5.99810169208781829298e-01-j5.53797720177624630544e-01
  -6.13617510405544130947e-01-j5.33130199968038231972e-01
  -6.26778528055549344344e-01-j5.11853022149501568627e-01
  -6.39256330721198140488e-01-j4.89969076496934496934e-01
  -6.51011661310135991698e-01-j4.67482541040537713517e-01
  -6.62002744567377732210e-01-j4.44399123030110809740e-01
  -6.72185131895288279225e-01-j4.20726335516548477500e-01
  -6.81511545652649819438e-01-j3.96473814653027001320e-01
  -6.89931725881578028492e-01-j3.71653683449299498953e-01
  -6.97392283419572933667e-01-j3.46280968374781839003e-01
  -7.03836564620772153766e-01-j3.20374075881315056868e-01
  -7.09204534490566085303e-01-j2.93955336574396985938e-01
  -7.13432686994907472311e-01-j2.67051625357878075206e-01
  -7.16453993711643311038e-01-j2.39695066346786833655e-01
  -7.18197904924782637437e-01-j2.11923831594449552096e-01
  -7.18590420806403007425e-01-j1.83783042587850553584e-01
  -7.17554254565840543556e-01-j1.55325782857603789111e-01
  -7.15009114442221482832e-01-j1.26614228699010983314e-01
  -7.10872137219441646572e-01-j9.77209026114609635716e-02
  -7.05058512550432947563e-01-j6.87300502550651226663e-02
  -6.97482344709957735596e-01-j3.97391360203697835418e-02
  -6.88057806249635084406e-01-j1.08604441309349056266e-02
  -6.76700646020798490810e-01+j1.77772391321065897918e-02
  -6.63330121516939930082e-01+j4.60269017440122010787e-02
  -6.47871431469411063198e-01+j7.37216004218128467818e-02
  -6.30258727645777172555e-01+j1.00672858359938929840e-01
  -6.10438782806872914932e-01+j1.26669282763324980712e-01
  -5.88375382055555284921e-01+j1.51475556324252413898e-01
  -5.64054483912141413349e-01+j1.74831999845670993388e-01
  -5.37490161275900657500e-01+j1.96454949811559254069e-01
  -5.08731276483160299584e-01+j2.16038241115082657595e-01
  -4.77868764631126263787e-01+j2.33256125208021553030e-01
  -4.45043292053964090194e-01+j2.47767978455503190549e-01
  -4.10452921848806107086e-01+j2.59225152006599346421e-01
  -3.74360259912671911042e-01+j2.67280267612459099258e-01
  -3.37098384438435427768e-01+j2.71599156570668798238e-01
  -2.99074699985084457854e-01+j2.71875455727106696280e-01
  -2.60771735510000490788e-01+j2.67847605665606336434e-01
  -2.22743865277141989134e-01+j2.59317644722215745468e-01
  -1.85609018618339810525e-01+j2.46170780576057207645e-01
  -1.50034701263964509454e-01+j2.28394296237128480165e-01
  -1.16718101568600546303e-01+j2.06093982730959301986e-01
  -8.63606896472162849365e-02+j1.79506079362855092141e-01
  -5.96384790298262953967e-02+j1.49002739014507668003e-01
  -3.71699003699319865945e-02+j1.15089391367426796542e-01
  -1.94838867805672000255e-02+j7.83930685890633222046e-02
  -6.99113244686258746008e-03+j3.96417269949714268229e-02
  +3.85647175739511107991e-05-j3.64294590697020030396e-04
  +1.49047808407761026711e-03-j4.07864908549925575532e-02
  -2.59083363736854928316e-03-j8.07851113579041435475e-02
  -1.20075792079243209853e-02-j1.19555469769286243364e-01
  -2.64241522585185947825e-02-j1.56360476951601296003e-01
  -4.53899906162213567784e-02-j1.90556845788856926704e-01
  -6.83672922644076030974e-02-j2.21613344579485477270e-01
  -9.47607753014607784303e-02-j2.49120526184779950141e-01
  -1.23946854522855171021e-01-j2.72792337500864512378e-01
  -1.55300103939914890816e-01-j2.92460771202541880420e-01
  -1.88215541976954836567e-01-j3.08065184045725859452e-01
  -2.22125974459173841646e-01-j3.19638070208125568694e-01
  -2.56514250499890239521e-01-j3.27288994892921847324e-01
  -2.90920762770970620092e-01-j3.31188141357084353533e-01
  -3.24946834281176044623e-01-j3.31550586130219537839e-01
  -3.58254789542839791050e-01-j3.28622062040453799536e-01
  -3.90565539212122836421e-01-j3.22666645487416803295e-01
  -4.21654451451088985170e-01-j3.13956540351594481919e-01
  -4.51346176217837846689e-01-j3.02763935311477827561e-01
  -4.79508959669660062008e-01-j2.89354781120037873876e-01
  -5.06048855764689275993e-01-j2.73984259568653243377e-01
  -5.30904123961200458126e-01-j2.56893683725475219237e-01
  -5.54040002224965855149e-01-j2.38308566992497555814e-01
  -5.75443965362919307438e-01-j2.18437615701796955525e-01
  -5.95121519103532836681e-01-j1.97472427818438794889e-01
  -6.13092537870197240579e-01-j1.75587712639404952553e-01
  -6.29388125751703664257e-01-j1.52941879030109612048e-01
  -6.44047962645339366894e-01-j1.29677870202513478848e-01
  -6.57118088123040733350e-01-j1.05924149983843265965e-01
  -6.68649071891124102685e-01-j8.17957684415508146092e-02
  -6.78694519905153725858e-01-j5.73954536261698927690e-02
  -6.87309867837120447298e-01-j3.28146913758021463448e-02
  -6.94551417629366230067e-01-j8.13476704820639308358e-03
  -7.00475577575142449582e-01+j1.65722477893633368673e-02
  -7.05138271245563941214e-01+j4.12425737858483909548e-02
  -7.08594485321399458755e-01+j6.58198723461183715644e-02
  -7.10897930798910726580e-01+j9.02544656426922803361e-02
  -7.12100796024443316590e-01+j1.14502626926015371733e-01
  -7.12253573536012596357e-01+j1.38525938271620185915e-01
  -7.11404945753121520369e-01+j1.62290711844232105054e-01
  -7.09601717183732993988e-01+j1.85767470162587378102e-01
  -7.06888783047255442327e-01+j2.08930480584429673074e-01
  -7.03309126088265457177e-01+j2.31757339199562345522e-01
  -6.98903834921481448283e-01+j2.54228599444416947239e-01
  -6.93712138547476708794e-01+j2.76327440979634131324e-01
  -6.87771452749647460578e-01+j2.98039374660811706708e-01
  -6.81117434961906909052e-01+j3.19351979753465242684e-01
  -6.73784044914197743914e-01+j3.40254669875261983591e-01
  -6.65803608946346381359e-01+j3.60738484477588272625e-01
  -6.57206886353015273805e-01+j3.80795902995479440545e-01
  -6.48023136502997476605e-01+j4.00420679093677123195e-01
  -6.38280185781398445855e-01+j4.19607692714075719564e-01
  -6.28004493646914241367e-01+j4.38352817884480550070e-01
  -6.17221217289951606944e-01+j4.56652804479969143259e-01
  -6.05954274530151715261e-01+j4.74505172337285285877e-01
  -5.94226404711661104763e-01+j4.91908116309859755333e-01
  -5.82059227447750848761e-01+j5.08860421018782593805e-01
  -5.69473299138181010548e-01+j5.25361384203573145157e-01
  -5.56488167237455977343e-01+j5.41410747708844897197e-01
  -5.43122422293129791804e-01+j5.57008635259524820249e-01
  -5.29393747803572178867e-01+j5.72155496280312036994e-01
  -5.15318967966185925711e-01+j5.86852055105806957869e-01
  -5.00914093402036852964e-01+j6.01099265007529526272e-01
  -4.86194364952462376728e-01+j6.14898266534150250706e-01
</dep>
<dep S[1,1] frequency>
  -9.28583818192128679359e-02-j1.55277542776336707764e-01
  -1.01449993824967707456e-01-j1.59864330342300658971e-01
  -1.10293343335428381535e-01-j1.64032735896019660204e-01
  -1.19368066136968625779e-01-j1.67772755576648086029e-01
  -1.28653536393958406459e-01-j1.71075468679332765021e-01
  -1.38128932473084720112e-01-j1.73933032650939928265e-01
  -1.47773300919485317539e-01-j1.76338673685113300760e-01
  -1.57565618293162845731e-01-j1.78286673176023036103e-01
  -1.67484850604126517259e-01-j1.79772350306821371291e-01
  -1.77510010117723937562e-01-j1.80792041063372682652e-01
  -1.87620209332730297769e-01-j1.81343073973042667735e-01
  -1.97794711967476583014e-01-j1.81423742875025717503e-01
  -2.08012980821543319587e-01-j1.81033277031977857252e-01
  -2.18254722409431001218e-01-j1.80171808891377571715e-01
  -2.28499928294141368967e-01-j1.78840339802866121754e-01
  -2.38728913075005932942e-01-j1.77040703991040604404e-01
  -2.48922349010534837976e-01-j1.74775531074836343315e-01
  -2.59061297281558799988e-01-j1.72048207414260523329e-01
  -2.69127235921166940713e-01-j1.68862836552456457850e-01
  -2.79102084458603905137e-01-j1.65224199007401595374e-01
  -2.88968225340948903224e-01-j1.61137711652105025673e-01
  -2.98708522211897031795e-01-j1.56609386906056968769e-01
  -3.08306335140538179118e-01-j1.51645791944062247047e-01
  -3.17745532902253047247e-01-j1.46254008110923622299e-01
  -3.27010502423907500891e-01-j1.40441590713393432699e-01
  -3.36086155510452622153e-01-j1.34216529343166579569e-01
  -3.44957932975513192897e-01-j1.27587208867597917683e-01
  -3.53611806300003828074e-01-j1.20562371208070756579e-01
  -3.62034276944072197502e-01-j1.13151078009721059447e-01
  -3.70212373435989838821e-01-j1.05362674290748040140e-01
  -3.78133646359501585099e-01-j9.72067531448320421017e-02
  -3.85786161356212131679e-01-j8.86931215565394392986e-02
  -3.93158490255229087218e-01-j7.98317673766833629800e-02
  -4.00239700434217027247e-01-j7.06328274931259242342e-02
  -4.07019342509476578229e-01-j6.11065572218508629154e-02
  -4.13487436442917855040e-01-j5.12633009339154982476e-02
  -4.19634456144786283094e-01-j4.11134639256121175999e-02
  -4.25451312639630319090e-01-j3.06674855326020817659e-02
  -4.30929335852486827818e-01-j1.99358134829309280311e-02
  -4.36060255059437129610e-01-j8.92887947996010011842e-03
  -4.40836178034704151418e-01+j2.34292399689640939986e-03
  -4.45249568912455984115e-01+j1.38692656868407010462e-02
  -4.49293224768137711145e-01+j2.56398963511911687219e-02
  -4.52960250909278716591e-01+j3.76446683973507278953e-02
  -4.56244034850940782810e-01+j4.98735543318124252554e-02
  -4.59138218935265296494e-01+j6.23166640458629184085e-02
  -4.61636671538471987652e-01+j7.49642609309220525615e-02
  -4.63733456791993681190e-01+j8.78067768118791919241e-02
  -4.65422802727097628672e-01+j1.00834825676018272067e-01
  -4.66699067734394068552e-01+j1.14039216161944789718e-01
  -4.67556705211314538317e-01+j1.27410962757487034036e-01
  -4.67990226251439489502e-01+j1.40941295636927338419e-01
  -4.67994160209671494766e-01+j1.54621669046137943937e-01
  -4.67563012957283752336e-01+j1.68443768119171832787e-01
  -4.66691222619628420798e-01+j1.82399513980147753855e-01
  -4.65373112568144897683e-01+j1.96481066950499605461e-01
  -4.63602841416582478473e-01+j2.10680827642244272724e-01
  -4.61374349749240075802e-01+j2.24991435672468265139e-01
  -4.58681303287401753721e-01+j2.39405765682066951072e-01
  -4.55517032178541836362e-01+j2.53916920281414437710e-01
  -4.51874466072316238741e-01+j2.68518219476230224352e-01
  -4.47746064628324724755e-01+j2.83203186047065291753e-01
  -4.43123743083930987652e-01+j2.97965526263887170444e-01
  -4.37998792497101274712e-01+j3.12799105211401806681e-01
  -4.32361794271070576379e-01+j3.27697915879446410869e-01
  -4.26202528565852278852e-01+j3.42656041032782132660e-01
  -4.19509876209369192424e-01+j3.57667606714714647609e-01
  -4.12271713740538503501e-01+j3.72726726054721901882e-01
  -4.04474801252541760199e-01+j3.87827431840411740449e-01
  -3.96104662761043946340e-01+j4.02963596073203533798e-01
  -3.87145458905844452868e-01+j4.18128834453485420664e-01
  -3.77579851912818120763e-01+j4.33316393429285073857e-01
  -3.67388862905731250486e-01+j4.48519017090015847948e-01
  -3.56551721876476435114e-01+j4.63728790789271705375e-01
  -3.45045710912436631723e-01+j4.78936957935457430224e-01
  -3.32846001659122980865e-01+j4.94133705893590735592e-01
  -3.19925488487466325171e-01+j5.09307916395767001916e-01
  -3.06254619465474053897e-01+j5.24446875263423373248e-01
  -2.91801228036396409493e-01+j5.39535935607252215007e-01
  -2.76530369319701707642e-01+j5.54558128001986561095e-01
  -2.60404166224276534258e-01+j5.69493710452070756034e-01
  -2.43381672150328715043e-01+j5.84319650300558324219e-01
  -2.25418759021330600278e-01+j5.99009029632004086352e-01
  -2.06468041801720625372e-01+j6.13530365245522846251e-01
  -1.86478853598671945324e-01+j6.27846834018298549651e-01
  -1.65397288999676456145e-01+j6.41915394568272290599e-01
  -1.43166337542902866176e-01+j6.55685796729170489172e-01
  -1.19726134224522759442e-01+j6.69099471698660352992e-01
  -9.50143597615276669366e-02+j6.82088298108036505951e-01
  -6.89668299480789420697e-02+j6.94573243069721901755e-01
  -4.15183207879347149216e-02+j7.06462882962212601612e-01
  -1.26036839523805677121e-02+j7.17651816889632088170e-01
  +1.78406848824315400481e-02+j7.28018997086239627592e-01
  +4.98749547659601000227e-02+j7.37426015789523936483e-01
  +8.35534692242311249899e-02+j7.45715408082788355770e-01
  +1.18921777955597357535e-01+j7.52709055660114478847e-01
  +1.56013013376763626239e-01+j7.58206807942328642191e-01
  +1.94843544635574766888e-01+j7.61985474580164523495e-01
  +2.35407862593721706190e-01+j7.63798386447071320227e-01
  +2.77672685447314548934e-01+j7.63375768832954326726e-01
  +3.21570330592135078529e-01+j7.60426216972440505160e-01
  +3.66991478372661217300e-01+j7.54639604107306349867e-01
  +4.13777560628525664654e-01+j7.45691776817568152680e-01
  +4.61713141933981330300e-01+j7.33251388897538491918e-01
  +5.10518819857040173638e-01+j7.16989178190465592522e-01
  +5.59845341073530011755e-01+j6.96589883559239009259e-01
  +6.09269792001426502281e-01+j6.71766815940797012985e-01
  +6.58294844347180996280e-01+j6.42278828648895960818e-01
  +7.06352076429990760609e-01+j6.07949080614747061624e-01
  +7.52810304088773252218e-01+j5.68684574388685137869e-01
  +7.96989598241441998816e-01+j5.24495025812939719145e-01
  +8.38181215562221471060e-01+j4.75509257773402860270e-01
  +8.75673034060295396586e-01+j4.21987099039078827900e-01
  +9.08779323759578039343e-01+j3.64324805785356753418e-01
  +9.36872902762822312717e-01+j3.03052378855584225725e-01
  +9.59417078957112479110e-01+j2.38821841472613649593e-01
  +9.75994415556513783550e-01+j1.72386511104153983265e-01
  +9.86329409574546067674e-01+j1.04572406408199827799e-01
  +9.90302684816644518406e-01+j3.62439783959152689308e-02
  +9.87955220657342647606e-01-j3.17328649230831927319e-02
  +9.79482310611334505701e-01-j9.85271227107970548609e-02
  +9.65218152905622961413e-01-j1.63375290014296542518e-01
  +9.45612995666493816316e-01-j2.25607618674901422295e-01
  +9.21205421988601558247e-01-j2.84666426999493404892e-01
  +8.92592587515619539928e-01-j3.40115885132620809905e-01
  +8.60401037922773781474e-01-j3.91643680444911435057e-01
  +8.25260237023908826970e-01-j4.39055724636088440249e-01
  +7.87780268817760198630e-01-j4.82265526593496085539e-01
  +7.48534478437385630833e-01-j5.21280019246212922290e-01
  +7.08047196989631255626e-01-j5.56183545407863966226e-01
  +6.66786218914534156710e-01-j5.87121455547809256714e-01
  +6.25159389870901027741e-01-j6.14284432045875794515e-01
  +5.83514507414567784593e-01-j6.37894299349162974266e-01
  +5.42141705545674756905e-01-j6.58191756286989559932e-01
  +5.01277550051442699619e-01-j6.75426202764529248768e-01
  +4.61110178624524080782e-01-j6.89847637453951278985e-01
  +4.21784948768270051556e-01-j7.01700472899057792198e-01
  +3.83410186607962000238e-01-j7.11219039643650297045e-01
  +3.46062747919956947840e-01-j7.18624518870811357374e-01
  +3.09793202384230026425e-01-j7.24123041015992119362e-01
  +2.74630531260938282045e-01-j7.27904705011506059087e-01
  +2.40586288290975475190e-01-j7.30143300685450413745e-01
  +2.07658216094112973993e-01-j7.30996549178129062518e-01
  +1.75833338778737441332e-01-j7.30606708909103619298e-01
  +1.45090569002246261299e-01-j7.29101425107571587958e-01
  +1.15402877141414700324e-01-j7.26594727880457091906e-01
  +8.67390739056910220484e-02-j7.23188106724861778929e-01
  +5.90652575279844160860e-02-j7.18971608302467202201e-01
  +3.23459740232762138490e-02-j7.14024919489383180782e-01
  +6.54513495869613048939e-03-j7.08418409649874014633e-01
  -1.83732675371696407840e-02-j7.02214115258290028088e-01
  -4.24446136888388114716e-02-j6.95466656900433299882e-01
  -6.57032468258417212681e-02-j6.88224083769639505270e-01
  -8.81821763082743514950e-02-j6.80528644421353301475e-01
  -1.09912870960189965053e-01-j6.72417485088125932435e-01
  -1.30925124881179882896e-01-j6.63923278550683670929e-01
  -1.51246980582137757754e-01-j6.55074787623367349454e-01
  -1.70904697031532076812e-01-j6.45897367911586695044e-01
  -1.89922752440936648544e-01-j6.36413414765335860857e-01
  -2.08323873506699952518e-01-j6.26642759385353964596e-01
  -2.26129084402350938321e-01-j6.16603018912807776530e-01
  -2.43357770126859468407e-01-j6.06309905104418844779e-01
  -2.60027749895951676429e-01-j5.95777495904362908163e-01
  -2.76155357153182068330e-01-j5.85018473900727475900e-01
  -2.91755523505072889012e-01-j5.74044335318870446727e-01
  -3.06841864477366055297e-01-j5.62865572871002695088e-01
  -3.21426765470428865701e-01-j5.51491835459684720533e-01
  -3.35521466680356095225e-01-j5.39932067429136908210e-01
  -3.49136146064944030698e-01-j5.28194629775158297491e-01
  -3.62279999684126829962e-01-j5.16287405464016080359e-01
  -3.74961318943892063515e-01-j5.04217890773046351072e-01
  -3.87187564430906794311e-01-j4.91993274350326248445e-01
  -3.98965436149433139157e-01-j4.79620505497035665154e-01
  -4.10300940069416419931e-01-j4.67106353001895457933e-01
  -4.21199450969765853969e-01-j4.54457455701914869728e-01
  -4.31665771618349292105e-01-j4.41680365804871521984e-01
  -4.41704188373472639295e-01-j4.28781585885889715559e-01
  -4.51318523323443909767e-01-j4.15767600361053091262e-01
  -4.60512183103636396631e-01-j4.02644902144038918657e-01
  -4.69288204546018161700e-01-j3.89420015105864436578e-01
  -4.77649297325999366848e-01-j3.76099512881910624795e-01
</dep>
