<Qucs Dataset 1.0.7>
<indep frequency 181>
  +1.00000000000000000000e+09
  +1.05000000000000000000e+09
  +1.10000000000000000000e+09
  +1.15000000000000000000e+09
  +1.20000000000000000000e+09
  +1.25000000000000000000e+09
  +1.30000000000000000000e+09
  +1.35000000000000000000e+09
  +1.40000000000000000000e+09
  +1.45000000000000000000e+09
  +1.50000000000000000000e+09
  +1.55000000000000000000e+09
  +1.60000000000000000000e+09
  +1.65000000000000000000e+09
  +1.70000000000000000000e+09
  +1.75000000000000000000e+09
  +1.80000000000000000000e+09
  +1.85000000000000000000e+09
  +1.90000000000000000000e+09
  +1.95000000000000000000e+09
  +2.00000000000000000000e+09
  +2.05000000000000000000e+09
  +2.10000000000000000000e+09
  +2.15000000000000000000e+09
  +2.20000000000000000000e+09
  +2.25000000000000000000e+09
  +2.30000000000000000000e+09
  +2.35000000000000000000e+09
  +2.40000000000000000000e+09
  +2.45000000000000000000e+09
  +2.50000000000000000000e+09
  +2.55000000000000000000e+09
  +2.60000000000000000000e+09
  +2.65000000000000000000e+09
  +2.70000000000000000000e+09
  +2.75000000000000000000e+09
  +2.80000000000000000000e+09
  +2.85000000000000000000e+09
  +2.90000000000000000000e+09
  +2.95000000000000000000e+09
  +3.00000000000000000000e+09
  +3.05000000000000000000e+09
  +3.10000000000000000000e+09
  +3.15000000000000000000e+09
  +3.20000000000000000000e+09
  +3.25000000000000000000e+09
  +3.30000000000000000000e+09
  +3.35000000000000000000e+09
  +3.40000000000000000000e+09
  +3.45000000000000000000e+09
  +3.50000000000000000000e+09
  +3.55000000000000000000e+09
  +3.60000000000000000000e+09
  +3.65000000000000000000e+09
  +3.70000000000000000000e+09
  +3.75000000000000000000e+09
  +3.80000000000000000000e+09
  +3.85000000000000000000e+09
  +3.90000000000000000000e+09
  +3.95000000000000000000e+09
  +4.00000000000000000000e+09
  +4.05000000000000000000e+09
  +4.10000000000000000000e+09
  +4.15000000000000000000e+09
  +4.20000000000000000000e+09
  +4.25000000000000000000e+09
  +4.30000000000000000000e+09
  +4.35000000000000000000e+09
  +4.40000000000000000000e+09
  +4.45000000000000000000e+09
  +4.50000000000000000000e+09
  +4.55000000000000000000e+09
  +4.60000000000000000000e+09
  +4.65000000000000000000e+09
  +4.70000000000000000000e+09
  +4.75000000000000000000e+09
  +4.80000000000000000000e+09
  +4.85000000000000000000e+09
  +4.90000000000000000000e+09
  +4.95000000000000000000e+09
  +5.00000000000000000000e+09
  +5.05000000000000000000e+09
  +5.10000000000000000000e+09
  +5.15000000000000000000e+09
  +5.20000000000000000000e+09
  +5.25000000000000000000e+09
  +5.30000000000000000000e+09
  +5.35000000000000000000e+09
  +5.40000000000000000000e+09
  +5.45000000000000000000e+09
  +5.50000000000000000000e+09
  +5.55000000000000000000e+09
  +5.60000000000000000000e+09
  +5.65000000000000000000e+09
  +5.70000000000000000000e+09
  +5.75000000000000000000e+09
  +5.80000000000000000000e+09
  +5.85000000000000000000e+09
  +5.90000000000000000000e+09
  +5.95000000000000000000e+09
  +6.00000000000000000000e+09
  +6.05000000000000000000e+09
  +6.10000000000000000000e+09
  +6.15000000000000000000e+09
  +6.20000000000000000000e+09
  +6.25000000000000000000e+09
  +6.30000000000000000000e+09
  +6.35000000000000000000e+09
  +6.40000000000000000000e+09
  +6.45000000000000000000e+09
  +6.50000000000000000000e+09
  +6.55000000000000000000e+09
  +6.60000000000000000000e+09
  +6.65000000000000000000e+09
  +6.70000000000000000000e+09
  +6.75000000000000000000e+09
  +6.80000000000000000000e+09
  +6.85000000000000000000e+09
  +6.90000000000000000000e+09
  +6.95000000000000000000e+09
  +7.00000000000000000000e+09
  +7.05000000000000000000e+09
  +7.10000000000000000000e+09
  +7.15000000000000000000e+09
  +7.20000000000000000000e+09
  +7.25000000000000000000e+09
  +7.30000000000000000000e+09
  +7.35000000000000000000e+09
  +7.40000000000000000000e+09
  +7.45000000000000000000e+09
  +7.50000000000000000000e+09
  +7.55000000000000000000e+09
  +7.60000000000000000000e+09
  +7.65000000000000000000e+09
  +7.70000000000000000000e+09
  +7.75000000000000000000e+09
  +7.80000000000000000000e+09
  +7.85000000000000000000e+09
  +7.90000000000000000000e+09
  +7.95000000000000000000e+09
  +8.00000000000000000000e+09
  +8.05000000000000000000e+09
  +8.10000000000000000000e+09
  +8.15000000000000000000e+09
  +8.20000000000000000000e+09
  +8.25000000000000000000e+09
  +8.30000000000000000000e+09
  +8.35000000000000000000e+09
  +8.40000000000000000000e+09
  +8.45000000000000000000e+09
  +8.50000000000000000000e+09
  +8.55000000000000000000e+09
  +8.60000000000000000000e+09
  +8.65000000000000000000e+09
  +8.70000000000000000000e+09
  +8.75000000000000000000e+09
  +8.80000000000000000000e+09
  +8.85000000000000000000e+09
  +8.90000000000000000000e+09
  +8.95000000000000000000e+09
  +9.00000000000000000000e+09
  +9.05000000000000000000e+09
  +9.10000000000000000000e+09
  +9.15000000000000000000e+09
  +9.20000000000000000000e+09
  +9.25000000000000000000e+09
  +9.30000000000000000000e+09
  +9.35000000000000000000e+09
  +9.40000000000000000000e+09
  +9.45000000000000000000e+09
  +9.50000000000000000000e+09
  +9.55000000000000000000e+09
  +9.60000000000000000000e+09
  +9.65000000000000000000e+09
  +9.70000000000000000000e+09
  +9.75000000000000000000e+09
  +9.80000000000000000000e+09
  +9.85000000000000000000e+09
  +9.90000000000000000000e+09
  +9.95000000000000000000e+09
  +1.00000000000000000000e+10
</indep>
<dep S21_phase frequency>
  -7.06963634850501421170e+01
  -7.33420081516361648255e+01
  -7.59244016098632386047e+01
  -7.84480758266787603361e+01
  -8.09174212967387660456e+01
  -8.33366659024275548973e+01
  -8.57098620644943167690e+01
  -8.80408803411696965213e+01
  -9.03334079461635468533e+01
  -9.25909509367505023647e+01
  -9.48168390674150742825e+01
  -9.70142325117236765664e+01
  -9.91861298276690490638e+01
  -1.01335376683055713443e+02
  -1.03464674971859110997e+02
  -1.05576592043846147817e+02
  -1.07673569842051705336e+02
  -1.09757933799267334507e+02
  -1.11831901388580632783e+02
  -1.13897590256650190099e+02
  -1.15957025893877982980e+02
  -1.18012148814727510171e+02
  -1.20064821235446387959e+02
  -1.22116833246536813817e+02
  -1.24169908484377970126e+02
  -1.26225709311123921452e+02
  -1.28285841514959457754e+02
  -1.30351858544434662690e+02
  -1.32425265291256664568e+02
  -1.34507521435867744231e+02
  -1.36600044369611111961e+02
  -1.38704211706407903648e+02
  -1.40821363395832719334e+02
  -1.42952803448306070777e+02
  -1.45099801281974123413e+02
  -1.47263592699729429114e+02
  -1.49445380503819109208e+02
  -1.51646334754626963104e+02
  -1.53867592679513762732e+02
  -1.56110258237113242785e+02
  -1.58375401342206174604e+02
  -1.60664056756245173574e+02
  -1.62977222648807924088e+02
  -1.65315858835688970885e+02
  -1.67680884700040792268e+02
  -1.70073176803888316044e+02
  -1.72493566198513633481e+02
  -1.74942835443581799382e+02
  -1.77421715346464765162e+02
  -1.79930881434993068524e+02
  +1.77529049821187726366e+02
  +1.74957525023377343132e+02
  +1.72354058071167600019e+02
  +1.69718234582450435255e+02
  +1.67049716481595055484e+02
  +1.64348246728578885723e+02
  +1.61613654158888010670e+02
  +1.58845858400767411922e+02
  +1.56044874832802122455e+02
  +1.53210819540765754709e+02
  +1.50343914228072947026e+02
  +1.47444491028919003384e+02
  +1.44512997167187990044e+02
  +1.41549999397410289248e+02
  +1.38556188156421711710e+02
  +1.35532381346003461431e+02
  +1.32479527657821051889e+02
  +1.29398709342719826054e+02
  +1.26291144317302112654e+02
  +1.23158187492318603518e+02
  +1.20001331200454217196e+02
  +1.16822204596499489071e+02
  +1.13622571901628688806e+02
  +1.10404329366585258754e+02
  +1.07169500836999418425e+02
  +1.03920231818696350956e+02
  +1.00658781962314392899e+02
  +9.73875159151300096028e+01
  +9.41088925235137310210e+01
  +9.08254524112395102975e+01
  +8.75398040056923747443e+01
  +8.42546081341004367005e+01
  +8.09725613629761937773e+01
  +7.76963783033834545222e+01
  +7.44287731496547166898e+01
  +7.11724407570215760188e+01
  +6.79300375917626269029e+01
  +6.47041629039414090130e+01
  +6.14973404762454904926e+01
  +5.83120012922880519568e+01
  +5.51504674443775755321e+01
  +5.20149375652877594689e+01
  +4.89074740229493443167e+01
  +4.58299920636753057579e+01
  +4.27842510313964368152e+01
  +3.97718477304249518056e+01
  +3.67942119403600145233e+01
  +3.38526040365569684809e+01
  +3.09481146202266934608e+01
  +2.80816660203901413695e+01
  +2.52540154965724923386e+01
  +2.24657599467730797471e+01
  +1.97173419097849027537e+01
  +1.70090566438599601895e+01
  +1.43410600641208940687e+01
  +1.17133773279644284315e+01
  +9.12591186968499634702e+00
  +6.57845470148522348808e+00
  +4.07069381665811125259e+00
  +1.60222355095496937771e+00
  -8.27446221012938298855e-01
  -3.21888115682809861084e+00
  -5.57271386743985619461e+00
  -7.88963575259990701483e+00
  -1.01703892978167633743e+01
  -1.24157608650167290421e+01
  -1.46265739959746952081e+01
  -1.68036832363291033232e+01
  -1.89479684786399502627e+01
  -2.10603298152805713528e+01
  -2.31416828858990264450e+01
  -2.51929546995357149797e+01
  -2.72150799080715692924e+01
  -2.92089975053449499853e+01
  -3.11756479248561859663e+01
  -3.31159705082722055636e+01
  -3.50309013169047531733e+01
  -3.69213712587248110708e+01
  -3.87883045042778817901e+01
  -4.06326171659455894769e+01
  -4.24552162162637571896e+01
  -4.42569986224207951864e+01
  -4.60388506755621449429e+01
  -4.78016474950431842217e+01
  -4.95462526893160557506e+01
  -5.12735181566296773781e+01
  -5.29842840101940524278e+01
  -5.46793786138487405424e+01
  -5.63596187156063166412e+01
  -5.80258096676980557049e+01
  -5.96787457229019366878e+01
  -6.13192103980389404683e+01
  -6.29479768964951560406e+01
  -6.45658085825959489057e+01
  -6.61734595014494288989e+01
  -6.77716749386824091061e+01
  -6.93611920151902836551e+01
  -7.09427403125999518352e+01
  -7.25170425258425126458e+01
  -7.40848151395486951287e+01
  +1.04353230874368378522e+02
  +1.02796389340196043349e+02
  +1.01243958145347349387e+02
  +9.96952384915058189563e+01
  +9.81495341323629872932e+01
  +9.66061505983657013985e+01
  +9.50643944097356978773e+01
  +9.35235722784214118519e+01
  +9.19829902996973629570e+01
  +9.04419531339055140506e+01
  +8.88997631788613063009e+01
  +8.73557197334068433747e+01
  +8.58091181525415578335e+01
  +8.42592489946784723998e+01
  +8.27053971616168865921e+01
  +8.11468410319311459489e+01
  +7.95828515886666281176e+01
  +7.80126915424218196904e+01
  +7.64356144511674386877e+01
  +7.48508638384490723183e+01
  +7.32576723120281059209e+01
  +7.16552606854293259175e+01
  +7.00428371054121754469e+01
  +6.84195961889727755079e+01
  +6.67847181741983604297e+01
  +6.51373680900931049109e+01
  +6.34766949514348581829e+01
  +6.18018309857621588321e+01
  +6.01118909007891204510e+01
  +5.84059712019222700974e+01
  +5.66831495710400972143e+01
</dep>
<dep S11_phase frequency>
  -1.60724597497626177756e+02
  -1.63366741989420177106e+02
  -1.65945617305002656394e+02
  -1.68465749266446664478e+02
  -1.70931523309616125061e+02
  -1.73347163161029101275e+02
  -1.75716717847055150514e+02
  -1.78044055183290623745e+02
  +1.79667139792770825579e+02
  +1.77413362699922288357e+02
  +1.75191285010807263234e+02
  +1.72997747369184367017e+02
  +1.70829751653925967503e+02
  +1.68684452274914207237e+02
  +1.66559147071234690429e+02
  +1.64451268090413265099e+02
  +1.62358372454901086712e+02
  +1.60278133465282252246e+02
  +1.58208332045647864561e+02
  +1.56146848602854845467e+02
  +1.54091655345797647669e+02
  +1.52040809091711878409e+02
  +1.49992444572442593653e+02
  +1.47944768243513379957e+02
  +1.45896052591741494098e+02
  +1.43844630932418795055e+02
  +1.41788892684109839593e+02
  +1.39727279107498048916e+02
  +1.37658279494052948166e+02
  +1.35580427790372056052e+02
  +1.33492299644609403231e+02
  +1.31392509862307349522e+02
  +1.29279710260048631199e+02
  +1.27152587906556718167e+02
  +1.25009863742091084760e+02
  +1.22850291568179471824e+02
  +1.20672657400814273387e+02
  +1.18475779181203378698e+02
  +1.16258506838968074248e+02
  +1.14019722703282496923e+02
  +1.11758342257847658630e+02
  +1.09473315235770201070e+02
  +1.07163627050345965586e+02
  +1.04828300557442744889e+02
  +1.02466398144614430521e+02
  +1.00077024141278570823e+02
  +9.76593275432232132971e+01
  +9.52125050434197248705e+01
  +9.27358043595749137467e+01
  +9.02285278470897651459e+01
  +8.76900363840959897743e+01
  +8.51197535130183666752e+01
  +8.25171698206623318583e+01
  +7.98818475361313318217e+01
  +7.72134253229257865314e+01
  +7.45116232383222012459e+01
  +7.17762478295392583050e+01
  +6.90071973321981886329e+01
  +6.62044669321088008473e+01
  +6.33681540463896268989e+01
  +6.04984635742563199301e+01
  +5.75957130614460837137e+01
  +5.46603377151067064688e+01
  +5.16928951980880668771e+01
  +4.86940701229534127492e+01
  +4.56646781568348245628e+01
  +4.26056696387102178392e+01
  +3.95181326011415166022e+01
  +3.64032950794893039870e+01
  +3.32625265837238828226e+01
  +3.00973386019885111864e+01
  +2.69093840018949315152e+01
  +2.37004551961298339791e+01
  +2.04724809442706501272e+01
  +1.72275216736815863783e+01
  +1.39677632197262688862e+01
  +1.06955089097758957450e+01
  +7.41316994677464613517e+00
  +4.12325408610597676784e+00
  +8.28352643381962905345e-01
  -2.46887408080779868769e+00
  -5.76571282207391000441e+00
  -9.05941463079430953087e+00
  -1.23472131703823677640e+01
  -1.56263437534588867095e+01
  -1.88940627977484965072e+01
  -2.21476673572662150491e+01
  -2.53845143701277287107e+01
  -2.86020392632987103809e+01
  -3.17977735672227197483e+01
  -3.49693612190570206621e+01
  -3.81145732709495916879e+01
  -4.12313207673943651344e+01
  -4.43176656106737212326e+01
  -4.73718292928275559461e+01
  -5.03921994334912568547e+01
  -5.33773341224128969884e+01
  -5.63259641208974315418e+01
  -5.92369930257235850490e+01
  -6.21094955406314852553e+01
  -6.49427140333215220380e+01
  -6.77360535796304077394e+01
  -7.04890757112871710888e+01
  -7.32014910899634401176e+01
  -7.58731513291432975166e+01
  -7.85040401777396965599e+01
  -8.10942642666748128022e+01
  -8.36440436030571845549e+01
  -8.61537019773709289439e+01
  -8.86236574283612412728e+01
  -9.10544128890236805773e+01
  -9.34465471160854832533e+01
  -9.58007059852532876221e+01
  -9.81175942157519642706e+01
  -1.00397967570625127109e+02
  -1.02642625564091829915e+02
  -1.04852404694034930799e+02
  -1.07028172206436082092e+02
  -1.09170820389181301380e+02
  -1.11281261385026311928e+02
  -1.13360422507477863974e+02
  -1.15409242038744991987e+02
  -1.17428665485557075954e+02
  -1.19419642266372818540e+02
  -1.21383122802135602569e+02
  -1.23320055982112990023e+02
  -1.25231386976354471585e+02
  -1.27118055366775706716e+02
  -1.28980993569734835091e+02
  -1.30821125524091200987e+02
  -1.32639365620070520890e+02
  -1.34436617845718046738e+02
  -1.36213775129260909580e+02
  -1.37971718857269735281e+02
  -1.39711318550080818568e+02
  -1.41433431677474288790e+02
  -1.43138903599097886854e+02
  -1.44828567615548934100e+02
  -1.46503245117380060947e+02
  -1.48163745820561587152e+02
  -1.49810868078124258318e+02
  -1.51445399258805593945e+02
  -1.53068116184536535229e+02
  -1.54679785619547175202e+02
  -1.56281164804715587024e+02
  -1.57873002031572866599e+02
  -1.59456037251074150163e+02
  -1.61031002712893950957e+02
  -1.62598623631573360626e+02
  -1.64159618876367858320e+02
  -1.65714701682103054736e+02
  -1.67264580378759887935e+02
  -1.68809959137869128654e+02
  -1.70351538734117440299e+02
  -1.71890017320841849369e+02
  -1.73426091218328195964e+02
  -1.74960455714027943941e+02
  -1.76493805873975503573e+02
  -1.78026837364816543641e+02
  -1.79560247285957274244e+02
  +1.78905264988592563213e+02
  +1.77368996959078515374e+02
  +1.75830242139960745362e+02
  +1.74288289191410228796e+02
  +1.72742421042856449276e+02
  +1.71191914009211956227e+02
  +1.69636036900558508478e+02
  +1.68074050126286010709e+02
  +1.66505204794922974543e+02
  +1.64928741811214564450e+02
  +1.63343890972369365500e+02
  +1.61749870065842344502e+02
  +1.60145883971533635304e+02
  +1.58531123771888218243e+02
  +1.56904765874076588261e+02
  +1.55265971149240840532e+02
  +1.53613884094708907924e+02
  +1.51947632026132822602e+02
  +1.50266324307698226903e+02
  +1.48569051629906027756e+02
  +1.46854885345949099928e+02
</dep>
<dep S21_dB frequency>
  -2.79267378242428954138e+00
  -2.97086552589757602050e+00
  -3.14536184425872900050e+00
  -3.31576128268228620399e+00
  -3.48173386337099621812e+00
  -3.64301214221725855325e+00
  -3.79938310905984888421e+00
  -3.95068094013487947080e+00
  -4.09678057673249718107e+00
  -4.23759208237138285114e+00
  -4.37305571853280117267e+00
  -4.50313767339514736676e+00
  -4.62782637698575705087e+00
  -4.74712933811654913541e+00
  -4.86107044226496931572e+00
  -4.96968765435868675695e+00
  -5.07303107568037514596e+00
  -5.17116130942009366578e+00
  -5.26414809455333720933e+00
  -5.35206917254304936904e+00
  -5.43500935578949206928e+00
  -5.51305977073895636664e+00
  -5.58631725212213403609e+00
  -5.65488386792011521464e+00
  -5.71886655739961469180e+00
  -5.77837686693284613426e+00
  -5.83353077036848510772e+00
  -5.88444856247260261739e+00
  -5.93125481545604849032e+00
  -5.97407838986474892806e+00
  -6.01305249217303749987e+00
  -6.04831477229949854291e+00
  -6.08000745499494676949e+00
  -6.10827749963978572367e+00
  -6.13327678346275462218e+00
  -6.15516230356048232863e+00
  -6.17409639337930649106e+00
  -6.19024694952392096070e+00
  -6.20378766489485045099e+00
  -6.21489826424158398055e+00
  -6.22376473825515752480e+00
  -6.23057957232294068461e+00
  -6.23554196604205124288e+00
  -6.23885803953556195012e+00
  -6.24074102255407137108e+00
  -6.24141142226939305004e+00
  -6.24109716559695026916e+00
  -6.24003371180852006717e+00
  -6.23846413113499309588e+00
  -6.23663914500444249711e+00
  -6.23481712351897865432e+00
  -6.23326403574730747437e+00
  -6.23225334839399280895e+00
  -6.23206586840646359349e+00
  -6.23298952508868708833e+00
  -6.23531908730978834399e+00
  -6.23935581142252093656e+00
  -6.24540701554224497727e+00
  -6.25378557588640937581e+00
  -6.26480934094124819467e+00
  -6.27880045932522712349e+00
  -6.29608461737135982617e+00
  -6.31699018268791157027e+00
  -6.34184725030694895764e+00
  -6.37098658854987842659e+00
  -6.40473848247126920086e+00
  -6.44343147375319169612e+00
  -6.48739099727112300542e+00
  -6.53693791629874176863e+00
  -6.59238696051085870664e+00
  -6.65404507361366448492e+00
  -6.72220968058752621488e+00
  -6.79716688813525315993e+00
  -6.87918963592690335673e+00
  -6.96853582049128661424e+00
  -7.06544641796422290270e+00
  -7.17014363614594785190e+00
  -7.28282913018378330605e+00
  -7.40368231940724363938e+00
  -7.53285884510043679541e+00
  -7.67048921003179806632e+00
  -7.81667764013856469774e+00
  -7.97150120671041317877e+00
  -8.13500924366713284996e+00
  -8.30722308909833273560e+00
  -8.48813617328523939420e+00
  -8.67771446721181582973e+00
  -8.87589729645974756522e+00
  -9.08259851580524291137e+00
  -9.29770803028473125096e+00
  -9.52109363945906572724e+00
  -9.75260317354828387693e+00
  -9.99206688342558280169e+00
  -1.02393000414604671278e+01
  -1.04941057070690551001e+01
  -1.07562776096509935542e+01
  -1.10256031023128855395e+01
  -1.13018661422573334363e+01
  -1.15848502577277407966e+01
  -1.18743414666564000015e+01
  -1.21701311183520388681e+01
  -1.24720186363702012500e+01
  -1.27798141478373654678e+01
  -1.30933409916813445761e+01
  -1.34124381052656360680e+01
  -1.37369622956574826134e+01
  -1.40667904081177379538e+01
  -1.44018214103380479685e+01
  -1.47419784165044926993e+01
  -1.50872106805229719839e+01
  -1.54374955928310004794e+01
  -1.57928407203207310516e+01
  -1.61532859342399959246e+01
  -1.65189056767918600599e+01
  -1.68898114238460692604e+01
  -1.72661544091072585161e+01
  -1.76481286847275917751e+01
  -1.80359746053122123044e+01
  -1.84299828372757588113e+01
  -1.88304990145427488812e+01
  -1.92379291858774088553e+01
  -1.96527462303402771227e+01
  -2.00754974576988161061e+01
  -2.05068136630830721856e+01
  -2.09474199738900743739e+01
  -2.13981489176473758107e+01
  -2.18599562603319306220e+01
  -2.23339403270372685029e+01
  -2.28213657375741263422e+01
  -2.33236927930396049646e+01
  -2.38426141720685045300e+01
  -2.43801011926412414255e+01
  -2.49384627522576529657e+01
  -2.55204213103014936337e+01
  -2.61292121377559283246e+01
  -2.67687148877475600273e+01
  -2.74436309402263987067e+01
  -2.81597270014082035061e+01
  -2.89241770019157264926e+01
  -2.97460540219580948929e+01
  -3.06370588166551627296e+01
  -3.16126360678232209978e+01
  -3.26937556815069569893e+01
  -3.39098995839247834283e+01
  -3.53043883376777642980e+01
  -3.69446628755385546583e+01
  -3.89443453284751299748e+01
  -4.15182319516380573532e+01
  -4.51554987322423215801e+01
  -5.14687785731194509253e+01
  -7.55126125748912215840e+01
  -5.04745954238130991598e+01
  -4.47118684682715752388e+01
  -4.12813766158536026296e+01
  -3.88284127084194281565e+01
  -3.69152544957752439814e+01
  -3.53442290239378138494e+01
  -3.40090347213184358566e+01
  -3.28458756687639521488e+01
  -3.18134423620539372735e+01
  -3.08834463618509467153e+01
  -3.00356646272530944941e+01
  -2.92551380954276787349e+01
  -2.85304901156383792227e+01
  -2.78528671074847764544e+01
  -2.72152441062976713226e+01
  -2.66119540599084736243e+01
  -2.60383595926463655701e+01
  -2.54906184465470140310e+01
  -2.49655122571435050816e+01
  -2.44603192042634631775e+01
  -2.39727177169760778952e+01
  -2.35007125821466829052e+01
  -2.30425774948177704005e+01
  -2.25968098628816740359e+01
  -2.21620948739559580076e+01
  -2.17372766531476138141e+01
  -2.13213349136422252172e+01
  -2.09133659087145531430e+01
  -2.05125667863835801086e+01
  -2.01182226612900691975e+01
</dep>
<dep S11_dB frequency>
  -3.27760590969097043157e+00
  -3.08739928489362558395e+00
  -2.91588841209687021916e+00
  -2.76091157606725356999e+00
  -2.62060171936785479829e+00
  -2.49334081988945177599e+00
  -2.37772228887221448446e+00
  -2.27251976979483849561e+00
  -2.17666109868741974864e+00
  -2.08920646292848077863e+00
  -2.00933000055914456894e+00
  -1.93630423676125396071e+00
  -1.86948687258946577572e+00
  -1.80830953304810870819e+00
  -1.75226815390600831890e+00
  -1.70091474406375109396e+00
  -1.65385030628593199253e+00
  -1.61071873624348471665e+00
  -1.57120154997690808507e+00
  -1.53501331453940936811e+00
  -1.50189767681286312495e+00
  -1.47162390217819316618e+00
  -1.44398384853033645570e+00
  -1.41878931260361418332e+00
  -1.39586969513509329133e+00
  -1.37506993938904220620e+00
  -1.35624870427218802149e+00
  -1.33927673891402010398e+00
  -1.32403543035196391564e+00
  -1.31041550000312101432e+00
  -1.29831582804691336719e+00
  -1.28764238779072948127e+00
  -1.27830727463018201107e+00
  -1.27022781642663207258e+00
  -1.26332575405680214153e+00
  -1.25752648261027344390e+00
  -1.25275834525388796159e+00
  -1.24895197319025608174e+00
  -1.24603966644614905235e+00
  -1.24395481145655151245e+00
  -1.24263133259187474877e+00
  -1.24200317592241971099e+00
  -1.24200382464398373372e+00
  -1.24256584670726910602e+00
  -1.24362047631039818185e+00
  -1.24509723202379607443e+00
  -1.24692357541474296845e+00
  -1.24902461511215778778e+00
  -1.25132286227755740171e+00
  -1.25373804439917035936e+00
  -1.25618698516331561699e+00
  -1.25858355883839334588e+00
  -1.26083872807448305053e+00
  -1.26286067422047398878e+00
  -1.26455502912108586067e+00
  -1.26582521681284987380e+00
  -1.26657291252315218344e+00
  -1.26669862482797079828e+00
  -1.26610240469174240019e+00
  -1.26468468236450615194e+00
  -1.26234722973801627433e+00
  -1.25899424178946794939e+00
  -1.25453352623011693545e+00
  -1.24887778553772288426e+00
  -1.24194597033967601973e+00
  -1.23366467783922217905e+00
  -1.22396956389257338671e+00
  -1.21280673274295502928e+00
  -1.20013406462457394852e+00
  -1.18592243878951553171e+00
  -1.17015680830678125979e+00
  -1.15283708350931934916e+00
  -1.13397878343551528069e+00
  -1.11361341914024603028e+00
  -1.09178857933758455268e+00
  -1.06856769734437051511e+00
  -1.04402948844150089691e+00
  -1.01826705814099516267e+00
  -9.91386693901574633792e-01
  -9.63506364947266824572e-01
  -9.34753966334433861185e-01
  -9.05265353609478795605e-01
  -8.75182222685684796382e-01
  -8.44649895431860309181e-01
  -8.13815074552169948063e-01
  -7.82823631472949976740e-01
  -7.51818488164322618061e-01
  -7.20937648334774250358e-01
  -6.90312425644586835638e-01
  -6.60065907023867359804e-01
  -6.30311678478198578190e-01
  -6.01152829583479930697e-01
  -5.72681241851807021348e-01
  -5.44977155873769159022e-01
  -5.18109003079949448356e-01
  -4.92133480465565820161e-01
  -4.67095840890522695510e-01
  -4.43030367676524594600e-01
  -4.19961000120945726621e-01
  -3.97902076081936006968e-01
  -3.76859158737894217595e-01
  -3.56829916714136108347e-01
  -3.37805029715149918168e-01
  -3.19769095314149098819e-01
  -3.02701516371992995769e-01
  -2.86577352457448253364e-01
  -2.71368122431495384372e-01
  -2.57042548900851042237e-01
  -2.43567238438192723571e-01
  -2.30907294250864980611e-01
  -2.19026860327623973390e-01
  -2.07889598005645520606e-01
  -1.97459097397487681746e-01
  -1.87699227234504717465e-01
  -1.78574427463622231738e-01
  -1.70049949424843804824e-01
  -1.62092048686874656838e-01
  -1.54668135674246892686e-01
  -1.47746889123362479257e-01
  -1.41298337196630430235e-01
  -1.35293910795403427016e-01
  -1.29706473271589156626e-01
  -1.24510330368122090761e-01
  -1.19681223836728939380e-01
  -1.15196311802067741237e-01
  -1.11034138575259455628e-01
  -1.07174596272441025047e-01
  -1.03598880272029375549e-01
  -1.00289440249339695255e-01
  -9.72299282603538012060e-02
  -9.44051451085402976160e-02
  -9.18009860182017606300e-02
  -8.94043864533227566893e-02
  -8.72032687616136614750e-02
  -8.51864901857290468534e-02
  -8.33437926670363704584e-02
  -8.16657547685579188190e-02
  -8.01437459612044655888e-02
  -7.87698834494320321298e-02
  -7.75369916566318873041e-02
  -7.64385644458444452054e-02
  -7.54687301158637607879e-02
  -7.46222191855843430819e-02
  -7.38943349585157449599e-02
  -7.32809268451472817230e-02
  -7.27783664107368305496e-02
  -7.23835261107808741743e-02
  -7.20937606742911851754e-02
  -7.19068910959589358001e-02
  -7.18211912018896642129e-02
  -7.18353767590952790867e-02
  -7.19485971063629353717e-02
  -7.21604292932893076618e-02
  -7.24708747244089401818e-02
  -7.28803583170139490655e-02
  -7.33897301939568647011e-02
  -7.40002699461834861916e-02
  -7.47136935144201985715e-02
  -7.55321627548361795856e-02
  -7.64582977695341670099e-02
  -7.74951921002863947097e-02
  -7.86464309012449847014e-02
  -7.99161122255167971629e-02
  -8.13088715796060484964e-02
  -8.28299099203755329057e-02
  -8.44850252896223452570e-02
  -8.62806483034195131898e-02
  -8.82238817350508852666e-02
  -9.03225444532219923222e-02
  -9.25852199997734548464e-02
  -9.50213101134270293757e-02
  -9.76410935286360637253e-02
  -1.00455790399411257208e-01
  -1.03477632717494466563e-01
  -1.06719941111836913450e-01
  -1.10197208429782464445e-01
  -1.13925190509860232990e-01
  -1.17921004559553843638e-01
  -1.22203235546770927478e-01
  -1.26792050999130989641e-01
  -1.31709324578123232463e-01
</dep>
<dep Zin_ohm frequency>
  +6.30193569975083619283e+02
  +5.71549385052399543383e+02
  +5.17385409568977479466e+02
  +4.67915074946945594547e+02
  +4.23534142557312236477e+02
  +3.84847997873623967280e+02
  +3.52673454320267524054e+02
  +3.27976557196238729830e+02
  +3.11702225974886459881e+02
  +3.04495342388465701333e+02
  +3.06420505267607495625e+02
  +3.16862300411064779837e+02
  +3.34688628501942332605e+02
  +3.58559586364239009981e+02
  +3.87197141162662092029e+02
  +4.19527980597269220198e+02
  +4.54717539585311214978e+02
  +4.92146490001921335988e+02
  +5.31368627583738998510e+02
  +5.72069506526714803840e+02
  +6.14032480810592460330e+02
  +6.57112942307759908545e+02
  +7.01219506746111733264e+02
  +7.46300522803733656474e+02
  +7.92334479979722459575e+02
  +8.39323217847620526300e+02
  +8.87287137861499559222e+02
  +9.36261851625509848418e+02
  +9.86295869449418205477e+02
  +1.03744905346713267136e+03
  +1.08979164403038225828e+03
  +1.14340372723902532925e+03
  +1.19837505319522188074e+03
  +1.25480514440938145526e+03
  +1.31280365558317771502e+03
  +1.37249096240653261702e+03
  +1.43399896988752561811e+03
  +1.49747214140758819667e+03
  +1.56306875913329531613e+03
  +1.63096243537752070552e+03
  +1.70134390361948567261e+03
  +1.77442312774444690149e+03
  +1.85043177923422285858e+03
  +1.92962614517040515238e+03
  +2.01229054575868917709e+03
  +2.09874135957718863210e+03
  +2.18933177908576135451e+03
  +2.28445744966194206427e+03
  +2.38456318462030640148e+03
  +2.49015099910748222101e+03
  +2.60178977123318782105e+03
  +2.72012692451066368449e+03
  +2.84590263888412300730e+03
  +2.97996724849864358475e+03
  +3.12330268738272479823e+03
  +3.27704912015028867245e+03
  +3.44253827391886852638e+03
  +3.62133551443121177726e+03
  +3.81529345040840235015e+03
  +4.02662090634973083070e+03
  +4.25797263073108115350e+03
  +4.51256734727486673364e+03
  +4.79434510001535818446e+03
  +5.10817991999992500496e+03
  +5.46017170218799674331e+03
  +5.85805360896034198959e+03
  +6.31177141686094637407e+03
  +6.83432454370502819074e+03
  +7.44301521972730006382e+03
  +8.16135163002803074050e+03
  +9.02203016815707633214e+03
  +1.00717552838476931356e+04
  +1.13792913829846638691e+04
  +1.30493698800549245789e+04
  +1.52473766208042288781e+04
  +1.82432626076565684343e+04
  +2.24821597340901571442e+04
  +2.86305479014063384966e+04
  +3.70803718437946517952e+04
  +4.47414034419075105689e+04
  +4.31668258874963430571e+04
  +3.45146173779784221551e+04
  +2.66349282708433747757e+04
  +2.10833857249114189472e+04
  +1.72437921718597499421e+04
  +1.45033749126318980416e+04
  +1.24730081041147259384e+04
  +1.09172627429590484098e+04
  +9.69074980424406021484e+03
  +8.70048212151381449075e+03
  +7.88481562243310236227e+03
  +7.20151486665070751769e+03
  +6.62078207529586779856e+03
  +6.12104595147875716066e+03
  +5.68633332112143853010e+03
  +5.30457842885697755264e+03
  +4.96650518720173749898e+03
  +4.66486973554949327081e+03
  +4.39393561798392602213e+03
  +4.14910277415394648415e+03
  +3.92664046733476425288e+03
  +3.72349184697609052819e+03
  +3.53712877834168693880e+03
  +3.36544252951121188744e+03
  +3.20666042438800786840e+03
  +3.05928156045574996824e+03
  +2.92202670346336753937e+03
  +2.79379884895410623358e+03
  +2.67365189742221446068e+03
  +2.56076556367689408944e+03
  +2.45442512158365752839e+03
  +2.35400493225871241521e+03
  +2.25895495700762285196e+03
  +2.16878964306756142832e+03
  +2.08307870932315290702e+03
  +2.00143946373610356204e+03
  +1.92353036351661512526e+03
  +1.84904558967388970814e+03
  +1.77771045427177682541e+03
  +1.70927749494313525247e+03
  +1.64352313952068379876e+03
  +1.58024484590081692659e+03
  +1.51925863987011985046e+03
  +1.46039698764376180407e+03
  +1.40350695108679042278e+03
  +1.34844858262007483063e+03
  +1.29509352411698273499e+03
  +1.24332378003411031386e+03
  +1.19303063986759639192e+03
  +1.14411372900360879612e+03
  +1.09648017030788400916e+03
  +1.05004384150957525890e+03
  +1.00472471568598325575e+03
  +9.60448274032204835748e+02
  +9.17144981671680170621e+02
  +8.74749818585426055506e+02
  +8.33201858853953012840e+02
  +7.92443892353725459543e+02
  +7.52422083860079510487e+02
  +7.13085665207415900113e+02
  +6.74386656768606599144e+02
  +6.36279615061857953151e+02
  +5.98721403798852861655e+02
  +5.61670986181820921956e+02
  +5.25089236780496321444e+02
  +4.88938771935164140814e+02
  +4.53183798448317702423e+02
  +4.17789981542150712812e+02
  +3.82724335058063502402e+02
  +3.47955140447913436219e+02
  +3.13451907975251288008e+02
  +2.79185407700745656712e+02
  +2.45127829263088386824e+02
  +2.11253205579209890175e+02
  +1.77538440414054207395e+02
  +1.43965911117818791354e+02
  +1.10530956975526024166e+02
  +7.72689118882701251323e+01
  +4.44030161266302769718e+01
  +1.45984146951880493503e+01
  +2.63595849214065580668e+01
  +5.85146867060798783200e+01
  +9.17339618724337242384e+01
  +1.25261221730234950655e+02
  +1.58995313359839315126e+02
  +1.92925449085662279458e+02
  +2.27064855409138800724e+02
  +2.61435765663519362079e+02
  +2.96064777297609566631e+02
  +3.30981141975829302737e+02
  +3.66216083484561067962e+02
  +4.01802536090074625008e+02
  +4.37775077974243743029e+02
  +4.74169966380508526527e+02
  +5.11025232625661260499e+02
  +5.48380817303094545423e+02
  +5.86278736369765738345e+02
  +6.24763274044951685937e+02
  +6.63881201314012969306e+02
  +7.03682020550034849293e+02
  +7.44218237920598539858e+02
</dep>
<dep Zin_norm frequency>
  +1.26038713995016724567e+01
  +1.14309877010479912229e+01
  +1.03477081913795494472e+01
  +9.35830149893891238833e+00
  +8.47068285114624508481e+00
  +7.69695995747247962981e+00
  +7.05346908640535019686e+00
  +6.55953114392477498740e+00
  +6.23404451949772919761e+00
  +6.08990684776931345823e+00
  +6.12841010535214980592e+00
  +6.33724600822129602307e+00
  +6.69377257003884640341e+00
  +7.17119172728478027068e+00
  +7.74394282325324212479e+00
  +8.39055961194538468817e+00
  +9.09435079170622451272e+00
  +9.84292980003842643555e+00
  +1.06273725516747798991e+01
  +1.14413901305342964321e+01
  +1.22806496162118499171e+01
  +1.31422588461551974603e+01
  +1.40243901349222355179e+01
  +1.49260104560746729163e+01
  +1.58466895995944483388e+01
  +1.67864643569524112365e+01
  +1.77457427572299906160e+01
  +1.87252370325101971105e+01
  +1.97259173889883641095e+01
  +2.07489810693426548482e+01
  +2.17958328806076444550e+01
  +2.28680745447805051640e+01
  +2.39675010639044394622e+01
  +2.50961028881876302421e+01
  +2.62560731116635537319e+01
  +2.74498192481306517720e+01
  +2.86799793977505146358e+01
  +2.99494428281517635071e+01
  +3.12613751826659083122e+01
  +3.26192487075504118366e+01
  +3.40268780723897137364e+01
  +3.54884625548889403035e+01
  +3.70086355846844554662e+01
  +3.85925229034081027635e+01
  +4.02458109151737843945e+01
  +4.19748271915437740631e+01
  +4.37866355817152239638e+01
  +4.56891489932388381590e+01
  +4.76912636924061317245e+01
  +4.98030199821496424306e+01
  +5.20357954246637532947e+01
  +5.44025384902132742582e+01
  +5.69180527776824618513e+01
  +5.95993449699728685687e+01
  +6.24660537476544917013e+01
  +6.55409824030057706068e+01
  +6.88507654783773688223e+01
  +7.24267102886242355453e+01
  +7.63058690081680452977e+01
  +8.05324181269946137718e+01
  +8.51594526146216139750e+01
  +9.02513469454973318307e+01
  +9.58869020003071597102e+01
  +1.02163598399998505784e+02
  +1.09203434043759941119e+02
  +1.17161072179206840360e+02
  +1.26235428337218920092e+02
  +1.36686490874100570636e+02
  +1.48860304394546005824e+02
  +1.63227032600560619358e+02
  +1.80440603363141519822e+02
  +2.01435105676953867260e+02
  +2.27585827659693279656e+02
  +2.60987397601098507494e+02
  +3.04947532416084584383e+02
  +3.64865252153131393698e+02
  +4.49643194681803151980e+02
  +5.72610958028126788122e+02
  +7.41607436875892972239e+02
  +8.94828068838150215925e+02
  +8.63336517749926883880e+02
  +6.90292347559568383986e+02
  +5.32698565416867495514e+02
  +4.21667714498228349385e+02
  +3.44875843437194987473e+02
  +2.90067498252637960832e+02
  +2.49460162082294516495e+02
  +2.18345254859180954554e+02
  +1.93814996084881187244e+02
  +1.74009642430276272762e+02
  +1.57696312448662041561e+02
  +1.44030297333014146943e+02
  +1.32415641505917363929e+02
  +1.22420919029575145487e+02
  +1.13726666422428763781e+02
  +1.06091568577139554463e+02
  +9.93301037440347585061e+01
  +9.32973947109898631425e+01
  +8.78787123596785164636e+01
  +8.29820554830789234302e+01
  +7.85328093466952878998e+01
  +7.44698369395218122690e+01
  +7.07425755668337359339e+01
  +6.73088505902242388856e+01
  +6.41332084877601573680e+01
  +6.11856312091150016386e+01
  +5.84405340692673505032e+01
  +5.58759769790821252400e+01
  +5.34730379484442934768e+01
  +5.12153112735378854836e+01
  +4.90885024316731488625e+01
  +4.70800986451742460304e+01
  +4.51790991401524593130e+01
  +4.33757928613512291349e+01
  +4.16615741864630564351e+01
  +4.00287892747220723777e+01
  +3.84706072703323016526e+01
  +3.69809117934777944470e+01
  +3.55542090854355379292e+01
  +3.41855498988627033441e+01
  +3.28704627904136756911e+01
  +3.16048969180163403792e+01
  +3.03851727974023972934e+01
  +2.92079397528752338076e+01
  +2.80701390217358088819e+01
  +2.69689716524014961863e+01
  +2.59018704823396532788e+01
  +2.48664756006822074141e+01
  +2.38606127973519264174e+01
  +2.28822745800721776277e+01
  +2.19296034061576818885e+01
  +2.10008768301915047516e+01
  +2.00944943137196645466e+01
  +1.92089654806440961465e+01
  +1.83428996334336034124e+01
  +1.74949963717085203996e+01
  +1.66640371770790594042e+01
  +1.58488778470745099725e+01
  +1.50484416772015894281e+01
  +1.42617133041483175049e+01
  +1.34877331353721316987e+01
  +1.27255923012371585656e+01
  +1.19744280759770571620e+01
  +1.12334197236364179417e+01
  +1.05017847356099274236e+01
  +9.77877543870328302944e+00
  +9.06367596896635419057e+00
  +8.35579963084301446941e+00
  +7.65448670116126983487e+00
  +6.95910280895826893754e+00
  +6.26903815950502529830e+00
  +5.58370815401491338292e+00
  +4.90255658526176762990e+00
  +4.22506411158419759033e+00
  +3.55076880828108398802e+00
  +2.87931822235637557839e+00
  +2.21061913951052035898e+00
  +1.54537823776540239606e+00
  +8.88060322532605472823e-01
  +2.91968293903761000330e-01
  +5.27191698428131183540e-01
  +1.17029373412159753975e+00
  +1.83467923744867444924e+00
  +2.50522443460469901311e+00
  +3.17990626719678637357e+00
  +3.85850898171324585562e+00
  +4.54129710818277576578e+00
  +5.22871531327038763237e+00
  +5.92129554595219165236e+00
  +6.61962283951658569947e+00
  +7.32432166969122100397e+00
  +8.03605072180149271333e+00
  +8.75550155948487507374e+00
  +9.48339932761017045948e+00
  +1.02205046525132257074e+01
  +1.09676163460618898426e+01
  +1.17255747273953137011e+01
  +1.24952654808990342161e+01
  +1.32776240262802591729e+01
  +1.40736404110006958490e+01
  +1.48843647584119711524e+01
</dep>
<dep S[2,2] frequency>
  -6.47240020343533672964e-01-j2.26348337194384852111e-01
  -6.71531706816762108403e-01-j2.00616810423815489228e-01
  -6.93436525625453215049e-01-j1.73592405325876525390e-01
  -7.13007712511834923497e-01-j1.45506982932663037067e-01
  -7.30310112952175516376e-01-j1.16564649240876366809e-01
  -7.45415951212462846165e-01-j8.69442506218620486669e-02
  -7.58401512136428146427e-01-j5.68019624401598643981e-02
  -7.69344588024536424342e-01-j2.62738442168707619917e-02
  -7.78322555322071285566e-01+j4.52172086487309665692e-03
  -7.85410961796326079210e-01+j3.54817513130101097607e-02
  -7.90682521868408927368e-01+j6.65165829966325311551e-02
  -7.94206434208138967179e-01+j9.75479840721820284921e-02
  -7.96047950743717813715e-01+j1.28507467060272884130e-01
  -7.96268139486174586494e-01+j1.59334788962531836987e-01
  -7.94923794925109117315e-01+j1.89976626212244814607e-01
  -7.92067459288598563205e-01+j2.20385409195674314420e-01
  -7.87747525841813622804e-01+j2.50518300413486327827e-01
  -7.82008401828981569714e-01+j2.80336300594060006119e-01
  -7.74890713853413126699e-01+j3.09803467881802629957e-01
  -7.66431542640982899073e-01+j3.38886236360963155612e-01
  -7.56664677423887432894e-01+j3.67552821474332713780e-01
  -7.45620882772156101659e-01+j3.95772701245592939401e-01
  -7.33328172722686688623e-01+j4.23516163543811274828e-01
  -7.19812088621818113587e-01+j4.50753910894267917353e-01
  -7.05095978298438064158e-01+j4.77456715518939089904e-01
  -6.89201275095048804253e-01+j5.03595118370272376573e-01
  -6.72147775963238380825e-01+j5.29139166901457458358e-01
  -6.53953918325633098974e-01+j5.54058187197268070534e-01
  -6.34637055755705281612e-01+j5.78320586877701825479e-01
  -6.14213732759616437562e-01+j6.01893685888471363654e-01
  -5.92699959083354488421e-01+j6.24743572915979816784e-01
  -5.70111484031609050405e-01+j6.46834985716260413291e-01
  -5.46464071286201669153e-01+j6.68131214134773832036e-01
  -5.21773774661615785675e-01+j6.88594025021739164494e-01
  -4.96057215142176710643e-01+j7.08183608621326898813e-01
  -4.69331859415979935068e-01+j7.26858546335550137485e-01
  -4.41616299960291280868e-01+j7.44575800038063229103e-01
  -4.12930536546816551180e-01+j7.61290723341030539650e-01
  -3.83296258827050151385e-01+j7.76957095400489183845e-01
  -3.52737129432509344262e-01+j7.91527177983115004523e-01
  -3.21279066786343991957e-01+j8.04951796609681746730e-01
  -2.88950526576833122139e-01+j8.17180446637912449859e-01
  -2.55782780594622671799e-01+j8.28161425150175545262e-01
  -2.21810191390521049826e-01+j8.37841989469946368807e-01
  -1.87070480975220831965e-01+j8.46168543046930676788e-01
  -1.51604991563343338701e-01+j8.53086849326510687774e-01
  -1.15458936167795456207e-01+j8.58542274059007848308e-01
  -7.86816366831752378452e-02+j8.62480056313493670395e-01
  -4.13267469634371609200e-02+j8.64845608247088670772e-01
  -3.45245830320028979088e-03+j8.65584843452739005620e-01
  +3.48783153251517874516e-02+j8.64644533477040400093e-01
  +7.35977749466711211879e-02+j8.61972691876221719376e-01
  +1.12633099828233537720e-01+j8.57518984974885767336e-01
  +1.51906338916152100493e-01+j8.51235168319460777653e-01
  +1.91334333050852789526e-01+j8.43075547685678383658e-01
  +2.30828670513863298819e-01+j8.32997463411592642402e-01
  +2.70295678468196243216e-01+j8.20961796784413722072e-01
  +3.09636452919193727595e-01+j8.06933497202224847555e-01
  +3.48746929975490060905e-01+j7.90882128842988252337e-01
  +3.87518001453182825422e-01+j7.72782435574088655272e-01
  +4.25835678259627703479e-01+j7.52614922785603712718e-01
  +4.63581305524872755441e-01+j7.30366454677255361183e-01
  +5.00631834112627571720e-01+j7.06030865210200753168e-01
  +5.36860153912367632500e-01+j6.79609580381831501761e-01
  +5.72135495139646566010e-01+j6.51112248624139189346e-01
  +6.06323904674149649630e-01+j6.20557374900019054209e-01
  +6.39288805137645632648e-01+j5.87972952428301054439e-01
  +6.70891644821800192666e-01+j5.53397083884979879009e-01
  +7.00992646561882759570e-01+j5.16878581419949800768e-01
  +7.29451663047065990142e-01+j4.78477531959218493895e-01
  +7.56129144692761046009e-01+j4.38265811152962592168e-01
  +7.80887223926630902326e-01+j3.96327526162570553669e-01
  +8.03590916449486436512e-01+j3.52759364499720673436e-01
  +8.24109435681884994196e-01+j3.07670823634814238901e-01
  +8.42317611238854846434e-01+j2.61184294415391538013e-01
  +8.58097396035235271405e-01+j2.13434970823257241790e-01
  +8.71339439773025081770e-01+j1.64570559576404512603e-01
  +8.81944699473902193887e-01+j1.14750765813432756279e-01
  +8.89826050868752438383e-01+j6.41465357485583864694e-02
  +8.94909858386717993461e-01+j1.29390437830289427995e-02
  +8.97137456773262842447e-01-j3.86815800332791018268e-02
  +8.96466494559521431817e-01-j9.05177763934254669964e-02
  +8.92872089169815086329e-01-j1.42366320273858593115e-01
  +8.86347745714444523735e-01-j1.94020293645784436265e-01
  +8.76905996603258963695e-01-j2.45271228481241637676e-01
  +8.64578726940004926860e-01-j2.95911371435924497320e-01
  +8.49417160892384837112e-01-j3.45736013752646287323e-01
  +8.31491496333079949110e-01-j3.94545824632426211931e-01
  +8.10890188291387481456e-01-j4.42149124024909467856e-01
  +7.87718895308157973645e-01-j4.88364031730044667601e-01
  +7.62099115776461943916e-01-j5.33020433858206521549e-01
  +7.34166552950310857817e-01-j5.75961714794831269870e-01
  +7.04069256808187660113e-01-j6.17046212363188906203e-01
  +6.71965597843245499021e-01-j6.56148365209938466691e-01
  +6.38022131814515502946e-01-j6.93159533784240000642e-01
  +6.02411415463184329866e-01-j7.27988488845537573546e-01
  +5.65309831327177048088e-01-j7.60561573464171858383e-01
  +5.26895475416508385358e-01-j7.90822555321996079059e-01
  +4.87346155122090340939e-01-j8.18732195275049590144e-01
  +4.46837536887758790538e-01-j8.44267565275045872575e-01
  +4.05541474472158602893e-01-j8.67421153706246395032e-01
  +3.63624539634465060445e-01-j8.88199798986947786084e-01
  +3.21246768302073604229e-01-j9.06623493056356810627e-01
  +2.78560627135049476699e-01-j9.22724095368234187298e-01
  +2.35710198199493181637e-01-j9.36543995560484843210e-01
  +1.92830573400326776845e-01-j9.48134759414885675000e-01
  +1.50047445499863263407e-01-j9.57555788415842878969e-01
  +1.07476878970736780539e-01-j9.64873018489871836501e-01
  +6.52252415378165584237e-02-j9.70157678647500687497e-01
  +2.33892759394302152121e-02-j9.73485125494351621889e-01
  -1.79437089634447363706e-02-j9.74933765111917649548e-01
  -5.86955482437729395007e-02-j9.74584069760860649545e-01
  -9.87968516940253976832e-02-j9.72517693311368724984e-01
  -1.38186573518721461662e-01-j9.68816686294827422721e-01
  -1.76811537435597909695e-01-j9.63562809003182807466e-01
  -2.14625931843718253944e-01-j9.56836939115184414995e-01
  -2.51590787809345572956e-01-j9.48718568862142785925e-01
  -2.87673450730470292580e-01-j9.39285385708044318065e-01
  -3.22847054729822280361e-01-j9.28612929852264401553e-01
  -3.57090007137589815489e-01-j9.16774321508235567890e-01
  -3.90385488886990039692e-01-j9.03840050810749695565e-01
  -4.22720975273528420946e-01-j8.89877823304564996576e-01
  -4.54087780327527668067e-01-j8.74952454219416475567e-01
  -4.84480627016878051538e-01-j8.59125805099572703583e-01
  -5.13897244625196925050e-01-j8.42456756793929395499e-01
  -5.42337993927711758957e-01-j8.25001213295994184627e-01
  -5.69805520199867188147e-01-j8.06812131428192191862e-01
  -5.96304433626452357053e-01-j7.87939571873199628982e-01
  -6.21841016317266181979e-01-j7.68430767552435889378e-01
  -6.46422954864055987478e-01-j7.48330205828241834531e-01
  -6.70059097178862028699e-01-j7.27679721454535077818e-01
  -6.92759232223413734530e-01-j7.06518597616550336760e-01
  -7.14533891161295064975e-01-j6.84883672781119057227e-01
  -7.35394168429195582704e-01-j6.62809451424147266785e-01
  -7.55351561221942024993e-01-j6.40328217011790656876e-01
  -7.74417825910524548760e-01-j6.17470145887674348728e-01
  -7.92604849956759172080e-01-j5.94263420962079402798e-01
  -8.09924537947142697547e-01-j5.70734344312681884936e-01
  -8.26388710437538254183e-01-j5.46907447992479589516e-01
  -8.42009014375911579720e-01-j5.22805602501740906973e-01
  -8.56796843949762743087e-01-j4.98450122519324301251e-01
  -8.70763270785701037902e-01-j4.73860869607406309800e-01
  -8.83918982509147577176e-01-j4.49056351704562095595e-01
  -8.96274228751261392567e-01-j4.24053819307482759982e-01
  -9.07838773766554418820e-01-j3.98869358313610089528e-01
  -9.18621854898115541843e-01-j3.73517979557036194915e-01
  -9.28632146196997076970e-01-j3.48013705120382266234e-01
  -9.37877726568295155829e-01-j3.22369651546890234606e-01
  -9.46366051878424929811e-01-j2.96598110111518264986e-01
  -9.54103930516242759730e-01-j2.70710624338227956454e-01
  -9.61097501955064270618e-01-j2.44718064974072752049e-01
  -9.67352217913506673419e-01-j2.18630702650035729784e-01
  -9.72872825760670023598e-01-j1.92458278474592958673e-01
  -9.77663353855800498771e-01-j1.66210072819352627782e-01
  -9.81727098554578403444e-01-j1.39894972567476794101e-01
  -9.85066612653853312942e-01-j1.13521537105382958055e-01
  -9.87683695084472068615e-01-j8.70980633469279341696e-02
  -9.89579381698130866596e-01-j6.06326500871968362971e-02
  -9.90753937029375641998e-01-j3.41332619904438500091e-02
  -9.91206846948409103781e-01-j7.60779352398986436629e-03
  -9.90936812154607604697e-01+j1.89358668430235736746e-02
  -9.89941742495233367727e-01+j4.54897718498667724685e-02
  -9.88218752128941058110e-01+j7.20458497300167644006e-02
  -9.85764155590159840692e-01+j9.85958372316014797221e-02
  -9.82573464848458422161e-01+j1.25131211024014532551e-01
  -9.78641387497449888322e-01+j1.51643117134752897224e-01
  -9.73961826250902440449e-01+j1.78122298053206784552e-01
  -9.68527879970456528902e-01+j2.04559017131226900110e-01
  -9.62331846499975052112e-01+j2.30942979904388862034e-01
  -9.55365227637093639146e-01+j2.57263251953036453656e-01
  -9.47618736633427105609e-01+j2.83508172919406886692e-01
  -9.39082308682018473966e-01+j3.09665266296791974465e-01
  -9.29745114924663940137e-01+j3.35721144609987809382e-01
  -9.19595580593540518066e-01+j3.61661409614032258730e-01
  -9.08621407991763052614e-01+j3.87470547151952282583e-01
  -8.96809605116983932227e-01+j4.13131816333412837938e-01
  -8.84146520841457839168e-01+j4.38627132726749635605e-01
  -8.70617887681813029666e-01+j4.63936945298930702997e-01
  -8.56208873322453656307e-01+j4.89040106894430337547e-01
  -8.40904142198398152352e-01+j5.13913738117614093959e-01
  -8.24687928596146924143e-01+j5.38533084577743959009e-01
</dep>
<dep S[2,1] frequency>
  +2.39681983671119702706e-01-j6.84285075364267969533e-01
  +2.03620299431472862040e-01-j6.80514147480478892582e-01
  +1.69316362287412980336e-01-j6.75293785815422098473e-01
  +1.36709051882232451858e-01-j6.68843302163942388106e-01
  +1.05725422543618510773e-01-j6.61353464531491241907e-01
  +7.62849620240115683378e-02-j6.52988943547441635928e-01
  +4.83029410769037770290e-02-j6.43890850622936161685e-01
  +2.16930018212821498769e-02-j6.34179241250639735838e-01
  -3.63087948339362465849e-03-j6.23955501330987760689e-01
  -2.77529355628134029310e-02-j6.13304567441625758661e-01
  -5.07545544236701062779e-02-j6.02296955744037409985e-01
  -7.27135425065736501482e-02-j5.90990590780393509895e-01
  -9.37036334017575800459e-02-j5.79432436503727665844e-01
  -1.13794184059248779106e-01-j5.67659938940902164539e-01
  -1.33050011761677522415e-01-j5.55702294041187871976e-01
  -1.51531334647296067608e-01-j5.43581556384792774494e-01
  -1.69293786439553728407e-01-j5.31313605165088631566e-01
  -1.86388482461571053372e-01-j5.18908983695641201628e-01
  -2.02862119202190938072e-01-j5.06373627969714745767e-01
  -2.18757093856594975190e-01-j4.93709498758757581172e-01
  -2.34111633570846355834e-01-j4.80915130542335089725e-01
  -2.48959926736149722570e-01-j4.67986109325905785816e-01
  -2.63332250739728157551e-01-j4.54915490194817251357e-01
  -2.77255092199407027209e-01-j4.41694164316699167117e-01
  -2.90751256981636896359e-01-j4.28311184061897332054e-01
  -3.03839968304887519945e-01-j4.14754053973738878724e-01
  -3.16536952024310980214e-01-j4.01008994487566605702e-01
  -3.28854508830003944286e-01-j3.87061184565411442460e-01
  -3.40801573610190478014e-01-j3.72894988773076085931e-01
  -3.52383762665029909300e-01-j3.58494173768440005379e-01
  -3.63603409831988633183e-01-j3.43842118681490338528e-01
  -3.74459592920380446301e-01-j3.28922023436373722749e-01
  -3.84948152166571244681e-01-j3.13717118680093165484e-01
  -3.95061702724722518809e-01-j2.98210880629516783547e-01
  -4.04789643509688046308e-01-j2.82387253814447181099e-01
  -4.14118165015033234955e-01-j2.66230884367548714664e-01
  -4.23030259043463030544e-01-j2.49727366178750548320e-01
  -4.31505733610471731154e-01-j2.32863501879972623065e-01
  -4.39521236613187427089e-01-j2.15627580243204525212e-01
  -4.47050292191250753238e-01-j1.98009671148632743209e-01
  -4.54063354038687805314e-01-j1.80001938798210275872e-01
  -4.60527880245838239226e-01-j1.61598973302725823498e-01
  -4.66408434546147609989e-01-j1.42798140146879887213e-01
  -4.71666819099235468116e-01-j1.23599946329200335859e-01
  -4.76262244140616297639e-01-j1.04008421175027176986e-01
  -4.80151539949077998948e-01-j8.40315089284736776998e-02
  -4.83289416600475807417e-01-j6.36814692426711237427e-02
  -4.85628776865785205530e-01-j4.29752806118924926548e-02
  -4.87121087342557490540e-01-j2.19350406338088728397e-02
  -4.87716812453147352535e-01-j5.88355771499372024250e-04
  -4.87365915270168481577e-01+j2.10312879738885592784e-02
  -4.86018428210654218624e-01+j4.28841833365186941851e-02
  -4.83625095449538633385e-01+j6.49241000986601896061e-02
  -4.80138087418570280729e-01+j8.70980356933944710462e-02
  -4.75511785964460753640e-01+j1.09346031367860252459e-01
  -4.69703636634529742011e-01+j1.31601067994429110630e-01
  -4.62675062146327864543e-01+j1.53789056157502546096e-01
  -4.54392428401184766962e-01+j1.75828935327825786050e-01
  -4.44828051459181972316e-01+j1.97632896681656233806e-01
  -4.33961230763582228587e-01+j2.19106743345850618621e-01
  -4.21779290666485728867e-01+j2.40150400472634695248e-01
  -4.08278609068467190912e-01+j2.60658585499191686186e-01
  -3.93465608870234573313e-01+j2.80521646171124239277e-01
  -3.77357685094758532607e-01+j2.99626570370524092368e-01
  -3.59984038144275930726e-01+j3.17858167481754383399e-01
  -3.41386381896234158972e-01+j3.35100415979820487333e-01
  -3.21619494413087902984e-01+j3.51237966208482743635e-01
  -3.00751579142254754640e-01+j3.66157781048630115439e-01
  -2.78864405803637915859e-01+j3.79750890536840912670e-01
  -2.56053202868282425708e-01+j3.91914229711671779910e-01
  -2.32426277747314669053e-01+j4.02552522330317574806e-01
  -2.08104346601564849095e-01+j4.11580166951345971516e-01
  -1.83219563038082622342e-01+j4.18923076602661093037e-01
  -1.57914243774078588700e-01+j4.24520419253405556503e-01
  -1.32339299407476906900e-01+j4.28326203991295562101e-01
  -1.06652389404476896639e-01+j4.30310657549531572208e-01
  -8.10158318502480212508e-02+j4.30461337942328658990e-01
  -5.55943098558615705906e-02+j4.28783936665520726272e-01
  -3.05524271381817300042e-02+j4.25302728269598639965e-01
  -6.05217451144809612251e-03+j4.20060636019586985945e-01
  +1.77496238237689202277e-02+j4.13118894532031766254e-01
  +4.07038108472104892543e-02+j4.04556304243420705724e-01
  +6.26712695059895158467e-02+j3.94468087657122101763e-01
  +8.35250952791257161856e-02+j3.82964372733168301188e-01
  +1.03152501830502785207e-01+j3.70168343634622365457e-01
  +1.21456402204833627256e-01+j3.56214112413536565516e-01
  +1.38356620126474150201e-01+j3.41244376256752524057e-01
  +1.53790700366213534123e-01+j3.25407932903002738989e-01
  +1.67714303001429670958e-01+j3.08857131280751540103e-01
  +1.80101182751488009259e-01+j2.91745335049215348544e-01
  +1.90942770433801312091e-01+j2.74224473581393457522e-01
  +2.00247388024713562915e-01+j2.56442748309513912641e-01
  +2.08039141026816087887e-01+j2.38542552803128166117e-01
  +2.14356541243462067614e-01+j2.20658653194265003128e-01
  +2.19250919283597661691e-01+j2.02916662440393746891e-01
  +2.22784689058171891940e-01+j1.85431828293641437488e-01
  +2.25029526315134537073e-01+j1.68308141550301743061e-01
  +2.26064520228207999075e-01+j1.51637758907304964762e-01
  +2.25974351693489367010e-01+j1.35500724117648657652e-01
  +2.24847544879966526610e-01+j1.19964962501757949065e-01
  +2.22774830343331037286e-01+j1.05086517438225793275e-01
  +2.19847649246882687057e-01+j9.09099932551516581869e-02
  +2.16156819478328293682e-01+j7.74691668552850154494e-02
  +2.11791376155934768510e-01+j6.47877302049506692549e-02
  +2.06837591523475500255e-01+j5.28801271930946434341e-02
  +2.01378172772437136206e-01+j4.17524509794650749983e-02
  +1.95491631027645884622e-01+j3.14033714485550882745e-02
  +1.89251810623633748287e-01+j2.18250664368018557071e-02
  +1.82727564843716605569e-01+j1.30041347090766069849e-02
  +1.75982562396799657733e-01+j4.92247297975031625206e-03
  +1.69075207937026156246e-01-j2.44189659065285023798e-03
  +1.62058659737554511260e-01-j9.11405818128419205337e-03
  +1.54980928055198169391e-01-j1.51214997439957973130e-02
  +1.47885038615924724326e-01-j2.04934795227308362564e-02
  +1.40809246873414645185e-01-j2.52604626563118044025e-02
  +1.33787290122475061027e-01-j2.94536268916631115145e-02
  +1.26848666084393740805e-01-j3.31044349062374204662e-02
  +1.20018928140373570823e-01-j3.62442696085185506183e-02
  +1.13319988909611382710e-01-j3.89041280040343523394e-02
  +1.06770425304761981677e-01-j4.11143687283090850104e-02
  +1.00385779519204812460e-01-j4.29045081058543401054e-02
  +9.41788515895014277657e-02-j4.43030595466123514048e-02
  +8.81599802247062525051e-02-j4.53374111940132162868e-02
  +8.23373095010001415650e-02-j4.60337369530645149074e-02
  +7.67170397905602291511e-02-j4.64169363195207559936e-02
  +7.13036619363766471791e-02-j4.65105987744904025849e-02
  +6.61001742109468132247e-02-j4.63369888806336033271e-02
  +6.11082820189097625230e-02-j4.59170485986153398272e-02
  +5.63285806343974751464e-02-j4.52704137223838912196e-02
  +5.17607215158417677259e-02-j4.44154416992185996360e-02
  +4.74035629260472629598e-02-j4.33692484483496065728e-02
  +4.32553057145281111273e-02-j4.21477521158234169629e-02
  +3.93136152023155424629e-02-j4.07657220005286646813e-02
  +3.55757301555017571570e-02-j3.92368311557762111663e-02
  +3.20385598502315252500e-02-j3.75737114125096749451e-02
  +2.86987702253747763159e-02-j3.57880097849636244489e-02
  +2.55528600951098333605e-02-j3.38904454086905310151e-02
  +2.25972283568170798085e-02-j3.18908663260890207214e-02
  +1.98282330838061397749e-02-j2.97983055778724623130e-02
  +1.72422433405543251705e-02-j2.76210361823553025851e-02
  +1.48356845027189376829e-02-j2.53666246899398872827e-02
  +1.26050778072440434335e-02-j2.30419830899856910300e-02
  +1.05470748008045667882e-02-j2.06534189230307869967e-02
  +8.65848729871444670880e-03-j1.82066835149791578230e-02
  +6.93631341218706089918e-03-j1.57070183030177876193e-02
  +5.37776014989147215645e-03-j1.31591992671410487614e-02
  +3.98026305055336655780e-03-j1.05675795176150329885e-02
  +2.74150325704525504172e-03-j7.93613011864697896758e-03
  +1.65942239906011223573e-03-j5.26847925311532076093e-03
  +7.32235611098303929879e-04-j2.56794985327876744766e-03
  -4.15570251265074034979e-05+j1.62404161181821930131e-04
  -6.63160359649691958685e-04+j2.91976288293484308525e-03
  -1.13347515289302603822e-03+j5.70150648854640673679e-03
  -1.45308996255982315372e-03+j8.50518220635256179396e-03
  -1.62227377580915132702e-03+j1.13284719971514045295e-02
  -1.64096925047318401188e-03+j1.41691607570468020710e-02
  -1.50878645459353493211e-03+j1.70251048452475933770e-02
  -1.22499701803192124691e-03+j1.98942007334432374721e-02
  -7.88528633804047259827e-04+j2.27743535673212739445e-02
  -1.97959870331958161281e-04+j2.56634454246459677018e-02
  +5.48484720506601012256e-04+j2.85593030480630720447e-02
  +1.45293919052991681029e-03+j3.14596648242047513544e-02
  +2.51790044364927660323e-03+j3.43621467738712479956e-02
  +3.74623208526070903060e-03+j3.72642073108685259464e-02
  +5.14116778440400733208e-03+j4.01631105197523263772e-02
  +6.70631403028656633558e-03+j4.30558876952027089202e-02
  +8.44565213187578080201e-03+j4.59392968783364358254e-02
  +1.03635392731653321052e-02+j4.88097801180547713473e-02
  +1.24647083968262122056e-02+j5.16634181790363786191e-02
  +1.47542666446888060677e-02+j5.44958824124404592193e-02
  +1.72376920341922972024e-02+j5.73023835014724036707e-02
  +1.99208279949984225221e-02+j6.00776167922206227878e-02
  +2.28098753286443307886e-02+j6.28157039215636592289e-02
  +2.59113810857676644950e-02+j6.55101304593139616150e-02
  +2.92322237793364685110e-02+j6.81536792924375550706e-02
  +3.27795942678379415014e-02+j7.07383594965892009698e-02
  +3.65609715488498451808e-02+j7.32553304660879534005e-02
  +4.05840926003649751785e-02+j7.56948211098661810636e-02
  +4.48569152942323440270e-02+j7.80460439703439950998e-02
  +4.93875732829449562433e-02+j8.02971041875145813416e-02
  +5.41843216279239633937e-02+j8.24349033149703730450e-02
</dep>
<dep S[1,2] frequency>
  +2.39681983671119813728e-01-j6.84285075364268191578e-01
  +2.03620299431473444907e-01-j6.80514147480478448493e-01
  +1.69316362287409871712e-01-j6.75293785815422875629e-01
  +1.36709051882231424901e-01-j6.68843302163941944016e-01
  +1.05725422543617400550e-01-j6.61353464531491352929e-01
  +7.62849620240115544600e-02-j6.52988943547441524906e-01
  +4.83029410769087175215e-02-j6.43890850622935162484e-01
  +2.16930018212851370707e-02-j6.34179241250639846861e-01
  -3.63087948339072376716e-03-j6.23955501330987316599e-01
  -2.77529355628153041879e-02-j6.13304567441627201951e-01
  -5.07545544236732565357e-02-j6.02296955744036854874e-01
  -7.27135425065737611705e-02-j5.90990590780393398873e-01
  -9.37036334017538607988e-02-j5.79432436503728554023e-01
  -1.13794184059247044383e-01-j5.67659938940903052718e-01
  -1.33050011761676301170e-01-j5.55702294041188205043e-01
  -1.51531334647296234142e-01-j5.43581556384792552450e-01
  -1.69293786439555810075e-01-j5.31313605165088076454e-01
  -1.86388482461566806769e-01-j5.18908983695642422873e-01
  -2.02862119202193186274e-01-j5.06373627969712747365e-01
  -2.18757093856596585013e-01-j4.93709498758756137882e-01
  -2.34111633570847355035e-01-j4.80915130542334923192e-01
  -2.48959926736149722570e-01-j4.67986109325905785816e-01
  -2.63332250739727047328e-01-j4.54915490194818750158e-01
  -2.77255092199404584719e-01-j4.41694164316699777739e-01
  -2.90751256981637062893e-01-j4.28311184061896166320e-01
  -3.03839968304888352613e-01-j4.14754053973738157080e-01
  -3.16536952024310369591e-01-j4.01008994487566994280e-01
  -3.28854508830005609621e-01-j3.87061184565410221214e-01
  -3.40801573610188979213e-01-j3.72894988773076585531e-01
  -3.52383762665030020322e-01-j3.58494173768440005379e-01
  -3.63603409831990964651e-01-j3.43842118681487896037e-01
  -3.74459592920379891190e-01-j3.28922023436374111327e-01
  -3.84948152166570356503e-01-j3.13717118680093054461e-01
  -3.95061702724722574320e-01-j2.98210880629515617812e-01
  -4.04789643509688490397e-01-j2.82387253814447958256e-01
  -4.14118165015033123932e-01-j2.66230884367548770175e-01
  -4.23030259043462475432e-01-j2.49727366178751297721e-01
  -4.31505733610471786665e-01-j2.32863501879972983888e-01
  -4.39521236613187149533e-01-j2.15627580243204303168e-01
  -4.47050292191251530394e-01-j1.98009671148631438697e-01
  -4.54063354038687583270e-01-j1.80001938798211441606e-01
  -4.60527880245838350248e-01-j1.61598973302725490431e-01
  -4.66408434546147554478e-01-j1.42798140146879859458e-01
  -4.71666819099235135049e-01-j1.23599946329200932604e-01
  -4.76262244140616353150e-01-j1.04008421175027079841e-01
  -4.80151539949077998948e-01-j8.40315089284733723884e-02
  -4.83289416600476473551e-01-j6.36814692426712902762e-02
  -4.85628776865785261041e-01-j4.29752806118922706102e-02
  -4.87121087342557157474e-01-j2.19350406338086161007e-02
  -4.87716812453149239914e-01-j5.88355771500031544431e-04
  -4.87365915270168204021e-01+j2.10312879738878168168e-02
  -4.86018428210653552490e-01+j4.28841833365201444139e-02
  -4.83625095449537578673e-01+j6.49241000986602312395e-02
  -4.80138087418569892151e-01+j8.70980356933945543130e-02
  -4.75511785964460420573e-01+j1.09346031367860738182e-01
  -4.69703636634529630989e-01+j1.31601067994429388186e-01
  -4.62675062146327420454e-01+j1.53789056157502102007e-01
  -4.54392428401185377584e-01+j1.75828935327824897872e-01
  -4.44828051459181694760e-01+j1.97632896681656566873e-01
  -4.33961230763581562453e-01+j2.19106743345850091265e-01
  -4.21779290666485673356e-01+j2.40150400472635888738e-01
  -4.08278609068467024379e-01+j2.60658585499192019252e-01
  -3.93465608870234240246e-01+j2.80521646171124627855e-01
  -3.77357685094758088518e-01+j2.99626570370524480946e-01
  -3.59984038144277096460e-01+j3.17858167481754383399e-01
  -3.41386381896232771194e-01+j3.35100415979820875911e-01
  -3.21619494413088957696e-01+j3.51237966208482910169e-01
  -3.00751579142254588106e-01+j3.66157781048630504017e-01
  -2.78864405803637693815e-01+j3.79750890536840857159e-01
  -2.56053202868282259175e-01+j3.91914229711671724399e-01
  -2.32426277747314724564e-01+j4.02552522330317019694e-01
  -2.08104346601564960118e-01+j4.11580166951346859694e-01
  -1.83219563038082733364e-01+j4.18923076602661315082e-01
  -1.57914243774079171567e-01+j4.24520419253405500992e-01
  -1.32339299407476740367e-01+j4.28326203991295895168e-01
  -1.06652389404476910517e-01+j4.30310657549529851362e-01
  -8.10158318502489371848e-02+j4.30461337942330213302e-01
  -5.55943098558606338400e-02+j4.28783936665520615250e-01
  -3.05524271381822261351e-02+j4.25302728269597807298e-01
  -6.05217451144902853638e-03+j4.20060636019586930434e-01
  +1.77496238237683442995e-02+j4.13118894532031877276e-01
  +4.07038108472106210933e-02+j4.04556304243420927769e-01
  +6.26712695059893076799e-02+j3.94468087657122268297e-01
  +8.35250952791266182418e-02+j3.82964372733168134655e-01
  +1.03152501830502285607e-01+j3.70168343634622531990e-01
  +1.21456402204833627256e-01+j3.56214112413537453694e-01
  +1.38356620126474594290e-01+j3.41244376256752357524e-01
  +1.53790700366212645944e-01+j3.25407932903002239389e-01
  +1.67714303001430448115e-01+j3.08857131280752039704e-01
  +1.80101182751488092526e-01+j2.91745335049215404055e-01
  +1.90942770433801201069e-01+j2.74224473581393568544e-01
  +2.00247388024713979249e-01+j2.56442748309513746108e-01
  +2.08039141026816420954e-01+j2.38542552803128249383e-01
  +2.14356541243462095370e-01+j2.20658653194265114150e-01
  +2.19250919283596579223e-01+j2.02916662440393719136e-01
  +2.22784689058171947451e-01+j1.85431828293640771355e-01
  +2.25029526315134981163e-01+j1.68308141550301409994e-01
  +2.26064520228209164809e-01+j1.51637758907305242317e-01
  +2.25974351693489977633e-01+j1.35500724117649073985e-01
  +2.24847544879966054765e-01+j1.19964962501758143354e-01
  +2.22774830343331425864e-01+j1.05086517438225876542e-01
  +2.19847649246882659302e-01+j9.09099932551509781753e-02
  +2.16156819478327655304e-01+j7.74691668552847240159e-02
  +2.11791376155935046066e-01+j6.47877302049507663995e-02
  +2.06837591523475083921e-01+j5.28801271930946087396e-02
  +2.01378172772437219473e-01+j4.17524509794651374484e-02
  +1.95491631027646467489e-01+j3.14033714485551923579e-02
  +1.89251810623634053599e-01+j2.18250664368018799932e-02
  +1.82727564843716605569e-01+j1.30041347090765896377e-02
  +1.75982562396799713245e-01+j4.92247297975050533692e-03
  +1.69075207937025795424e-01-j2.44189659065279429315e-03
  +1.62058659737554622282e-01-j9.11405818128408623524e-03
  +1.54980928055198197146e-01-j1.51214997439955353697e-02
  +1.47885038615923836147e-01-j2.04934795227305656395e-02
  +1.40809246873414117829e-01-j2.52604626563116378690e-02
  +1.33787290122474977760e-01-j2.94536268916628062031e-02
  +1.26848666084393657538e-01-j3.31044349062376216941e-02
  +1.20018928140373015712e-01-j3.62442696085181828569e-02
  +1.13319988909611341077e-01-j3.89041280040345049951e-02
  +1.06770425304763036389e-01-j4.11143687283087588824e-02
  +1.00385779519204992871e-01-j4.29045081058543817387e-02
  +9.41788515895013583767e-02-j4.43030595466123167103e-02
  +8.81599802247059471938e-02-j4.53374111940128970977e-02
  +8.23373095009999750316e-02-j4.60337369530643622517e-02
  +7.67170397905602985400e-02-j4.64169363195209710993e-02
  +7.13036619363770496349e-02-j4.65105987744905691184e-02
  +6.61001742109470491471e-02-j4.63369888806333743436e-02
  +6.11082820189097347674e-02-j4.59170485986154022773e-02
  +5.63285806343976624966e-02-j4.52704137223838148918e-02
  +5.17607215158420938539e-02-j4.44154416992186482083e-02
  +4.74035629260472282653e-02-j4.33692484483495371839e-02
  +4.32553057145281596996e-02-j4.21477521158237847243e-02
  +3.93136152023165416636e-02-j4.07657220005290393816e-02
  +3.55757301555016600125e-02-j3.92368311557761834107e-02
  +3.20385598502315877001e-02-j3.75737114125092933059e-02
  +2.86987702253743981462e-02-j3.57880097849637493490e-02
  +2.55528600951098160132e-02-j3.38904454086899481480e-02
  +2.25972283568175828783e-02-j3.18908663260885419377e-02
  +1.98282330838063305944e-02-j2.97983055778722263907e-02
  +1.72422433405543841511e-02-j2.76210361823556564687e-02
  +1.48356845027188960495e-02-j2.53666246899399323855e-02
  +1.26050778072440139432e-02-j2.30419830899853995965e-02
  +1.05470748008047471994e-02-j2.06534189230305545437e-02
  +8.65848729871418823500e-03-j1.82066835149791092507e-02
  +6.93631341218704441931e-03-j1.57070183030174025107e-02
  +5.37776014989152853496e-03-j1.31591992671409360044e-02
  +3.98026305055354783641e-03-j1.05675795176153834026e-02
  +2.74150325704479924313e-03-j7.93613011864695121200e-03
  +1.65942239906022759484e-03-j5.26847925311529387271e-03
  +7.32235611098381233494e-04-j2.56794985327915559203e-03
  -4.15570251266146920791e-05+j1.62404161181679791226e-04
  -6.63160359649433593307e-04+j2.91976288293493892873e-03
  -1.13347515289273265311e-03+j5.70150648854660622999e-03
  -1.45308996255963645411e-03+j8.50518220635242995498e-03
  -1.62227377580907044553e-03+j1.13284719971514843267e-02
  -1.64096925047336377260e-03+j1.41691607570469425836e-02
  -1.50878645459326431524e-03+j1.70251048452475066408e-02
  -1.22499701803196374764e-03+j1.98942007334434942112e-02
  -7.88528633803987303447e-04+j2.27743535673211178194e-02
  -1.97959870331443680246e-04+j2.56634454246459572935e-02
  +5.48484720506384822343e-04+j2.85593030480630477586e-02
  +1.45293919052994348166e-03+j3.14596648242046680877e-02
  +2.51790044364969900839e-03+j3.43621467738711092177e-02
  +3.74623208526113403785e-03+j3.72642073108685814575e-02
  +5.14116778440412876272e-03+j4.01631105197522778050e-02
  +6.70631403028674587946e-03+j4.30558876952028962704e-02
  +8.44565213187582417009e-03+j4.59392968783364774588e-02
  +1.03635392731654760873e-02+j4.88097801180545215471e-02
  +1.24647083968262694514e-02+j5.16634181790367325027e-02
  +1.47542666446889170900e-02+j5.44958824124404592193e-02
  +1.72376920341923596525e-02+j5.73023835014722718317e-02
  +1.99208279949983114998e-02+j6.00776167922205672767e-02
  +2.28098753286443932387e-02+j6.28157039215635343288e-02
  +2.59113810857675534727e-02+j6.55101304593138783483e-02
  +2.92322237793366350445e-02+j6.81536792924373607816e-02
  +3.27795942678379415014e-02+j7.07383594965891870920e-02
  +3.65609715488499562031e-02+j7.32553304660879950339e-02
  +4.05840926003651417120e-02+j7.56948211098660839191e-02
  +4.48569152942323440270e-02+j7.80460439703440089776e-02
  +4.93875732829450811434e-02+j8.02971041875141650079e-02
  +5.41843216279240050270e-02+j8.24349033149707061119e-02
</dep>
<dep S[1,1] frequency>
  -6.47240020343533672964e-01-j2.26348337194385018645e-01
  -6.71531706816762774537e-01-j2.00616810423814739828e-01
  -6.93436525625455657540e-01-j1.73592405325877080502e-01
  -7.13007712511836033720e-01-j1.45506982932662454200e-01
  -7.30310112952176293533e-01-j1.16564649240876616609e-01
  -7.45415951212462846165e-01-j8.69442506218618821334e-02
  -7.58401512136423039401e-01-j5.68019624401588374418e-02
  -7.69344588024533426740e-01-j2.62738442168707619917e-02
  -7.78322555322068176942e-01+j4.52172086487331870153e-03
  -7.85410961796328077611e-01+j3.54817513130089856599e-02
  -7.90682521868411924970e-01+j6.65165829966328780998e-02
  -7.94206434208138856157e-01+j9.75479840721819591032e-02
  -7.96047950743714261002e-01+j1.28507467060271884929e-01
  -7.96268139486172366048e-01+j1.59334788962531948009e-01
  -7.94923794925107785048e-01+j1.89976626212244398273e-01
  -7.92067459288598674227e-01+j2.20385409195674231153e-01
  -7.87747525841815621206e-01+j2.50518300413486771916e-01
  -7.82008401828977017800e-01+j2.80336300594058784874e-01
  -7.74890713853415458168e-01+j3.09803467881803462625e-01
  -7.66431542640984675430e-01+j3.38886236360964876457e-01
  -7.56664677423888765162e-01+j3.67552821474333102358e-01
  -7.45620882772156101659e-01+j3.95772701245592883890e-01
  -7.33328172722685689422e-01+j4.23516163543809887049e-01
  -7.19812088621815560074e-01+j4.50753910894267084686e-01
  -7.05095978298438064158e-01+j4.77456715518939867060e-01
  -6.89201275095049581410e-01+j5.03595118370272820663e-01
  -6.72147775963238935937e-01+j5.29139166901457791425e-01
  -6.53953918325634653286e-01+j5.54058187197269402802e-01
  -6.34637055755704393434e-01+j5.78320586877700826278e-01
  -6.14213732759616659607e-01+j6.01893685888471696721e-01
  -5.92699959083356042733e-01+j6.24743572915983369498e-01
  -5.70111484031608384271e-01+j6.46834985716259858179e-01
  -5.46464071286201003019e-01+j6.68131214134774054081e-01
  -5.21773774661615341586e-01+j6.88594025021738831427e-01
  -4.96057215142177043710e-01+j7.08183608621325788590e-01
  -4.69331859415979990580e-01+j7.26858546335549915440e-01
  -4.41616299960290725757e-01+j7.44575800038062340924e-01
  -4.12930536546816440158e-01+j7.61290723341030317606e-01
  -3.83296258827050095874e-01+j7.76957095400489294867e-01
  -3.52737129432509510796e-01+j7.91527177983116336790e-01
  -3.21279066786343769913e-01+j8.04951796609680636507e-01
  -2.88950526576833177650e-01+j8.17180446637912560881e-01
  -2.55782780594622560777e-01+j8.28161425150175434240e-01
  -2.21810191390521049826e-01+j8.37841989469945258584e-01
  -1.87070480975220776454e-01+j8.46168543046930787810e-01
  -1.51604991563342894612e-01+j8.53086849326511686975e-01
  -1.15458936167795594985e-01+j8.58542274059008958531e-01
  -7.86816366831754321343e-02+j8.62480056313494003462e-01
  -4.13267469634374662313e-02+j8.64845608247089669973e-01
  -3.45245830320051183548e-03+j8.65584843452738561531e-01
  +3.48783153251515098958e-02+j8.64644533477040733160e-01
  +7.35977749466713571103e-02+j8.61972691876223051644e-01
  +1.12633099828233773643e-01+j8.57518984974885656314e-01
  +1.51906338916152350293e-01+j8.51235168319460777653e-01
  +1.91334333050852956060e-01+j8.43075547685677939569e-01
  +2.30828670513863687397e-01+j8.32997463411592753424e-01
  +2.70295678468196243216e-01+j8.20961796784412500827e-01
  +3.09636452919192728395e-01+j8.06933497202223404265e-01
  +3.48746929975490227438e-01+j7.90882128842988252337e-01
  +3.87518001453182714400e-01+j7.72782435574088211183e-01
  +4.25835678259627425923e-01+j7.52614922785604489874e-01
  +4.63581305524872755441e-01+j7.30366454677255583228e-01
  +5.00631834112627682742e-01+j7.06030865210200753168e-01
  +5.36860153912367854545e-01+j6.79609580381831501761e-01
  +5.72135495139645344764e-01+j6.51112248624139189346e-01
  +6.06323904674150981897e-01+j6.20557374900019276254e-01
  +6.39288805137645410603e-01+j5.87972952428300832395e-01
  +6.70891644821799526532e-01+j5.53397083884980434121e-01
  +7.00992646561882759570e-01+j5.16878581419949911790e-01
  +7.29451663047066545253e-01+j4.78477531959218937985e-01
  +7.56129144692761379076e-01+j4.38265811152963369324e-01
  +7.80887223926630680282e-01+j3.96327526162571386337e-01
  +8.03590916449486214468e-01+j3.52759364499720895481e-01
  +8.24109435681884550107e-01+j3.07670823634814960545e-01
  +8.42317611238855179501e-01+j2.61184294415391871080e-01
  +8.58097396035234827316e-01+j2.13434970823256991990e-01
  +8.71339439773024748703e-01+j1.64570559576406039159e-01
  +8.81944699473903193088e-01+j1.14750765813432936691e-01
  +8.89826050868752105316e-01+j6.41465357485575260466e-02
  +8.94909858386717216305e-01+j1.29390437830288439203e-02
  +8.97137456773261843246e-01-j3.86815800332790393767e-02
  +8.96466494559521653862e-01-j9.05177763934252727074e-02
  +8.92872089169815086329e-01-j1.42366320273858426582e-01
  +8.86347745714445633958e-01-j1.94020293645784547287e-01
  +8.76905996603258630628e-01-j2.45271228481241554409e-01
  +8.64578726940004038681e-01-j2.95911371435924219764e-01
  +8.49417160892385281201e-01-j3.45736013752646342834e-01
  +8.31491496333079060932e-01-j3.94545824632425767842e-01
  +8.10890188291387703501e-01-j4.42149124024909412345e-01
  +7.87718895308157418533e-01-j4.88364031730044390045e-01
  +7.62099115776461832894e-01-j5.33020433858206410527e-01
  +7.34166552950310524750e-01-j5.75961714794831824982e-01
  +7.04069256808187882157e-01-j6.17046212363188573136e-01
  +6.71965597843245721066e-01-j6.56148365209938355669e-01
  +6.38022131814514947834e-01-j6.93159533784239334508e-01
  +6.02411415463183774754e-01-j7.27988488845538461725e-01
  +5.65309831327177159110e-01-j7.60561573464171414294e-01
  +5.26895475416508607402e-01-j7.90822555321996412125e-01
  +4.87346155122090785028e-01-j8.18732195275048924010e-01
  +4.46837536887758457471e-01-j8.44267565275045872575e-01
  +4.05541474472158824938e-01-j8.67421153706246284010e-01
  +3.63624539634465171467e-01-j8.88199798986947564039e-01
  +3.21246768302072882584e-01-j9.06623493056357254716e-01
  +2.78560627135049032610e-01-j9.22724095368234742409e-01
  +2.35710198199493181637e-01-j9.36543995560484621166e-01
  +1.92830573400326721334e-01-j9.48134759414885563977e-01
  +1.50047445499863929541e-01-j9.57555788415843212036e-01
  +1.07476878970737377283e-01-j9.64873018489871725478e-01
  +6.52252415378164474014e-02-j9.70157678647500465452e-01
  +2.33892759394304650122e-02-j9.73485125494351510866e-01
  -1.79437089634450486209e-02-j9.74933765111917205459e-01
  -5.86955482437727937839e-02-j9.74584069760860760567e-01
  -9.87968516940253838055e-02-j9.72517693311368613962e-01
  -1.38186573518721933507e-01-j9.68816686294827533743e-01
  -1.76811537435597770918e-01-j9.63562809003183029510e-01
  -2.14625931843717809855e-01-j9.56836939115184303972e-01
  -2.51590787809345517445e-01-j9.48718568862142896947e-01
  -2.87673450730470681158e-01-j9.39285385708044651132e-01
  -3.22847054729822502406e-01-j9.28612929852264734620e-01
  -3.57090007137590981223e-01-j9.16774321508235234823e-01
  -3.90385488886989928670e-01-j9.03840050810749695565e-01
  -4.22720975273528587479e-01-j8.89877823304564552487e-01
  -4.54087780327527723578e-01-j8.74952454219416697612e-01
  -4.84480627016878828695e-01-j8.59125805099572481538e-01
  -5.13897244625196925050e-01-j8.42456756793928840388e-01
  -5.42337993927711425890e-01-j8.25001213295994406671e-01
  -5.69805520199867743258e-01-j8.06812131428192080840e-01
  -5.96304433626452246031e-01-j7.87939571873199406937e-01
  -6.21841016317266181979e-01-j7.68430767552436111423e-01
  -6.46422954864055654411e-01-j7.48330205828241390442e-01
  -6.70059097178861917676e-01-j7.27679721454535299863e-01
  -6.92759232223413401464e-01-j7.06518597616550669827e-01
  -7.14533891161295064975e-01-j6.84883672781119168249e-01
  -7.35394168429195360659e-01-j6.62809451424147488829e-01
  -7.55351561221942247037e-01-j6.40328217011790767899e-01
  -7.74417825910525103872e-01-j6.17470145887674459750e-01
  -7.92604849956758616969e-01-j5.94263420962080179955e-01
  -8.09924537947142253458e-01-j5.70734344312681551870e-01
  -8.26388710437538143161e-01-j5.46907447992479256449e-01
  -8.42009014375911690742e-01-j5.22805602501740240839e-01
  -8.56796843949762632064e-01-j4.98450122519324190229e-01
  -8.70763270785700593812e-01-j4.73860869607406476334e-01
  -8.83918982509147466153e-01-j4.49056351704561984572e-01
  -8.96274228751261725634e-01-j4.24053819307482648959e-01
  -9.07838773766554529843e-01-j3.98869358313609645439e-01
  -9.18621854898115319799e-01-j3.73517979557036250426e-01
  -9.28632146196997076970e-01-j3.48013705120382321745e-01
  -9.37877726568294933784e-01-j3.22369651546889957050e-01
  -9.46366051878424818788e-01-j2.96598110111518431520e-01
  -9.54103930516243314841e-01-j2.70710624338227900942e-01
  -9.61097501955064381640e-01-j2.44718064974072946338e-01
  -9.67352217913506784441e-01-j2.18630702650035702028e-01
  -9.72872825760669801554e-01-j1.92458278474592764384e-01
  -9.77663353855800276726e-01-j1.66210072819352405737e-01
  -9.81727098554578514467e-01-j1.39894972567477265946e-01
  -9.85066612653853423964e-01-j1.13521537105382708255e-01
  -9.87683695084471735548e-01-j8.70980633469280729475e-02
  -9.89579381698131088640e-01-j6.06326500871971207918e-02
  -9.90753937029376308132e-01-j3.41332619904439471537e-02
  -9.91206846948408881737e-01-j7.60779352398988084616e-03
  -9.90936812154607715719e-01+j1.89358668430237853109e-02
  -9.89941742495233478749e-01+j4.54897718498666961406e-02
  -9.88218752128941280155e-01+j7.20458497300164868449e-02
  -9.85764155590159507625e-01+j9.85958372316012576775e-02
  -9.82573464848458422161e-01+j1.25131211024014699085e-01
  -9.78641387497449888322e-01+j1.51643117134753147024e-01
  -9.73961826250902662494e-01+j1.78122298053207117619e-01
  -9.68527879970455973790e-01+j2.04559017131226511532e-01
  -9.62331846499974941089e-01+j2.30942979904388667745e-01
  -9.55365227637093528124e-01+j2.57263251953036564679e-01
  -9.47618736633426994587e-01+j2.83508172919406775669e-01
  -9.39082308682018473966e-01+j3.09665266296791863443e-01
  -9.29745114924663607070e-01+j3.35721144609987809382e-01
  -9.19595580593540296022e-01+j3.61661409614032147708e-01
  -9.08621407991762941592e-01+j3.87470547151952116050e-01
  -8.96809605116983821205e-01+j4.13131816333412615894e-01
  -8.84146520841457950191e-01+j4.38627132726749691116e-01
  -8.70617887681812696599e-01+j4.63936945298930536463e-01
  -8.56208873322453656307e-01+j4.89040106894430282036e-01
  -8.40904142198397930308e-01+j5.13913738117613871914e-01
  -8.24687928596146702098e-01+j5.38533084577744292076e-01
</dep>
