<Qucs Dataset 1.0.7>
<indep frequency 181>
  +1.00000000000000000000e+09
  +1.05000000000000000000e+09
  +1.10000000000000000000e+09
  +1.15000000000000000000e+09
  +1.20000000000000000000e+09
  +1.25000000000000000000e+09
  +1.30000000000000000000e+09
  +1.35000000000000000000e+09
  +1.40000000000000000000e+09
  +1.45000000000000000000e+09
  +1.50000000000000000000e+09
  +1.55000000000000000000e+09
  +1.60000000000000000000e+09
  +1.65000000000000000000e+09
  +1.70000000000000000000e+09
  +1.75000000000000000000e+09
  +1.80000000000000000000e+09
  +1.85000000000000000000e+09
  +1.90000000000000000000e+09
  +1.95000000000000000000e+09
  +2.00000000000000000000e+09
  +2.05000000000000000000e+09
  +2.10000000000000000000e+09
  +2.15000000000000000000e+09
  +2.20000000000000000000e+09
  +2.25000000000000000000e+09
  +2.30000000000000000000e+09
  +2.35000000000000000000e+09
  +2.40000000000000000000e+09
  +2.45000000000000000000e+09
  +2.50000000000000000000e+09
  +2.55000000000000000000e+09
  +2.60000000000000000000e+09
  +2.65000000000000000000e+09
  +2.70000000000000000000e+09
  +2.75000000000000000000e+09
  +2.80000000000000000000e+09
  +2.85000000000000000000e+09
  +2.90000000000000000000e+09
  +2.95000000000000000000e+09
  +3.00000000000000000000e+09
  +3.05000000000000000000e+09
  +3.10000000000000000000e+09
  +3.15000000000000000000e+09
  +3.20000000000000000000e+09
  +3.25000000000000000000e+09
  +3.30000000000000000000e+09
  +3.35000000000000000000e+09
  +3.40000000000000000000e+09
  +3.45000000000000000000e+09
  +3.50000000000000000000e+09
  +3.55000000000000000000e+09
  +3.60000000000000000000e+09
  +3.65000000000000000000e+09
  +3.70000000000000000000e+09
  +3.75000000000000000000e+09
  +3.80000000000000000000e+09
  +3.85000000000000000000e+09
  +3.90000000000000000000e+09
  +3.95000000000000000000e+09
  +4.00000000000000000000e+09
  +4.05000000000000000000e+09
  +4.10000000000000000000e+09
  +4.15000000000000000000e+09
  +4.20000000000000000000e+09
  +4.25000000000000000000e+09
  +4.30000000000000000000e+09
  +4.35000000000000000000e+09
  +4.40000000000000000000e+09
  +4.45000000000000000000e+09
  +4.50000000000000000000e+09
  +4.55000000000000000000e+09
  +4.60000000000000000000e+09
  +4.65000000000000000000e+09
  +4.70000000000000000000e+09
  +4.75000000000000000000e+09
  +4.80000000000000000000e+09
  +4.85000000000000000000e+09
  +4.90000000000000000000e+09
  +4.95000000000000000000e+09
  +5.00000000000000000000e+09
  +5.05000000000000000000e+09
  +5.10000000000000000000e+09
  +5.15000000000000000000e+09
  +5.20000000000000000000e+09
  +5.25000000000000000000e+09
  +5.30000000000000000000e+09
  +5.35000000000000000000e+09
  +5.40000000000000000000e+09
  +5.45000000000000000000e+09
  +5.50000000000000000000e+09
  +5.55000000000000000000e+09
  +5.60000000000000000000e+09
  +5.65000000000000000000e+09
  +5.70000000000000000000e+09
  +5.75000000000000000000e+09
  +5.80000000000000000000e+09
  +5.85000000000000000000e+09
  +5.90000000000000000000e+09
  +5.95000000000000000000e+09
  +6.00000000000000000000e+09
  +6.05000000000000000000e+09
  +6.10000000000000000000e+09
  +6.15000000000000000000e+09
  +6.20000000000000000000e+09
  +6.25000000000000000000e+09
  +6.30000000000000000000e+09
  +6.35000000000000000000e+09
  +6.40000000000000000000e+09
  +6.45000000000000000000e+09
  +6.50000000000000000000e+09
  +6.55000000000000000000e+09
  +6.60000000000000000000e+09
  +6.65000000000000000000e+09
  +6.70000000000000000000e+09
  +6.75000000000000000000e+09
  +6.80000000000000000000e+09
  +6.85000000000000000000e+09
  +6.90000000000000000000e+09
  +6.95000000000000000000e+09
  +7.00000000000000000000e+09
  +7.05000000000000000000e+09
  +7.10000000000000000000e+09
  +7.15000000000000000000e+09
  +7.20000000000000000000e+09
  +7.25000000000000000000e+09
  +7.30000000000000000000e+09
  +7.35000000000000000000e+09
  +7.40000000000000000000e+09
  +7.45000000000000000000e+09
  +7.50000000000000000000e+09
  +7.55000000000000000000e+09
  +7.60000000000000000000e+09
  +7.65000000000000000000e+09
  +7.70000000000000000000e+09
  +7.75000000000000000000e+09
  +7.80000000000000000000e+09
  +7.85000000000000000000e+09
  +7.90000000000000000000e+09
  +7.95000000000000000000e+09
  +8.00000000000000000000e+09
  +8.05000000000000000000e+09
  +8.10000000000000000000e+09
  +8.15000000000000000000e+09
  +8.20000000000000000000e+09
  +8.25000000000000000000e+09
  +8.30000000000000000000e+09
  +8.35000000000000000000e+09
  +8.40000000000000000000e+09
  +8.45000000000000000000e+09
  +8.50000000000000000000e+09
  +8.55000000000000000000e+09
  +8.60000000000000000000e+09
  +8.65000000000000000000e+09
  +8.70000000000000000000e+09
  +8.75000000000000000000e+09
  +8.80000000000000000000e+09
  +8.85000000000000000000e+09
  +8.90000000000000000000e+09
  +8.95000000000000000000e+09
  +9.00000000000000000000e+09
  +9.05000000000000000000e+09
  +9.10000000000000000000e+09
  +9.15000000000000000000e+09
  +9.20000000000000000000e+09
  +9.25000000000000000000e+09
  +9.30000000000000000000e+09
  +9.35000000000000000000e+09
  +9.40000000000000000000e+09
  +9.45000000000000000000e+09
  +9.50000000000000000000e+09
  +9.55000000000000000000e+09
  +9.60000000000000000000e+09
  +9.65000000000000000000e+09
  +9.70000000000000000000e+09
  +9.75000000000000000000e+09
  +9.80000000000000000000e+09
  +9.85000000000000000000e+09
  +9.90000000000000000000e+09
  +9.95000000000000000000e+09
  +1.00000000000000000000e+10
</indep>
<dep S21_phase frequency>
  -6.94589148992282900963e+01
  -7.10300914380811718729e+01
  -7.25178632522645330027e+01
  -7.39303257950361825124e+01
  -7.52746650506259982194e+01
  -7.65572654904208889093e+01
  -7.77838066199228848063e+01
  -7.89593485045187861715e+01
  -8.00884070422932410338e+01
  -8.11750199261717995114e+01
  -8.22228042865521757676e+01
  -8.32350069818213285089e+01
  -8.42145484409873574805e+01
  -8.51640608809155139625e+01
  -8.60859216328434939669e+01
  -8.69822822263224111339e+01
  -8.78550937975103494182e+01
  -8.87061293147085478950e+01
  -8.95370030479164000781e+01
  -9.03491876509354625568e+01
  -9.11440291736881960105e+01
  -9.19227602783425794541e+01
  -9.26865118947830950447e+01
  -9.34363235182459419548e+01
  -9.41731523238435954681e+01
  -9.48978812486180487440e+01
  -9.56113261711363549011e+01
  -9.63142423009558115155e+01
  -9.70073298751592858480e+01
  -9.76912392461548506617e+01
  -9.83665754338138498269e+01
  -9.90339022054429136688e+01
  -9.96937457388582259910e+01
  -1.00346597916757104940e+02
  -1.00992919294460349988e+02
  -1.01633141777845111164e+02
  -1.02267671043716035228e+02
  -1.02896888730927756228e+02
  -1.03521154427135130049e+02
  -1.04140807473098064406e+02
  -1.04756168603848820453e+02
  -1.05367541443821025382e+02
  -1.05975213871018681289e+02
  -1.06579459263643187228e+02
  -1.07180537641044352881e+02
  -1.07778696709569814516e+02
  -1.08374172822726322352e+02
  -1.08967191864027270753e+02
  -1.09557970060064860718e+02
  -1.10146714730055151676e+02
  +6.92663750194515444036e+01
  +6.86811076570858318746e+01
  +6.80972986287390966709e+01
  +6.75147698076059441519e+01
  +6.69333489806172678982e+01
  +6.63528693702809135857e+01
  +6.57731691883488167605e+01
  +6.51940912183928134027e+01
  +6.46154824246873857874e+01
  +6.40371935849907032434e+01
  +6.34590789450427550378e+01
  +6.28809958928129262290e+01
  +6.23028046506796187032e+01
  +6.17243679838801071469e+01
  +6.11455509237263399314e+01
  +6.05662205041816932294e+01
  +5.99862455105247462939e+01
  +5.94054962389170668757e+01
  +5.88238442657810907122e+01
  +5.82411622259806520674e+01
  +5.76573235988638828076e+01
  +5.70722025012988254389e+01
  +5.64856734868801027005e+01
  +5.58976113505546692295e+01
  +5.53078909379426306714e+01
  +5.47163869586863356176e+01
  +5.41229738031882945393e+01
  +5.35275253621437627771e+01
  +5.29299148482860317699e+01
  +5.23300146198139657372e+01
  +5.17276960049694096710e+01
  +5.11228291272751320662e+01
  +5.05152827309472343131e+01
  +4.99049240060246432904e+01
  +4.92916184127611245458e+01
  +4.86752295048539522782e+01
  +4.80556187510759400539e+01
  +4.74326453549076489935e+01
  +4.68061660717590939385e+01
  +4.61760350233921172958e+01
  +4.55421035091488519697e+01
  +4.49042198136167698408e+01
  +4.42622290103465445554e+01
  +4.36159727612645795602e+01
  +4.29652891114198283162e+01
  +4.23100122787094363730e+01
  +4.16499724382497973352e+01
  +4.09849955010507187581e+01
  +4.03149028866789365111e+01
  +3.96395112895965837652e+01
  +3.89586324388837610400e+01
  +3.82720728510707104419e+01
  +3.75796335758228039481e+01
  +3.68811099342523718292e+01
  +3.61762912496571686916e+01
  +3.54649605705244539422e+01
  +3.47468943856787930713e+01
  +3.40218623315017154596e+01
  +3.32896268912111139571e+01
  +3.25499430862557233013e+01
  +3.18025581599556517176e+01
  +3.10472112536168438623e+01
  +3.02836330754499236662e+01
  +2.95115455627526870330e+01
  +2.87306615379475189798e+01
  +2.79406843592428586476e+01
  +2.71413075668615135783e+01
  +2.63322145260054547578e+01
  +2.55130780679654343146e+01
  +2.46835601310639951578e+01
  +2.38433114034477462440e+01
  +2.29919709700916783390e+01
  +2.21291659668026312602e+01
  +2.12545112444587047662e+01
  +2.03676090472504291995e+01
  +1.94680487092673146776e+01
  +1.85554063744295447691e+01
  +1.76292447454966776377e+01
  +1.66891128686925824809e+01
  +1.57345459613881430982e+01
  +1.47650652912786046755e+01
  +1.37801781165800942830e+01
  +1.27793776979693447515e+01
  +1.17621433942831341568e+01
  +1.07279408554070005977e+01
  +9.67622232728027853454e+00
  +8.60642708555315749663e+00
  +7.51798201611586147664e+00
  +6.41030236248389773124e+00
  +5.28279266181372175737e+00
  +4.13484789315232603713e+00
  +2.96585486329443837050e+00
  +1.77519385732482937179e+00
  +5.62240582461319582386e-01
  -6.73631564886657430158e-01
  -1.93304887799333857679e+00
  -3.21663433329134118566e+00
  -4.52500416727445475829e+00
  -5.85876400660112661711e+00
  -7.21850452310473400530e+00
  -8.60479658855647144833e+00
  -1.00181859085858970815e+01
  -1.14591871214034970450e+01
  -1.29282773551097651676e+01
  -1.44258892476601854327e+01
  -1.59524034461646664340e+01
  -1.75081406173004197058e+01
  -1.90933530182507702477e+01
  -2.07082156977287397126e+01
  -2.23528174190982262814e+01
  -2.40271514220263036066e+01
  -2.57311061648948040670e+01
  -2.74644562165806860321e+01
  -2.92268534921114060410e+01
  -3.10178190508048317042e+01
  -3.28367356962853023106e+01
  -3.46828416334803719678e+01
  -3.65552254465368449132e+01
  -3.84528226617454080838e+01
  -4.03744141493402608489e+01
  -4.23186265961119900680e+01
  -4.42839352463125237591e+01
  -4.62686690611244202387e+01
  -4.82710183876722496166e+01
  -5.02890451587278022316e+01
  -5.23206955663392037081e+01
  -5.43638150700106450586e+01
  -5.64161655167466662419e+01
  -5.84754440708436149521e+01
  -6.05393035802931507305e+01
  -6.26053739485099356443e+01
</dep>
<dep S11_phase frequency>
  -1.59460512361273174520e+02
  -1.61031602838024070934e+02
  -1.62519289499371041074e+02
  -1.63931667533765363487e+02
  -1.65275922700879050353e+02
  -1.66558439280374273039e+02
  -1.67784896613044566038e+02
  -1.68960354621965393562e+02
  -1.70089329081614124561e+02
  -1.71175857577030882339e+02
  -1.72223557144020929854e+02
  -1.73235674557683040575e+02
  -1.74215130173400154945e+02
  -1.75164556142711433040e+02
  -1.76086329738687140889e+02
  -1.76982602438914085496e+02
  -1.77855325332980612529e+02
  -1.78706271347324928911e+02
  -1.79537054714207158668e+02
  +1.79650851946689101624e+02
  +1.78856102616368957570e+02
  +1.78077464660773472360e+02
  +1.77313807175631723112e+02
  +1.76564090689105853471e+02
  +1.75827358047512745998e+02
  +1.75102726333484525867e+02
  +1.74389379686562705274e+02
  +1.73686562913898143279e+02
  +1.72993575793865204560e+02
  +1.72309767988390774462e+02
  +1.71634534490933361894e+02
  +1.70967311546615150064e+02
  +1.70307572989239730532e+02
  +1.69654826947005716420e+02
  +1.69008612874837666595e+02
  +1.68368498876521869079e+02
  +1.67734079284396415233e+02
  +1.67104972468286604226e+02
  +1.66480818848800964815e+02
  +1.65861279093079616587e+02
  +1.65246032473661756512e+02
  +1.64634775373405204846e+02
  +1.64027219921344709519e+02
  +1.63423092746105567130e+02
  +1.62822133834980860456e+02
  +1.62224095488110577890e+02
  +1.61628741358351845747e+02
  +1.61035845568447825826e+02
  +1.60445191898003628239e+02
  +1.59856573033561630837e+02
  +1.59269789875773199128e+02
  +1.58684650898274867359e+02
  +1.58100971553428991001e+02
  +1.57518573720568355157e+02
  +1.56937285192819956592e+02
  +1.56356939198958315274e+02
  +1.55777373957088173029e+02
  +1.55198432257247219468e+02
  +1.54619961070304583473e+02
  +1.54041811180756326394e+02
  +1.53463836841247911025e+02
  +1.52885895446839043643e+02
  +1.52307847227199431472e+02
  +1.51729554955082335255e+02
  +1.51150883669556748146e+02
  +1.50571700412606105601e+02
  +1.49991873977812844032e+02
  +1.49411274669946180893e+02
  +1.48829774074363257341e+02
  +1.48247244835212200087e+02
  +1.47663560441498674436e+02
  +1.47078595020145172612e+02
  +1.46492223135225458464e+02
  +1.45904319592615308920e+02
  +1.45314759249341790337e+02
  +1.44723416826961994275e+02
  +1.44130166728332653747e+02
  +1.43534882857172533477e+02
  +1.42937438439845607263e+02
  +1.42337705848821514110e+02
  +1.41735556427293005299e+02
  +1.41130860314452547755e+02
  +1.40523486270948893662e+02
  +1.39913301504059944591e+02
  +1.39300171492134751361e+02
  +1.38683959807870422765e+02
  +1.38064527940000260742e+02
  +1.37441735112981604061e+02
  +1.36815438104280389098e+02
  +1.36185491058855831170e+02
  +1.35551745300461817578e+02
  +1.34914049139382768772e+02
  +1.34272247676232353797e+02
  +1.33626182601450267384e+02
  +1.32975691990138386700e+02
  +1.32320610091885498605e+02
  +1.31660767115240076919e+02
  +1.30995989006497865148e+02
  +1.30326097222483070937e+02
  +1.29650908497016956744e+02
  +1.28970234600778724143e+02
  +1.28283882094286099118e+02
  +1.27591652073741641971e+02
  +1.26893339909517877118e+02
  +1.26188734977083072408e+02
  +1.25477620380207980588e+02
  +1.24759772666332224844e+02
  +1.24034961534022329488e+02
  +1.23302949532508250741e+02
  +1.22563491753357681091e+02
  +1.21816335514420543973e+02
  +1.21061220036274008294e+02
  +1.20297876111503484253e+02
  +1.19526025767276223633e+02
  +1.18745381921810604808e+02
  +1.17955648035506186488e+02
  +1.17156517757688419579e+02
  +1.16347674570137101568e+02
  +1.15528791428816660414e+02
  +1.14699530405502287067e+02
  +1.13859542331323311259e+02
  +1.13008466444597956979e+02
  +1.12145930045753331683e+02
  +1.11271548162580913299e+02
  +1.10384923229603074901e+02
  +1.09485644785911560461e+02
  +1.08573289196491799657e+02
  +1.07647419402785416764e+02
  +1.06707584709050678384e+02
  +1.05753320611990488942e+02
  +1.04784148682111862172e+02
  +1.03799576506377206897e+02
  +1.02799097702912533236e+02
  +1.01782192019835235897e+02
  +1.00748325531689260970e+02
  +9.96969509484772657970e+01
  +9.86275080539088122578e+01
  +9.75394242911736597534e+01
  +9.64321155163383139097e+01
  +9.53049869412729293572e+01
  +9.41574342898747147501e+01
  +9.29888451931537076689e+01
  +9.17986008505003638902e+01
  +9.05860779860362583804e+01
  +8.93506511303202728413e+01
  +8.80916952587019466137e+01
  +8.68085888181999791868e+01
  +8.55007171747620446922e+01
  +8.41674765119878571795e+01
  +8.28082782106995836102e+01
  +8.14225537358946667155e+01
  +8.00097600534582653609e+01
  +7.85693855932950810939e+01
  +7.71009567681089862390e+01
  +7.56040450477353971337e+01
  +7.40782745776418209971e+01
  +7.25233303169482894646e+01
  +7.09389666562683629536e+01
  +6.93250164592168687250e+01
  +6.76814004543108040934e+01
  +6.60081368874379279532e+01
  +6.43053513310444202489e+01
  +6.25732865377963349829e+01
  +6.08123122286266877268e+01
  +5.90229347257775103230e+01
  +5.72058063941199321789e+01
  +5.53617349623384100710e+01
  +5.34916930031968718140e+01
  +5.15968282443517480829e+01
  +4.96784761343545753220e+01
  +4.77381775903207952183e+01
  +4.57777080177642261560e+01
  +4.37991308516906414638e+01
  +4.18049065763312057697e+01
  +3.97981372063710310272e+01
  +3.77831834030467632601e+01
  +3.57675086271356050815e+01
  +3.37689003855939233745e+01
  +3.18631376493264220073e+01
  +3.41039569743144213021e+01
  -1.52952998122048597907e+02
</dep>
<dep S21_dB frequency>
  -7.05950911788807733416e+00
  -7.46295628867733729095e+00
  -7.86195512006697239116e+00
  -8.25683690345344345474e+00
  -8.64798391612185923805e+00
  -9.03581656781908115761e+00
  -9.42078410678985811444e+00
  -9.80335809533851865183e+00
  -1.01840280498215900451e+01
  -1.05632987861909164451e+01
  -1.09416891272611387365e+01
  -1.13197317184918553323e+01
  -1.16979737708517070871e+01
  -1.20769786069942615114e+01
  -1.24573279342829650318e+01
  -1.28396248083317239264e+01
  -1.32244972863129675034e+01
  -1.36126028026254672909e+01
  -1.40046333327790328838e+01
  -1.44013214466714956075e+01
  -1.48034473921237204053e+01
  -1.52118473963219162925e+01
  -1.56274234300195082881e+01
  -1.60511547513527688125e+01
  -1.64841116387597033111e+01
  -1.69274718438715545688e+01
  -1.73825404567631593977e+01
  -1.78507740939990071638e+01
  -1.83338106184418272449e+01
  -1.88335060143475949701e+01
  -1.93519806256859965288e+01
  -1.98916778027541205631e+01
  -2.04554392223102574633e+01
  -2.10466029590947485417e+01
  -2.16691331365796067132e+01
  -2.23277942554998816149e+01
  -2.30283901071017425011e+01
  -2.37780983576377344946e+01
  -2.45859508764702461292e+01
  -2.54635433957910066738e+01
  -2.64261199809659146354e+01
  -2.74942983161676579584e+01
  -2.86969519616649790805e+01
  -3.00763270671420457347e+01
  -3.16978605709189729112e+01
  -3.36710770599091731015e+01
  -3.62010682573066517875e+01
  -3.97475002633479306269e+01
  -4.57719142567910637354e+01
  -8.94750348074941967980e+01
  -4.59458312849775651898e+01
  -3.99235481996970378304e+01
  -3.64175819311292130465e+01
  -3.39378198646191577836e+01
  -3.20189400417601319759e+01
  -3.04540146253954482347e+01
  -2.91327749208793420621e+01
  -2.79894500949434110737e+01
  -2.69816431754203414073e+01
  -2.60804221106885947279e+01
  -2.52651619184392792761e+01
  -2.45206419626645413246e+01
  -2.38353097475909372349e+01
  -2.32001903040135779577e+01
  -2.26081729386388516900e+01
  -2.20535287554993715275e+01
  -2.15315747731403916987e+01
  -2.10384342387495166804e+01
  -2.05708618640074405448e+01
  -2.01261139627812681852e+01
  -1.97018503224062158097e+01
  -1.92960589364915549027e+01
  -1.89069974925950887723e+01
  -1.85331473302689779814e+01
  -1.81731768110761748858e+01
  -1.78259118829928979721e+01
  -1.74903122081951458711e+01
  -1.71654516389433879908e+01
  -1.68505021251304079044e+01
  -1.65447203547815497870e+01
  -1.62474365893319863119e+01
  -1.59580452752369588154e+01
  -1.56759971036950584988e+01
  -1.54007922589198553709e+01
  -1.51319746481230446022e+01
  -1.48691269472030356269e+01
  -1.46118663280057532461e+01
  -1.43598407581017966095e+01
  -1.41127257838766251297e+01
  -1.38702217235668996409e+01
  -1.36320512095838335398e+01
  -1.33979570297158403491e+01
  -1.31677002251305612646e+01
  -1.29410584098903740369e+01
  -1.27178242822681433211e+01
  -1.24978043027435070655e+01
  -1.22808175173686215942e+01
  -1.20666945083532048955e+01
  -1.18552764563661305885e+01
  -1.16464143012709282488e+01
  -1.14399679898782640208e+01
  -1.12358058008841954489e+01
  -1.10338037385009695157e+01
  -1.08338449874344640023e+01
  -1.06358194228387183955e+01
  -1.04396231697197450217e+01
  -1.02451582069838238453e+01
  -1.00523320119523233984e+01
  -9.86105724170946906781e+00
  -9.67125144812285775231e+00
  -9.48283682379202730317e+00
  -9.29573997654457429007e+00
  -9.10989173042237965205e+00
  -8.92522695138329069664e+00
  -8.74168439620008186353e+00
  -8.55920658326347627565e+00
  -8.37773968420018988468e+00
  -8.19723343540105275906e+00
  -8.01764106871969239876e+00
  -7.83891926075263612006e+00
  -7.66102810025092750834e+00
  -7.48393107333496665490e+00
  -7.30759506630120103665e+00
  -7.13199038591083400718e+00
  -6.95709079714437450548e+00
  -6.78287357848958549766e+00
  -6.60931959490249187894e+00
  -6.43641338864513468110e+00
  -6.26414328825230271036e+00
  -6.09250153591945764475e+00
  -5.92148443362588849936e+00
  -5.75109250831397034176e+00
  -5.58133069643362667023e+00
  -5.41220854812411644730e+00
  -5.24374045124746857027e+00
  -5.07594587539329289427e+00
  -4.90884963585241429485e+00
  -4.74248217738783495179e+00
  -4.57687987742263135971e+00
  -4.41208536799633144199e+00
  -4.24814787552087924638e+00
  -4.08512357697310690696e+00
  -3.92307597069740765505e+00
  -3.76207625944433754483e+00
  -3.60220374263601872400e+00
  -3.44354621411764050265e+00
  -3.28620036082611877148e+00
  -3.13027215687570903313e+00
  -2.97587724652902263500e+00
  -2.82314130839673671503e+00
  -2.67220039199795333928e+00
  -2.52320121653800910622e+00
  -2.37630142044302061777e+00
  -2.23166974887084812451e+00
  -2.08948616514138940659e+00
  -1.94994187085706349727e+00
  -1.81323921848931779444e+00
  -1.67959149947755603804e+00
  -1.54922259052162303306e+00
  -1.42236644085855346020e+00
  -1.29926638401555849534e+00
  -1.18017425894277838694e+00
  -1.06534932766078505040e+00
  -9.55056979707225028875e-01
  -8.49567217799030549585e-01
  -7.49152924268873809943e-01
  -6.54087913959774391870e-01
  -5.64644786275323773417e-01
  -4.81092596812716544186e-01
  -4.03694377198602794010e-01
  -3.32704540069263088320e-01
  -2.68366214171360861762e-01
  -2.10908561847085590513e-01
  -1.60544137206140080654e-01
  -1.17466347588195116347e-01
  -8.18470830380398084447e-02
  -5.38345780974840773525e-02
  -3.35515670433112894733e-02
  -2.10937877128767985180e-02
  -1.65288803936900763336e-02
  -1.98957172352500211154e-02
</dep>
<dep S11_dB frequency>
  -9.55105342247057675920e-01
  -8.61730502081664129221e-01
  -7.79230417238909178757e-01
  -7.06045224492814926798e-01
  -6.40878670707320852173e-01
  -5.82647730207552783099e-01
  -5.30442852384247931496e-01
  -4.83496406243964838012e-01
  -4.41157485619262490495e-01
  -4.02871680024558642685e-01
  -3.68164744685544664815e-01
  -3.36629349515532805270e-01
  -3.07914272548345246960e-01
  -2.81715544265511597111e-01
  -2.57769156807674426624e-01
  -2.35845034592236380000e-01
  -2.15742026533750602679e-01
  -1.97283729445513228429e-01
  -1.80314990691920473687e-01
  -1.64698968310113491587e-01
  -1.50314650548839079391e-01
  -1.37054755534096378566e-01
  -1.24823946673553246023e-01
  -1.13537311299161558509e-01
  -1.03119059571693275079e-01
  -9.35014083323658373725e-02
  -8.46236207746169089017e-02
  -7.64311778269964881005e-02
  -6.88750612216390695197e-02
  -6.19111315588561222922e-02
  -5.54995874136749930972e-02
  -4.96044937795076246179e-02
  -4.41933700017202030219e-02
  -3.92368288916864066396e-02
  -3.47082599893937804314e-02
  -3.05835510075657193707e-02
  -2.68408423801545781284e-02
  -2.34603105837589316629e-02
  -2.04239765279572681178e-02
  -1.77155358389328859703e-02
  -1.53202083075591067446e-02
  -1.32246041518695317540e-02
  -1.14166050655494892563e-02
  -9.88525829792918572791e-03
  -8.62068224509675816447e-03
  -7.61398223202604945703e-03
  -6.85717533719890429134e-03
  -6.34312325921239199278e-03
  -6.06547235197447097421e-03
  -6.01860006526529212056e-03
  -6.19756712245197148581e-03
  -6.59807485011621938642e-03
  -7.21642714579204518771e-03
  -8.04949663312142134342e-03
  -9.09469460813986177450e-03
  -1.03499444284814098860e-02
  -1.18136580393852722720e-02
  -1.34847153674559957354e-02
  -1.53624463457777225145e-02
  -1.74466153628586445601e-02
  -1.97374079539122254667e-02
  -2.22354195752921257601e-02
  -2.49416463239996999413e-02
  -2.78574774819885379040e-02
  -3.09846897818726665919e-02
  -3.43254433055233398875e-02
  -3.78822789405272516983e-02
  -4.16581173321609668503e-02
  -4.56562592798057248489e-02
  -4.98803875374777203056e-02
  -5.43345699880401350468e-02
  -5.90232641698566762312e-02
  -6.39513231436997509061e-02
  -6.91240026960403125544e-02
  -7.45469698829381438587e-02
  -8.02263129268936392435e-02
  -8.61685524865806740102e-02
  -9.23806543272440161552e-02
  -9.88700434273580008870e-02
  -1.05644619564561004221e-01
  -1.12712774432465537289e-01
  -1.20083410347312805055e-01
  -1.27765960612484075209e-01
  -1.35770411617270020388e-01
  -1.44107326755475106950e-01
  -1.52787872259088991500e-01
  -1.61823845052392278898e-01
  -1.71227702742538928637e-01
  -1.81012595874217474545e-01
  -1.91192402588159920951e-01
  -2.01781765836478443887e-01
  -2.12796133321706021357e-01
  -2.24251800341972867825e-01
  -2.36165955740777061544e-01
  -2.48556731177786177645e-01
  -2.61443253956342769317e-01
  -2.74845703663907592329e-01
  -2.88785372904950654593e-01
  -3.03284732429672354570e-01
  -3.18367500989515272991e-01
  -3.34058720279394816277e-01
  -3.50384835358486579349e-01
  -3.67373780976545605270e-01
  -3.85055074271013542120e-01
  -4.03459914341689374062e-01
  -4.22621289255999676993e-01
  -4.42574091087945653555e-01
  -4.63355239649229755372e-01
  -4.85003815631408763398e-01
  -5.07561203945156358408e-01
  -5.31071248115703276049e-01
  -5.55580416674867350046e-01
  -5.81137982579112311043e-01
  -6.07796216781878673174e-01
  -6.35610597197475812870e-01
  -6.64640034414297087295e-01
  -6.94947115649194979703e-01
  -7.26598368583032949708e-01
  -7.59664546882320657062e-01
  -7.94220939395790526127e-01
  -8.30347705218968723528e-01
  -8.68130237048843289571e-01
  -9.07659555506039050776e-01
  -9.49032737389254754667e-01
  -9.92353381148632252007e-01
  -1.03773211322809832957e+00
  -1.08528713933714149320e+00
  -1.13514484517645675155e+00
  -1.18744045167102374450e+00
  -1.24231873036536200061e+00
  -1.29993478532470962961e+00
  -1.36045490867737295382e+00
  -1.42405751784532119686e+00
  -1.49093418356759643828e+00
  -1.56129075904993896984e+00
  -1.63534862201280128957e+00
  -1.71334604309897353680e+00
  -1.79553969609909969130e+00
  -1.88220632782404884153e+00
  -1.97364460828775500900e+00
  -2.07017718526717731109e+00
  -2.17215297142289598398e+00
  -2.27994969716815765182e+00
  -2.39397676859753705259e+00
  -2.51467847732587390652e+00
  -2.64253761842906120805e+00
  -2.77807958432247437131e+00
  -2.92187701702535562731e+00
  -3.07455511971561135098e+00
  -3.23679775194311503128e+00
  -3.40935446291244392825e+00
  -3.59304865597784894860e+00
  -3.78878712780814375094e+00
  -3.99757129154810808558e+00
  -4.22051048025967112665e+00
  -4.45883784274024108640e+00
  -4.71392949956120865806e+00
  -4.98732783879599672616e+00
  -5.28077012175593552001e+00
  -5.59622397378676339486e+00
  -5.93593190615016563783e+00
  -6.30246783277198474593e+00
  -6.69880973658352019129e+00
  -7.12843440711290465828e+00
  -7.59544284719563389530e+00
  -8.10472909484190751073e+00
  -8.66221180509000276970e+00
  -9.27515874640325677092e+00
  -9.95265267565603117816e+00
  -1.07062792823185475299e+01
  -1.15511772029033021880e+01
  -1.25077051534810976818e+01
  -1.36042188850341219108e+01
  -1.48819808681186067645e+01
  -1.64045284313451809055e+01
  -1.82774562507000197797e+01
  -2.06965868445740781567e+01
  -2.40939400572151143365e+01
  -2.97967158078164473523e+01
  -5.30290443724787579072e+01
  -3.10703543798822501287e+01
</dep>
<dep Zin_ohm frequency>
  +4.73295157773443065707e+02
  +4.35626772986938249232e+02
  +4.00350500563083528505e+02
  +3.67188467788779860257e+02
  +3.35903223594718213008e+02
  +3.06291118348431211871e+02
  +2.78176989352860687177e+02
  +2.51409931532692894507e+02
  +2.25860005545031725660e+02
  +2.01415817570859303487e+02
  +1.77983018981023292326e+02
  +1.55483970854897449954e+02
  +1.33859223477892157916e+02
  +1.13072415341055545923e+02
  +9.31227291368206664401e+01
  +7.40766617392726800517e+01
  +5.61572579352249121598e+01
  +4.00338461012713509035e+01
  +2.78447975961510714171e+01
  +2.48953367418898814378e+01
  +3.30266951528324526066e+01
  +4.63527145063998204932e+01
  +6.13051775534954046520e+01
  +7.67419311651918008010e+01
  +9.22742928225787295560e+01
  +1.07750505403832661955e+02
  +1.23106491472413878796e+02
  +1.38315403044174246361e+02
  +1.53367852534524161001e+02
  +1.68263211082203156366e+02
  +1.83005420658898202646e+02
  +1.97600836236817912095e+02
  +2.12057055204592700193e+02
  +2.26382258114467532550e+02
  +2.40584828131824764341e+02
  +2.54673128800647106118e+02
  +2.68655374771485810470e+02
  +2.82539558553872723223e+02
  +2.96333411692140487048e+02
  +3.10044387364573651666e+02
  +3.23679656392429592415e+02
  +3.37246111620505644169e+02
  +3.50750377451879671753e+02
  +3.64198822457865901470e+02
  +3.77597573710129381652e+02
  +3.90952531951584205672e+02
  +4.04269387031332087190e+02
  +4.17553633233637526700e+02
  +4.30810584267796343738e+02
  +4.44045387778196413819e+02
  +4.57263039295954172303e+02
  +4.70468395595664048869e+02
  +4.83666187448924063119e+02
  +4.96861031785126556315e+02
  +5.10057443282187875866e+02
  +5.23259845417757446739e+02
  +5.36472581015942523663e+02
  +5.49699922327390595456e+02
  +5.62946080681345279118e+02
  +5.76215215748793070816e+02
  +5.89511444455019386623e+02
  +6.02838849579193038153e+02
  +6.16201488077473300109e+02
  +6.29603399164839174773e+02
  +6.43048612189708819642e+02
  +6.56541154334148359339e+02
  +6.70085058171356308776e+02
  +6.83684369111097566929e+02
  +6.97343152762803129008e+02
  +7.11065502245318839414e+02
  +7.24855545471601772078e+02
  +7.38717452436116104764e+02
  +7.52655442532433653469e+02
  +7.66673791928143145924e+02
  +7.80776841024274972369e+02
  +7.94969002026323209975e+02
  +8.09254766654354398270e+02
  +8.23638714019844883296e+02
  +8.38125518697562256420e+02
  +8.52719959021329486859e+02
  +8.67426925633399605431e+02
  +8.82251430318074994830e+02
  +8.97198615151308558779e+02
  +9.12273761999359862784e+02
  +9.27482302400978369405e+02
  +9.42829827869173982435e+02
  +9.58322100650516404130e+02
  +9.73965064981798491317e+02
  +9.89764858886099432311e+02
  +1.00572782655273135788e+03
  +1.02186053134797066377e+03
  +1.03816976950643879718e+03
  +1.05466258455592742393e+03
  +1.07134628253170058088e+03
  +1.08822844803982025041e+03
  +1.10531696123276424260e+03
  +1.12262001576446823492e+03
  +1.14014613779621845424e+03
  +1.15790420612916364007e+03
  +1.17590347354380787692e+03
  +1.19415358943174715023e+03
  +1.21266462380976281565e+03
  +1.23144709281157156511e+03
  +1.25051198575757302933e+03
  +1.26987079390813278224e+03
  +1.28953554101078998428e+03
  +1.30951881575659422197e+03
  +1.32983380626488769849e+03
  +1.35049433671947349467e+03
  +1.37151490628153396756e+03
  +1.39291073040596165811e+03
  +1.41469778468694426010e+03
  +1.43689285135548925609e+03
  +1.45951356854524806295e+03
  +1.48257848243229295804e+03
  +1.50610710233851636985e+03
  +1.53011995886537147271e+03
  +1.55463866509288754969e+03
  +1.57968598083584356573e+03
  +1.60528587989188918073e+03
  +1.63146362014111969074e+03
  +1.65824581625917630845e+03
  +1.68566051467963620780e+03
  +1.71373727027994027594e+03
  +1.74250722405860142317e+03
  +1.77200318080897068285e+03
  +1.80225968546231274559e+03
  +1.83331309635228126353e+03
  +1.86520165312284893844e+03
  +1.89796553633405096662e+03
  +1.93164691498119941571e+03
  +1.96628997709078657863e+03
  +2.00194093723752007463e+03
  +2.03864801317755950549e+03
  +2.07646136173204695297e+03
  +2.11543296148616263963e+03
  +2.15561642667117894234e+03
  +2.19706673262853792039e+03
  +2.23983982834234029724e+03
  +2.28399210547049460729e+03
  +2.32957968587125651538e+03
  +2.37665748055585436305e+03
  +2.42527796202335548514e+03
  +2.47548957878641840580e+03
  +2.52733472535456530750e+03
  +2.58084716290389860660e+03
  +2.63604876545323986647e+03
  +2.69294544412141431167e+03
  +2.75152207916602992555e+03
  +2.81173626827707585107e+03
  +2.87351068392020761166e+03
  +2.93672382866165480664e+03
  +3.00119899493905131749e+03
  +3.06669128862191519147e+03
  +3.13287268324981096157e+03
  +3.19931525917901490175e+03
  +3.26547307902749980713e+03
  +3.33066358895153780395e+03
  +3.39405003820501769951e+03
  +3.45462717786879784398e+03
  +3.51121338686920262262e+03
  +3.56245325335656571042e+03
  +3.60683527530924357052e+03
  +3.64272937580207008068e+03
  +3.66844790981206324432e+03
  +3.68233136056521652790e+03
  +3.68285582997285564488e+03
  +3.66875409483054272641e+03
  +3.63913652503001594596e+03
  +3.59359427229721995900e+03
  +3.53226668826947889102e+03
  +3.45585903878866656669e+03
  +3.36560485067653962687e+03
  +3.26317756779952424040e+03
  +3.15056553170583993051e+03
  +3.02992988847496144444e+03
  +2.90346559387247907580e+03
  +2.77328182898323348127e+03
  +2.64131174089614887635e+03
  +2.50925469026412338280e+03
  +2.37854877963966782772e+03
</dep>
<dep Zin_norm frequency>
  +9.46590315546886174047e+00
  +8.71253545973876519781e+00
  +8.00701001126167000166e+00
  +7.34376935577559741830e+00
  +6.71806447189436450884e+00
  +6.12582236696862381109e+00
  +5.56353978705721363696e+00
  +5.02819863065385774803e+00
  +4.51720011090063433556e+00
  +4.02831635141718624737e+00
  +3.55966037962046577547e+00
  +3.10967941709794892802e+00
  +2.67718446955784328267e+00
  +2.26144830682111086517e+00
  +1.86245458273641339986e+00
  +1.48153323478545351222e+00
  +1.12314515870449826984e+00
  +8.00676922025427062479e-01
  +5.56895951923021437224e-01
  +4.97906734837797626536e-01
  +6.60533903056649052132e-01
  +9.27054290127996449833e-01
  +1.22610355106990809304e+00
  +1.53483862330383602490e+00
  +1.84548585645157459112e+00
  +2.15501010807665327462e+00
  +2.46212982944827762921e+00
  +2.76630806088348490945e+00
  +3.06735705069048325555e+00
  +3.36526422164406335824e+00
  +3.66010841317796398187e+00
  +3.95201672473635845506e+00
  +4.24114110409185407491e+00
  +4.52764516228935054443e+00
  +4.81169656263649514472e+00
  +5.09346257601294194473e+00
  +5.37310749542971599624e+00
  +5.65079117107745432236e+00
  +5.92666823384280938569e+00
  +6.20088774729147296227e+00
  +6.47359312784859231016e+00
  +6.74492223241011235046e+00
  +7.01500754903759293768e+00
  +7.28397644915731756754e+00
  +7.55195147420258816595e+00
  +7.81905063903168429107e+00
  +8.08538774062664167275e+00
  +8.35107266467275088928e+00
  +8.61621168535592651949e+00
  +8.88090775556392841850e+00
  +9.14526078591908309079e+00
  +9.40936791191328048001e+00
  +9.67332374897848090711e+00
  +9.93722063570253055786e+00
  +1.02011488656437574463e+01
  +1.04651969083551481532e+01
  +1.07294516203188514680e+01
  +1.09939984465478115538e+01
  +1.12589216136269065771e+01
  +1.15243043149758612742e+01
  +1.17902288891003887983e+01
  +1.20567769915838596262e+01
  +1.23240297615494664996e+01
  +1.25920679832967845613e+01
  +1.28609722437941762507e+01
  +1.31308230866829660499e+01
  +1.34017011634271252518e+01
  +1.36736873822219511254e+01
  +1.39468630552560615143e+01
  +1.42213100449063762909e+01
  +1.44971109094320347310e+01
  +1.47743490487223230190e+01
  +1.50531088506486732115e+01
  +1.53334758385628617816e+01
  +1.56155368204855005132e+01
  +1.58993800405264646969e+01
  +1.61850953330870872549e+01
  +1.64727742803968979501e+01
  +1.67625103739512439915e+01
  +1.70543991804265893109e+01
  +1.73485385126679929613e+01
  +1.76450286063614996124e+01
  +1.79439723030261717440e+01
  +1.82454752399871971136e+01
  +1.85496460480195679565e+01
  +1.88565965573834795066e+01
  +1.91664420130103287931e+01
  +1.94793012996359706790e+01
  +1.97952971777219879357e+01
  +2.01145565310546281523e+01
  +2.04372106269594127070e+01
  +2.07633953901287746646e+01
  +2.10932516911185494735e+01
  +2.14269256506340113333e+01
  +2.17645689607964030188e+01
  +2.21063392246552865572e+01
  +2.24524003152893634194e+01
  +2.28029227559243672374e+01
  +2.31580841225832720909e+01
  +2.35180694708761564016e+01
  +2.38830717886349432888e+01
  +2.42532924761952557446e+01
  +2.46289418562314317285e+01
  +2.50102397151514601603e+01
  +2.53974158781626577763e+01
  +2.57907108202157999699e+01
  +2.61903763151318855762e+01
  +2.65966761252977548224e+01
  +2.70098867343894681881e+01
  +2.74302981256306779301e+01
  +2.78582146081192334464e+01
  +2.82939556937388836388e+01
  +2.87378570271097864008e+01
  +2.91902713709049592694e+01
  +2.96515696486458608661e+01
  +3.01221420467703282497e+01
  +3.06023991773074293121e+01
  +3.10927733018577505675e+01
  +3.15937196167168714567e+01
  +3.21057175978377813408e+01
  +3.26292724028223943833e+01
  +3.31649163251835261690e+01
  +3.37132102935927235876e+01
  +3.42747454055988072241e+01
  +3.48501444811720304529e+01
  +3.54400636161794153622e+01
  +3.60451937092462557644e+01
  +3.66662619270456247023e+01
  +3.73040330624569804741e+01
  +3.79593107266810179112e+01
  +3.86329382996239871773e+01
  +3.93257995418157335621e+01
  +4.00388187447504009242e+01
  +4.07729602635511909625e+01
  +4.15292272346409419015e+01
  +4.23086592297232542137e+01
  +4.31123285334235788469e+01
  +4.39413346525707595447e+01
  +4.47967965668468082185e+01
  +4.56798421094098898720e+01
  +4.65915937174251340025e+01
  +4.75331496111170892505e+01
  +4.85055592404671074291e+01
  +4.95097915757283644211e+01
  +5.05466945070913027394e+01
  +5.16169432580779741215e+01
  +5.27209753090647978979e+01
  +5.38589088824282882229e+01
  +5.50304415833205951003e+01
  +5.62347253655415144635e+01
  +5.74702136784041499595e+01
  +5.87344765732330955643e+01
  +6.00239798987810289077e+01
  +6.13338257724383026925e+01
  +6.26574536649962183787e+01
  +6.39863051835802991718e+01
  +6.53094615805499927319e+01
  +6.66132717790307538053e+01
  +6.78810007641003494427e+01
  +6.90925435573759614272e+01
  +7.02242677373840535893e+01
  +7.12490650671313119346e+01
  +7.21367055061848674313e+01
  +7.28545875160414055927e+01
  +7.33689581962412660232e+01
  +7.36466272113043345371e+01
  +7.36571165994571117608e+01
  +7.33750818966108511177e+01
  +7.27827305006003228982e+01
  +7.18718854459444003169e+01
  +7.06453337653895800941e+01
  +6.91171807757733347444e+01
  +6.73120970135307885585e+01
  +6.52635513559904865133e+01
  +6.30113106341167963365e+01
  +6.05985977694992286047e+01
  +5.80693118774495786738e+01
  +5.54656365796646682043e+01
  +5.28262348179229803691e+01
  +5.01850938052824702140e+01
  +4.75709755927933528596e+01
</dep>
<dep S[2,2] frequency>
  -8.38919584818482833022e-01-j3.14318347307896983622e-01
  -8.56378880565613398446e-01-j2.94346637095393715011e-01
  -8.71975041015898066910e-01-j2.74609960746286962952e-01
  -8.85911871429324371263e-01-j2.55174968632040755079e-01
  -8.98369204277623123467e-01-j2.36086296086271851813e-01
  -9.09505304135960535028e-01-j2.17372019441073260904e-01
  -9.19459251144253197907e-01-j1.99047844022335357339e-01
  -9.28353193389017672388e-01-j1.81120308421095749241e-01
  -9.36294413270345349254e-01-j1.63589229504467775778e-01
  -9.43377186634187125946e-01-j1.46449563428870027648e-01
  -9.49684433487061774315e-01-j1.29692818489834771345e-01
  -9.55289170382665919767e-01-j1.13308124567070275801e-01
  -9.60255780327844754574e-01-j9.72830397033349614233e-02
  -9.64641118426025623300e-01-j8.16041556170573750828e-02
  -9.68495471831562149134e-01-j6.62575495223358124086e-02
  -9.71863391804350662539e-01-j5.12291185568855347854e-02
  -9.74784414279358246702e-01-j3.65048246339075080358e-02
  -9.77293683737202378836e-01-j2.20708710385161058221e-02
  -9.79422493480619049677e-01-j7.91382711669191656056e-03
  -9.81198753801721834655e-01+j5.97928640290086663850e-03
  -9.82647398025940588262e-01+j1.96209418318024943206e-02
  -9.83790735067314403572e-01+j3.30230713049594684638e-02
  -9.84648755932623465092e-01+j4.61970502580471495402e-02
  -9.85239400564156042606e-01+j5.91536932534163506503e-02
  -9.85578790501718260408e-01+j7.19032588251117682487e-02
  -9.85681432060352524793e-01+j8.44554607959041303555e-02
  -9.85560394046890553277e-01+j9.68194841222339425135e-02
  -9.85227463461846864057e-01+j1.09004003787920245028e-01
  -9.84693282140513326262e-01+j1.21017205626279489294e-01
  -9.83967466866575546369e-01+j1.32866808226818122751e-01
  -9.83058715132916760560e-01+j1.44560085296098650431e-01
  -9.81974898418386921151e-01+j1.56103888006735691540e-01
  -9.80723144588387385490e-01+j1.67504666994830853088e-01
  -9.79309910804453620514e-01+j1.78768493763341057567e-01
  -9.77741048137831803011e-01+j1.89901081323067655315e-01
  -9.76021858919499218921e-01+j2.00907803959640862690e-01
  -9.74157147719933003138e-01+j2.11793716057803949049e-01
  -9.72151266732778740476e-01+j2.22563569946620215534e-01
  -9.70008156234294149911e-01+j2.33221832753348012890e-01
  -9.67731380702669063965e-01+j2.43772702271400715235e-01
  -9.65324161105727163168e-01+j2.54220121860759762367e-01
  -9.62789403800500376285e-01+j2.64567794408108625248e-01
  -9.60129726431969587885e-01+j2.74819195380206493518e-01
  -9.57347481169837366544e-01+j2.84977585007863409849e-01
  -9.54444775580179372021e-01+j2.95046019640195666955e-01
  -9.51423491392497044927e-01+j3.05027362309726712830e-01
  -9.48285301391134649585e-01+j3.14924292548968809413e-01
  -9.45031684632588686590e-01+j3.24739315498475344945e-01
  -9.41663940166403090615e-01+j3.34474770345098260105e-01
  -9.38183199416499746803e-01+j3.44132838127745532830e-01
  -9.34590437361684345241e-01+j3.53715548946130886598e-01
  -9.30886482638160206449e-01+j3.63224788606091808507e-01
  -9.27072026673025240129e-01+j3.72662304733074822849e-01
  -9.23147631945537172626e-01+j3.82029712383348984961e-01
  -9.19113739462271261971e-01+j3.91328499180464195462e-01
  -9.14970675522907339605e-01+j4.00560030002524103399e-01
  -9.10718657845150936225e-01+j4.09725551243789620770e-01
  -9.06357801110013183710e-01+j4.18826194672375140549e-01
  -9.01888121982308610391e-01+j4.27862980903836287450e-01
  -8.97309543655600783119e-01+j4.36836822508795963316e-01
  -8.92621899965804099786e-01+j4.45748526771038766636e-01
  -8.87824939113359579146e-01+j4.54598798110868118627e-01
  -8.82918327029950322782e-01+j4.63388240187072586451e-01
  -8.77901650422371671034e-01+j4.72117357689279926181e-01
  -8.72774419523150490896e-01+j4.80786557831167638000e-01
  -8.67536070574857265392e-01+j4.89396151553611991059e-01
  -8.62185968072763708747e-01+j4.97946354445581718107e-01
  -8.56723406788439834081e-01+j5.06437287389383539171e-01
  -8.51147613595129581832e-01+j5.14868976935640043635e-01
  -8.45457749114204681895e-01+j5.23241355412299657957e-01
  -8.39652909200681807356e-01+j5.31554260770798703284e-01
  -8.33732126284653651815e-01+j5.39807436171523935542e-01
  -8.27694370584524663492e-01+j5.48000529309606965178e-01
  -8.21538551207216860561e-01+j5.56133091481090136021e-01
  -8.15263517149815486462e-01+j5.64204576388559808642e-01
  -8.08868058216720475784e-01+j5.72214338684254975043e-01
  -8.02350905865986896437e-01+j5.80161632247846781318e-01
  -7.95710733998398089817e-01+j5.88045608194971203275e-01
  -7.88946159702681559800e-01+j5.95865312611792985464e-01
  -7.82055743970451522351e-01+j6.03619684009838675109e-01
  -7.75037992394553842956e-01+j6.11307550494447515810e-01
  -7.67891355864935620801e-01+j6.18927626639250050289e-01
  -7.60614231276559693562e-01+j6.26478510058103732483e-01
  -7.53204962264537258854e-01+j6.33958677665035774673e-01
  -7.45661839982397101068e-01+j6.41366481611765015813e-01
  -7.37983103940347717753e-01+j6.48700144891415142467e-01
  -7.30166942921413930634e-01+j6.55957756596134533567e-01
  -7.22211495994641405893e-01+j6.63137266815346348992e-01
  -7.14114853645922198488e-01+j6.70236481160434438564e-01
  -7.05875059048653663574e-01+j6.77253054900757378576e-01
  -6.97490109498267840671e-01+j6.84184486694904281379e-01
  -6.88957958036719997352e-01+j6.91028111900269137458e-01
  -6.80276515295302197650e-01+j6.97781095443119170341e-01
  -6.71443651586754119975e-01+j7.04440424230481698764e-01
  -6.62457199280457542656e-01+j7.11002899084421935427e-01
  -6.53314955497629967773e-01+j7.17465126178549073011e-01
  -6.44014685167020761725e-01+j7.23823507955951406245e-01
  -6.34554124485359749563e-01+j7.30074233507226111328e-01
  -6.24930984831109426203e-01+j7.36213268386909702734e-01
  -6.15142957184791949743e-01+j7.42236343846309432060e-01
  -6.05187717114196388479e-01+j7.48138945460789073216e-01
  -5.95062930388571165174e-01+j7.53916301129666233116e-01
  -5.84766259291923717889e-01+j7.59563368427470186894e-01
  -5.74295369712479630842e-01+j7.65074821286060302583e-01
  -5.63647939092644434389e-01+j7.70445035988431281559e-01
  -5.52821665331952760702e-01+j7.75668076456712651812e-01
  -5.41814276744252976137e-01+j7.80737678819252156615e-01
  -5.30623543179946532966e-01+j7.85647235244644193131e-01
  -5.19247288434499965071e-01+j7.90389777034380736076e-01
  -5.07683404075669253430e-01+j7.94957956970595347457e-01
  -4.95929864833999978213e-01+j7.99344030921162240766e-01
  -4.83984745714258590699e-01+j8.03539838711602172339e-01
  -4.71846240999492183565e-01+j8.07536784281812414221e-01
  -4.59512685334391379754e-01+j8.11325815156017982055e-01
  -4.46982577090650368135e-01+j8.14897401266587606550e-01
  -4.34254604233993701801e-01+j8.18241513187026536791e-01
  -4.21327672930375207727e-01+j8.21347599846594222939e-01
  -4.08200939147638108828e-01+j8.24204565819254164616e-01
  -3.94873843528392942659e-01+j8.26800748303273658202e-01
  -3.81346149829853542368e-01+j8.29123893935287403778e-01
  -3.67617987246919075695e-01+j8.31161135614627788470e-01
  -3.53689896955074911666e-01+j8.32898969550578405219e-01
  -3.39562883229957146458e-01+j8.34323232787814950129e-01
  -3.25238469519657513729e-01+j8.35419081514070183125e-01
  -3.10718759863679916400e-01+j8.36170970509971023255e-01
  -2.96006506068098196316e-01+j8.36562634164607077381e-01
  -2.81105181058752484624e-01+j8.36577069552660312901e-01
  -2.66019058842392130959e-01+j8.36196522150619903080e-01
  -2.50753301507638026724e-01+j8.35402474861494881431e-01
  -2.35314053692257107997e-01+j8.34175641120391331285e-01
  -2.19708544928009980035e-01+j8.32495962968049063591e-01
  -2.03945200247019980955e-01+j8.30342615106425152582e-01
  -1.88033759391367127911e-01+j8.27694016090201878377e-01
  -1.71985404906773692302e-01+j8.24527847960728310639e-01
  -1.55812899318513109481e-01+j8.20821085794142035752e-01
  -1.39530731477839398114e-01+j8.16550038812507761321e-01
  -1.23155272026202716740e-01+j8.11690404894252925949e-01
  -1.06704937745879399613e-01+j8.06217340515801628165e-01
  -9.02003643442065572433e-02+j8.00105548356582096936e-01
  -7.36645869468305486416e-02+j7.93329384999863829186e-01
  -5.71232272476195901412e-02+j7.85862991355853579556e-01
  -4.06046858708401653404e-02+j7.77680448612735775171e-01
  -2.41403380392833377677e-02+j7.68755962675327086941e-01
  -7.76473010313718028930e-03+j7.59064080166590549048e-01
  +8.48422613603031297580e-03+j7.48579939128001359272e-01
  +2.45650650773965653628e-02+j7.37279557541181684854e-01
  +4.04325895112004063403e-02+j7.25140162682580413644e-01
  +5.60377087824462313814e-02+j7.12140564088333705151e-01
  +7.13272993100200619621e-02+j6.98261572518086293115e-01
  +8.62440948483801372859e-02+j6.83486466731547337439e-01
  +1.00726614919489532163e-01+j6.67801509094770429087e-01
  +1.14709140884363750001e-01+j6.51196509979131477053e-01
  +1.28121750121703958936e-01+j6.33665439570078259379e-01
  +1.40890419676341693833e-01+j6.15207084035059637017e-01
  +1.52937211459540478575e-01+j5.95825740987820706707e-01
  +1.64180551538100016895e-01+j5.75531946819720419128e-01
  +1.74535616137019289340e-01+j5.54343225755024593404e-01
  +1.83914836586303087618e-01+j5.32284847458010634824e-01
  +1.92228534443326465331e-01+j5.09390576736405087388e-01
  +1.99385696293599229412e-01+j4.85703395446363761501e-01
  +2.05294895157927120843e-01+j4.61276173248796994564e-01
  +2.09865361915924114600e-01+j4.36172260580564297161e-01
  +2.13008205632497699122e-01+j4.10465974318105053520e-01
  +2.14637776134429553165e-01+j3.84242944398287711305e-01
  +2.14673155687745337294e-01+j3.57600288426799417518e-01
  +2.13039759318355059747e-01+j3.30646581368819802993e-01
  +2.09671015444473335387e-01+j3.03501589093318369095e-01
  +2.04510090403125482927e-01+j2.76295738104891608344e-01
  +1.97511612614578752067e-01+j2.49169299444836345181e-01
  +1.88643345089931468994e-01+j2.22271272561491650688e-01
  +1.77887749364319475154e-01+j1.95757964872389889077e-01
  +1.65243380367772946249e-01+j1.69791274517714141368e-01
  +1.50726050827655888575e-01+j1.44536696987307394791e-01
  +1.34369706027882312993e-01+j1.20161090242408702400e-01
  +1.16226955454742333917e-01+j9.68302468242324687608e-02
  +9.63692171257711088783e-02+j7.47063342956925668936e-02
  +7.48864430299134437030e-02+j5.39452761990419915605e-02
  +5.18864096030803162440e-02+j3.46941535739075865297e-02
  +2.74935747245422246188e-02+j1.70887111516179086845e-02
  +1.84752130231354005918e-03+j1.25105205139042739704e-03
  -2.48989740923516167381e-02-j1.27124001000826717528e-02
</dep>
<dep S[2,1] frequency>
  +1.55661732575156308567e-01-j4.15427849590740250196e-01
  +1.37667402604667005184e-01-j4.00498340933181096180e-01
  +1.21510659244091850928e-01-j3.85801946229079484318e-01
  +1.06987685721369338299e-01-j3.71405223906263459721e-01
  +9.39186388166614316564e-02-j3.57352717059357005702e-01
  +8.21452438484952390807e-02-j3.43672409492676300680e-01
  +7.15284111125673860432e-02-j3.30379913720650286724e-01
  +6.19459834176250209725e-02-j3.17481675242890226674e-01
  +5.32906696502700588658e-02-j3.04977417557741992127e-01
  +4.54681855857910974250e-02-j2.92862003177170759916e-01
  +3.83956031257327787265e-02-j2.81126846477423475434e-01
  +3.19998978711164422384e-02-j2.69760983144199606443e-01
  +2.62166791824829104041e-02-j2.58751876751046439029e-01
  +2.09890845076367051070e-02-j2.48086024270932459235e-01
  +1.62668194027784929201e-02-j2.37749407894753211901e-01
  +1.20053254569904011007e-02-j2.27727829457337799246e-01
  +8.16505970486624058080e-03-j2.18007155287032988733e-01
  +4.71087074070633809314e-03-j2.08573492799489085270e-01
  +1.61145842904143938613e-03-j1.99413315183712192002e-01
  -1.16109427370757298421e-03-j1.90513546720683518698e-01
  -3.63172737260269301585e-03-j1.81861618357068599572e-01
  -5.82275639746818694797e-03-j1.73445500918382594646e-01
  -7.75417891376439273599e-03-j1.65253721627854871512e-01
  -9.44394137098998089075e-03-j1.57275368276493660025e-01
  -1.09081717693572510103e-02-j1.49500084373927116799e-01
  -1.21613828413273932644e-02-j1.41918057827087384926e-01
  -1.32166497712112203378e-02-j1.34520005090861927144e-01
  -1.40857658994343656195e-02-j1.27297152269862268170e-01
  -1.47793793653969891821e-02-j1.20241214291669742953e-01
  -1.53071132223026266234e-02-j1.13344372995426448392e-01
  -1.56776711986855825376e-02-j1.06599254766154824536e-01
  -1.58989309754493934879e-02-j9.99989081808758395464e-02
  -1.59780265863121578862e-02-j9.35367820062108640267e-02
  -1.59214213268787166400e-02-j8.72067037899935809664e-02
  -1.57349723673589417250e-02-j8.10028592151889881290e-02
  -1.54239881014121751196e-02-j7.49197723277780919249e-02
  -1.49932791244479796805e-02-j6.89522867072855233372e-02
  -1.44472036155482118358e-02-j6.30955476163344713969e-02
  -1.37897077949142420755e-02-j5.73449851415136005461e-02
  -1.30243620409508636254e-02-j5.16962983201051176629e-02
  -1.21543931755000167438e-02-j4.61454402343350958415e-02
  -1.11827133607395497183e-02-j4.06886040458738496017e-02
  -1.01119459950462387693e-02-j3.53222099370720729605e-02
  -8.94444894670038369300e-03-j3.00428929215750782633e-02
  -7.68233542228000457208e-03-j2.48474914846304045790e-02
  -6.32749273028856539652e-03-j1.97330370125469549414e-02
  -4.88159916897551362375e-03-j1.46967439706440911040e-02
  -3.34613923988725863942e-03-j9.73600078973276862604e-03
  -1.72241736484968124138e-03-j4.84836142237509998970e-03
  -1.15702632306432993102e-05-j3.15375316370308119937e-05
  +1.78542187176418572225e-03+j4.71660872315377531494e-03
  +3.66772527493298191453e-03+j9.39807133721425221051e-03
  +5.63464348007599192397e-03+j1.40147065792931863754e-02
  +7.68560906335974663300e-03+j1.85682386083751704842e-02
  +9.82017617292126575312e-03+j2.30602646156263316191e-02
  +1.20380137679810487322e-02+j2.74922595171531412850e-02
  +1.43388994989377734773e-02+j3.18655802210834268595e-02
  +1.67227141672460222210e-02+j3.61814694907303668892e-02
  +1.91894367101801341380e-02+j4.04410594236312703753e-02
  +2.17391396612996862236e-02+j4.46453745646291644267e-02
  +2.43719850423576855913e-02+j4.87953346693914685739e-02
  +2.70882206467660709148e-02+j5.28917571331836214310e-02
  +2.98881766786390605517e-02+j5.69353590982345433846e-02
  +3.27722627147982031870e-02+j6.09267592514689121375e-02
  +3.57409649601513265682e-02+j6.48664793230828984338e-02
  +3.87948437694846451351e-02+j6.87549452950202144574e-02
  +4.19345314110386169215e-02+j7.25924883271922144479e-02
  +4.51607300492513560886e-02+j7.63793454080068795475e-02
  +4.84742099258364950165e-02+j8.01156597346095594725e-02
  +5.18758077199064707163e-02+j8.38014808271300426501e-02
  +5.53664250691394549397e-02+j8.74367643800557231559e-02
  +5.89470272351490451324e-02+j9.10213718528624371462e-02
  +6.26186418971612646089e-02+j9.45550698009554047019e-02
  +6.63823580588375206091e-02+j9.80375289469496979944e-02
  +7.02393250537722418914e-02+j1.01468322991370013542e-01
  +7.41907516355885948700e-02+j1.04846927160804237467e-01
  +7.82379051389734958555e-02+j1.08172716490677695012e-01
  +8.23821106980804629405e-02+j1.11444963838750327190e-01
  +8.66247505089095398700e-02+j1.14662837624598584751e-01
  +9.09672631220727889723e-02+j1.17825399289320939533e-01
  +9.54111427522660593414e-02+j1.20931600468826755401e-01
  +9.99579385903400646773e-02+j1.23980279873097204435e-01
  +1.04609254103426155269e-01+j1.26970159862856979416e-01
  +1.09366746307968748519e-01+j1.29899842714217339523e-01
  +1.14232124999732856385e-01+j1.32767806560828066642e-01
  +1.19207151923922505254e-01+j1.35572401002179404594e-01
  +1.24293639867555164025e-01+j1.38311842365760967466e-01
  +1.29493451654869834444e-01+j1.40984208609785610644e-01
  +1.34808499025230538182e-01+j1.43587433852297913228e-01
  +1.40240741371315452701e-01+j1.46119302511555415602e-01
  +1.45792184313545430951e-01+j1.48577443041579299043e-01
  +1.51464878084669629654e-01+j1.50959321245979827264e-01
  +1.57260915696141811981e-01+j1.53262233152195531671e-01
  +1.63182430855312421425e-01+j1.55483297427494865373e-01
  +1.69231595599653367179e-01+j1.57619447317298461142e-01
  +1.75410617611100050350e-01+j1.59667422085666393938e-01
  +1.81721737170000563477e-01+j1.61623757937132711549e-01
  +1.88167223704439029452e-01+j1.63484778398573366021e-01
  +1.94749371886357380834e-01+j1.65246584139398439151e-01
  +2.01470497221231115148e-01+j1.66905042208065845788e-01
  +2.08332931072966992536e-01+j1.68455774662971263789e-01
  +2.15339015059948346575e-01+j1.69894146575878063343e-01
  +2.22491094752071100205e-01+j1.71215253386615529063e-01
  +2.29791512591748764427e-01+j1.72413907588565035178e-01
  +2.37242599954528149420e-01+j1.73484624725736141793e-01
  +2.44846668256831878629e-01+j1.74421608683962697794e-01
  +2.52605999009582971038e-01+j1.75218736261084112593e-01
  +2.60522832706891083188e-01+j1.75869541003982277072e-01
  +2.68599356428580016143e-01+j1.76367196304153733832e-01
  +2.76837690024124394306e-01+j1.76704497748270988877e-01
  +2.85239870733420608495e-01+j1.76873844726009227246e-01
  +2.93807836086748042081e-01+j1.76867221304579047558e-01
  +3.02543404912211710833e-01+j1.76676176387975419901e-01
  +3.11448256264006184679e-01+j1.76291803189356499626e-01
  +3.20523906068788666524e-01+j1.75704718057172248891e-01
  +3.29771681270507432959e-01+j1.74905038710364280075e-01
  +3.39192691236174959091e-01+j1.73882361955082553884e-01
  +3.48787796166284913557e-01+j1.72625740975624719642e-01
  +3.58557572234139809719e-01+j1.71123662315902341780e-01
  +3.68502273158328064184e-01+j1.69364022695266819296e-01
  +3.78621787892066463677e-01+j1.67334105834470642238e-01
  +3.88915594092848149188e-01+j1.65020559504442027032e-01
  +3.99382707015529581085e-01+j1.62409373053117672692e-01
  +4.10021623452801964316e-01+j1.59485855714374902270e-01
  +4.20830260329111915940e-01+j1.56234616059009706612e-01
  +4.31805887538504684642e-01+j1.52639543011312300846e-01
  +4.42945054604534760312e-01+j1.48683788927079868492e-01
  +4.54243510732344479841e-01+j1.44349755310568372835e-01
  +4.65696117821034039075e-01+j1.39619081839811920442e-01
  +4.77296756009828349043e-01+j1.34472639472666355420e-01
  +4.89038221346783541499e-01+j1.28890528520668734558e-01
  +5.00912115196079699153e-01+j1.22852082704797208046e-01
  +5.12908725042200863697e-01+j1.16335880347014711256e-01
  +5.25016896410128275363e-01+j1.09319764004086938947e-01
  +5.37223895703417664294e-01+j1.01780870015438063003e-01
  +5.49515263871864334533e-01+j9.36956696138596251133e-02
  +5.61874660961492744526e-01+j8.50400234353693579292e-02
  +5.74283701778224076051e-01+j7.57892514600950750747e-02
  +5.86721783118061113171e-01+j6.59182206163864276016e-02
  +5.99165903288340628841e-01+j5.54014524805722108347e-02
  +6.11590474972449560376e-01+j4.42132536988285307356e-02
  +6.23967132882358055390e-01+j3.23278719368001871137e-02
  +6.36264538105311583394e-01+j1.97196803166836583110e-02
  +6.48448181589875605191e-01+j6.36339341698005222375e-03
  +6.60480189836968101247e-01-j7.76568202907280090430e-03
  +6.72319136567097408452e-01-j2.26913586139860998236e-02
  +6.83919864925880749418e-01-j3.84362389036334434200e-02
  +6.95233325663059065214e-01-j5.50213424748815654874e-02
  +7.06206437666997199898e-01-j7.24656869544458015486e-02
  +7.16781978241870287860e-01-j9.07858212452002238946e-02
  +7.26898511555168158615e-01-j1.09995309922959236260e-01
  +7.36490364724910473448e-01-j1.30104168840764422566e-01
  +7.45487662014031382540e-01-j1.51118253323591161807e-01
  +7.53816428494663681725e-01-j1.73038602004087826991e-01
  +7.61398775264364280346e-01-j1.95860741362147344757e-01
  +7.68153178751219578579e-01-j2.19573958397670743192e-01
  +7.73994866732597874837e-01-j2.44160551579564705227e-01
  +7.78836323298118138325e-01-j2.69595073243137028918e-01
  +7.82587923988254718921e-01-j2.95843579891393371195e-01
  +7.85158710611420396219e-01-j3.22862910294982818904e-01
  +7.86457312667514396587e-01-j3.50600014741053622735e-01
  +7.86393018787896358468e-01-j3.78991362067441717176e-01
  +7.84876997078397087293e-01-j4.07962454004661800866e-01
  +7.81823657712499620054e-01-j4.37427478560910021343e-01
  +7.77152144625365304265e-01-j4.67289135419761969548e-01
  +7.70787935851198424686e-01-j4.97438666255817008022e-01
  +7.62664524172445124073e-01-j5.27756121196973460030e-01
  +7.52725141663145080884e-01-j5.58110889099388884915e-01
  +7.40924483870249894757e-01-j5.88362513653463259367e-01
  +7.27230382338164615952e-01-j6.18361809520800220774e-01
  +7.11625368558946758135e-01-j6.47952282779603150331e-01
  +6.94108068860210147832e-01-j6.76971848179028445891e-01
  +6.74694368824649615135e-01-j7.05254822520239188499e-01
  +6.53418288066388130986e-01-j7.32634159542992380310e-01
  +6.30332511893971991768e-01-j7.58943877825647095214e-01
  +6.05508535656440693984e-01-j7.84021620352293502343e-01
  +5.79036390200732165034e-01-j8.07711273564231446720e-01
  +5.51023932364503421510e-01-j8.29865565851328867986e-01
  +5.21595701989816862287e-01-j8.50348561367361366337e-01
  +4.90891365525839618034e-01-j8.69037965343762985881e-01
  +4.59063784680678654837e-01-j8.85827161980264787822e-01
</dep>
<dep S[1,2] frequency>
  +1.55661732575155919989e-01-j4.15427849590740583263e-01
  +1.37667402604667282739e-01-j4.00498340933180985157e-01
  +1.21510659244093890963e-01-j3.85801946229078762673e-01
  +1.06987685721372502434e-01-j3.71405223906262793587e-01
  +9.39186388166613483897e-02-j3.57352717059356950191e-01
  +8.21452438484967378818e-02-j3.43672409492677355392e-01
  +7.15284111125686489219e-02-j3.30379913720651674502e-01
  +6.19459834176250348503e-02-j3.17481675242890171162e-01
  +5.32906696502725568676e-02-j3.04977417557741548038e-01
  +4.54681855857926170428e-02-j2.92862003177172092183e-01
  +3.83956031257340693608e-02-j2.81126846477423253390e-01
  +3.19998978711164769329e-02-j2.69760983144199550932e-01
  +2.62166791824832469404e-02-j2.58751876751046494540e-01
  +2.09890845076367502098e-02-j2.48086024270932486990e-01
  +1.62668194027776914778e-02-j2.37749407894754072323e-01
  +1.20053254569906179411e-02-j2.27727829457338493135e-01
  +8.16505970486658232133e-03-j2.18007155287033072000e-01
  +4.71087074070734510012e-03-j2.08573492799489029759e-01
  +1.61145842904109114040e-03-j1.99413315183711331580e-01
  -1.16109427370774905865e-03-j1.90513546720682741542e-01
  -3.63172737260175756621e-03-j1.81861618357067211793e-01
  -5.82275639746818694797e-03-j1.73445500918382594646e-01
  -7.75417891376464947506e-03-j1.65253721627855676424e-01
  -9.44394137098967384469e-03-j1.57275368276493743291e-01
  -1.09081717693569491684e-02-j1.49500084373925645753e-01
  -1.21613828413274487755e-02-j1.41918057827086524503e-01
  -1.32166497712109757418e-02-j1.34520005090862732056e-01
  -1.40857658994344974585e-02-j1.27297152269861463258e-01
  -1.47793793653970221419e-02-j1.20241214291668951919e-01
  -1.53071132223024236607e-02-j1.13344372995426434514e-01
  -1.56776711986855825376e-02-j1.06599254766154824536e-01
  -1.58989309754488453152e-02-j9.99989081808759366909e-02
  -1.59780265863121648251e-02-j9.35367820062108917822e-02
  -1.59214213268789039901e-02-j8.72067037899935254552e-02
  -1.57349723673587578443e-02-j8.10028592151897791629e-02
  -1.54239881014125029823e-02-j7.49197723277780502915e-02
  -1.49932791244478860054e-02-j6.89522867072839690250e-02
  -1.44472036155482604081e-02-j6.30955476163352624308e-02
  -1.37897077949147382064e-02-j5.73449851415135034016e-02
  -1.30243620409507820934e-02-j5.16962983201051315407e-02
  -1.21543931754996038797e-02-j4.61454402343335623460e-02
  -1.11827133607397093129e-02-j4.06886040458737663350e-02
  -1.01119459950461867276e-02-j3.53222099370720729605e-02
  -8.94444894670038716245e-03-j3.00428929215750921411e-02
  -7.68233542227979987471e-03-j2.48474914846300472260e-02
  -6.32749273028872932789e-03-j1.97330370125469133080e-02
  -4.88159916897492988930e-03-j1.46967439706442160041e-02
  -3.34613923988735795234e-03-j9.73600078973332026810e-03
  -1.72241736484998221590e-03-j4.84836142237581989994e-03
  -1.15702632306228485467e-05-j3.15375316370359551777e-05
  +1.78542187176404607701e-03+j4.71660872315379613162e-03
  +3.66772527493314194277e-03+j9.39807133721419496464e-03
  +5.63464348007587396278e-03+j1.40147065792928533084e-02
  +7.68560906335976484760e-03+j1.85682386083744176142e-02
  +9.82017617292142187824e-03+j2.30602646156262518218e-02
  +1.20380137679814824131e-02+j2.74922595171537206826e-02
  +1.43388994989385020612e-02+j3.18655802210841970767e-02
  +1.67227141672465218214e-02+j3.61814694907302003557e-02
  +1.91894367101801480158e-02+j4.04410594236312981309e-02
  +2.17391396612996723459e-02+j4.46453745646292199378e-02
  +2.43719850423581262111e-02+j4.87953346693917253130e-02
  +2.70882206467657690729e-02+j5.28917571331837046977e-02
  +2.98881766786390605517e-02+j5.69353590982345433846e-02
  +3.27722627147984668650e-02+j6.09267592514692243877e-02
  +3.57409649601510281958e-02+j6.48664793230829817006e-02
  +3.87948437694848186075e-02+j6.87549452950195066903e-02
  +4.19345314110385752882e-02+j7.25924883271920201588e-02
  +4.51607300492510577161e-02+j7.63793454080061717804e-02
  +4.84742099258370154335e-02+j8.01156597346090737499e-02
  +5.18758077199064707163e-02+j8.38014808271300148945e-02
  +5.53664250691394480008e-02+j8.74367643800557647893e-02
  +5.89470272351492324825e-02+j9.10213718528620069348e-02
  +6.26186418971612090978e-02+j9.45550698009554740908e-02
  +6.63823580588380479650e-02+j9.80375289469499755501e-02
  +7.02393250537723667914e-02+j1.01468322991369971908e-01
  +7.41907516355887614035e-02+j1.04846927160804681556e-01
  +7.82379051389733709554e-02+j1.08172716490677722767e-01
  +8.23821106980805878406e-02+j1.11444963838750230045e-01
  +8.66247505089096925257e-02+j1.14662837624598445974e-01
  +9.09672631220726918277e-02+j1.17825399289321272600e-01
  +9.54111427522656985190e-02+j1.20931600468827032957e-01
  +9.99579385903391626211e-02+j1.23980279873096760346e-01
  +1.04609254103425378113e-01+j1.26970159862857034927e-01
  +1.09366746307968568108e-01+j1.29899842714217617079e-01
  +1.14232124999732162496e-01+j1.32767806560827733575e-01
  +1.19207151923922782810e-01+j1.35572401002178821727e-01
  +1.24293639867554969736e-01+j1.38311842365760967466e-01
  +1.29493451654869889955e-01+j1.40984208609785582889e-01
  +1.34808499025230676960e-01+j1.43587433852298329562e-01
  +1.40240741371315452701e-01+j1.46119302511555360091e-01
  +1.45792184313545514218e-01+j1.48577443041578965977e-01
  +1.51464878084670323544e-01+j1.50959321245979688486e-01
  +1.57260915696142394848e-01+j1.53262233152195614938e-01
  +1.63182430855312171625e-01+j1.55483297427495004150e-01
  +1.69231595599653256157e-01+j1.57619447317298932987e-01
  +1.75410617611100189128e-01+j1.59667422085666782516e-01
  +1.81721737170000507966e-01+j1.61623757937132739304e-01
  +1.88167223704439223742e-01+j1.63484778398573754599e-01
  +1.94749371886357547368e-01+j1.65246584139398161595e-01
  +2.01470497221231475971e-01+j1.66905042208066012321e-01
  +2.08332931072966881514e-01+j1.68455774662971458078e-01
  +2.15339015059948540864e-01+j1.69894146575878479677e-01
  +2.22491094752071183471e-01+j1.71215253386615695597e-01
  +2.29791512591748486871e-01+j1.72413907588565229467e-01
  +2.37242599954527955131e-01+j1.73484624725736336082e-01
  +2.44846668256832100674e-01+j1.74421608683963058617e-01
  +2.52605999009583415127e-01+j1.75218736261084889749e-01
  +2.60522832706890805632e-01+j1.75869541003981749716e-01
  +2.68599356428580071654e-01+j1.76367196304153983633e-01
  +2.76837690024124116750e-01+j1.76704497748271099899e-01
  +2.85239870733420441962e-01+j1.76873844726009726847e-01
  +2.93807836086748042081e-01+j1.76867221304578603469e-01
  +3.02543404912211655322e-01+j1.76676176387975447657e-01
  +3.11448256264006295702e-01+j1.76291803189356471870e-01
  +3.20523906068788222434e-01+j1.75704718057172415424e-01
  +3.29771681270507710515e-01+j1.74905038710364030274e-01
  +3.39192691236175236646e-01+j1.73882361955082775928e-01
  +3.48787796166284080890e-01+j1.72625740975625857621e-01
  +3.58557572234139865230e-01+j1.71123662315902591580e-01
  +3.68502273158327620095e-01+j1.69364022695266652763e-01
  +3.78621787892066075099e-01+j1.67334105834471058571e-01
  +3.88915594092848149188e-01+j1.65020559504442054788e-01
  +3.99382707015529636596e-01+j1.62409373053117783714e-01
  +4.10021623452802297383e-01+j1.59485855714374763492e-01
  +4.20830260329111638384e-01+j1.56234616059009012723e-01
  +4.31805887538504851175e-01+j1.52639543011312606158e-01
  +4.42945054604534704801e-01+j1.48683788927079313380e-01
  +4.54243510732344479841e-01+j1.44349755310568456101e-01
  +4.65696117821033928053e-01+j1.39619081839811920442e-01
  +4.77296756009828071488e-01+j1.34472639472666494198e-01
  +4.89038221346783430477e-01+j1.28890528520669345180e-01
  +5.00912115196079810175e-01+j1.22852082704798040713e-01
  +5.12908725042200752675e-01+j1.16335880347015210856e-01
  +5.25016896410128164341e-01+j1.09319764004086536491e-01
  +5.37223895703417553271e-01+j1.01780870015437965859e-01
  +5.49515263871864334533e-01+j9.36956696138596251133e-02
  +5.61874660961493188616e-01+j8.50400234353690387401e-02
  +5.74283701778224409118e-01+j7.57892514600942562852e-02
  +5.86721783118060669082e-01+j6.59182206163864831128e-02
  +5.99165903288341183952e-01+j5.54014524805727451295e-02
  +6.11590474972449449353e-01+j4.42132536988285862467e-02
  +6.23967132882358277435e-01+j3.23278719368006867141e-02
  +6.36264538105311472371e-01+j1.97196803166827215603e-02
  +6.48448181589875827235e-01+j6.36339341697900531813e-03
  +6.60480189836967768180e-01-j7.76568202907330484147e-03
  +6.72319136567097630497e-01-j2.26913586139855100177e-02
  +6.83919864925880527373e-01-j3.84362389036334781145e-02
  +6.95233325663057954991e-01-j5.50213424748807952702e-02
  +7.06206437666996866831e-01-j7.24656869544456072596e-02
  +7.16781978241870620927e-01-j9.07858212452008483950e-02
  +7.26898511555168380660e-01-j1.09995309922959597082e-01
  +7.36490364724910584471e-01-j1.30104168840764311543e-01
  +7.45487662014031382540e-01-j1.51118253323590773229e-01
  +7.53816428494663348658e-01-j1.73038602004087438413e-01
  +7.61398775264364280346e-01-j1.95860741362147344757e-01
  +7.68153178751219578579e-01-j2.19573958397671964438e-01
  +7.73994866732598318926e-01-j2.44160551579563844804e-01
  +7.78836323298118471392e-01-j2.69595073243137473007e-01
  +7.82587923988254052787e-01-j2.95843579891393593240e-01
  +7.85158710611420840308e-01-j3.22862910294982652371e-01
  +7.86457312667514618632e-01-j3.50600014741053345180e-01
  +7.86393018787896469490e-01-j3.78991362067442105754e-01
  +7.84876997078396865248e-01-j4.07962454004662744556e-01
  +7.81823657712499286987e-01-j4.37427478560910132366e-01
  +7.77152144625364860175e-01-j4.67289135419762469148e-01
  +7.70787935851198202641e-01-j4.97438666255817119044e-01
  +7.62664524172446012251e-01-j5.27756121196973349008e-01
  +7.52725141663145747017e-01-j5.58110889099388884915e-01
  +7.40924483870250449868e-01-j5.88362513653462926300e-01
  +7.27230382338163283684e-01-j6.18361809520800886908e-01
  +7.11625368558946536091e-01-j6.47952282779603816465e-01
  +6.94108068860210258855e-01-j6.76971848179028112824e-01
  +6.74694368824649171046e-01-j7.05254822520239077477e-01
  +6.53418288066387797919e-01-j7.32634159542991714176e-01
  +6.30332511893970770522e-01-j7.58943877825648205437e-01
  +6.05508535656440916028e-01-j7.84021620352293058254e-01
  +5.79036390200732165034e-01-j8.07711273564231668765e-01
  +5.51023932364503088444e-01-j8.29865565851328867986e-01
  +5.21595701989816862287e-01-j8.50348561367361255314e-01
  +4.90891365525840006612e-01-j8.69037965343763652015e-01
  +4.59063784680678321770e-01-j8.85827161980265120889e-01
</dep>
<dep S[1,1] frequency>
  -8.38919584818483499156e-01-j3.14318347307897261178e-01
  -8.56378880565613842535e-01-j2.94346637095393881545e-01
  -8.71975041015895957486e-01-j2.74609960746286019262e-01
  -8.85911871429320929572e-01-j2.55174968632039811389e-01
  -8.98369204277623123467e-01-j2.36086296086271685279e-01
  -9.09505304135959202760e-01-j2.17372019441074593171e-01
  -9.19459251144251976662e-01-j1.99047844022336689607e-01
  -9.28353193389017561366e-01-j1.81120308421095721485e-01
  -9.36294413270343683919e-01-j1.63589229504468886001e-01
  -9.43377186634185349590e-01-j1.46449563428871276649e-01
  -9.49684433487060553070e-01-j1.29692818489834493789e-01
  -9.55289170382665697723e-01-j1.13308124567070206412e-01
  -9.60255780327844532529e-01-j9.72830397033349614233e-02
  -9.64641118426025956367e-01-j8.16041556170573612050e-02
  -9.68495471831562482201e-01-j6.62575495223366173203e-02
  -9.71863391804350662539e-01-j5.12291185568848408960e-02
  -9.74784414279358024658e-01-j3.65048246339074941580e-02
  -9.77293683737201268613e-01-j2.20708710385160850054e-02
  -9.79422493480618494566e-01-j7.91382711669274402366e-03
  -9.81198753801721945678e-01+j5.97928640290090740450e-03
  -9.82647398025940810307e-01+j1.96209418318024110539e-02
  -9.83790735067314736639e-01+j3.30230713049594615249e-02
  -9.84648755932623354070e-01+j4.61970502580479752686e-02
  -9.85239400564156042606e-01+j5.91536932534163506503e-02
  -9.85578790501718260408e-01+j7.19032588251117266154e-02
  -9.85681432060352413771e-01+j8.44554607959034087106e-02
  -9.85560394046889776121e-01+j9.68194841222331237240e-02
  -9.85227463461846975079e-01+j1.09004003787920966673e-01
  -9.84693282140512993195e-01+j1.21017205626280266451e-01
  -9.83967466866575324325e-01+j1.32866808226818067240e-01
  -9.83058715132916871582e-01+j1.44560085296098650431e-01
  -9.81974898418386477061e-01+j1.56103888006735663785e-01
  -9.80723144588387829579e-01+j1.67504666994830880844e-01
  -9.79309910804453953581e-01+j1.78768493763341140834e-01
  -9.77741048137831580966e-01+j1.89901081323066878159e-01
  -9.76021858919498996876e-01+j2.00907803959640862690e-01
  -9.74157147719933114161e-01+j2.11793716057804726205e-01
  -9.72151266732778962520e-01+j2.22563569946619410622e-01
  -9.70008156234294482978e-01+j2.33221832753347985134e-01
  -9.67731380702668952942e-01+j2.43772702271400687479e-01
  -9.65324161105727052146e-01+j2.54220121860760484012e-01
  -9.62789403800500709352e-01+j2.64567794408107848092e-01
  -9.60129726431969587885e-01+j2.74819195380206826584e-01
  -9.57347481169837033477e-01+j2.84977585007863409849e-01
  -9.54444775580179594066e-01+j2.95046019640195389400e-01
  -9.51423491392497044927e-01+j3.05027362309726768341e-01
  -9.48285301391134649585e-01+j3.14924292548968365324e-01
  -9.45031684632588575568e-01+j3.24739315498475900057e-01
  -9.41663940166403312659e-01+j3.34474770345097538460e-01
  -9.38183199416499524759e-01+j3.44132838127745033230e-01
  -9.34590437361684567286e-01+j3.53715548946130886598e-01
  -9.30886482638160206449e-01+j3.63224788606092252596e-01
  -9.27072026673025351151e-01+j3.72662304733074822849e-01
  -9.23147631945537061604e-01+j3.82029712383348485361e-01
  -9.19113739462271706060e-01+j3.91328499180463529328e-01
  -9.14970675522907228583e-01+j4.00560030002524491977e-01
  -9.10718657845151824404e-01+j4.09725551243788510547e-01
  -9.06357801110012517576e-01+j4.18826194672376306283e-01
  -9.01888121982308388347e-01+j4.27862980903836065405e-01
  -8.97309543655601005163e-01+j4.36836822508796129849e-01
  -8.92621899965803544674e-01+j4.45748526771038988681e-01
  -8.87824939113359690168e-01+j4.54598798110868618227e-01
  -8.82918327029950211760e-01+j4.63388240187073030540e-01
  -8.77901650422371448990e-01+j4.72117357689279815158e-01
  -8.72774419523150268851e-01+j4.80786557831167749022e-01
  -8.67536070574856932325e-01+j4.89396151553611935547e-01
  -8.62185968072764152836e-01+j4.97946354445581662596e-01
  -8.56723406788439945103e-01+j5.06437287389383428149e-01
  -8.51147613595128360586e-01+j5.14868976935641708970e-01
  -8.45457749114204459850e-01+j5.23241355412299546934e-01
  -8.39652909200682251445e-01+j5.31554260770798925329e-01
  -8.33732126284653540793e-01+j5.39807436171523935542e-01
  -8.27694370584524663492e-01+j5.48000529309606632111e-01
  -8.21538551207217415673e-01+j5.56133091481090136021e-01
  -8.15263517149815597485e-01+j5.64204576388559919664e-01
  -8.08868058216720142717e-01+j5.72214338684255752199e-01
  -8.02350905865986896437e-01+j5.80161632247846670296e-01
  -7.95710733998397978795e-01+j5.88045608194970981231e-01
  -7.88946159702681448778e-01+j5.95865312611792541375e-01
  -7.82055743970451300306e-01+j6.03619684009838453065e-01
  -7.75037992394554287046e-01+j6.11307550494447959899e-01
  -7.67891355864936064890e-01+j6.18927626639250383356e-01
  -7.60614231276560026629e-01+j6.26478510058103621461e-01
  -7.53204962264537480898e-01+j6.33958677665035552629e-01
  -7.45661839982397545157e-01+j6.41366481611764682746e-01
  -7.37983103940347606731e-01+j6.48700144891415031445e-01
  -7.30166942921414374723e-01+j6.55957756596134422544e-01
  -7.22211495994641183849e-01+j6.63137266815346348992e-01
  -7.14114853645922198488e-01+j6.70236481160434327542e-01
  -7.05875059048653996641e-01+j6.77253054900757489598e-01
  -6.97490109498267951693e-01+j6.84184486694903948312e-01
  -6.88957958036719775308e-01+j6.91028111900268804391e-01
  -6.80276515295301420494e-01+j6.97781095443119059318e-01
  -6.71443651586754342020e-01+j7.04440424230481698764e-01
  -6.62457199280457764701e-01+j7.11002899084421602360e-01
  -6.53314955497628857550e-01+j7.17465126178548850966e-01
  -6.44014685167020872747e-01+j7.23823507955951406245e-01
  -6.34554124485359527519e-01+j7.30074233507226333373e-01
  -6.24930984831109426203e-01+j7.36213268386908814556e-01
  -6.15142957184790950542e-01+j7.42236343846309432060e-01
  -6.05187717114197165635e-01+j7.48138945460789184239e-01
  -5.95062930388571720286e-01+j7.53916301129666011072e-01
  -5.84766259291923939934e-01+j7.59563368427470408939e-01
  -5.74295369712479852886e-01+j7.65074821286060635650e-01
  -5.63647939092644101322e-01+j7.70445035988431170537e-01
  -5.52821665331953093769e-01+j7.75668076456711763633e-01
  -5.41814276744253309204e-01+j7.80737678819253044793e-01
  -5.30623543179946977055e-01+j7.85647235244643415975e-01
  -5.19247288434500187115e-01+j7.90389777034380958121e-01
  -5.07683404075669364452e-01+j7.94957956970595569501e-01
  -4.95929864834000366791e-01+j7.99344030921162351788e-01
  -4.83984745714258757232e-01+j8.03539838711601950294e-01
  -4.71846240999492183565e-01+j8.07536784281812969333e-01
  -4.59512685334391268732e-01+j8.11325815156018093077e-01
  -4.46982577090650590179e-01+j8.14897401266587606550e-01
  -4.34254604233993535267e-01+j8.18241513187026314746e-01
  -4.21327672930374819149e-01+j8.21347599846594333961e-01
  -4.08200939147638885984e-01+j8.24204565819255274839e-01
  -3.94873843528393220215e-01+j8.26800748303273547180e-01
  -3.81346149829853264812e-01+j8.29123893935287847867e-01
  -3.67617987246919353250e-01+j8.31161135614628454604e-01
  -3.53689896955074856155e-01+j8.32898969550579071353e-01
  -3.39562883229957535036e-01+j8.34323232787814950129e-01
  -3.25238469519657791285e-01+j8.35419081514069739036e-01
  -3.10718759863679638844e-01+j8.36170970509970579165e-01
  -2.96006506068097807738e-01+j8.36562634164607299425e-01
  -2.81105181058752429113e-01+j8.36577069552659868812e-01
  -2.66019058842392186470e-01+j8.36196522150619681035e-01
  -2.50753301507638304280e-01+j8.35402474861495103475e-01
  -2.35314053692257246775e-01+j8.34175641120391664352e-01
  -2.19708544928009785746e-01+j8.32495962968050062791e-01
  -2.03945200247020064221e-01+j8.30342615106425818716e-01
  -1.88033759391367377711e-01+j8.27694016090202655533e-01
  -1.71985404906773248213e-01+j8.24527847960728421661e-01
  -1.55812899318512582125e-01+j8.20821085794142590863e-01
  -1.39530731477839536891e-01+j8.16550038812507428254e-01
  -1.23155272026202314284e-01+j8.11690404894252814927e-01
  -1.06704937745879940847e-01+j8.06217340515800851009e-01
  -9.02003643442064323432e-02+j8.00105548356582541025e-01
  -7.36645869468298408744e-02+j7.93329384999864384298e-01
  -5.71232272476199232081e-02+j7.85862991355854245690e-01
  -4.06046858708403249349e-02+j7.77680448612736441305e-01
  -2.41403380392836708346e-02+j7.68755962675326420808e-01
  -7.76473010313668068894e-03+j7.59064080166589882914e-01
  +8.48422613602989664217e-03+j7.48579939128001137227e-01
  +2.45650650773967145490e-02+j7.37279557541182462010e-01
  +4.04325895112006492016e-02+j7.25140162682579525466e-01
  +5.60377087824462799537e-02+j7.12140564088334149240e-01
  +7.13272993100201174732e-02+j6.98261572518086737205e-01
  +8.62440948483804148417e-02+j6.83486466731546671305e-01
  +1.00726614919489670941e-01+j6.67801509094769762953e-01
  +1.14709140884363514079e-01+j6.51196509979131699097e-01
  +1.28121750121703958936e-01+j6.33665439570078037335e-01
  +1.40890419676341249744e-01+j6.15207084035060081106e-01
  +1.52937211459540589598e-01+j5.95825740987820817729e-01
  +1.64180551538100127917e-01+j5.75531946819719530950e-01
  +1.74535616137020149763e-01+j5.54343225755025259538e-01
  +1.83914836586303476196e-01+j5.32284847458010634824e-01
  +1.92228534443326104508e-01+j5.09390576736404643299e-01
  +1.99385696293599340434e-01+j4.85703395446363150878e-01
  +2.05294895157926982066e-01+j4.61276173248797438653e-01
  +2.09865361915924086844e-01+j4.36172260580563908583e-01
  +2.13008205632497199522e-01+j4.10465974318103943297e-01
  +2.14637776134429525410e-01+j3.84242944398287877839e-01
  +2.14673155687744754427e-01+j3.57600288426798862407e-01
  +2.13039759318354976481e-01+j3.30646581368819747482e-01
  +2.09671015444474168055e-01+j3.03501589093318646650e-01
  +2.04510090403126176817e-01+j2.76295738104891663856e-01
  +1.97511612614579112890e-01+j2.49169299444836567226e-01
  +1.88643345089930664082e-01+j2.22271272561491178843e-01
  +1.77887749364319419643e-01+j1.95757964872389389477e-01
  +1.65243380367772946249e-01+j1.69791274517714002590e-01
  +1.50726050827655472242e-01+j1.44536696987307644591e-01
  +1.34369706027882174215e-01+j1.20161090242409035467e-01
  +1.16226955454741237572e-01+j9.68302468242318026270e-02
  +9.63692171257715668453e-02+j7.47063342956935105832e-02
  +7.48864430299136241143e-02+j5.39452761990417140048e-02
  +5.18864096030800941994e-02+j3.46941535739075240796e-02
  +2.74935747245423217633e-02+j1.70887111516176831705e-02
  +1.84752130231365802038e-03+j1.25105205138970054790e-03
  -2.48989740923517832716e-02-j1.27124001000827879793e-02
</dep>
