<Qucs Dataset 1.0.7>
<indep frequency 181>
  +1.00000000000000000000e+09
  +1.05000000000000000000e+09
  +1.10000000000000000000e+09
  +1.15000000000000000000e+09
  +1.20000000000000000000e+09
  +1.25000000000000000000e+09
  +1.30000000000000000000e+09
  +1.35000000000000000000e+09
  +1.40000000000000000000e+09
  +1.45000000000000000000e+09
  +1.50000000000000000000e+09
  +1.55000000000000000000e+09
  +1.60000000000000000000e+09
  +1.65000000000000000000e+09
  +1.70000000000000000000e+09
  +1.75000000000000000000e+09
  +1.80000000000000000000e+09
  +1.85000000000000000000e+09
  +1.90000000000000000000e+09
  +1.95000000000000000000e+09
  +2.00000000000000000000e+09
  +2.05000000000000000000e+09
  +2.10000000000000000000e+09
  +2.15000000000000000000e+09
  +2.20000000000000000000e+09
  +2.25000000000000000000e+09
  +2.30000000000000000000e+09
  +2.35000000000000000000e+09
  +2.40000000000000000000e+09
  +2.45000000000000000000e+09
  +2.50000000000000000000e+09
  +2.55000000000000000000e+09
  +2.60000000000000000000e+09
  +2.65000000000000000000e+09
  +2.70000000000000000000e+09
  +2.75000000000000000000e+09
  +2.80000000000000000000e+09
  +2.85000000000000000000e+09
  +2.90000000000000000000e+09
  +2.95000000000000000000e+09
  +3.00000000000000000000e+09
  +3.05000000000000000000e+09
  +3.10000000000000000000e+09
  +3.15000000000000000000e+09
  +3.20000000000000000000e+09
  +3.25000000000000000000e+09
  +3.30000000000000000000e+09
  +3.35000000000000000000e+09
  +3.40000000000000000000e+09
  +3.45000000000000000000e+09
  +3.50000000000000000000e+09
  +3.55000000000000000000e+09
  +3.60000000000000000000e+09
  +3.65000000000000000000e+09
  +3.70000000000000000000e+09
  +3.75000000000000000000e+09
  +3.80000000000000000000e+09
  +3.85000000000000000000e+09
  +3.90000000000000000000e+09
  +3.95000000000000000000e+09
  +4.00000000000000000000e+09
  +4.05000000000000000000e+09
  +4.10000000000000000000e+09
  +4.15000000000000000000e+09
  +4.20000000000000000000e+09
  +4.25000000000000000000e+09
  +4.30000000000000000000e+09
  +4.35000000000000000000e+09
  +4.40000000000000000000e+09
  +4.45000000000000000000e+09
  +4.50000000000000000000e+09
  +4.55000000000000000000e+09
  +4.60000000000000000000e+09
  +4.65000000000000000000e+09
  +4.70000000000000000000e+09
  +4.75000000000000000000e+09
  +4.80000000000000000000e+09
  +4.85000000000000000000e+09
  +4.90000000000000000000e+09
  +4.95000000000000000000e+09
  +5.00000000000000000000e+09
  +5.05000000000000000000e+09
  +5.10000000000000000000e+09
  +5.15000000000000000000e+09
  +5.20000000000000000000e+09
  +5.25000000000000000000e+09
  +5.30000000000000000000e+09
  +5.35000000000000000000e+09
  +5.40000000000000000000e+09
  +5.45000000000000000000e+09
  +5.50000000000000000000e+09
  +5.55000000000000000000e+09
  +5.60000000000000000000e+09
  +5.65000000000000000000e+09
  +5.70000000000000000000e+09
  +5.75000000000000000000e+09
  +5.80000000000000000000e+09
  +5.85000000000000000000e+09
  +5.90000000000000000000e+09
  +5.95000000000000000000e+09
  +6.00000000000000000000e+09
  +6.05000000000000000000e+09
  +6.10000000000000000000e+09
  +6.15000000000000000000e+09
  +6.20000000000000000000e+09
  +6.25000000000000000000e+09
  +6.30000000000000000000e+09
  +6.35000000000000000000e+09
  +6.40000000000000000000e+09
  +6.45000000000000000000e+09
  +6.50000000000000000000e+09
  +6.55000000000000000000e+09
  +6.60000000000000000000e+09
  +6.65000000000000000000e+09
  +6.70000000000000000000e+09
  +6.75000000000000000000e+09
  +6.80000000000000000000e+09
  +6.85000000000000000000e+09
  +6.90000000000000000000e+09
  +6.95000000000000000000e+09
  +7.00000000000000000000e+09
  +7.05000000000000000000e+09
  +7.10000000000000000000e+09
  +7.15000000000000000000e+09
  +7.20000000000000000000e+09
  +7.25000000000000000000e+09
  +7.30000000000000000000e+09
  +7.35000000000000000000e+09
  +7.40000000000000000000e+09
  +7.45000000000000000000e+09
  +7.50000000000000000000e+09
  +7.55000000000000000000e+09
  +7.60000000000000000000e+09
  +7.65000000000000000000e+09
  +7.70000000000000000000e+09
  +7.75000000000000000000e+09
  +7.80000000000000000000e+09
  +7.85000000000000000000e+09
  +7.90000000000000000000e+09
  +7.95000000000000000000e+09
  +8.00000000000000000000e+09
  +8.05000000000000000000e+09
  +8.10000000000000000000e+09
  +8.15000000000000000000e+09
  +8.20000000000000000000e+09
  +8.25000000000000000000e+09
  +8.30000000000000000000e+09
  +8.35000000000000000000e+09
  +8.40000000000000000000e+09
  +8.45000000000000000000e+09
  +8.50000000000000000000e+09
  +8.55000000000000000000e+09
  +8.60000000000000000000e+09
  +8.65000000000000000000e+09
  +8.70000000000000000000e+09
  +8.75000000000000000000e+09
  +8.80000000000000000000e+09
  +8.85000000000000000000e+09
  +8.90000000000000000000e+09
  +8.95000000000000000000e+09
  +9.00000000000000000000e+09
  +9.05000000000000000000e+09
  +9.10000000000000000000e+09
  +9.15000000000000000000e+09
  +9.20000000000000000000e+09
  +9.25000000000000000000e+09
  +9.30000000000000000000e+09
  +9.35000000000000000000e+09
  +9.40000000000000000000e+09
  +9.45000000000000000000e+09
  +9.50000000000000000000e+09
  +9.55000000000000000000e+09
  +9.60000000000000000000e+09
  +9.65000000000000000000e+09
  +9.70000000000000000000e+09
  +9.75000000000000000000e+09
  +9.80000000000000000000e+09
  +9.85000000000000000000e+09
  +9.90000000000000000000e+09
  +9.95000000000000000000e+09
  +1.00000000000000000000e+10
</indep>
<dep S21_phase frequency>
  -4.37046692714069493491e+01
  -4.58234849263101580163e+01
  -4.79338294226265446696e+01
  -5.00355607695641992905e+01
  -5.21285632927477919907e+01
  -5.42127470604961061440e+01
  -5.62880472074192468313e+01
  -5.83544231681340974660e+01
  -6.04118578336543166074e+01
  -6.24603566427817469275e+01
  -6.44999466202966544870e+01
  -6.65306753732152031944e+01
  -6.85526100557232354049e+01
  -7.05658363126343175509e+01
  -7.25704572104745153638e+01
  -7.45665921644629179355e+01
  -7.65543758688282878211e+01
  -7.85339572371092913272e+01
  -8.05054983582499801287e+01
  -8.24691734735149140079e+01
  -8.44251679785431434766e+01
  -8.63736774540948744061e+01
  -8.83149067284321489524e+01
  -9.02490689736115712094e+01
  -9.21763848374715735190e+01
  -9.40970816124962539106e+01
  -9.60113924423663149810e+01
  -9.79195555665331340833e+01
  -9.98218136028296356699e+01
  -1.01718412867783158049e+02
  -1.03609602734063670937e+02
  -1.05495635024228306520e+02
  -1.07376763439760537722e+02
  -1.09253243024231352365e+02
  -1.11125329659269638682e+02
  -1.12993279591970974707e+02
  -1.14857348992240645202e+02
  -1.16717793538566013467e+02
  -1.18574868030660283580e+02
  -1.20428826027400361909e+02
  -1.22279919508492739055e+02
  -1.24128398558313236322e+02
  -1.25974511070378738964e+02
  -1.27818502470960154938e+02
  -1.29660615460365704621e+02
  -1.31501089770492995967e+02
  -1.33340161937277997595e+02
  -1.35178065086737007050e+02
  -1.37015028733352693280e+02
  -1.38851278589618260639e+02
  -1.40687036385606603517e+02
  -1.42522519697504350233e+02
  -1.44357941784110010985e+02
  -1.46193511430353169089e+02
  -1.48029432796965636498e+02
  -1.49865905275485346237e+02
  -1.51703123347847082414e+02
  -1.53541276449866728626e+02
  -1.55380548837991426581e+02
  -1.57221119458747580211e+02
  -1.59063161820370311261e+02
  -1.60906843866170248702e+02
  -1.62752327849236365864e+02
  -1.64599770208139545957e+02
  -1.66449321443357007411e+02
  -1.68301125994187572132e+02
  -1.70155322115996312959e+02
  -1.72012041757664491115e+02
  -1.73871410439193851971e+02
  -1.75733547129456610492e+02
  -1.77598564124143678100e+02
  -1.79466566924015324958e+02
  +1.78662345886383747029e+02
  +1.76788082759333093463e+02
  +1.74910559303597835878e+02
  +1.73029698402821310310e+02
  +1.71145430332273576823e+02
  +1.69257692873524575816e+02
  +1.67366431426562684237e+02
  +1.65471599118827384700e+02
  +1.63573156910571611888e+02
  +1.61671073695926054370e+02
  +1.59765326398989770951e+02
  +1.57855900064226233326e+02
  +1.55942787940406446978e+02
  +1.54025991557299988699e+02
  +1.52105520794285780539e+02
  +1.50181393940019177080e+02
  +1.48253637742274719358e+02
  +1.46322287447059238730e+02
  +1.44387386826082888547e+02
  +1.42448988191664227543e+02
  +1.40507152398152186379e+02
  +1.38561948828954399460e+02
  +1.36613455368278749802e+02
  +1.34661758356720270058e+02
  +1.32706952529865617407e+02
  +1.30749140939125965133e+02
  +1.28788434854065798163e+02
  +1.26824953645562956694e+02
  +1.24858824649203398849e+02
  +1.22890183008399915821e+02
  +1.20919171496821419964e+02
  +1.18945940319813118435e+02
  +1.16970646894607426702e+02
  +1.14993455609237756221e+02
  +1.13014537560197268817e+02
  +1.11034070269011138521e+02
  +1.09052237378037048643e+02
  +1.07069228325936677493e+02
  +1.05085238003415753383e+02
  +1.03100466389966825886e+02
  +1.01115118172494618420e+02
  +9.91294023468457368153e+01
  +9.71435318034010606425e+01
  +9.51577228980216744958e+01
  +9.31721950097627882315e+01
  +9.11871700868882868463e+01
  +8.92028721828243931213e+01
  +8.72195269837811082425e+01
  +8.52373613298614003497e+01
  +8.32566027315298811118e+01
  +8.12774788833844468172e+01
  +7.93002171771925645771e+01
  +7.73250442161869528945e+01
  +7.53521853326112847071e+01
  +7.33818641104982418710e+01
  +7.14143019156279024173e+01
  +6.94497174345706866916e+01
  +6.74883262246563333520e+01
  +6.55303402766297580229e+01
  +6.35759675916718478561e+01
  +6.16254117743467304535e+01
  +5.96788716429317176448e+01
  +5.77365408584560526606e+01
  +5.57986075736398490221e+01
  +5.38652541027824227626e+01
  +5.19366566135073171040e+01
  +5.00129848411150561560e+01
  +4.80944018261472052700e+01
  +4.61810636756104671008e+01
  +4.42731193481611882135e+01
  +4.23707104633997673204e+01
  +4.04739711352838895664e+01
  +3.85830278295281132728e+01
  +3.66979992447315197523e+01
  +3.48189962168430398037e+01
  +3.29461216464687751682e+01
  +3.10794704484105750453e+01
  +2.92191295227379228550e+01
  +2.73651777466009455964e+01
  +2.55176859859233573502e+01
  +2.36767171260471549488e+01
  +2.18423261203430918442e+01
  +2.00145600557657701302e+01
  +1.81934582342827191326e+01
  +1.63790522691054718507e+01
  +1.45713661946059662711e+01
  +1.27704165888265332995e+01
  +1.09762127074649615821e+01
  +9.18875662824903116643e+00
  +7.40804340461042531985e+00
  +5.63406122760900629487e+00
  +3.86679159507002401241e+00
  +2.10620948693953247144e+00
  +3.52283545899496008946e-01
  -1.39502373768615361982e+00
  -3.13575583736081275887e+00
  -4.86996199953997255250e+00
  -6.59769705064177447440e+00
  -8.31902120309514714336e+00
  -1.00339998609501233062e+01
  -1.17427034256935449719e+01
  -1.34452071028775819173e+01
  -1.51415907101033084814e+01
  -1.68319384868289319002e+01
  -1.85163389064783281412e+01
  -2.01948844912226803672e+01
  -2.18676716298005899830e+01
  -2.35348003986989837699e+01
  +1.54803625613069129940e+02
</dep>
<dep S11_phase frequency>
  -1.33734310239828232625e+02
  -1.35851731546470432477e+02
  -1.37960706246759031046e+02
  -1.40061087940163560006e+02
  -1.42152757281314308102e+02
  -1.44235621273511100071e+02
  -1.46309612488120279750e+02
  -1.48374688215690099469e+02
  -1.50430829556273238268e+02
  -1.52478040457523491114e+02
  -1.54516346709571394058e+02
  -1.56545794905822702958e+02
  -1.58566451378673406225e+02
  -1.60578401118748445242e+02
  -1.62581746685792353446e+02
  -1.64576607118726940371e+02
  -1.66563116851713999722e+02
  -1.68541424642393678823e+02
  -1.70511692517728221219e+02
  -1.72474094742170365180e+02
  -1.74428816812217064580e+02
  -1.76376054480707466610e+02
  -1.78316012813631800782e+02
  +1.79751094718407102846e+02
  +1.77825047112411766648e+02
  +1.75905616667805077213e+02
  +1.73992569783107114745e+02
  +1.72085667714211609791e+02
  +1.70184667294304460938e+02
  +1.68289321615805505417e+02
  +1.66399380674948417891e+02
  +1.64514591979868868066e+02
  +1.62634701123237931597e+02
  +1.60759452320638985157e+02
  +1.58888588916026350262e+02
  +1.57021853855657667509e+02
  +1.55158990132022864827e+02
  +1.53299741199289911719e+02
  +1.51443851361844764369e+02
  +1.49591066137512143541e+02
  +1.47741132597036596508e+02
  +1.45893799681390390788e+02
  +1.44048818498460263982e+02
  +1.42205942600611507487e+02
  +1.40364928244610013053e+02
  +1.38525534635311458942e+02
  +1.36687524154498618145e+02
  +1.34850662576172197760e+02
  +1.33014719269556479730e+02
  +1.31179467391007875676e+02
  +1.29344684065964031561e+02
  +1.27510150562000731611e+02
  +1.25675652453998878855e+02
  +1.23840979782370638418e+02
  +1.22005927205214504738e+02
  +1.20170294145222001703e+02
  +1.18333884932085780406e+02
  +1.16496508941100543666e+02
  +1.14657980728587773456e+02
  +1.12818120164711771736e+02
  +1.10976752564203167140e+02
  +1.09133708815433124073e+02
  +1.07288825508237835038e+02
  +1.05441945060826000713e+02
  +1.03592915846046977890e+02
  +1.01741592317245235222e+02
  +9.98878351338568535311e+01
  +9.80315112868708524729e+01
  +9.61724942241939970700e+01
  +9.43106639759270137802e+01
  +9.24459072794886083102e+01
  +9.05781177044740246629e+01
  +8.87071957770804999655e+01
  +8.68330491038734635367e+01
  +8.49555924946147200671e+01
  +8.30747480838186618257e+01
  +8.11904454506483261866e+01
  +7.93026217367087014054e+01
  +7.74112217612432544911e+01
  +7.55161981331892917524e+01
  +7.36175113594930223826e+01
  +7.17151299490420370830e+01
  +6.98090305115240994382e+01
  +6.78991978504769093661e+01
  +6.59856250497538923128e+01
  +6.40683135525929117193e+01
  +6.21472732324429415485e+01
  +6.02225224546721946695e+01
  +5.82940881282603911018e+01
  +5.63620057465568464750e+01
  +5.44263194161779608748e+01
  +5.24870818731079396002e+01
  +5.05443544850730788198e+01
  +4.85982072392672677097e+01
  +4.66487187145281012590e+01
  +4.46959760370838949939e+01
  +4.27400748190392931747e+01
  +4.07811190788014883424e+01
  +3.88192211427136655288e+01
  +3.68545015272240163995e+01
  +3.48870888009954072118e+01
  +3.29171194264451543177e+01
  +3.09447375803013926543e+01
  +2.89700949528631674923e+01
  +2.69933505257684025480e+01
  +2.50146703281888136416e+01
  +2.30342271715030442181e+01
  +2.10522003626299927248e+01
  +1.90687753963437387483e+01
  +1.70841436270336792802e+01
  +1.50985019205170125645e+01
  +1.31120522866571249665e+01
  +1.11250014936859642489e+01
  +9.13756066526906884917e+00
  +7.14994486149327812541e+00
  +5.16237264508783688655e+00
  +3.17506563431382415885e+00
  +1.18824804407872575140e+00
  -7.97853783067453359301e-01
  -2.78301185429880248989e+00
  -4.76699701040682999320e+00
  -6.74957941431960950496e+00
  -8.73052904228988602142e+00
  -1.07096161757628589584e+01
  -1.26866118919127028875e+01
  -1.46612885508356178832e+01
  -1.66334202774005923686e+01
  -1.86027834357903820717e+01
  -2.05691570948134945240e+01
  -2.25323234821310798282e+01
  -2.44920684256218912367e+01
  -2.64481817801984817606e+01
  -2.84004578384989230244e+01
  -3.03486957239899197702e+01
  -3.22926997651473541850e+01
  -3.42322798495159190679e+01
  -3.61672517565927549299e+01
  -3.80974374686263246303e+01
  -4.00226654585749983539e+01
  -4.19427709546221336723e+01
  -4.38575961807988292662e+01
  -4.57669905734165141098e+01
  -4.76708109731615650162e+01
  -4.95689217928470782226e+01
  -5.14611951609599103108e+01
  -5.33475110412680351146e+01
  -5.52277573288812462238e+01
  -5.71018299232747779115e+01
  -5.89696327788872878273e+01
  -6.08310779340075598043e+01
  -6.26860855187440861869e+01
  -6.45345837429529467499e+01
  -6.63765088650614956123e+01
  -6.82118051427813156806e+01
  -7.00404247667456303361e+01
  -7.18623277781468488001e+01
  -7.36774819714650419655e+01
  -7.54858627834032205328e+01
  -7.72874531691424095925e+01
  -7.90822434670355960407e+01
  -8.08702312528441353834e+01
  -8.26514211846084663193e+01
  -8.44258248392190608911e+01
  -8.61934605417266936911e+01
  -8.79543531884011144939e+01
  -8.97085340645025155482e+01
  -9.14560406576996740569e+01
  -9.31969164680150186086e+01
  -9.49312108151395079858e+01
  -9.66589786439058968881e+01
  -9.83802803286644262926e+01
  -1.00095181477254584479e+02
  -1.01803752735213791425e+02
  -1.03506069590818313486e+02
  -1.05202212181500811994e+02
  -1.06892265102137670851e+02
  -1.08576317215657581983e+02
  -1.10254461466371509459e+02
  -1.11926794696381307403e+02
  -1.13593417465383652143e+02
  -1.15254433874140801208e+02
</dep>
<dep S21_dB frequency>
  -4.48687719442400989589e-01
  -4.90240254267813091449e-01
  -5.33205474975869120335e-01
  -5.77517182194652534122e-01
  -6.23109120661956228382e-01
  -6.69915237785966177775e-01
  -7.17869926290261695101e-01
  -7.66908250488154252800e-01
  -8.16966155891040268777e-01
  -8.67980662025818361371e-01
  -9.19890038493385242546e-01
  -9.72633964452674693035e-01
  -1.02615367185234473979e+00
  -1.08039207285181482199e+00
  -1.13529387197996656234e+00
  -1.19080566366683648916e+00
  -1.24687601585350749112e+00
  -1.30345554044300548924e+00
  -1.36049695139268056465e+00
  -1.41795511127401674401e+00
  -1.47578706714221019602e+00
  -1.53395207655612986208e+00
  -1.59241162458522400591e+00
  -1.65112943261951539142e+00
  -1.71007145978271135611e+00
  -1.76920589771010261515e+00
  -1.82850315942960239823e+00
  -1.88793586303947957816e+00
  -1.94747881084198759538e+00
  -2.00710896454766274388e+00
  -2.06680541712584631142e+00
  -2.12654936183257614601e+00
  -2.18632405890629666345e+00
  -2.24611480038029931450e+00
  -2.30590887341922101683e+00
  -2.36569552255260973084e+00
  -2.42546591113467613354e+00
  -2.48521308233037707680e+00
  -2.54493191989118416885e+00
  -2.60461910895306525404e+00
  -2.66427309706034298742e+00
  -2.72389405559169084370e+00
  -2.78348384173790597274e+00
  -2.84304596115972607606e+00
  -2.90258553143013742215e+00
  -2.96210924634810846001e+00
  -3.02162534119007730737e+00
  -3.08114355895155078713e+00
  -3.14067511761396822578e+00
  -3.20023267846082060117e+00
  -3.25983031545229007264e+00
  -3.31948348565879003402e+00
  -3.37920900074324048745e+00
  -3.43902499947243001088e+00
  -3.49895092123202999801e+00
  -3.55900748051054360843e+00
  -3.61921664231330142414e+00
  -3.67960159846187018218e+00
  -3.74018674472923429164e+00
  -3.80099765875841999474e+00
  -3.86206107870700243723e+00
  -3.92340488256020636371e+00
  -3.98505806805035822649e+00
  -4.04705073312088359216e+00
  -4.10941405687118610501e+00
  -4.17218028091798220913e+00
  -4.23538269111044218818e+00
  -4.29905559953346649849e+00
  -4.36323432673891353772e+00
  -4.42795518414231281668e+00
  -4.49325545652654945172e+00
  -4.55917338459677345952e+00
  -4.62574814753291452263e+00
  -4.69301984549084494347e+00
  -4.76102948200769571230e+00
  -4.82981894627153707233e+00
  -4.89943099522178915350e+00
  -4.96990923545375284931e+00
  -5.04129810490744567630e+00
  -5.11364285432966614309e+00
  -5.18698952850733263631e+00
  -5.26138494728062866557e+00
  -5.33687668635472256540e+00
  -5.41351305794217907419e+00
  -5.49134309128040953851e+00
  -5.57041651308356122740e+00
  -5.65078372800286565791e+00
  -5.73249579918692653280e+00
  -5.81560442905055552387e+00
  -5.90016194037977204090e+00
  -5.98622125792093928709e+00
  -6.07383589062309425799e+00
  -6.16305991472477909809e+00
  -6.25394795790123758650e+00
  -6.34655518471113211376e+00
  -6.44093728361009887351e+00
  -6.53715045582287856973e+00
  -6.63525140639697497136e+00
  -6.73529733778758377127e+00
  -6.83734594635612058511e+00
  -6.94145542219475775170e+00
  -7.04768445272343768693e+00
  -7.15609223053903775735e+00
  -7.26673846603246786913e+00
  -7.37968340532494160300e+00
  -7.49498785411511470045e+00
  -7.61271320806643281287e+00
  -7.73292149040792153869e+00
  -7.85567539746515475230e+00
  -7.98103835288597274200e+00
  -8.10907457137548881576e+00
  -8.23984913280987818496e+00
  -8.37342806765723679518e+00
  -8.50987845469873960269e+00
  -8.64926853211483859241e+00
  -8.79166782307995475776e+00
  -8.93714727709929057653e+00
  -9.08577942841883512415e+00
  -9.23763857295636903189e+00
  -9.39280096532650965457e+00
  -9.55134503768227816067e+00
  -9.71335164226446678981e+00
  -9.87890431974309990437e+00
  -1.00480895956616507192e+01
  -1.02209973075520537122e+01
  -1.03977209655916240649e+01
  -1.05783581500207048975e+01
  -1.07630109489468175354e+01
  -1.09517864406355016627e+01
  -1.11447972249396531907e+01
  -1.13421620091675414699e+01
  -1.15440062544449020265e+01
  -1.17504628895189018323e+01
  -1.19616730999950249270e+01
  -1.21777872022346080882e+01
  -1.23989656125974700984e+01
  -1.26253799244457081130e+01
  -1.28572141073805390477e+01
  -1.30946658456388398406e+01
  -1.33379480355150015214e+01
  -1.35872904652042656437e+01
  -1.38429417047260692186e+01
  -1.41051712387493175527e+01
  -1.43742718814271803751e+01
  -1.46505625200408733377e+01
  -1.49343912437037324992e+01
  -1.52261389250676248963e+01
  -1.55262233375062059793e+01
  -1.58351039084306250970e+01
  -1.61532872322855283187e+01
  -1.64813334957969601646e+01
  -1.68198640051077461521e+01
  -1.71695700521451364295e+01
  -1.75312234194732994297e+01
  -1.79056889039497200145e+01
  -1.82939393466520741072e+01
  -1.86970737996173816953e+01
  -1.91163396530933411555e+01
  -1.95531598108588973162e+01
  -2.00091663662615530939e+01
  -2.04862427438359659959e+01
  -2.09865770009799135210e+01
  -2.15127300408143682375e+01
  -2.20677240458002152934e+01
  -2.26551587870361998966e+01
  -2.32793670736959548151e+01
  -2.39456263031439000599e+01
  -2.46604523181997024039e+01
  -2.54320172745417849569e+01
  -2.62707601645534012391e+01
  -2.71903075228532600249e+01
  -2.82089150438953168987e+01
  -2.93518294445398488790e+01
  -3.06553800839989634142e+01
  -3.21745856858587018223e+01
  -3.39986669558875007624e+01
  -3.62869810806834252048e+01
  -3.93696079212304823614e+01
  -4.41358648395535979603e+01
  -5.53415039818695362328e+01
  -5.12011183375147567176e+01
</dep>
<dep S11_dB frequency>
  -1.02562322798624112608e+01
  -9.88251624161596353701e+00
  -9.53030562894880617364e+00
  -9.19777407762159171511e+00
  -8.88331881654876731602e+00
  -8.58552432065485859880e+00
  -8.30313313053394708163e+00
  -8.03502221059627252941e+00
  -7.78018363236980459163e+00
  -7.53770866798313754487e+00
  -7.30677459631816095253e+00
  -7.08663368468093679553e+00
  -6.87660392847820656215e+00
  -6.67606122157748504975e+00
  -6.48443269865914917460e+00
  -6.30119104359775938917e+00
  -6.12584959874552215098e+00
  -5.95795814186238636978e+00
  -5.79709922251559639506e+00
  -5.64288496962588315142e+00
  -5.49495429764834142361e+00
  -5.35297045157911011160e+00
  -5.21661884119634144952e+00
  -5.08560512325121294452e+00
  -4.95965349706761848836e+00
  -4.83850518456331890604e+00
  -4.72191707023483697725e+00
  -4.60966048042265974516e+00
  -4.50152008427999916762e+00
  -4.39729290147009166390e+00
  -4.29678740377667889305e+00
  -4.19982269963680909797e+00
  -4.10622779212860233855e+00
  -4.01584090223885681326e+00
  -3.92850885032917407358e+00
  -3.84408648964015497995e+00
  -3.76243618647316324655e+00
  -3.68342734235459889902e+00
  -3.60693595406953360083e+00
  -3.53284420794808617927e+00
  -3.46104010521362059905e+00
  -3.39141711557081038109e+00
  -3.32387385653248879080e+00
  -3.25831379625904737907e+00
  -3.19464497792739265947e+00
  -3.13277976385375644952e+00
  -3.07263459778158543045e+00
  -3.01412978390394892259e+00
  -2.95718928133246539147e+00
  -2.90174051284781864268e+00
  -2.84771418687792055024e+00
  -2.79504413174477139847e+00
  -2.74366714130700639629e+00
  -2.69352283120152424800e+00
  -2.64455350495300844926e+00
  -2.59670402928131549558e+00
  -2.54992171798844591279e+00
  -2.50415622385431646535e+00
  -2.45935943801203960035e+00
  -2.41548539631078762469e+00
  -2.37249019220763557314e+00
  -2.33033189575833432627e+00
  -2.28897047830408473246e+00
  -2.24836774247395343451e+00
  -2.20848725714351123983e+00
  -2.16929429700839726536e+00
  -2.13075578644754282109e+00
  -2.09284024736597773497e+00
  -2.05551775071855358235e+00
  -2.01875987142860680024e+00
  -1.98253964642449820310e+00
  -1.94683153552675847209e+00
  -1.91161138492606852424e+00
  -1.87685639299989825979e+00
  -1.84254507822219548707e+00
  -1.80865724892663370937e+00
  -1.77517397469001991794e+00
  -1.74207755910796713295e+00
  -1.70935151374032834326e+00
  -1.67698053301024962991e+00
  -1.64495046984559079029e+00
  -1.61324831185832873182e+00
  -1.58186215786373929326e+00
  -1.55078119454814888911e+00
  -1.51999567310185046409e+00
  -1.48949688564169102634e+00
  -1.45927714125745744411e+00
  -1.42932974152521796718e+00
  -1.39964895534211963835e+00
  -1.37022999294853020658e+00
  -1.34106897901558674846e+00
  -1.31216292468997575149e+00
  -1.28350969850200780087e+00
  -1.25510799605789813427e+00
  -1.22695730845354278316e+00
  -1.19905788936328661087e+00
  -1.17141072077514096783e+00
  -1.14401747736124081989e+00
  -1.11688048949073914784e+00
  -1.09000270491145179186e+00
  -1.06338764914429817487e+00
  -1.03703938465400735680e+00
  -1.01096246887765550682e+00
  -9.85161911210336693756e-01
  -9.59643129064761013503e-01
  -9.34411903137961186161e-01
  -9.09474332033675003650e-01
  -8.84836786402691255482e-01
  -8.60505862776983931894e-01
  -8.36488337283245342313e-01
  -8.12791119431938602347e-01
  -7.89421206184331314404e-01
  -7.66385636505393819107e-01
  -7.43691446614001883120e-01
  -7.21345626142038676143e-01
  -6.99355075412756321818e-01
  -6.77726564045323831564e-01
  -6.56466691085835774011e-01
  -6.35581846857679266805e-01
  -6.15078176712949176164e-01
  -5.94961546855207745743e-01
  -5.75237512388798277740e-01
  -5.55911287735229575624e-01
  -5.36987719538820296172e-01
  -5.18471262166253166193e-01
  -5.00365955884615076776e-01
  -4.82675407782759913200e-01
  -4.65402775480065200586e-01
  -4.48550753645719613161e-01
  -4.32121563331183233814e-01
  -4.16116944097883412201e-01
  -4.00538148902438106980e-01
  -3.85385941682490851257e-01
  -3.70660597568493233034e-01
  -3.56361905629800301831e-01
  -3.42489174047793998312e-01
  -3.29041237595350533063e-01
  -3.16016467288993463391e-01
  -3.03412782070185849115e-01
  -2.91227662362721462230e-01
  -2.79458165346666287387e-01
  -2.68100941783831425713e-01
  -2.57152254226304832763e-01
  -2.46607996437832099890e-01
  -2.36463713857820889697e-01
  -2.26714624939144293592e-01
  -2.17355643193801489899e-01
  -2.08381399784837550992e-01
  -1.99786266508144016996e-01
  -1.91564379014757119046e-01
  -1.83709660131016805362e-01
  -1.76215843142815298261e-01
  -1.69076494918541375689e-01
  -1.62285038754959892726e-01
  -1.55834776839682165317e-01
  -1.49718912234079071233e-01
  -1.43930570290266901523e-01
  -1.38462819425881317192e-01
  -1.33308691190334838161e-01
  -1.28461199565670980416e-01
  -1.23913359454838820084e-01
  -1.19658204318979763392e-01
  -1.15688802934053189264e-01
  -1.11998275245201756034e-01
  -1.08579807304947803526e-01
  -1.05426665288406995469e-01
  -1.02532208585069756213e-01
  -9.98899019729615339491e-02
  -9.74933268862801238885e-02
  -9.53361917921031337686e-02
  -9.34123416968365982704e-02
  -9.17157668058708186454e-02
  -9.02406103638315887361e-02
  -8.89811757052283297531e-02
  -8.79319325475734631103e-02
  -8.70875225608167824465e-02
  -8.64427642485315200771e-02
  -8.59926571768852149313e-02
  -8.57323855885019359135e-02
  -8.56573214383284375906e-02
  -8.57630268887560470725e-02
</dep>
<dep Zin_ohm frequency>
  +1.66015754446807613931e+03
  +1.60331403968644076485e+03
  +1.54721852122713039535e+03
  +1.49200669333227324387e+03
  +1.43779589349473189941e+03
  +1.38468830004143774204e+03
  +1.33277400589900730665e+03
  +1.28213393732257577540e+03
  +1.23284261064797851759e+03
  +1.18497072902466516098e+03
  +1.13858762497849124884e+03
  +1.09376355368230815657e+03
  +1.05057183588976499777e+03
  +1.00909083827459630811e+03
  +9.69405761913605488189e+02
  +9.31610186408455433593e+02
  +8.95807287623361730766e+02
  +8.62110612230088008801e+02
  +8.30644255153826065907e+02
  +8.01542252625860783155e+02
  +7.74946984046416105230e+02
  +7.51006384957447039596e+02
  +7.29869828956757942251e+02
  +7.11682654865131212318e+02
  +6.96579503755445216484e+02
  +6.84676874967118465065e+02
  +6.76065568086801704339e+02
  +6.70803878026086977115e+02
  +6.68912471266402576475e+02
  +6.70371734581559621802e+02
  +6.75122052718045779329e+02
  +6.83067010937942313831e+02
  +6.94079055900502794429e+02
  +7.08006809634540445586e+02
  +7.24683092372903615797e+02
  +7.43932773481754679779e+02
  +7.65579777593394737778e+02
  +7.89452841752882136461e+02
  +8.15389874726669631855e+02
  +8.43240966217897153001e+02
  +8.72870216899075444417e+02
  +9.04156617040518312933e+02
  +9.36994209597582425886e+02
  +9.71291751930361101586e+02
  +1.00697205450899809875e+03
  +1.04397113574784498269e+03
  +1.08223729574513708940e+03
  +1.12173018106782228642e+03
  +1.16241988856315424528e+03
  +1.20428613808186537426e+03
  +1.24731753102689185653e+03
  +1.29151090273610657277e+03
  +1.33687077087933289476e+03
  +1.38340887846897089730e+03
  +1.43114382809543394615e+03
  +1.48010080310840908169e+03
  +1.53031137131411765040e+03
  +1.58181336709271249674e+03
  +1.63465084848542551299e+03
  +1.68887412664370481252e+03
  +1.74453986600024859399e+03
  +1.80171125457455650576e+03
  +1.86045824494294220131e+03
  +1.92085786758317135536e+03
  +1.98299461955457877593e+03
  +2.04696093281406069764e+03
  +2.11285772792313218815e+03
  +2.18079506050326517652e+03
  +2.25089286959025230317e+03
  +2.32328183907056791213e+03
  +2.39810438571790700735e+03
  +2.47551579005886924278e+03
  +2.55568548947488852718e+03
  +2.63879855670508868570e+03
  +2.72505739139003799210e+03
  +2.81468365766243096004e+03
  +2.90792050726413208395e+03
  +3.00503513552330332459e+03
  +3.10632172710744225697e+03
  +3.21210486022160284847e+03
  +3.32274345241600121881e+03
  +3.43863534913952116767e+03
  +3.56022267858490977233e+03
  +3.68799812447298063489e+03
  +3.82251230387290252111e+03
  +3.96438248215319981682e+03
  +4.11430291464656511380e+03
  +4.27305717856042519998e+03
  +4.44153295447107120708e+03
  +4.62073984180552179168e+03
  +4.81183095728824719117e+03
  +5.01612928373190425191e+03
  +5.23516002900316470914e+03
  +5.47069065036307802075e+03
  +5.72478073934478561569e+03
  +5.99984470781582240306e+03
  +6.29873125709585474397e+03
  +6.62482508444307040918e+03
  +6.98217839133697179932e+03
  +7.37568282542071210628e+03
  +7.81129701602017576079e+03
  +8.29635165868894910091e+03
  +8.83996448577143928560e+03
  +9.45361362648646536400e+03
  +1.01519435582020269067e+04
  +1.09539196081080608565e+04
  +1.18845164144326572568e+04
  +1.29772440865247572219e+04
  +1.42780223243487253058e+04
  +1.58512811134548373957e+04
  +1.77898329625904298155e+04
  +2.02312585137792084424e+04
  +2.33855482551518871333e+04
  +2.75810688983608415583e+04
  +3.33318765396663511638e+04
  +4.13733586960009852191e+04
  +5.22584703131014175597e+04
  +6.38261599127997978940e+04
  +6.71544248436701745959e+04
  +5.82396489122268831125e+04
  +4.63870311752346315188e+04
  +3.69688830083939683391e+04
  +3.02050072977908312168e+04
  +2.53307807283414331323e+04
  +2.17202552571614796761e+04
  +1.89639591696584175224e+04
  +1.68014512715896744339e+04
  +1.50642981813288461126e+04
  +1.36404896556698622589e+04
  +1.24533258093797048787e+04
  +1.14488197691941895755e+04
  +1.05880119600070793240e+04
  +9.84215362130985886324e+03
  +9.18960575245858308335e+03
  +8.61379068500089306326e+03
  +8.10180650660615538072e+03
  +7.64346928405067865242e+03
  +7.23063777976594246866e+03
  +6.85672869257964703138e+03
  +6.51636291274619725300e+03
  +6.20510348776352475397e+03
  +5.91925884443976065086e+03
  +5.65573314678872338845e+03
  +5.41191117562213094061e+03
  +5.18556881651278308709e+03
  +4.97480277002071397874e+03
  +4.77797484957597134780e+03
  +4.59366746312200757529e+03
  +4.42064775055862719455e+03
  +4.25783847996247914125e+03
  +4.10429426514992519515e+03
  +3.95918200544548926700e+03
  +3.82176470000198287380e+03
  +3.69138797770035989743e+03
  +3.56746882645939967915e+03
  +3.44948611475319421515e+03
  +3.33697258193263905923e+03
  +3.22950803886113817498e+03
  +3.12671357101233752473e+03
  +3.02824657593718575299e+03
  +2.93379649842305934726e+03
  +2.84308115163653928903e+03
  +2.75584353249992000201e+03
  +2.67184905559041408196e+03
  +2.59088314280653730748e+03
  +2.51274911656295216744e+03
  +2.43726635285100201145e+03
  +2.36426865752845515090e+03
  +2.29360283498178432637e+03
  +2.22512742307953976706e+03
  +2.15871157229549862677e+03
  +2.09423405017708228115e+03
  +2.03158235508940174441e+03
  +1.97065192547482797636e+03
  +1.91134543281115429636e+03
  +1.85357214809165748193e+03
  +1.79724737303878760031e+03
  +1.74229192844270846763e+03
  +1.68863169302035089459e+03
  +1.63619718704863817038e+03
  +1.58492319576062118358e+03
</dep>
<dep Zin_norm frequency>
  +3.32031508893615239231e+01
  +3.20662807937288150129e+01
  +3.09443704245426083332e+01
  +2.98401338666454662985e+01
  +2.87559178698946382724e+01
  +2.76937660008287558355e+01
  +2.66554801179801472699e+01
  +2.56426787464515157922e+01
  +2.46568522129595706360e+01
  +2.36994145804933040722e+01
  +2.27717524995698248347e+01
  +2.18752710736461644103e+01
  +2.10114367177953020871e+01
  +2.01818167654919271570e+01
  +1.93881152382721104743e+01
  +1.86322037281691095245e+01
  +1.79161457524672336206e+01
  +1.72422122446017596076e+01
  +1.66128851030765218866e+01
  +1.60308450525172148105e+01
  +1.54989396809283217493e+01
  +1.50201276991489418577e+01
  +1.45973965791351592003e+01
  +1.42336530973026231806e+01
  +1.39315900751089039034e+01
  +1.36935374993423693013e+01
  +1.35213113617360338736e+01
  +1.34160775605217388318e+01
  +1.33782494253280521690e+01
  +1.34074346916311917255e+01
  +1.35024410543609150182e+01
  +1.36613402187588466319e+01
  +1.38815811180100556754e+01
  +1.41601361926908086986e+01
  +1.44936618474580729554e+01
  +1.48786554696350936666e+01
  +1.53115955518678958924e+01
  +1.57890568350576430134e+01
  +1.63077974945333927792e+01
  +1.68648193243579420653e+01
  +1.74574043379815080357e+01
  +1.80831323408103656902e+01
  +1.87398841919516492283e+01
  +1.94258350386072216054e+01
  +2.01394410901799609803e+01
  +2.08794227149568989432e+01
  +2.16447459149027423564e+01
  +2.24346036213564445916e+01
  +2.32483977712630860424e+01
  +2.40857227616373066326e+01
  +2.49463506205378386937e+01
  +2.58302180547221311713e+01
  +2.67374154175866571848e+01
  +2.76681775693794165250e+01
  +2.86228765619086793492e+01
  +2.96020160621681824864e+01
  +3.06062274262823521553e+01
  +3.16362673418542499348e+01
  +3.26930169697085091229e+01
  +3.37774825328740959662e+01
  +3.48907973200049710272e+01
  +3.60342250914911303994e+01
  +3.72091648988588445945e+01
  +3.84171573516634268231e+01
  +3.96598923910915743818e+01
  +4.09392186562812128159e+01
  +4.22571545584626448999e+01
  +4.36159012100653029620e+01
  +4.50178573918050446423e+01
  +4.64656367814113551162e+01
  +4.79620877143581409996e+01
  +4.95103158011773842873e+01
  +5.11137097894977685542e+01
  +5.27759711341017734298e+01
  +5.45011478278007643894e+01
  +5.62936731532486192009e+01
  +5.81584101452826374157e+01
  +6.01007027104660664918e+01
  +6.21264345421488428656e+01
  +6.42420972044320564009e+01
  +6.64548690483200203971e+01
  +6.87727069827904244903e+01
  +7.12044535716981954465e+01
  +7.37599624894596104241e+01
  +7.64502460774580470115e+01
  +7.92876496430640003155e+01
  +8.22860582929313011391e+01
  +8.54611435712085096839e+01
  +8.88306590894214309628e+01
  +9.24147968361104403812e+01
  +9.62366191457649478025e+01
  +1.00322585674638091291e+02
  +1.04703200580063295888e+02
  +1.09413813007261552457e+02
  +1.14495614786895714587e+02
  +1.19996894156316443514e+02
  +1.25974625141917101701e+02
  +1.32496501688861400226e+02
  +1.39643567826739428028e+02
  +1.47513656508414243262e+02
  +1.56225940320403509531e+02
  +1.65927033173778994524e+02
  +1.76799289715428784575e+02
  +1.89072272529729303869e+02
  +2.03038871164040529038e+02
  +2.19078392162161208034e+02
  +2.37690328288653148547e+02
  +2.59544881730495148986e+02
  +2.85560446486974512936e+02
  +3.17025622269096743366e+02
  +3.55796659251808591762e+02
  +4.04625170275584196133e+02
  +4.67710965103037779045e+02
  +5.51621377967216858451e+02
  +6.66637530793326959611e+02
  +8.27467173920019718025e+02
  +1.04516940626202836029e+03
  +1.27652319825599602154e+03
  +1.34308849687340352830e+03
  +1.16479297824453760768e+03
  +9.27740623504692621282e+02
  +7.39377660167879298569e+02
  +6.04100145955816628884e+02
  +5.06615614566828696752e+02
  +4.34405105143229604892e+02
  +3.79279183393168352723e+02
  +3.36029025431793456846e+02
  +3.01285963626576915431e+02
  +2.72809793113397233810e+02
  +2.49066516187594089615e+02
  +2.28976395383883783552e+02
  +2.11760239200141569427e+02
  +1.96843072426197181812e+02
  +1.83792115049171655983e+02
  +1.72275813700017863539e+02
  +1.62036130132123105341e+02
  +1.52869385681013568501e+02
  +1.44612755595318844826e+02
  +1.37134573851592932670e+02
  +1.30327258254923947334e+02
  +1.24102069755270491669e+02
  +1.18385176888795214722e+02
  +1.13114662935774475727e+02
  +1.08238223512442615970e+02
  +1.03711376330255660605e+02
  +9.94960554004142778695e+01
  +9.55594969915194241139e+01
  +9.18733492624401435478e+01
  +8.84129550111725421857e+01
  +8.51567695992495856672e+01
  +8.20858853029985056082e+01
  +7.91836401089097847716e+01
  +7.64352940000396614550e+01
  +7.38277595540072013591e+01
  +7.13493765291879924462e+01
  +6.89897222950638848715e+01
  +6.67394516386527811846e+01
  +6.45901607772227634996e+01
  +6.25342714202467462314e+01
  +6.05649315187437125019e+01
  +5.86759299684611832504e+01
  +5.68616230327307903281e+01
  +5.51168706499984040192e+01
  +5.34369811118082793655e+01
  +5.18176628561307452969e+01
  +5.02549823312590433488e+01
  +4.87453270570200416500e+01
  +4.72853731505691072812e+01
  +4.58720566996356851064e+01
  +4.45025484615907984676e+01
  +4.31742314459099745250e+01
  +4.18846810035416439177e+01
  +4.06316471017880331829e+01
  +3.94130385094965589587e+01
  +3.82269086562230882009e+01
  +3.70714429618331493543e+01
  +3.59449474607757508693e+01
  +3.48458385688541696368e+01
  +3.37726338604070193128e+01
  +3.27239437409727642603e+01
  +3.16984639152124252348e+01
</dep>
<dep S[2,2] frequency>
  -2.12258213155246011627e-01-j2.21849407599734899099e-01
  -2.29995939365782803288e-01-j2.23257593621465771916e-01
  -2.47907584617451604014e-01-j2.23525035342983624531e-01
  -2.65921454631029952065e-01-j2.22651880279072789115e-01
  -2.83967315706187994895e-01-j2.20642890057866469800e-01
  -3.01976688363911283108e-01-j2.17507186882955450002e-01
  -3.19883106578528753072e-01-j2.13257984874460487790e-01
  -3.37622342770501682185e-01-j2.07912310539189904013e-01
  -3.55132599206314458762e-01-j2.01490716356291094113e-01
  -3.72354666865443273416e-01-j1.94016991159028096003e-01
  -3.89232053179524084552e-01-j1.85517870655546313063e-01
  -4.05711080331040474523e-01-j1.76022751074891514733e-01
  -4.21740956017600809869e-01-j1.65563408558025482176e-01
  -4.37273818747093923065e-01-j1.54173726546862677189e-01
  -4.52264759834862695165e-01-j1.41889433065098269360e-01
  -4.66671824329786988361e-01-j1.28747849438937550515e-01
  -4.80455993108836854066e-01-j1.14787651679285881978e-01
  -4.93581148355404175643e-01-j1.00048645442831637964e-01
  -5.06014024579940713267e-01-j8.45715552109832513494e-02
  -5.17724147259123190778e-01-j6.83978280741578542612e-02
  -5.28683761067802127087e-01-j5.15694522851287626142e-02
  -5.38867749558803454946e-01-j3.41287905494884746815e-02
  -5.48253548017311409524e-01-j1.61184278525440816132e-02
  -5.56821051079573692277e-01+j2.41896652021670807708e-03
  -5.64552516567025097771e-01+j2.14407632303885917202e-02
  -5.71432466845398390198e-01+j4.09044839571663515487e-02
  -5.77447588881517925863e-01+j6.07678999216763535141e-02
  -5.82586634035207273641e-01+j8.09891185503637534016e-02
  -5.86840318495668755716e-01+j1.01526659001718727593e-01
  -5.90201225149300845452e-01+j1.22339517304207778814e-01
  -5.92663707552078866669e-01+j1.43387221864863856347e-01
  -5.94223796573043028246e-01+j1.64629880108027759622e-01
  -5.94879110178072267878e-01+j1.86028216995342249307e-01
  -5.94628766733908964426e-01+j2.07543606161921162512e-01
  -5.93473302131712898699e-01+j2.29138094381323931259e-01
  -5.91414590957393127013e-01+j2.50774420045828894121e-01
  -5.88455771871051691591e-01+j2.72416026317426174241e-01
  -5.84601177301423358124e-01+j2.94027069572981192280e-01
  -5.79856267511134393366e-01+j3.15572423732359719217e-01
  -5.74227569045271724057e-01+j3.37017681023172921417e-01
  -5.67722617538515272884e-01+j3.58329149700512938903e-01
  -5.60349904824256284108e-01+j3.79473849204997104589e-01
  -5.52118830262192994418e-01+j4.00419503207906701814e-01
  -5.43039656178475271808e-01+j4.21134530959189845589e-01
  -5.33123467293937558509e-01+j4.41588037321805293445e-01
  -5.22382134000926701134e-01+j4.61749801845746044027e-01
  -5.10828279337133484006e-01+j4.81590267205858513222e-01
  -4.98475249495424765911e-01+j5.01080527300728717499e-01
  -4.85337087701460112577e-01+j5.20192315284318085311e-01
  -4.71428511285492568561e-01+j5.38897991778544582786e-01
  -4.56764891770943759486e-01+j5.57170533492896802308e-01
  -4.41362237799815204653e-01+j5.74983522457071849487e-01
  -4.25237180713408657873e-01+j5.92311136053932041357e-01
  -4.08406962606064072308e-01+j6.09128138022819398678e-01
  -3.90889426669352335608e-01+j6.25409870587742777737e-01
  -3.72703009644347382778e-01+j6.41132247850276115742e-01
  -3.53866736199927478523e-01+j6.56271750573916845539e-01
  -3.34400215055506211392e-01+j6.70805422474368251429e-01
  -3.14323636667031280911e-01+j6.84710868118961979434e-01
  -2.93657772295319863254e-01+j6.97966252527961406038e-01
  -2.72423974275984304150e-01+j7.10550302560599589263e-01
  -2.50644177309879645499e-01+j7.22442310159586709162e-01
  -2.28340900592652690237e-01+j7.33622137518776917808e-01
  -2.05537250601072557510e-01+j7.44070224230190202519e-01
  -1.82256924352667104561e-01+j7.53767596458093325218e-01
  -1.58524212953739113141e-01+j7.62695878179387110052e-01
  -1.34364005248847701024e-01+j7.70837304521086896791e-01
  -1.09801791382975494349e-01+j7.78174737216749567992e-01
  -8.48636660849102358872e-02+j7.84691682194806561235e-01
  -5.95763314780889605138e-02+j7.90372309302023845490e-01
  -3.39670992223090051354e-02+j7.95201474155344478767e-01
  -8.06389178707155387937e-03+j7.99164742104548020407e-01
  +1.81047573452793909843e-02+j8.02248414276750310137e-01
  +4.45097047509112747621e-02+j8.04439555661480509841e-01
  +7.11211996167267768154e-02+j8.05726025181966010180e-01
  +9.79088879814727225392e-02+j8.06096507684236796010e-01
  +1.24841818874760507319e-01+j8.05540547760695391233e-01
  +1.51888452563310960564e-01+j8.04048585308895891188e-01
  +1.79016671112991548886e-01+j8.01611992709461484985e-01
  +2.06193791473375437340e-01+j7.98223113489243907281e-01
  +2.33386581288486327779e-01+j7.93875302317302966593e-01
  +2.60561277632663013115e-01+j7.88562966161811096377e-01
  +2.87683608864201856292e-01+j7.82281606415958785661e-01
  +3.14718819781239278477e-01+j7.75027861780308136019e-01
  +3.41631700254093506608e-01+j7.66799551668038592567e-01
  +3.68386617495840285041e-01+j7.57595719878372597655e-01
  +3.94947552118053657466e-01+j7.47416678262283640244e-01
  +4.21278138101410126737e-01+j7.36264050083783483380e-01
  +4.47341706790877702282e-01+j7.24140812759775265306e-01
  +4.73101335002681144815e-01+j7.11051339642060020729e-01
  +4.98519897304908199409e-01+j6.97001440486953227627e-01
  +5.23560122505646652336e-01+j6.81998400241330071658e-01
  +5.48184654351800082495e-01+j6.66051015759275943928e-01
  +5.72356116408502924031e-01+j6.49169630051239288093e-01
  +5.96037181053281406307e-01+j6.31366163657986922964e-01
  +6.19190642481247666140e-01+j6.12654142735177598134e-01
  +6.41779493577514181801e-01+j5.93048723431469304579e-01
  +6.63767006471572940107e-01+j5.72566712143923739475e-01
  +6.85116816545393358950e-01+j5.51226581239642521304e-01
  +7.05793009623246536677e-01+j5.29048479842142760354e-01
  +7.25760212027212525676e-01+j5.06054239295437358059e-01
  +7.44983683138362606790e-01+j4.82267372938084804002e-01
  +7.63429410060443291997e-01+j4.57713069844009390330e-01
  +7.81064203941181256496e-01+j4.32418182216505908588e-01
  +7.97855797466568761322e-01+j4.06411206156726878547e-01
  +8.13772943006545679268e-01+j3.79722255567757904782e-01
  +8.28785510856869245266e-01+j3.52383029000226499772e-01
  +8.42864586992510433916e-01+j3.24426769294707706415e-01
  +8.55982569723012121088e-01+j2.95888215929727804721e-01
  +8.68113264620905988878e-01+j2.66803550041480042054e-01
  +8.79231977080575988204e-01+j2.37210332141738866607e-01
  +8.89315601857836091071e-01+j2.07147432623401267504e-01
  +8.98342708940069956114e-01+j1.76654955207741409806e-01
  +9.06293625103438138524e-01+j1.45774153553014929052e-01
  +9.13150510527748759948e-01+j1.14547341309791009256e-01
  +9.18897429861019965358e-01+j8.30177959731980830149e-02
  +9.23520417154612860422e-01+j5.12296569453434130770e-02
  +9.27007534125964927085e-01+j1.92278182816684357903e-02
  +9.29348921248984161103e-01-j1.29421833483025165018e-02
  +9.30536841221893951115e-01-j4.52342849029634536118e-02
  +9.30565714417928457891e-01-j7.76020167835500401798e-02
  +9.29432145985452651260e-01-j1.09998625551292278368e-01
  +9.27134944329706001120e-01-j1.42377198841900365345e-01
  +9.23675130777979469521e-01-j1.74690791745756163200e-01
  +9.19055940302370144579e-01-j2.06892553903135156812e-01
  +9.13282813248591174293e-01-j2.38935856552939307473e-01
  +9.06363378094474314572e-01-j2.70774418770832137060e-01
  +8.98307425336841713914e-01-j3.02362432138476910914e-01
  +8.89126872679273816402e-01-j3.33654683099676940827e-01
  +8.78835721764941735223e-01-j3.64606672281335364438e-01
  +8.67450006767172987487e-01-j3.95174730086987224809e-01
  +8.54987735214874366996e-01-j4.25316127907636287730e-01
  +8.41468821489479545939e-01-j4.54989184338343899405e-01
  +8.26915013484057381810e-01-j4.84153365838450144842e-01
  +8.11349812962943284234e-01-j5.12769381327992990194e-01
  +7.94798390201304161273e-01-j5.40799270271826282297e-01
  +7.77287493517887617678e-01-j5.68206483865189904137e-01
  +7.58845354340866307119e-01-j5.94955958999253020636e-01
  +7.39501588465696246821e-01-j6.21014184751384368255e-01
  +7.19287094175600993928e-01-j6.46349261211779047009e-01
  +6.98233947899534634907e-01-j6.70930950524609492902e-01
  +6.76375298079675779661e-01-j6.94730720087263886597e-01
  +6.53745257910903987408e-01-j7.17721777914682723676e-01
  +6.30378797598802664837e-01-j7.39879100236573106208e-01
  +6.06311636760896388587e-01-j7.61179451452750899243e-01
  +5.81580137568872612697e-01-j7.81601396625379196692e-01
  +5.56221199197806881465e-01-j8.01125306736134135122e-01
  +5.30272154112701787909e-01-j8.19733356980816618709e-01
  +5.03770666683717394108e-01-j8.37409518413401943171e-01
  +4.76754634579701519481e-01-j8.54139543285850622034e-01
  +4.49262093346097568514e-01-j8.69910944459035495591e-01
  +4.21331124528272815688e-01-j8.84712969283887207261e-01
  +3.92999767655683063250e-01-j8.98536568370391974803e-01
  +3.64305936356520254638e-01-j9.11374359675534262415e-01
  +3.35287338827207792580e-01-j9.23220588349852988586e-01
  +3.05981402836595528516e-01-j9.34071082786272821608e-01
  +2.76425205401855833554e-01-j9.43923207314494305820e-01
  +2.46655407231642614940e-01-j9.52775811979943321184e-01
  +2.16708191993064541725e-01-j9.60629179838302205141e-01
  +1.86619210422056203136e-01-j9.67484972185533309563e-01
  +1.56423529262588317801e-01-j9.73346172129243902837e-01
  +1.26155584988547897485e-01-j9.78217026890826790719e-01
  +9.58491422334767362301e-02-j9.82102989209278298688e-01
  +6.55372568275372907598e-02-j9.85010658197411070880e-01
  +3.52522433181167230143e-02-j9.86947719979669790824e-01
  +5.02564683060399784026e-03-j9.87922888418276579081e-01
  -2.51117808915091444977e-02-j9.87945846211339073761e-01
  -5.51301014423195290259e-02-j9.87027186623040009295e-01
  -8.50002058921028869065e-02-j9.85178356082506478941e-01
  -1.14693827305161782926e-01-j9.82411597864606078723e-01
  -1.44183549840342262183e-01-j9.78739897042837259100e-01
  -1.73442814642505771516e-01-j9.74176926882156735132e-01
  -2.02445922735999733755e-01-j9.68736996817809559168e-01
  -2.31168035132273574916e-01-j9.62435002145442308752e-01
  -2.59585170363143269423e-01-j9.55286375527898745652e-01
  -2.87674199649049389116e-01-j9.47307040405313993681e-01
  -3.15412839908362219177e-01-j9.38513366377421331954e-01
  -3.42779644809199923738e-01-j9.28922126610486453835e-01
  -3.69753994059765445090e-01-j9.18550457305949974440e-01
  -3.96316081126947217239e-01-j9.07415819253717170767e-01
  -4.22446899565944944399e-01-j8.95535961480113273936e-01
</dep>
<dep S[2,1] frequency>
  +6.86515506838594191663e-01-j6.56155514925868099674e-01
  +6.58628467158444697027e-01-j6.77838188038039302086e-01
  +6.30096429538209878984e-01-j6.98169783960991940930e-01
  +6.00994091973721555888e-01-j7.17140320343871540132e-01
  +5.71394872318254587462e-01-j7.34744403491063069467e-01
  +5.41370618500090494685e-01-j7.50980975668162020753e-01
  +5.10991353441888729314e-01-j7.65853047498513683777e-01
  +4.80325054475585655478e-01-j7.79367419716841092203e-01
  +4.49437466577505662091e-01-j7.91534398281946049991e-01
  +4.18391948339127628387e-01-j8.02367506543962272225e-01
  +3.87249349246731322527e-01-j8.11883197823473734545e-01
  +3.56067916563125752560e-01-j8.20100571402662792408e-01
  +3.24903229887214262117e-01-j8.27041094561847378586e-01
  +2.93808161308813819979e-01-j8.32728332927702541433e-01
  +2.62832858970776628293e-01-j8.37187691039890213851e-01
  +2.32024751794831729512e-01-j8.40446164696878716960e-01
  +2.01428573114863285198e-01-j8.42532106314853646012e-01
  +1.71086400985287906407e-01-j8.43475004229201630324e-01
  +1.41037712988619612364e-01-j8.43305276589176644464e-01
  +1.11319453448039937249e-01-j8.42054080244554303825e-01
  +8.19661110521874569645e-02-j8.39753134798817080231e-01
  +5.30098050178001017896e-02-j8.36434561807329002292e-01
  +2.44803780434971821056e-02-j8.32130738929636071255e-01
  -3.59450555588732793139e-03-j8.26874168702307121848e-01
  -3.11892580072123844215e-02-j8.20697361479599596379e-01
  -5.82802638613233933707e-02-j8.13632731994323621372e-01
  -8.48457745958882264548e-02-j8.05712508915395253517e-01
  -1.10865803100642923429e-01-j7.96968656723075596915e-01
  -1.36322018979719267184e-01-j7.87432809182842308182e-01
  -1.61197645484268708982e-01-j7.77136213674235132309e-01
  -1.85477358775733652818e-01-j7.66109685618336033741e-01
  -2.09147190114317954590e-01-j7.54383572246206890455e-01
  -2.32194431470847201249e-01-j7.41987724957762329048e-01
  -2.54607544971767851827e-01-j7.28951479535304480706e-01
  -2.76376076507123480397e-01-j7.15303643496688290604e-01
  -2.97490573760154530802e-01-j7.01072489897674899773e-01
  -3.17942508852857241841e-01-j6.86285756922375034250e-01
  -3.37724205746044781051e-01-j6.70970652630842212538e-01
  -3.56828772482947031985e-01-j6.55153864265641372455e-01
  -3.75250038322462842189e-01-j6.38861571552358009640e-01
  -3.92982495771339590540e-01-j6.22119463462186828018e-01
  -4.10021247492942164659e-01-j6.04952757937628482487e-01
  -4.26361958043443345368e-01-j5.87386224114562538468e-01
  -4.42000810363914198309e-01-j5.69444206604631686375e-01
  -4.56934466937997663116e-01-j5.51150651431721483320e-01
  -4.71160035509619989913e-01-j5.32529133243974772682e-01
  -4.84675039242570659948e-01-j5.13602883449404634675e-01
  -4.97477391193724971519e-01-j4.94394818947419878441e-01
  -5.09565372963694973585e-01-j4.74927571151498639779e-01
  -5.20937617382233986163e-01-j4.55223515019011537586e-01
  -5.31593095080749145076e-01-j4.35304797823643174759e-01
  -5.41531104800268558996e-01-j4.15193367423189685361e-01
  -5.50751267280014333849e-01-j3.94910999791532490999e-01
  -5.59253522569079009052e-01-j3.74479325598140400100e-01
  -5.67038130601325796043e-01-j3.53919855631358637460e-01
  -5.74105674871500215595e-01-j3.33254004873848375112e-01
  -5.80457069048302298775e-01-j3.12503115049100499423e-01
  -5.86093566357769657493e-01-j2.91688475467885621750e-01
  -5.91016771567759446881e-01-j2.70831342012466447233e-01
  -5.95228655401234818534e-01-j2.49952954104723623630e-01
  -5.98731571202736012616e-01-j2.29074549512325503775e-01
  -6.01528273678355929199e-01-j2.08217376854365671113e-01
  -6.03621939525222916956e-01-j1.87402705675435155008e-01
  -6.05016189761410583259e-01-j1.66651833964229417751e-01
  -6.05715113561707929613e-01-j1.45986093000226302419e-01
  -6.05723293398629847317e-01-j1.25426849419682601150e-01
  -6.05045831281413537539e-01-j1.04995504400103981113e-01
  -6.03688375878956628995e-01-j8.47134898711960210305e-02
  -6.01657150305038856963e-01-j6.46022616693309736924e-02
  -5.98958980336760982155e-01-j4.46832895628634790830e-02
  -5.95601322829196977438e-01-j2.49780440865406405671e-02
  -5.91592294081354497237e-01-j5.50798013535137940405e-03
  -5.86940697900789620789e-01+j1.37054827186776865405e-02
  -5.81656053106557546784e-01+j3.26409832088046525378e-02
  -5.75748620202948147018e-01+j5.12772446614419147304e-02
  -5.69229426949810157765e-01+j6.95931045789433960769e-02
  -5.62110292549311885146e-01+j8.75675474883342436216e-02
  -5.54403850163966316344e-01+j1.05179741007251720264e-01
  -5.46123567476957338940e-01+j1.22409075057244770557e-01
  -5.37283765003304214503e-01+j1.39235204132124978926e-01
  -5.27899631859528151168e-01+j1.55638092505408720534e-01
  -5.17987238700413743508e-01+j1.71598062235973625178e-01
  -5.07563547534501391389e-01+j1.87095843805174216756e-01
  -4.96646418135119560588e-01+j2.02112629191879222823e-01
  -4.85254610771560179749e-01+j2.16630127164405855700e-01
  -4.73407784995352742818e-01+j2.30630620540390296469e-01
  -4.61126494229905037336e-01+j2.44097025137487100288e-01
  -4.48432175927985343655e-01+j2.57012950109742399629e-01
  -4.35347137080988322300e-01+j2.69362759336815305033e-01
  -4.21894534886560368392e-01+j2.81131633506383427079e-01
  -4.08098352407121500729e-01+j2.92305632504295975771e-01
  -3.93983369081078727003e-01+j3.02871757702918686928e-01
  -3.79575125981104488648e-01+j3.12818013715896792171e-01
  -3.64899885749542185476e-01+j3.22133469167790731369e-01
  -3.49984587179847983496e-01+j3.30808316010188785405e-01
  -3.34856794454493622570e-01+j3.38833926902249227275e-01
  -3.19544641094082648713e-01+j3.46202910163845911651e-01
  -3.04076768718681500481e-01+j3.52909161803750925923e-01
  -2.88482260770726584020e-01+j3.58947914124241485023e-01
  -2.72790571398415115922e-01+j3.64315780407207578939e-01
  -2.57031449748953977341e-01+j3.69010795195922947087e-01
  -2.41234859971714316051e-01+j3.73032449701033330669e-01
  -2.25430897281734682336e-01+j3.76381721879419095522e-01
  -2.09649700483228673686e-01+j3.79061100760432645451e-01
  -1.93921361400397923580e-01+j3.81074604625612933795e-01
  -1.78275831707843668283e-01+j3.82427792685191336730e-01
  -1.62742827694833502861e-01+j3.83127769937588236182e-01
  -1.47351733535572654299e-01+j3.83183184946071286880e-01
  -1.32131503671028521785e-01+j3.82604220319670063066e-01
  -1.17110564935795705144e-01+j3.81402575742757932176e-01
  -1.02316719085681018253e-01+j3.79591443458824173707e-01
  -8.77770463972576547862e-02+j3.77185476178248768608e-01
  -7.35178110193549227969e-02+j3.74200747446578996236e-01
  -5.95643687578124511606e-02+j3.70654704578072535792e-01
  -4.59410779686099599028e-02+j3.66566114328227055097e-01
  -3.26712142205309377663e-02+j3.61955001547772159398e-01
  -1.97768893667841991202e-02+j3.56842581128073932373e-01
  -7.27897563565061290342e-03+j3.51251183613375927983e-01
  +4.80296468658992451589e-03+j3.45204174917399464473e-01
  +1.64507434510637422231e-02+j3.38725870640169790526e-01
  +2.76476042409996812521e-02+j3.31841445534096890491e-01
  +3.83782729431072708315e-02+j3.24576838715858961848e-01
  +4.86290009344555740345e-02+j3.16958655261724120411e-01
  +5.83876005896974067944e-02+j3.09014064857797587926e-01
  +6.76434728828108067233e-02+j3.00770698203090325329e-01
  +7.63876269294577331381e-02+j2.92256541881548481676e-01
  +8.46126913894208604328e-02+j2.83499832429345344220e-01
  +9.23129177224315533579e-02+j2.74528950325465426197e-01
  +9.94841753639179038338e-02+j2.65372314627039085355e-01
  +1.06123938958842839453e-01+j2.56058278956256657466e-01
  +1.12231267860831540606e-01+j2.46615029523141654488e-01
  +1.17806778169288653424e-01+j2.37070485838703715054e-01
  +1.22852607638386041033e-01+j2.27452204736211832659e-01
  +1.27372373847825876014e-01+j2.17787288275638202251e-01
  +1.31371126075551236667e-01+j2.08102296058022884218e-01
  +1.34855291356584222617e-01+j1.98423162423785853781e-01
  +1.37832615249419615511e-01+j1.88775118952451886889e-01
  +1.40312097861681195354e-01+j1.79182622621984116718e-01
  +1.42303925709886841533e-01+j1.69669289924670507741e-01
  +1.43819400004078390420e-01+j1.60257837174296008387e-01
  +1.44870861956927970970e-01+j1.50970027177020654774e-01
  +1.45471615718832825159e-01+j1.41826622376773042733e-01
  +1.45635849535838773905e-01+j1.32847344525902522072e-01
  +1.45378555716335039483e-01+j1.24050840874027110128e-01
  +1.44715449975780341418e-01+j1.15454656813043385344e-01
  +1.43662890706889367909e-01+j1.07075214864862100494e-01
  +1.42237798696187106584e-01+j9.89277998508426015256e-02
  +1.40457577777314601697e-01+j9.10265500387284209882e-02
  +1.38340036877602212684e-01+j8.33844540242610066105e-02
  +1.35903313877800663301e-01+j7.60133530708796134601e-02
  +1.33165801666179389739e-01+j6.89239486020154085155e-02
  +1.30146076728083731622e-01+j6.21258145165924369202e-02
  +1.26862830571020934745e-01+j5.56274139792851743391e-02
  +1.23334804244170800902e-01+j4.94361203228601692183e-02
  +1.19580726170156956267e-01+j4.35582416902587782337e-02
  +1.15619253466697005650e-01+j3.79990490387619103685e-02
  +1.11468916896656680682e-01+j3.27628071274160409532e-02
  +1.07148069547468777207e-01+j2.78528081113748361697e-02
  +1.02674839305207946105e-01+j2.32714073728710162114e-02
  +9.80670851550326932999e-02+j1.90200612275099809056e-02
  +9.33423573084733587679e-02+j1.50993661563752056692e-02
  +8.85178611293059858234e-02+j1.15090992284685826597e-02
  +8.36104248035933333982e-02+j8.24825939407437119799e-03
  +7.86364706759976883621e-02+j5.31510934723956451203e-03
  +7.36119901536166770795e-02+j2.70721767446289443212e-03
  +6.85525220604874391261e-02+j4.21501026499900054503e-04
  +6.34731343102663686517e-02-j1.54573392939581538870e-03
  +5.83884087516267219486e-02-j3.19874899867214406921e-03
  +5.33124290302263992292e-02-j4.54233359117207306094e-03
  +4.82587713027752898687e-02-j5.58176467565793012204e-03
  +4.32404976325489742717e-02-j6.32276771712384291768e-03
  +3.82701518914466826127e-02-j6.77147873708299277706e-03
  +3.33597579913629260773e-02-j6.93440761780358960742e-03
  +2.85208202668681236325e-02-j6.81840275316520673388e-03
  +2.37643258319983445570e-02-j6.43061713134420159105e-03
  +1.91007487360967016798e-02-j5.77847591807512626916e-03
  +1.45400557468121482269e-02-j4.86964559381413558681e-03
  +1.00917135927628080078e-02-j3.71200468377982017651e-03
  +5.76469750339800648953e-03-j2.31361610659187866279e-03
  +1.56750088948175462719e-03-j6.82701155082951764881e-04
  -2.49185398597011808705e-03+j1.17238488819999082599e-03
</dep>
<dep S[1,2] frequency>
  +6.86515506838594191663e-01-j6.56155514925868099674e-01
  +6.58628467158444697027e-01-j6.77838188038039302086e-01
  +6.30096429538209878984e-01-j6.98169783960991940930e-01
  +6.00994091973721555888e-01-j7.17140320343871540132e-01
  +5.71394872318254587462e-01-j7.34744403491063069467e-01
  +5.41370618500090494685e-01-j7.50980975668162020753e-01
  +5.10991353441888729314e-01-j7.65853047498513683777e-01
  +4.80325054475585655478e-01-j7.79367419716841092203e-01
  +4.49437466577505662091e-01-j7.91534398281946049991e-01
  +4.18391948339127628387e-01-j8.02367506543962272225e-01
  +3.87249349246731322527e-01-j8.11883197823473734545e-01
  +3.56067916563125752560e-01-j8.20100571402662792408e-01
  +3.24903229887214262117e-01-j8.27041094561847378586e-01
  +2.93808161308813819979e-01-j8.32728332927702541433e-01
  +2.62832858970776628293e-01-j8.37187691039890213851e-01
  +2.32024751794831729512e-01-j8.40446164696878716960e-01
  +2.01428573114863285198e-01-j8.42532106314853646012e-01
  +1.71086400985287906407e-01-j8.43475004229201630324e-01
  +1.41037712988619612364e-01-j8.43305276589176644464e-01
  +1.11319453448039937249e-01-j8.42054080244554303825e-01
  +8.19661110521874569645e-02-j8.39753134798817080231e-01
  +5.30098050178001017896e-02-j8.36434561807329002292e-01
  +2.44803780434971821056e-02-j8.32130738929636071255e-01
  -3.59450555588732793139e-03-j8.26874168702307121848e-01
  -3.11892580072123844215e-02-j8.20697361479599596379e-01
  -5.82802638613233933707e-02-j8.13632731994323621372e-01
  -8.48457745958882264548e-02-j8.05712508915395253517e-01
  -1.10865803100642923429e-01-j7.96968656723075596915e-01
  -1.36322018979719267184e-01-j7.87432809182842308182e-01
  -1.61197645484268708982e-01-j7.77136213674235132309e-01
  -1.85477358775733652818e-01-j7.66109685618336033741e-01
  -2.09147190114317954590e-01-j7.54383572246206890455e-01
  -2.32194431470847201249e-01-j7.41987724957762329048e-01
  -2.54607544971767851827e-01-j7.28951479535304480706e-01
  -2.76376076507123480397e-01-j7.15303643496688290604e-01
  -2.97490573760154530802e-01-j7.01072489897674899773e-01
  -3.17942508852857241841e-01-j6.86285756922375034250e-01
  -3.37724205746044781051e-01-j6.70970652630842212538e-01
  -3.56828772482947031985e-01-j6.55153864265641372455e-01
  -3.75250038322462842189e-01-j6.38861571552358009640e-01
  -3.92982495771339590540e-01-j6.22119463462186828018e-01
  -4.10021247492942164659e-01-j6.04952757937628482487e-01
  -4.26361958043443345368e-01-j5.87386224114562538468e-01
  -4.42000810363914198309e-01-j5.69444206604631686375e-01
  -4.56934466937997663116e-01-j5.51150651431721483320e-01
  -4.71160035509619989913e-01-j5.32529133243974772682e-01
  -4.84675039242570659948e-01-j5.13602883449404634675e-01
  -4.97477391193724971519e-01-j4.94394818947419878441e-01
  -5.09565372963694973585e-01-j4.74927571151498639779e-01
  -5.20937617382233986163e-01-j4.55223515019011537586e-01
  -5.31593095080749145076e-01-j4.35304797823643174759e-01
  -5.41531104800268558996e-01-j4.15193367423189685361e-01
  -5.50751267280014333849e-01-j3.94910999791532490999e-01
  -5.59253522569079009052e-01-j3.74479325598140400100e-01
  -5.67038130601325796043e-01-j3.53919855631358637460e-01
  -5.74105674871500215595e-01-j3.33254004873848375112e-01
  -5.80457069048302298775e-01-j3.12503115049100499423e-01
  -5.86093566357769657493e-01-j2.91688475467885621750e-01
  -5.91016771567759446881e-01-j2.70831342012466447233e-01
  -5.95228655401234818534e-01-j2.49952954104723623630e-01
  -5.98731571202736012616e-01-j2.29074549512325503775e-01
  -6.01528273678355929199e-01-j2.08217376854365671113e-01
  -6.03621939525222916956e-01-j1.87402705675435155008e-01
  -6.05016189761410583259e-01-j1.66651833964229417751e-01
  -6.05715113561707929613e-01-j1.45986093000226302419e-01
  -6.05723293398629847317e-01-j1.25426849419682601150e-01
  -6.05045831281413537539e-01-j1.04995504400103981113e-01
  -6.03688375878956628995e-01-j8.47134898711960210305e-02
  -6.01657150305038856963e-01-j6.46022616693309736924e-02
  -5.98958980336760982155e-01-j4.46832895628634790830e-02
  -5.95601322829196977438e-01-j2.49780440865406405671e-02
  -5.91592294081354497237e-01-j5.50798013535137940405e-03
  -5.86940697900789620789e-01+j1.37054827186776865405e-02
  -5.81656053106557546784e-01+j3.26409832088046525378e-02
  -5.75748620202948147018e-01+j5.12772446614419147304e-02
  -5.69229426949810157765e-01+j6.95931045789433960769e-02
  -5.62110292549311885146e-01+j8.75675474883342436216e-02
  -5.54403850163966316344e-01+j1.05179741007251720264e-01
  -5.46123567476957338940e-01+j1.22409075057244770557e-01
  -5.37283765003304214503e-01+j1.39235204132124978926e-01
  -5.27899631859528151168e-01+j1.55638092505408720534e-01
  -5.17987238700413743508e-01+j1.71598062235973625178e-01
  -5.07563547534501391389e-01+j1.87095843805174216756e-01
  -4.96646418135119560588e-01+j2.02112629191879222823e-01
  -4.85254610771560179749e-01+j2.16630127164405855700e-01
  -4.73407784995352742818e-01+j2.30630620540390296469e-01
  -4.61126494229905037336e-01+j2.44097025137487100288e-01
  -4.48432175927985343655e-01+j2.57012950109742399629e-01
  -4.35347137080988322300e-01+j2.69362759336815305033e-01
  -4.21894534886560368392e-01+j2.81131633506383427079e-01
  -4.08098352407121500729e-01+j2.92305632504295975771e-01
  -3.93983369081078727003e-01+j3.02871757702918686928e-01
  -3.79575125981104488648e-01+j3.12818013715896792171e-01
  -3.64899885749542185476e-01+j3.22133469167790731369e-01
  -3.49984587179847983496e-01+j3.30808316010188785405e-01
  -3.34856794454493622570e-01+j3.38833926902249227275e-01
  -3.19544641094082648713e-01+j3.46202910163845911651e-01
  -3.04076768718681500481e-01+j3.52909161803750925923e-01
  -2.88482260770726584020e-01+j3.58947914124241485023e-01
  -2.72790571398415115922e-01+j3.64315780407207578939e-01
  -2.57031449748953977341e-01+j3.69010795195922947087e-01
  -2.41234859971714316051e-01+j3.73032449701033330669e-01
  -2.25430897281734682336e-01+j3.76381721879419095522e-01
  -2.09649700483228673686e-01+j3.79061100760432645451e-01
  -1.93921361400397923580e-01+j3.81074604625612933795e-01
  -1.78275831707843668283e-01+j3.82427792685191336730e-01
  -1.62742827694833502861e-01+j3.83127769937588236182e-01
  -1.47351733535572654299e-01+j3.83183184946071286880e-01
  -1.32131503671028521785e-01+j3.82604220319670063066e-01
  -1.17110564935795705144e-01+j3.81402575742757932176e-01
  -1.02316719085681018253e-01+j3.79591443458824173707e-01
  -8.77770463972576547862e-02+j3.77185476178248768608e-01
  -7.35178110193549227969e-02+j3.74200747446578996236e-01
  -5.95643687578124511606e-02+j3.70654704578072535792e-01
  -4.59410779686099599028e-02+j3.66566114328227055097e-01
  -3.26712142205309377663e-02+j3.61955001547772159398e-01
  -1.97768893667841991202e-02+j3.56842581128073932373e-01
  -7.27897563565061290342e-03+j3.51251183613375927983e-01
  +4.80296468658992451589e-03+j3.45204174917399464473e-01
  +1.64507434510637422231e-02+j3.38725870640169790526e-01
  +2.76476042409996812521e-02+j3.31841445534096890491e-01
  +3.83782729431072708315e-02+j3.24576838715858961848e-01
  +4.86290009344555740345e-02+j3.16958655261724120411e-01
  +5.83876005896974067944e-02+j3.09014064857797587926e-01
  +6.76434728828108067233e-02+j3.00770698203090325329e-01
  +7.63876269294577331381e-02+j2.92256541881548481676e-01
  +8.46126913894208604328e-02+j2.83499832429345344220e-01
  +9.23129177224315533579e-02+j2.74528950325465426197e-01
  +9.94841753639179038338e-02+j2.65372314627039085355e-01
  +1.06123938958842839453e-01+j2.56058278956256657466e-01
  +1.12231267860831540606e-01+j2.46615029523141654488e-01
  +1.17806778169288653424e-01+j2.37070485838703715054e-01
  +1.22852607638386041033e-01+j2.27452204736211832659e-01
  +1.27372373847825876014e-01+j2.17787288275638202251e-01
  +1.31371126075551236667e-01+j2.08102296058022884218e-01
  +1.34855291356584222617e-01+j1.98423162423785853781e-01
  +1.37832615249419615511e-01+j1.88775118952451886889e-01
  +1.40312097861681195354e-01+j1.79182622621984116718e-01
  +1.42303925709886841533e-01+j1.69669289924670507741e-01
  +1.43819400004078390420e-01+j1.60257837174296008387e-01
  +1.44870861956927970970e-01+j1.50970027177020654774e-01
  +1.45471615718832825159e-01+j1.41826622376773042733e-01
  +1.45635849535838773905e-01+j1.32847344525902522072e-01
  +1.45378555716335039483e-01+j1.24050840874027110128e-01
  +1.44715449975780341418e-01+j1.15454656813043385344e-01
  +1.43662890706889367909e-01+j1.07075214864862100494e-01
  +1.42237798696187106584e-01+j9.89277998508426015256e-02
  +1.40457577777314601697e-01+j9.10265500387284209882e-02
  +1.38340036877602212684e-01+j8.33844540242610066105e-02
  +1.35903313877800663301e-01+j7.60133530708796134601e-02
  +1.33165801666179389739e-01+j6.89239486020154085155e-02
  +1.30146076728083731622e-01+j6.21258145165924369202e-02
  +1.26862830571020934745e-01+j5.56274139792851743391e-02
  +1.23334804244170800902e-01+j4.94361203228601692183e-02
  +1.19580726170156956267e-01+j4.35582416902587782337e-02
  +1.15619253466697005650e-01+j3.79990490387619103685e-02
  +1.11468916896656680682e-01+j3.27628071274160409532e-02
  +1.07148069547468777207e-01+j2.78528081113748361697e-02
  +1.02674839305207946105e-01+j2.32714073728710162114e-02
  +9.80670851550326932999e-02+j1.90200612275099809056e-02
  +9.33423573084733587679e-02+j1.50993661563752056692e-02
  +8.85178611293059858234e-02+j1.15090992284685826597e-02
  +8.36104248035933333982e-02+j8.24825939407437119799e-03
  +7.86364706759976883621e-02+j5.31510934723956451203e-03
  +7.36119901536166770795e-02+j2.70721767446289443212e-03
  +6.85525220604874391261e-02+j4.21501026499900054503e-04
  +6.34731343102663686517e-02-j1.54573392939581538870e-03
  +5.83884087516267219486e-02-j3.19874899867214406921e-03
  +5.33124290302263992292e-02-j4.54233359117207306094e-03
  +4.82587713027752898687e-02-j5.58176467565793012204e-03
  +4.32404976325489742717e-02-j6.32276771712384291768e-03
  +3.82701518914466826127e-02-j6.77147873708299277706e-03
  +3.33597579913629260773e-02-j6.93440761780358960742e-03
  +2.85208202668681236325e-02-j6.81840275316520673388e-03
  +2.37643258319983445570e-02-j6.43061713134420159105e-03
  +1.91007487360967016798e-02-j5.77847591807512626916e-03
  +1.45400557468121482269e-02-j4.86964559381413558681e-03
  +1.00917135927628080078e-02-j3.71200468377982017651e-03
  +5.76469750339800648953e-03-j2.31361610659187866279e-03
  +1.56750088948175462719e-03-j6.82701155082951764881e-04
  -2.49185398597011808705e-03+j1.17238488819999082599e-03
</dep>
<dep S[1,1] frequency>
  -2.12258213155246011627e-01-j2.21849407599734954610e-01
  -2.29995939365782775532e-01-j2.23257593621465744160e-01
  -2.47907584617451604014e-01-j2.23525035342983596776e-01
  -2.65921454631029841043e-01-j2.22651880279072761359e-01
  -2.83967315706187939384e-01-j2.20642890057866525311e-01
  -3.01976688363911227597e-01-j2.17507186882955450002e-01
  -3.19883106578528697561e-01-j2.13257984874460460034e-01
  -3.37622342770501626674e-01-j2.07912310539189904013e-01
  -3.55132599206314458762e-01-j2.01490716356291094113e-01
  -3.72354666865443217905e-01-j1.94016991159028068248e-01
  -3.89232053179524140063e-01-j1.85517870655546313063e-01
  -4.05711080331040585545e-01-j1.76022751074891486978e-01
  -4.21740956017600865380e-01-j1.65563408558025454420e-01
  -4.37273818747093978576e-01-j1.54173726546862677189e-01
  -4.52264759834862750676e-01-j1.41889433065098213849e-01
  -4.66671824329787043872e-01-j1.28747849438937578270e-01
  -4.80455993108836854066e-01-j1.14787651679285895856e-01
  -4.93581148355404175643e-01-j1.00048645442831707353e-01
  -5.06014024579940602244e-01-j8.45715552109831819605e-02
  -5.17724147259123301801e-01-j6.83978280741578126278e-02
  -5.28683761067802016065e-01-j5.15694522851287973086e-02
  -5.38867749558803343923e-01-j3.41287905494884816204e-02
  -5.48253548017311409524e-01-j1.61184278525440850827e-02
  -5.56821051079573692277e-01+j2.41896652021673930211e-03
  -5.64552516567025319816e-01+j2.14407632303886611091e-02
  -5.71432466845398501221e-01+j4.09044839571664139988e-02
  -5.77447588881518036885e-01+j6.07678999216763257585e-02
  -5.82586634035207273641e-01+j8.09891185503637672793e-02
  -5.86840318495668866738e-01+j1.01526659001718796982e-01
  -5.90201225149300845452e-01+j1.22339517304207751058e-01
  -5.92663707552079088714e-01+j1.43387221864863911858e-01
  -5.94223796573042917224e-01+j1.64629880108027731866e-01
  -5.94879110178072045834e-01+j1.86028216995342166040e-01
  -5.94628766733909075448e-01+j2.07543606161921107001e-01
  -5.93473302131713009722e-01+j2.29138094381323931259e-01
  -5.91414590957393127013e-01+j2.50774420045828949632e-01
  -5.88455771871051802613e-01+j2.72416026317426285264e-01
  -5.84601177301423358124e-01+j2.94027069572981192280e-01
  -5.79856267511134615411e-01+j3.15572423732359830240e-01
  -5.74227569045271835080e-01+j3.37017681023173032440e-01
  -5.67722617538515272884e-01+j3.58329149700512883392e-01
  -5.60349904824256284108e-01+j3.79473849204997049078e-01
  -5.52118830262193105440e-01+j4.00419503207906646303e-01
  -5.43039656178475382831e-01+j4.21134530959189845589e-01
  -5.33123467293937669531e-01+j4.41588037321805237934e-01
  -5.22382134000926590112e-01+j4.61749801845745933004e-01
  -5.10828279337133484006e-01+j4.81590267205858235666e-01
  -4.98475249495424765911e-01+j5.01080527300728828521e-01
  -4.85337087701460057065e-01+j5.20192315284318196333e-01
  -4.71428511285492457539e-01+j5.38897991778544471764e-01
  -4.56764891770943703975e-01+j5.57170533492896580263e-01
  -4.41362237799815204653e-01+j5.74983522457071849487e-01
  -4.25237180713408546850e-01+j5.92311136053931930334e-01
  -4.08406962606064072308e-01+j6.09128138022819509700e-01
  -3.90889426669352391119e-01+j6.25409870587742888759e-01
  -3.72703009644347438289e-01+j6.41132247850276226764e-01
  -3.53866736199927478523e-01+j6.56271750573916845539e-01
  -3.34400215055506211392e-01+j6.70805422474368140406e-01
  -3.14323636667031225400e-01+j6.84710868118962090456e-01
  -2.93657772295319807743e-01+j6.97966252527961406038e-01
  -2.72423974275984359661e-01+j7.10550302560599478241e-01
  -2.50644177309879534477e-01+j7.22442310159586820184e-01
  -2.28340900592652662482e-01+j7.33622137518776806786e-01
  -2.05537250601072640777e-01+j7.44070224230190313541e-01
  -1.82256924352667021294e-01+j7.53767596458093103173e-01
  -1.58524212953739113141e-01+j7.62695878179386888007e-01
  -1.34364005248847673268e-01+j7.70837304521087007814e-01
  -1.09801791382975466593e-01+j7.78174737216749567992e-01
  -8.48636660849101803761e-02+j7.84691682194806450212e-01
  -5.95763314780888841860e-02+j7.90372309302023956512e-01
  -3.39670992223090675854e-02+j7.95201474155344589789e-01
  -8.06389178707155040993e-03+j7.99164742104548131429e-01
  +1.81047573452795124149e-02+j8.02248414276750310137e-01
  +4.45097047509112886399e-02+j8.04439555661480620863e-01
  +7.11211996167269988600e-02+j8.05726025181965899158e-01
  +9.79088879814725560058e-02+j8.06096507684236684987e-01
  +1.24841818874760479563e-01+j8.05540547760695391233e-01
  +1.51888452563311154853e-01+j8.04048585308896113233e-01
  +1.79016671112991576642e-01+j8.01611992709461373963e-01
  +2.06193791473375492851e-01+j7.98223113489243796259e-01
  +2.33386581288486244512e-01+j7.93875302317302855570e-01
  +2.60561277632663179649e-01+j7.88562966161811207400e-01
  +2.87683608864201911803e-01+j7.82281606415959007705e-01
  +3.14718819781239167455e-01+j7.75027861780308358064e-01
  +3.41631700254093673141e-01+j7.66799551668038481544e-01
  +3.68386617495840174019e-01+j7.57595719878372708678e-01
  +3.94947552118053546444e-01+j7.47416678262283640244e-01
  +4.21278138101410126737e-01+j7.36264050083783372358e-01
  +4.47341706790877702282e-01+j7.24140812759775376328e-01
  +4.73101335002681033792e-01+j7.11051339642059798685e-01
  +4.98519897304908088387e-01+j6.97001440486953227627e-01
  +5.23560122505646652336e-01+j6.81998400241330182681e-01
  +5.48184654351800082495e-01+j6.66051015759275943928e-01
  +5.72356116408502924031e-01+j6.49169630051239066049e-01
  +5.96037181053281406307e-01+j6.31366163657986811941e-01
  +6.19190642481247666140e-01+j6.12654142735177376089e-01
  +6.41779493577514181801e-01+j5.93048723431469415601e-01
  +6.63767006471572829085e-01+j5.72566712143923961520e-01
  +6.85116816545393469973e-01+j5.51226581239642521304e-01
  +7.05793009623246536677e-01+j5.29048479842142760354e-01
  +7.25760212027212414654e-01+j5.06054239295437247037e-01
  +7.44983683138362606790e-01+j4.82267372938084804002e-01
  +7.63429410060443291997e-01+j4.57713069844009334819e-01
  +7.81064203941181256496e-01+j4.32418182216505964099e-01
  +7.97855797466568761322e-01+j4.06411206156726823036e-01
  +8.13772943006545457223e-01+j3.79722255567757849271e-01
  +8.28785510856869356289e-01+j3.52383029000226444261e-01
  +8.42864586992510655961e-01+j3.24426769294707872948e-01
  +8.55982569723012121088e-01+j2.95888215929727749209e-01
  +8.68113264620905988878e-01+j2.66803550041480042054e-01
  +8.79231977080576099226e-01+j2.37210332141738894363e-01
  +8.89315601857836091071e-01+j2.07147432623401267504e-01
  +8.98342708940069623047e-01+j1.76654955207741382051e-01
  +9.06293625103438138524e-01+j1.45774153553014956808e-01
  +9.13150510527748759948e-01+j1.14547341309791009256e-01
  +9.18897429861020076380e-01+j8.30177959731981246483e-02
  +9.23520417154612971444e-01+j5.12296569453434130770e-02
  +9.27007534125965149130e-01+j1.92278182816684323209e-02
  +9.29348921248984383148e-01-j1.29421833483025078282e-02
  +9.30536841221894284182e-01-j4.52342849029634536118e-02
  +9.30565714417928346869e-01-j7.76020167835500540576e-02
  +9.29432145985452762282e-01-j1.09998625551292236735e-01
  +9.27134944329705779076e-01-j1.42377198841900393100e-01
  +9.23675130777979358498e-01-j1.74690791745756163200e-01
  +9.19055940302370144579e-01-j2.06892553903135156812e-01
  +9.13282813248591063271e-01-j2.38935856552939307473e-01
  +9.06363378094474425595e-01-j2.70774418770832081549e-01
  +8.98307425336841713914e-01-j3.02362432138476799892e-01
  +8.89126872679273705380e-01-j3.33654683099676885316e-01
  +8.78835721764941735223e-01-j3.64606672281335364438e-01
  +8.67450006767173209532e-01-j3.95174730086987391342e-01
  +8.54987735214874478018e-01-j4.25316127907636287730e-01
  +8.41468821489479656961e-01-j4.54989184338343843894e-01
  +8.26915013484057270787e-01-j4.84153365838449922798e-01
  +8.11349812962943395256e-01-j5.12769381327993101216e-01
  +7.94798390201304272296e-01-j5.40799270271826393319e-01
  +7.77287493517887506655e-01-j5.68206483865189793114e-01
  +7.58845354340866307119e-01-j5.94955958999253131658e-01
  +7.39501588465696246821e-01-j6.21014184751384590299e-01
  +7.19287094175601104951e-01-j6.46349261211779047009e-01
  +6.98233947899534967974e-01-j6.70930950524609714947e-01
  +6.76375298079676001706e-01-j6.94730720087263886597e-01
  +6.53745257910904098431e-01-j7.17721777914682723676e-01
  +6.30378797598802664837e-01-j7.39879100236573106208e-01
  +6.06311636760896055520e-01-j7.61179451452750788221e-01
  +5.81580137568872390652e-01-j7.81601396625379085670e-01
  +5.56221199197806881465e-01-j8.01125306736134024099e-01
  +5.30272154112701454842e-01-j8.19733356980816618709e-01
  +5.03770666683717616152e-01-j8.37409518413402054193e-01
  +4.76754634579701463970e-01-j8.54139543285850399990e-01
  +4.49262093346097679536e-01-j8.69910944459035495591e-01
  +4.21331124528272982221e-01-j8.84712969283886985217e-01
  +3.92999767655683118761e-01-j8.98536568370391863780e-01
  +3.64305936356520199126e-01-j9.11374359675534373437e-01
  +3.35287338827207792580e-01-j9.23220588349852766541e-01
  +3.05981402836595584027e-01-j9.34071082786272821608e-01
  +2.76425205401855722531e-01-j9.43923207314494305820e-01
  +2.46655407231642587185e-01-j9.52775811979943432206e-01
  +2.16708191993064541725e-01-j9.60629179838302316163e-01
  +1.86619210422056203136e-01-j9.67484972185533420586e-01
  +1.56423529262588373312e-01-j9.73346172129243902837e-01
  +1.26155584988548036263e-01-j9.78217026890826679697e-01
  +9.58491422334767639857e-02-j9.82102989209278520732e-01
  +6.55372568275372352486e-02-j9.85010658197411181902e-01
  +3.52522433181167715865e-02-j9.86947719979669790824e-01
  +5.02564683060405248405e-03-j9.87922888418276690103e-01
  -2.51117808915092416422e-02-j9.87945846211339184784e-01
  -5.51301014423194873926e-02-j9.87027186623040120317e-01
  -8.50002058921029701732e-02-j9.85178356082506367919e-01
  -1.14693827305161685781e-01-j9.82411597864605745656e-01
  -1.44183549840342289938e-01-j9.78739897042837370122e-01
  -1.73442814642505827027e-01-j9.74176926882156846155e-01
  -2.02445922735999622732e-01-j9.68736996817809670191e-01
  -2.31168035132273463894e-01-j9.62435002145442530797e-01
  -2.59585170363143213912e-01-j9.55286375527898190541e-01
  -2.87674199649049333605e-01-j9.47307040405313993681e-01
  -3.15412839908362108154e-01-j9.38513366377421442976e-01
  -3.42779644809200034761e-01-j9.28922126610486564857e-01
  -3.69753994059765389579e-01-j9.18550457305949752396e-01
  -3.96316081126947383773e-01-j9.07415819253717281789e-01
  -4.22446899565944722355e-01-j8.95535961480113162914e-01
</dep>
