<Qucs Dataset 1.0.7>
<indep frequency 181>
  +1.00000000000000000000e+09
  +1.05000000000000000000e+09
  +1.10000000000000000000e+09
  +1.15000000000000000000e+09
  +1.20000000000000000000e+09
  +1.25000000000000000000e+09
  +1.30000000000000000000e+09
  +1.35000000000000000000e+09
  +1.40000000000000000000e+09
  +1.45000000000000000000e+09
  +1.50000000000000000000e+09
  +1.55000000000000000000e+09
  +1.60000000000000000000e+09
  +1.65000000000000000000e+09
  +1.70000000000000000000e+09
  +1.75000000000000000000e+09
  +1.80000000000000000000e+09
  +1.85000000000000000000e+09
  +1.90000000000000000000e+09
  +1.95000000000000000000e+09
  +2.00000000000000000000e+09
  +2.05000000000000000000e+09
  +2.10000000000000000000e+09
  +2.15000000000000000000e+09
  +2.20000000000000000000e+09
  +2.25000000000000000000e+09
  +2.30000000000000000000e+09
  +2.35000000000000000000e+09
  +2.40000000000000000000e+09
  +2.45000000000000000000e+09
  +2.50000000000000000000e+09
  +2.55000000000000000000e+09
  +2.60000000000000000000e+09
  +2.65000000000000000000e+09
  +2.70000000000000000000e+09
  +2.75000000000000000000e+09
  +2.80000000000000000000e+09
  +2.85000000000000000000e+09
  +2.90000000000000000000e+09
  +2.95000000000000000000e+09
  +3.00000000000000000000e+09
  +3.05000000000000000000e+09
  +3.10000000000000000000e+09
  +3.15000000000000000000e+09
  +3.20000000000000000000e+09
  +3.25000000000000000000e+09
  +3.30000000000000000000e+09
  +3.35000000000000000000e+09
  +3.40000000000000000000e+09
  +3.45000000000000000000e+09
  +3.50000000000000000000e+09
  +3.55000000000000000000e+09
  +3.60000000000000000000e+09
  +3.65000000000000000000e+09
  +3.70000000000000000000e+09
  +3.75000000000000000000e+09
  +3.80000000000000000000e+09
  +3.85000000000000000000e+09
  +3.90000000000000000000e+09
  +3.95000000000000000000e+09
  +4.00000000000000000000e+09
  +4.05000000000000000000e+09
  +4.10000000000000000000e+09
  +4.15000000000000000000e+09
  +4.20000000000000000000e+09
  +4.25000000000000000000e+09
  +4.30000000000000000000e+09
  +4.35000000000000000000e+09
  +4.40000000000000000000e+09
  +4.45000000000000000000e+09
  +4.50000000000000000000e+09
  +4.55000000000000000000e+09
  +4.60000000000000000000e+09
  +4.65000000000000000000e+09
  +4.70000000000000000000e+09
  +4.75000000000000000000e+09
  +4.80000000000000000000e+09
  +4.85000000000000000000e+09
  +4.90000000000000000000e+09
  +4.95000000000000000000e+09
  +5.00000000000000000000e+09
  +5.05000000000000000000e+09
  +5.10000000000000000000e+09
  +5.15000000000000000000e+09
  +5.20000000000000000000e+09
  +5.25000000000000000000e+09
  +5.30000000000000000000e+09
  +5.35000000000000000000e+09
  +5.40000000000000000000e+09
  +5.45000000000000000000e+09
  +5.50000000000000000000e+09
  +5.55000000000000000000e+09
  +5.60000000000000000000e+09
  +5.65000000000000000000e+09
  +5.70000000000000000000e+09
  +5.75000000000000000000e+09
  +5.80000000000000000000e+09
  +5.85000000000000000000e+09
  +5.90000000000000000000e+09
  +5.95000000000000000000e+09
  +6.00000000000000000000e+09
  +6.05000000000000000000e+09
  +6.10000000000000000000e+09
  +6.15000000000000000000e+09
  +6.20000000000000000000e+09
  +6.25000000000000000000e+09
  +6.30000000000000000000e+09
  +6.35000000000000000000e+09
  +6.40000000000000000000e+09
  +6.45000000000000000000e+09
  +6.50000000000000000000e+09
  +6.55000000000000000000e+09
  +6.60000000000000000000e+09
  +6.65000000000000000000e+09
  +6.70000000000000000000e+09
  +6.75000000000000000000e+09
  +6.80000000000000000000e+09
  +6.85000000000000000000e+09
  +6.90000000000000000000e+09
  +6.95000000000000000000e+09
  +7.00000000000000000000e+09
  +7.05000000000000000000e+09
  +7.10000000000000000000e+09
  +7.15000000000000000000e+09
  +7.20000000000000000000e+09
  +7.25000000000000000000e+09
  +7.30000000000000000000e+09
  +7.35000000000000000000e+09
  +7.40000000000000000000e+09
  +7.45000000000000000000e+09
  +7.50000000000000000000e+09
  +7.55000000000000000000e+09
  +7.60000000000000000000e+09
  +7.65000000000000000000e+09
  +7.70000000000000000000e+09
  +7.75000000000000000000e+09
  +7.80000000000000000000e+09
  +7.85000000000000000000e+09
  +7.90000000000000000000e+09
  +7.95000000000000000000e+09
  +8.00000000000000000000e+09
  +8.05000000000000000000e+09
  +8.10000000000000000000e+09
  +8.15000000000000000000e+09
  +8.20000000000000000000e+09
  +8.25000000000000000000e+09
  +8.30000000000000000000e+09
  +8.35000000000000000000e+09
  +8.40000000000000000000e+09
  +8.45000000000000000000e+09
  +8.50000000000000000000e+09
  +8.55000000000000000000e+09
  +8.60000000000000000000e+09
  +8.65000000000000000000e+09
  +8.70000000000000000000e+09
  +8.75000000000000000000e+09
  +8.80000000000000000000e+09
  +8.85000000000000000000e+09
  +8.90000000000000000000e+09
  +8.95000000000000000000e+09
  +9.00000000000000000000e+09
  +9.05000000000000000000e+09
  +9.10000000000000000000e+09
  +9.15000000000000000000e+09
  +9.20000000000000000000e+09
  +9.25000000000000000000e+09
  +9.30000000000000000000e+09
  +9.35000000000000000000e+09
  +9.40000000000000000000e+09
  +9.45000000000000000000e+09
  +9.50000000000000000000e+09
  +9.55000000000000000000e+09
  +9.60000000000000000000e+09
  +9.65000000000000000000e+09
  +9.70000000000000000000e+09
  +9.75000000000000000000e+09
  +9.80000000000000000000e+09
  +9.85000000000000000000e+09
  +9.90000000000000000000e+09
  +9.95000000000000000000e+09
  +1.00000000000000000000e+10
</indep>
<dep S21_phase frequency>
  -2.37623187129548583130e+01
  -2.49141112603179912810e+01
  -2.60609437811771975646e+01
  -2.72026582495448003840e+01
  -2.83391056538714387614e+01
  -2.94701460427652719432e+01
  -3.05956485391898276305e+01
  -3.17154913244690241925e+01
  -3.28295615936808857782e+01
  -3.39377554840356410182e+01
  -3.50399779779300928340e+01
  -3.61361427825059990937e+01
  -3.72261721874831366108e+01
  -3.83099969031327276525e+01
  -3.93875558802494438737e+01
  -4.04587961139748983896e+01
  -4.15236724332570972251e+01
  -4.25821472777922807040e+01
  -4.36341904641520983432e+01
  -4.46797789427739431289e+01
  -4.57188965474601758388e+01
  -4.67515337389024381309e+01
  -4.77776873437039100168e+01
  -4.87973602902753427202e+01
  -4.98105613428900397821e+01
  -5.08173048351106686482e+01
  -5.18176104036816056464e+01
  -5.28115027239193111086e+01
  -5.37990112475203900999e+01
  -5.47801699436338225269e+01
  -5.57550170439521366461e+01
  -5.67235947924827783595e+01
  -5.76859492006055987190e+01
  -5.86421298079195736364e+01
  -5.95921894493222623623e+01
  -6.05361840286955015245e+01
  -6.14741722995081047998e+01
  -6.24062156525758027215e+01
  -6.33323779111763585092e+01
  -6.42527251336581031183e+01
  -6.51673254236349777102e+01
  -6.60762487478126274709e+01
  -6.69795667614662448841e+01
  -6.78773526415300949566e+01
  -6.87696809272563598370e+01
  -6.96566273683485803758e+01
  -7.05382687804621042460e+01
  -7.14146829079401186391e+01
  -7.22859482936382704565e+01
  -7.31521441556646720983e+01
  -7.40133502708598030040e+01
  -7.48696468648249009448e+01
  -7.57211145082997632016e+01
  -7.65678340196787843297e+01
  -7.74098863734604663023e+01
  -7.82473526144053437292e+01
  -7.90803137771929698374e+01
  -7.99088508113544264688e+01
  -8.07330445112631878146e+01
  -8.15529754509653344030e+01
  -8.23687239236405019938e+01
  -8.31803698854720181544e+01
  -8.39879929037256687252e+01
  -8.47916721088310794130e+01
  -8.55914861502651973524e+01
  -8.63875131560422175880e+01
  -8.71798306956282118563e+01
  -8.79685157460878031088e+01
  -8.87536446612943308310e+01
  -8.95352931440274346642e+01
  -9.03135362207937220091e+01
  -9.10884482192147117985e+01
  -9.18601027478247971203e+01
  -9.26285726781392781959e+01
  -9.33939301288444028160e+01
  -9.41562464519832502674e+01
  -9.49155922210022993113e+01
  -9.56720372205423927880e+01
  -9.64256504378525391985e+01
  -9.71765000557186908736e+01
  -9.79246534468003915208e+01
  -9.86701771692752345189e+01
  -9.94131369636969139947e+01
  -1.00153597750974000746e+02
  -1.00891623631386607940e+02
  -1.01627277884558353094e+02
  -1.02360622970307375112e+02
  -1.03091720530303689429e+02
  -1.03820631390464541255e+02
  -1.04547415564024419155e+02
  -1.05272132255216931185e+02
  -1.05994839863512453348e+02
  -1.06715595988357875967e+02
  -1.07434457434366350981e+02
  -1.08151480216911679122e+02
  -1.08866719568079986402e+02
  -1.09580229942938601084e+02
  -1.10292065026082610757e+02
  -1.11002277738420545461e+02
  -1.11710920244167681403e+02
  -1.12418043958011253380e+02
  -1.13123699552420745817e+02
  -1.13827936965072339603e+02
  -1.14530805406363768384e+02
  -1.15232353366992413157e+02
  -1.15932628625577223147e+02
  -1.16631678256299949226e+02
  -1.17329548636548594231e+02
  -1.18026285454542772868e+02
  -1.18721933716927253499e+02
  -1.19416537756313687169e+02
  -1.20110141238760505189e+02
  -1.20802787171173889647e+02
  -1.21494517908621418201e+02
  -1.22185375161543390732e+02
  -1.22875400002854192394e+02
  -1.23564632874923461259e+02
  -1.24253113596427681387e+02
  -1.24940881369066758566e+02
  -1.25627974784134707420e+02
  -1.26314431828942204561e+02
  -1.27000289893082864978e+02
  -1.27685585774538623127e+02
  -1.28370355685619273345e+02
  -1.29054635258734066383e+02
  -1.29738459551989734564e+02
  -1.30421863054612913402e+02
  -1.31104879692194856489e+02
  -1.31787542831755274619e+02
  -1.32469885286624929677e+02
  -1.33151939321145249551e+02
  -1.33833736655182889308e+02
  -1.34515308468461370239e+02
  -1.35196685404705846167e+02
  -1.35877897575607022418e+02
  -1.36558974564594876711e+02
  -1.37239945430434403306e+02
  -1.37920838710636729729e+02
  -1.38601682424687282946e+02
  -1.39282504077097314621e+02
  -1.39963330660273726380e+02
  -1.40644188657216545835e+02
  -1.41325104044038624806e+02
  -1.42006102292316171543e+02
  -1.42687208371268951623e+02
  -1.43368446749776694560e+02
  -1.44049841398227272293e+02
  -1.44731415790212878392e+02
  -1.45413192904059485500e+02
  -1.46095195224211153118e+02
  -1.46777444742463444527e+02
  -1.47459962959053314080e+02
  -1.48142770883594437237e+02
  -1.48825889035903855984e+02
  -1.49509337446641183078e+02
  +2.98068643420488648133e+01
  +2.91226972762746143530e+01
  +2.84381427899130692083e+01
  +2.77531828045322477294e+01
  +2.70677997292560164055e+01
  +2.63819764607979756477e+01
  +2.56956963835637886007e+01
  +2.50089433698619210134e+01
  +2.43217017801881780770e+01
  +2.36339564635981069785e+01
  +2.29456927581467731159e+01
  +2.22568964913963398544e+01
  +2.15675539809887197862e+01
  +2.08776520352633845334e+01
  +2.01871779539338831455e+01
  +1.94961195287936348564e+01
  +1.88044650444621410657e+01
  +1.81122032791574838484e+01
  +1.74193235054830921626e+01
  +1.67258154912329324304e+01
  +1.60316695001964006906e+01
  +1.53368762929656572425e+01
  +1.46414271277259420145e+01
  +1.39453137610337503105e+01
  +1.32485284485678533883e+01
  +1.25510639458445556471e+01
</dep>
<dep S11_phase frequency>
  -1.13773099544091294888e+02
  -1.14924650029910878857e+02
  -1.16071252264458109948e+02
  -1.17212746768376874229e+02
  -1.18348983292799516676e+02
  -1.19479820825696137376e+02
  -1.20605127575121528594e+02
  -1.21724780928646353573e+02
  -1.22838667389052460521e+02
  -1.23946682486789882205e+02
  -1.25048730670060308512e+02
  -1.26144725173725674949e+02
  -1.27234587868343851369e+02
  -1.28318249090823456982e+02
  -1.29395647458271895403e+02
  -1.30466729666669721155e+02
  -1.31531450275972218833e+02
  -1.32589771483348670245e+02
  -1.33641662886147429390e+02
  -1.34687101236175493568e+02
  -1.35726070186862074252e+02
  -1.36758560034763405611e+02
  -1.37784567456834906807e+02
  -1.38804095244799782449e+02
  -1.39817152037872176606e+02
  -1.40823752055014494999e+02
  -1.41823914827803264416e+02
  -1.42817664934912812669e+02
  -1.43805031739123251100e+02
  -1.44786049127681792470e+02
  -1.45760755256763104626e+02
  -1.46729192300678306538e+02
  -1.47691406206430031034e+02
  -1.48647446454110337299e+02
  -1.49597365823576353705e+02
  -1.50541220167773843741e+02
  -1.51479068193014427379e+02
  -1.52410971246439629567e+02
  -1.53336993110871304680e+02
  -1.54257199807179233630e+02
  -1.55171659404256331527e+02
  -1.56080441836647906939e+02
  -1.56983618729848188877e+02
  -1.57881263233224871101e+02
  -1.58773449860529154876e+02
  -1.59660254337890535226e+02
  -1.60541753459192420905e+02
  -1.61418024948693272336e+02
  -1.62289147330745407771e+02
  -1.63155199806438218957e+02
  -1.64016262136989041664e+02
  -1.64872414533689266136e+02
  -1.65723737554206877576e+02
  -1.66570312005032889147e+02
  -1.67412218849865496395e+02
  -1.68249539123710320609e+02
  -1.69082353852480281375e+02
  -1.69910743977878780697e+02
  -1.70734790287341951398e+02
  -1.71554573348827091195e+02
  -1.72370173450230225853e+02
  -1.73181670543220690206e+02
  -1.73989144191284140106e+02
  -1.74792673521770865364e+02
  -1.75592337181749030606e+02
  -1.76388213297466819540e+02
  -1.77180379437240191010e+02
  -1.77968912577575252953e+02
  -1.78753889072355065082e+02
  -1.79535384624916247276e+02
  +1.79686525737150304849e+02
  +1.78911767684630859776e+02
  +1.78140267606906945730e+02
  +1.77371952629905308640e+02
  +1.76606750631921585182e+02
  +1.75844590257449880255e+02
  +1.75085400929148590876e+02
  +1.74329112858062501346e+02
  +1.73575657052220606147e+02
  +1.72824965323717833598e+02
  +1.72076970294389326455e+02
  +1.71331605400174538545e+02
  +1.70588804894269372880e+02
  +1.69848503849154866430e+02
  +1.69110638157588425656e+02
  +1.68375144532640064199e+02
  +1.67641960506846828594e+02
  +1.66911024430563344367e+02
  +1.66182275469571123949e+02
  +1.65455653602015217984e+02
  +1.64731099614727156677e+02
  +1.64008555098991820387e+02
  +1.63287962445812780743e+02
  +1.62569264840726617649e+02
  +1.61852406258212482726e+02
  +1.61137331455743975539e+02
  +1.60423985967523805130e+02
  +1.59712316097940430382e+02
  +1.59002268914785076959e+02
  +1.58293792242261702086e+02
  +1.57586834653823501640e+02
  +1.56881345464865717076e+02
  +1.56177274725302510205e+02
  +1.55474573212054934856e+02
  +1.54773192421473822833e+02
  +1.54073084561720094143e+02
  +1.53374202545124546759e+02
  +1.52676499980546338975e+02
  +1.51979931165747728983e+02
  +1.51284451079803119455e+02
  +1.50590015375556873778e+02
  +1.49896580372145365345e+02
  +1.49204103047595680209e+02
  +1.48512541031513791268e+02
  +1.47821852597872634760e+02
  +1.47131996657911940929e+02
  +1.46442932753157208481e+02
  +1.45754621048568083097e+02
  +1.45067022325822790663e+02
  +1.44380097976746469612e+02
  +1.43693809996889569902e+02
  +1.43008120979261008188e+02
  +1.42322994108223440435e+02
  +1.41638393153552357262e+02
  +1.40954282464665453745e+02
  +1.40270626965023950561e+02
  +1.39587392146709646568e+02
  +1.38904544065180658663e+02
  +1.38222049334206047888e+02
  +1.37539875120983623447e+02
  +1.36857989141439901459e+02
  +1.36176359655714321661e+02
  +1.35494955463828290476e+02
  +1.34813745901538055705e+02
  +1.34132700836373174980e+02
  +1.33451790663858645303e+02
  +1.32770986303920892624e+02
  +1.32090259197475745623e+02
  +1.31409581303198564228e+02
  +1.30728925094473481749e+02
  +1.30048263556521163764e+02
  +1.29367570183702838449e+02
  +1.28686818976997841446e+02
  +1.28005984441653652084e+02
  +1.27325041585003674527e+02
  +1.26643965914452351740e+02
  +1.25962733435623164269e+02
  +1.25281320650666089023e+02
  +1.24599704556722215898e+02
  +1.23917862644541258987e+02
  +1.23235772897248295976e+02
  +1.22553413789255586153e+02
  +1.21870764285316141695e+02
  +1.21187803839713922116e+02
  +1.20504512395586388607e+02
  +1.19820870384375126605e+02
  +1.19136858725399960690e+02
  +1.18452458825550436927e+02
  +1.17767652579091233633e+02
  +1.17082422367574750410e+02
  +1.16396751059856654820e+02
  +1.15710622012208219189e+02
  +1.15024019068519294251e+02
  +1.14336926560587627932e+02
  +1.13649329308486443324e+02
  +1.12961212621006410473e+02
  +1.12272562296163371798e+02
  +1.11583364621767302083e+02
  +1.10893606376045170236e+02
  +1.10203274828310966882e+02
  +1.09512357739676588153e+02
  +1.08820843363795034975e+02
  +1.08128720447632446167e+02
  +1.07435978232257468790e+02
  +1.06742606453643674058e+02
  +1.06048595343476250719e+02
  +1.05353935629957476294e+02
  +1.04658618538599441194e+02
  +1.03962635793001325624e+02
  +1.03265979615599832186e+02
  +1.02568642728386450358e+02
</dep>
<dep S21_dB frequency>
  -3.98306347419500828000e-01
  -4.37759455665927887935e-01
  -4.78920424604388661471e-01
  -5.21763125198280830475e-01
  -5.66260962707414550188e-01
  -6.12386956599724530115e-01
  -6.60113819100258458761e-01
  -7.09414032122918647438e-01
  -7.60259922349933003893e-01
  -8.12623734237859607354e-01
  -8.66477700749534118785e-01
  -9.21794111639561153382e-01
  -9.78545379138460402757e-01
  -1.03670410091050868573e+00
  -1.09624312018244429723e+00
  -1.15713558296770990808e+00
  -1.21935499232751531906e+00
  -1.28287525964301485359e+00
  -1.34767075288520654652e+00
  -1.41371634189216877076e+00
  -1.48098744068460641543e+00
  -1.54946004686296667785e+00
  -1.61911077814778625594e+00
  -1.68991690613728806625e+00
  -1.76185638736890548550e+00
  -1.83490789178225766065e+00
  -1.90905082868891606829e+00
  -1.98426537036379246892e+00
  -2.06053247337737666101e+00
  -2.13783389779439580991e+00
  -2.21615222436824454988e+00
  -2.29547086986129178499e+00
  -2.37577410062670058011e+00
  -2.45704704458461176131e+00
  -2.53927570172736194465e+00
  -2.62244695328792731814e+00
  -2.70654856970463697508e+00
  -2.79156921751200259862e+00
  -2.87749846528788477684e+00
  -2.96432678878302935388e+00
  -3.05204557535690224057e+00
  -3.14064712784058386319e+00
  -3.23012466794598163133e+00
  -3.32047233933423679986e+00
  -3.41168521045826400595e+00
  -3.50375927728607017286e+00
  -3.59669146601252043283e+00
  -3.69047963586253047197e+00
  -3.78512258208765883793e+00
  -3.88062003925371223900e+00
  -3.97697268491693556314e+00
  -4.07418214378384835328e+00
  -4.17225099244859620740e+00
  -4.27118276479992609040e+00
  -4.37098195819082757652e+00
  -4.47165404046171843788e+00
  -4.57320545790974808398e+00
  -4.67564364429731504913e+00
  -4.77897703099282544770e+00
  -4.88321505834019831127e+00
  -4.98836818835455808596e+00
  -5.09444791884500247647e+00
  -5.20146679906864051190e+00
  -5.30943844702446554606e+00
  -5.41837756850040097589e+00
  -5.52829997799166950045e+00
  -5.63922262161774234812e+00
  -5.75116360216832323005e+00
  -5.86414220642158134922e+00
  -5.97817893488404195068e+00
  -6.09329553411333257884e+00
  -6.20951503179687769318e+00
  -6.32686177477241784572e+00
  -6.44536147019086147480e+00
  -6.56504123003801254299e+00
  -6.68592961925078199670e+00
  -6.80805670768178750052e+00
  -6.93145412619058287618e+00
  -7.05615512716273673988e+00
  -7.18219464978617683215e+00
  -7.30960939044510915608e+00
  -7.43843787862524941090e+00
  -7.56872055876145388709e+00
  -7.70049987850230177600e+00
  -7.83382038391141310996e+00
  -7.96872882217866784771e+00
  -8.10527425247330413072e+00
  -8.24350816563414845461e+00
  -8.38348461346916273840e+00
  -8.52526034851492831024e+00
  -8.66889497520212515269e+00
  -8.81445111347549392633e+00
  -8.96199457603473703671e+00
  -9.11159456049523441834e+00
  -9.26332385791809720388e+00
  -9.41725907932795713862e+00
  -9.57348090203182344737e+00
  -9.73207433777086095006e+00
  -9.89312902498891411085e+00
  -1.00567395477885757060e+01
  -1.02230057844739974371e+01
  -1.03920332889578155289e+01
  -1.05639337087445497332e+01
  -1.07388252437050333299e+01
  -1.09168331504371849405e+01
  -1.10980902976838038398e+01
  -1.12827377790623089027e+01
  -1.14709255902779361236e+01
  -1.16628133790655379443e+01
  -1.18585712773640583606e+01
  -1.20583808267143854920e+01
  -1.22624360096265903053e+01
  -1.24709444017476904776e+01
  -1.26841284621440379965e+01
  -1.29022269819830643911e+01
  -1.31254967154641466465e+01
  -1.33542142211527199436e+01
  -1.35886779470811873693e+01
  -1.38292105993264478059e+01
  -1.40761618415339189170e+01
  -1.43299113824040063037e+01
  -1.45908725199609783374e+01
  -1.48594962261025678174e+01
  -1.51362758733063849093e+01
  -1.54217527285074957888e+01
  -1.57165223685208168547e+01
  -1.60212422088836667911e+01
  -1.63366403862908704525e+01
  -1.66635262975004110331e+01
  -1.70028031797322611851e+01
  -1.73554832262179772329e+01
  -1.77227058757026583180e+01
  -1.81057601107563002074e+01
  -1.85061118677505405117e+01
  -1.89254380324078361753e+01
  -1.93656690158032880333e+01
  -1.98290426483549033776e+01
  -2.03181732058124389084e+01
  -2.08361409704312521285e+01
  -2.13866101246227984234e+01
  -2.19739864632302364100e+01
  -2.26036322394226338872e+01
  -2.32821649346222301347e+01
  -2.40178826507201890195e+01
  -2.48213865349223752332e+01
  -2.57065210346773937999e+01
  -2.66918491176036951629e+01
  -2.78030751578561350357e+01
  -2.90772551926899183172e+01
  -3.05706551695676722602e+01
  -3.23748614593053289923e+01
  -3.46543818074592735456e+01
  -3.77531397359949210113e+01
  -4.26150188137888719098e+01
  -5.46620414668179108730e+01
  -4.86304669459698573064e+01
  -4.06740010421702180565e+01
  -3.65921986633751856743e+01
  -3.38263757240163087658e+01
  -3.17317321813733208558e+01
  -3.00452711804045051736e+01
  -2.86335259968463731184e+01
  -2.74193794540424278239e+01
  -2.63542227622085469818e+01
  -2.54054334864586870424e+01
  -2.45500533883505198673e+01
  -2.37713122537137557799e+01
  -2.30565865271593892771e+01
  -2.23961359666563986082e+01
  -2.17822875549226111502e+01
  -2.12088891592918891149e+01
  -2.06709325481434582628e+01
  -2.01642864274250577239e+01
  -1.96855030826273846856e+01
  -1.92316755407947539425e+01
  -1.88003301963471756153e+01
  -1.83893448326769224366e+01
  -1.79968851560127127698e+01
  -1.76213550410196866380e+01
  -1.72613570799583513349e+01
  -1.69156609763590424222e+01
</dep>
<dep S11_dB frequency>
  -1.06143125059198624172e+01
  -1.02211399819834785063e+01
  -9.84894469047715759302e+00
  -9.49594429724925248593e+00
  -9.16057988392951827450e+00
  -8.84147942444898049530e+00
  -8.53742844299377701134e+00
  -8.24734622531487282515e+00
  -7.97026637005264326774e+00
  -7.70532076502632090609e+00
  -7.45172629072111725179e+00
  -7.20877371343377060242e+00
  -6.97581835009346651333e+00
  -6.75227217684364244832e+00
  -6.53759712202994869301e+00
  -6.33129933690085611175e+00
  -6.13292427812744289639e+00
  -5.94205246806561948603e+00
  -5.75829582376421988954e+00
  -5.58129446555861541412e+00
  -5.41071393190696170450e+00
  -5.24624273984425748552e+00
  -5.08759024066968468247e+00
  -4.93448472881133604062e+00
  -4.78667176860657139770e+00
  -4.64391270930174560050e+00
  -4.50598336317542269569e+00
  -4.37267282548294833333e+00
  -4.24378241808684464331e+00
  -4.11912474127322525419e+00
  -3.99852282046623264122e+00
  -3.88180933641795133937e+00
  -3.76882592901367718952e+00
  -3.65942256617117678275e+00
  -3.55345697043951291860e+00
  -3.45079409686741733765e+00
  -3.35130565653492906719e+00
  -3.25486968085087280400e+00
  -3.16137012232307590409e+00
  -3.07069648803398198567e+00
  -2.98274350250522468642e+00
  -2.89741079702797899031e+00
  -2.81460262287362006361e+00
  -2.73422758609827543097e+00
  -2.65619840190860045936e+00
  -2.58043166678549251714e+00
  -2.50684764675673843470e+00
  -2.43537008038434699131e+00
  -2.36592599518179325102e+00
  -2.29844553631424952655e+00
  -2.23286180654844645943e+00
  -2.16911071652573905766e+00
  -2.10713084452288867965e+00
  -2.04686330494807400271e+00
  -1.98825162489007922773e+00
  -1.93124162810577582050e+00
  -1.87578132588577273232e+00
  -1.82182081429166986553e+00
  -1.76931217730255574416e+00
  -1.71820939545043205321e+00
  -1.66846825955988853352e+00
  -1.62004628924188565087e+00
  -1.57290265581940236217e+00
  -1.52699810939058044923e+00
  -1.48229490975890310089e+00
  -1.43875676098123550517e+00
  -1.39634874930438979135e+00
  -1.35503728427934433398e+00
  -1.31479004285708755972e+00
  -1.27557591628612665424e+00
  -1.23736495964407500203e+00
  -1.20012834384835342938e+00
  -1.16383831000198090244e+00
  -1.12846812594074785707e+00
  -1.09399204485694068190e+00
  -1.06038526588398673844e+00
  -1.02762389653335972639e+00
  -9.95684916882919046621e-01
  -9.64546145422156220306e-01
  -9.34186206465798418819e-01
  -9.04584499053227464316e-01
  -8.75721167255767207749e-01
  -8.47577071819228367033e-01
  -8.20133763073246480069e-01
  -7.93373455043002606679e-01
  -7.67279000702839164560e-01
  -7.41833868314993427617e-01
  -7.17022118799521712695e-01
  -6.92828384084942405785e-01
  -6.69237846391825930148e-01
  -6.46236218404243500935e-01
  -6.23809724286429001516e-01
  -6.01945081504440704379e-01
  -5.80629483414698110977e-01
  -5.59850582583290234950e-01
  -5.39596474801880554573e-01
  -5.19855683768064236183e-01
  -5.00617146399056966999e-01
  -4.81870198750083078565e-01
  -4.63604562509406459281e-01
  -4.45810332044176693689e-01
  -4.28477961971769238936e-01
  -4.11598255233285748034e-01
  -3.95162351646407006278e-01
  -3.79161716916434854419e-01
  -3.63588132084880610861e-01
  -3.48433683396441762348e-01
  -3.33690752565706738597e-01
  -3.19352007426074058216e-01
  -3.05410392944021280570e-01
  -2.91859122582863561579e-01
  -2.78691670000553226583e-01
  -2.65901761067143693751e-01
  -2.53483366187857606100e-01
  -2.41430692918590039664e-01
  -2.29738178861180225576e-01
  -2.18400484826198310051e-01
  -2.07412488251845772425e-01
  -1.96769276867816089727e-01
  -1.86466142593490896706e-01
  -1.76498575660387679864e-01
  -1.66862258949193847934e-01
  -1.57553062532004517493e-01
  -1.48567038410975849061e-01
  -1.39900415444777492802e-01
  -1.31549594454780482966e-01
  -1.23511143503028678059e-01
  -1.15781793334603588796e-01
  -1.08358432977132906894e-01
  -1.01238105490473989656e-01
  -9.44180038600257592885e-02
  -8.78954670272566462863e-02
  -8.16679760512801777850e-02
  -7.57331503957454216236e-02
  -7.00887443351237426903e-02
  -6.47326434752636264980e-02
  -5.96628613827699660899e-02
  -5.48775363182164299669e-02
  -5.03749280684503419891e-02
  -4.61534148731412019462e-02
  -4.22114904413428346230e-02
  -3.85477610534662520902e-02
  -3.51609427446921835037e-02
  -3.20498585657830251106e-02
  -2.92134359173462122838e-02
  -2.66507039539078949275e-02
  -2.43607910541252248304e-02
  -2.23429223537621943207e-02
  -2.05964173380496842758e-02
  -1.91206874901314466397e-02
  -1.79152339926036373308e-02
  -1.69796454790963058379e-02
  -1.63135958330189387300e-02
  -1.59168420306141020215e-02
  -1.57892220257732536493e-02
  -1.59306526738116349673e-02
  -1.63411276919928800944e-02
  -1.70207156540659390598e-02
  -1.79695580167157295537e-02
  -1.91878671756724981934e-02
  -2.06759245491924086024e-02
  -2.24340786870029715305e-02
  -2.44627434026029114134e-02
  -2.67623959271005573690e-02
  -2.93335750826157967697e-02
  -3.21768794736736543638e-02
  -3.52929656947540484890e-02
  -3.86825465523710776417e-02
  -4.23463893003550306826e-02
  -4.62853138865349372777e-02
  -5.05001912096852273448e-02
  -5.49919413853321714658e-02
  -5.97615320191042728726e-02
  -6.48099764864621952221e-02
  -7.01383322177079882032e-02
  -7.57476989872022249406e-02
  -8.16392172057746612346e-02
  -8.78140662154370810200e-02
  -9.42734625855264768424e-02
  -1.01018658409480266425e-01
  -1.08050939601535889167e-01
</dep>
<dep Zin_ohm frequency>
  +2.00198037947278589854e+03
  +1.96285096641740187806e+03
  +1.92350757218371518320e+03
  +1.88405673185383716373e+03
  +1.84459425788439830285e+03
  +1.80520568111640568532e+03
  +1.76596678149608169406e+03
  +1.72694418037461127824e+03
  +1.68819597044323359114e+03
  +1.64977236343296590348e+03
  +1.61171633950371597166e+03
  +1.57406428567635543914e+03
  +1.53684661368593174302e+03
  +1.50008835022983612362e+03
  +1.46380969477060648387e+03
  +1.42802654185462688474e+03
  +1.39275096636384000703e+03
  +1.35799167126093720981e+03
  +1.32375439827621607947e+03
  +1.29004230264373950376e+03
  +1.25685629346922701188e+03
  +1.22419534163997104770e+03
  +1.19205675739072262331e+03
  +1.16043643975128702550e+03
  +1.12932910014022695577e+03
  +1.09872846235328461262e+03
  +1.06862744114220572555e+03
  +1.03901830149819943472e+03
  +1.00989280065808418385e+03
  +9.81242314745246403618e+02
  +9.53057951849758410390e+02
  +9.25330653247671534700e+02
  +8.98051284360201066193e+02
  +8.71210716966667519046e+02
  +8.44799904109650015016e+02
  +8.18809949071472487958e+02
  +7.93232169760057786334e+02
  +7.68058159822395168703e+02
  +7.43279847807042301611e+02
  +7.18889555729093785885e+02
  +6.94880058454527784306e+02
  +6.71244645422692542525e+02
  +6.47977186372186224617e+02
  +6.25072202937092356478e+02
  +6.02524948246647568340e+02
  +5.80331497009763438655e+02
  +5.58488849011490856356e+02
  +5.36995049516870039952e+02
  +5.15849330795014225259e+02
  +4.95052279878336605634e+02
  +4.74606038796173663741e+02
  +4.54514544915416593085e+02
  +4.34783820727474505929e+02
  +4.15422324481184716660e+02
  +3.96441375490431312301e+02
  +3.77855670707460035374e+02
  +3.59683912098857888395e+02
  +3.41949567134988342332e+02
  +3.24681786566733251220e+02
  +3.07916503217424747163e+02
  +2.91697730263430287323e+02
  +2.76079063173174404255e+02
  +2.61125359323146369661e+02
  +2.46914513206603857043e+02
  +2.33539149767539925051e+02
  +2.21107909921493160255e+02
  +2.09745795339495174403e+02
  +1.99592796676940878342e+02
  +1.90799833490704173755e+02
  +1.83521060082109499945e+02
  +1.77902092272920413052e+02
  +1.74064879521465002199e+02
  +1.72091633474875607135e+02
  +1.72011685750786853077e+02
  +1.73795272976837622991e+02
  +1.77356425638949389167e+02
  +1.82564080595289254916e+02
  +1.89257956700278441531e+02
  +1.97264959394352388244e+02
  +2.06412887557041244690e+02
  +2.16539980493711027520e+02
  +2.27500349066346529980e+02
  +2.39166152080576779326e+02
  +2.51427584833718753998e+02
  +2.64191606554315740141e+02
  +2.77380076877841986516e+02
  +2.90927726868701654439e+02
  +3.04780204409963971557e+02
  +3.18892310260762485541e+02
  +3.33226466582933369409e+02
  +3.47751418781228323951e+02
  +3.62441151477990842977e+02
  +3.77273991563817446604e+02
  +3.92231869933474911250e+02
  +4.07299715390624442080e+02
  +4.22464957399788943349e+02
  +4.37717117876756333317e+02
  +4.53047475547332396673e+02
  +4.68448789361153899335e+02
  +4.83915069963223857030e+02
  +4.99441390315503383590e+02
  +5.15023728270505557703e+02
  +5.30658835284403835431e+02
  +5.46344126573680341608e+02
  +5.62077588916315221468e+02
  +5.77857703018119082117e+02
  +5.93683377942075026112e+02
  +6.09553895562142088238e+02
  +6.25468863375765749879e+02
  +6.41428174309728774460e+02
  +6.57431972396768173894e+02
  +6.73480623396907731149e+02
  +6.89574689597235078509e+02
  +7.05714908153940655211e+02
  +7.21902172446842314457e+02
  +7.38137516003753034965e+02
  +7.54422098623863121247e+02
  +7.70757194388368247928e+02
  +7.87144181295625571693e+02
  +8.03584532298710769282e+02
  +8.20079807557120147976e+02
  +8.36631647742646237020e+02
  +8.53241768263042217768e+02
  +8.69911954287137973552e+02
  +8.86644056471629937732e+02
  +9.03439987304102714916e+02
  +9.20301717988699692796e+02
  +9.37231275811106229412e+02
  +9.54230741928176371403e+02
  +9.71302249534914153628e+02
  +9.88447982367872441500e+02
  +1.00567017350949276988e+03
  +1.02297110446253384453e+03
  +1.04035310446784069427e+03
  +1.05781855004212388849e+03
  +1.07536986471550130773e+03
  +1.09300951895112598322e+03
  +1.11074003023158365977e+03
  +1.12856396329862900529e+03
  +1.14648393053470226732e+03
  +1.16450259247609915292e+03
  +1.18262265844906528400e+03
  +1.20084688732127506228e+03
  +1.21917808836216295276e+03
  +1.23761912220659405648e+03
  +1.25617290191707047597e+03
  +1.27484239414052012762e+03
  +1.29363062035633265623e+03
  +1.31254065821287395011e+03
  +1.33157564295030988433e+03
  +1.35073876890799920147e+03
  +1.37003329111520611150e+03
  +1.38946252696424448914e+03
  +1.40902985796556072273e+03
  +1.42873873158461992716e+03
  +1.44859266316072285008e+03
  +1.46859523790822709088e+03
  +1.48875011300091932753e+03
  +1.50906101974050034187e+03
  +1.52953176581045272542e+03
  +1.55016623761674190973e+03
  +1.57096840271705877967e+03
  +1.59194231234053631852e+03
  +1.61309210400002666574e+03
  +1.63442200419931577926e+03
  +1.65593633123774634441e+03
  +1.67763949811504539866e+03
  +1.69953601553920816514e+03
  +1.72163049504058744787e+03
  +1.74392765219546959088e+03
  +1.76643230996262946064e+03
  +1.78914940213658292123e+03
  +1.81208397692130779433e+03
  +1.83524120062860379221e+03
  +1.85862636150528919643e+03
  +1.88224487369368489453e+03
  +1.90610228132999532136e+03
  +1.93020426278553190969e+03
  +1.95455663505566235472e+03
  +1.97916535830184739098e+03
  +2.00403654055214178697e+03
</dep>
<dep Zin_norm frequency>
  +4.00396075894557199604e+01
  +3.92570193283480364244e+01
  +3.84701514436743039482e+01
  +3.76811346370767452640e+01
  +3.68918851576879660570e+01
  +3.61041136223281142748e+01
  +3.53193356299216318916e+01
  +3.45388836074922238595e+01
  +3.37639194088646732439e+01
  +3.29954472686593192066e+01
  +3.22343267900743200016e+01
  +3.14812857135271109144e+01
  +3.07369322737186365657e+01
  +3.00017670045967221881e+01
  +2.92761938954121312406e+01
  +2.85605308370925357053e+01
  +2.78550193272767998565e+01
  +2.71598334252187427751e+01
  +2.64750879655243203104e+01
  +2.58008460528747889384e+01
  +2.51371258693845405219e+01
  +2.44839068327994198171e+01
  +2.38411351478144517557e+01
  +2.32087287950257383784e+01
  +2.25865820028045405365e+01
  +2.19745692470656912576e+01
  +2.13725488228441165006e+01
  +2.07803660299639894049e+01
  +2.01978560131616831086e+01
  +1.96248462949049269355e+01
  +1.90611590369951677815e+01
  +1.85066130649534308361e+01
  +1.79610256872040210396e+01
  +1.74242143393333499546e+01
  +1.68959980821929995898e+01
  +1.63761989814294501855e+01
  +1.58646433952011562951e+01
  +1.53611631964479027346e+01
  +1.48655969561408465296e+01
  +1.43777911145818766414e+01
  +1.38976011690905565388e+01
  +1.34248929084538506373e+01
  +1.29595437274437248476e+01
  +1.25014440587418480533e+01
  +1.20504989649329523616e+01
  +1.16066299401952690573e+01
  +1.11697769802298179087e+01
  +1.07399009903374000885e+01
  +1.03169866159002836525e+01
  +9.90104559756673197057e+00
  +9.49212077592347291954e+00
  +9.09029089830833214592e+00
  +8.69567641454949047386e+00
  +8.30844648962369447531e+00
  +7.92882750980862649470e+00
  +7.55711341414920045878e+00
  +7.19367824197715766132e+00
  +6.83899134269976638478e+00
  +6.49363573133466509546e+00
  +6.15833006434849483668e+00
  +5.83395460526860620831e+00
  +5.52158126346348776536e+00
  +5.22250718646292710901e+00
  +4.93829026413207738955e+00
  +4.67078299535079821680e+00
  +4.42215819842986324062e+00
  +4.19491590678990355912e+00
  +3.99185593353881751355e+00
  +3.81599666981408347510e+00
  +3.67042120164218976797e+00
  +3.55804184545840840315e+00
  +3.48129759042929975976e+00
  +3.44183266949751232033e+00
  +3.44023371501573693720e+00
  +3.47590545953675267299e+00
  +3.54712851277898799651e+00
  +3.65128161190578515161e+00
  +3.78515913400556858193e+00
  +3.94529918788704803134e+00
  +4.12825775114082471617e+00
  +4.33079960987422030172e+00
  +4.55000698132693059961e+00
  +4.78332304161153576416e+00
  +5.02855169667437529313e+00
  +5.28383213108631455412e+00
  +5.54760153755683926846e+00
  +5.81855453737403305325e+00
  +6.09560408819927967983e+00
  +6.37784620521525003056e+00
  +6.66452933165866756582e+00
  +6.95502837562456655007e+00
  +7.24882302955981661086e+00
  +7.54547983127634847023e+00
  +7.84463739866949794077e+00
  +8.14599430781248834421e+00
  +8.44929914799577908013e+00
  +8.75434235753512624001e+00
  +9.06094951094664757818e+00
  +9.36897578722307855514e+00
  +9.67830139926447685639e+00
  +9.98882780631006816918e+00
  +1.03004745654101110830e+01
  +1.06131767056880761402e+01
  +1.09268825314736073295e+01
  +1.12415517783263041451e+01
  +1.15571540603623805765e+01
  +1.18736675588415003801e+01
  +1.21910779112428429016e+01
  +1.25093772675153154239e+01
  +1.28285634861945752050e+01
  +1.31486394479353645437e+01
  +1.34696124679381536993e+01
  +1.37914937919447009307e+01
  +1.41142981630788124647e+01
  +1.44380434489368454365e+01
  +1.47627503200750602730e+01
  +1.50884419724772627092e+01
  +1.54151438877673641059e+01
  +1.57428836259125120023e+01
  +1.60716906459742148172e+01
  +1.64015961511424031016e+01
  +1.67326329548529244562e+01
  +1.70648353652608442133e+01
  +1.73982390857427589026e+01
  +1.77328811294325987546e+01
  +1.80687997460820533036e+01
  +1.84060343597739937138e+01
  +1.87446255162221255830e+01
  +1.90846148385635281386e+01
  +1.94260449906982834989e+01
  +1.97689596473574482616e+01
  +2.01134034701898549713e+01
  +2.04594220892506761800e+01
  +2.08070620893568118959e+01
  +2.11563710008424763487e+01
  +2.15073972943100280020e+01
  +2.18601903790225193802e+01
  +2.22148006046316730533e+01
  +2.25712792659725813849e+01
  +2.29296786106940437833e+01
  +2.32900518495219834847e+01
  +2.36524531689813066748e+01
  +2.40169377464255013876e+01
  +2.43835617672432576342e+01
  +2.47523824441318822664e+01
  +2.51234580383414076721e+01
  +2.54968478828104032630e+01
  +2.58726124071266525561e+01
  +2.62508131642574795706e+01
  +2.66315128590061966918e+01
  +2.70147753781599853085e+01
  +2.74006658223041235090e+01
  +2.77892505392848896406e+01
  +2.81805971593112154494e+01
  +2.85747746316923993959e+01
  +2.89718532632144558647e+01
  +2.93719047581645398282e+01
  +2.97750022600183861243e+01
  +3.01812203948100048478e+01
  +3.05906353162090525188e+01
  +3.10033247523348371999e+01
  +3.14193680543411772987e+01
  +3.18388462468107285019e+01
  +3.22618420800005338833e+01
  +3.26884400839863147326e+01
  +3.31187266247549274567e+01
  +3.35527899623009062680e+01
  +3.39907203107841624501e+01
  +3.44326099008117481048e+01
  +3.48785530439093918176e+01
  +3.53286461992525886444e+01
  +3.57829880427316595615e+01
  +3.62416795384261547497e+01
  +3.67048240125720752758e+01
  +3.71725272301057856339e+01
  +3.76448974738736978907e+01
  +3.81220456265999061429e+01
  +3.86040852557106362042e+01
  +3.90911327011132456732e+01
  +3.95833071660369455458e+01
  +4.00807308110428337500e+01
</dep>
<dep S[2,2] frequency>
  -1.18771998093754910242e-01-j2.69634959194459400411e-01
  -1.29916506518771374123e-01-j2.79566148695572835869e-01
  -1.41416575500584729141e-01-j2.89034124682952808794e-01
  -1.53249824340634999142e-01-j2.98028801516711738806e-01
  -1.65393717677436241642e-01-j3.06541355649766533720e-01
  -1.77825645317802039092e-01-j3.14564208927171518049e-01
  -1.90522998808306254226e-01-j3.22091006534872048572e-01
  -2.03463244399139320251e-01-j3.29116590034756240080e-01
  -2.16623992107912943794e-01-j3.35636965941624176857e-01
  -2.29983060643219966446e-01-j3.41649270307106678324e-01
  -2.43518538000209672223e-01-j3.47151729780630746713e-01
  -2.57208837591933858757e-01-j3.52143619617040604108e-01
  -2.71032749827075036819e-01-j3.56625219093474943310e-01
  -2.84969489091003447268e-01-j3.60597764787990437974e-01
  -2.98998736129095443737e-01-j3.64063402157464743869e-01
  -3.13100675870179090410e-01-j3.67025135833917826034e-01
  -3.27256030762144600743e-01-j3.69486779036946877408e-01
  -3.41446089724795009968e-01-j3.71452902476892166117e-01
  -3.55652732850866903913e-01-j3.72928783097267402269e-01
  -3.69858452010352611872e-01-j3.73920352978419689993e-01
  -3.84046367533745547362e-01-j3.74434148696842161730e-01
  -3.98200241165232005081e-01-j3.74477261406237105223e-01
  -4.12304485490313510354e-01-j3.74057287878412192406e-01
  -4.26344170051727699988e-01-j3.73182282714321300610e-01
  -4.40305024374139875043e-01-j3.71860711908321150965e-01
  -4.54173438122134232042e-01-j3.70101407922524883176e-01
  -4.67936458616889150441e-01-j3.67913526402856461139e-01
  -4.81581785936492645650e-01-j3.65306504644618001976e-01
  -4.95097765821470803260e-01-j3.62290021892841651585e-01
  -5.08473380602713520560e-01-j3.58873961541772645845e-01
  -5.21698238362731214757e-01-j3.55068375278426384689e-01
  -5.34762560533547648411e-01-j3.50883449197424701627e-01
  -5.47657168126564064536e-01-j3.46329471898161878052e-01
  -5.60373466780027529310e-01-j3.41416804560834064031e-01
  -5.72903430800084989549e-01-j3.36155852984946268425e-01
  -5.85239586361101959966e-01-j3.30557041562464459794e-01
  -5.97374994020393068617e-01-j3.24630789147837772735e-01
  -6.09303230691587427437e-01-j3.18387486778647810226e-01
  -6.21018371210417252648e-01-j3.11837477193283085786e-01
  -6.32514969615933897451e-01-j3.04991036086135147709e-01
  -6.43788040259762106565e-01-j2.97858355035912514275e-01
  -6.54833038845808568240e-01-j2.90449526038850214249e-01
  -6.65645843493245514821e-01-j2.82774527575712364413e-01
  -6.76222735905768423947e-01-j2.74843212139567971697e-01
  -6.86560382721616901947e-01-j2.66665295149948411435e-01
  -6.96655817109919417440e-01-j2.58250345178649309830e-01
  -7.06506420671082380203e-01-j2.49607775412362287160e-01
  -7.16109905691339476697e-01-j2.40746836278048187419e-01
  -7.25464297794582102519e-01-j2.31676609157924345839e-01
  -7.34567919027908189378e-01-j2.22406001122551016946e-01
  -7.43419371411366713964e-01-j2.12943740612167781157e-01
  -7.52017520976837272606e-01-j2.03298373998571091370e-01
  -7.60361482315788594910e-01-j1.93478262962080815868e-01
  -7.68450603651027241980e-01-j1.83491582620673721049e-01
  -7.76284452443407935185e-01-j1.73346320350872357130e-01
  -7.83862801540555098612e-01-j1.63050275242746706139e-01
  -7.91185615871340064409e-01-j1.52611058134119570440e-01
  -7.98253039686768972594e-01-j1.42036092171790612193e-01
  -8.05065384345226453533e-01-j1.31332613850514617893e-01
  -8.11623116637655295236e-01-j1.20507674483094726070e-01
  -8.17926847646263666114e-01-j1.09568142057796358291e-01
  -8.23977322128361167053e-01-j9.85207034419225968769e-02
  -8.29775408415613480173e-01-j8.73718668930294067865e-02
  -8.35322088817540886474e-01-j7.61279648417755999690e-02
  -8.40618450517061188698e-01-j6.47951569129029680827e-02
  -8.45665676944932442893e-01-j5.33794331531992558015e-02
  -8.50465039619347606958e-01-j4.18866174374830230187e-02
  -8.55017890436192140591e-01-j3.03223710259935483324e-02
  -8.59325654395235893901e-01-j1.86921962484404152738e-02
  -8.63389822747129498381e-01-j7.00144029205839249497e-03
  -8.67211946545920708829e-01+j4.74470092714233959708e-03
  -8.70793630591783607287e-01+j1.65411788290499121856e-02
  -8.74136527748589520215e-01+j2.83830881874464376058e-02
  -8.77242333621107595043e-01+j4.02656631171912915423e-02
  -8.80112781576716574072e-01+j5.21842730449982444840e-02
  -8.82749638096794853048e-01+j6.41344186768595253545e-02
  -8.85154698443150644849e-01+j7.61117279738643126574e-02
  -8.87329782625214891212e-01+j8.81119521470260791407e-02
  -8.89276731654025653917e-01+j1.00130961680557004079e-01
  -8.90997404069417187067e-01+j1.12164742392078450872e-01
  -8.92493672727211917461e-01+j1.24209391537251107041e-01
  -8.93767421833620456795e-01+j1.36261113965476882148e-01
  -8.94820544214497304303e-01+j1.48316218332489424547e-01
  -8.95654938807470601958e-01+j1.60371113374911639093e-01
  -8.96272508365493325577e-01+j1.72422304251197811009e-01
  -8.96675157360705243903e-01+j1.84466388952716248140e-01
  -8.96864790078000462259e-01+j1.96500054788228684099e-01
  -8.96843308888099044474e-01+j2.08520074944372052483e-01
  -8.96612612690356192147e-01+j2.20523305124456170390e-01
  -8.96174595515972449711e-01+j2.32506680267282606067e-01
  -8.95531145282679963415e-01+j2.44467211347439594693e-01
  -8.94684142692378281403e-01+j2.56401982258085248123e-01
  -8.93635460263612069198e-01+j2.68308146776970291025e-01
  -8.92386961491144714564e-01+j2.80182925616138778224e-01
  -8.90940500125268486364e-01+j2.92023603555532473841e-01
  -8.89297919563851846370e-01+j3.03827526660436331163e-01
  -8.87461052350465240401e-01+j3.15592099582572394034e-01
  -8.85431719772288960968e-01+j3.27314782944429116807e-01
  -8.83211731551787893046e-01+j3.38993090806277597160e-01
  -8.80802885626494336258e-01+j3.50624588215193822016e-01
  -8.78206968011500443971e-01+j3.62206888835288676187e-01
  -8.75425752739569462690e-01+j3.73737652658243324488e-01
  -8.72461001874037522796e-01+j3.85214583793170362025e-01
  -8.69314465589940632562e-01+j3.96635428334772610626e-01
  -8.65987882319040891410e-01+j4.07997972308655920681e-01
  -8.62482978954676182681e-01+j4.19300039692688586435e-01
  -8.58801471112556447096e-01+j4.30539490513193678911e-01
  -8.54945063443875108433e-01+j4.41714219014770925753e-01
  -8.50915449997257211656e-01+j4.52822151902536385037e-01
  -8.46714314626318742540e-01+j4.63861246655521419768e-01
  -8.42343331439715292674e-01+j4.74829489910008617493e-01
  -8.37804165290795488374e-01+j4.85724895911557985606e-01
  -8.33098472304085402307e-01+j4.96545505034497958174e-01
  -8.28227900436011243990e-01+j5.07289382367670627083e-01
  -8.23194090067380424003e-01+j5.17954616365233322384e-01
  -8.17998674625292188090e-01+j5.28539317561317334437e-01
  -8.12643281232271585957e-01+j5.39041617347422841178e-01
  -8.07129531380517240002e-01+j5.49459666811390690100e-01
  -8.01459041629276836005e-01+j5.59791635636870399395e-01
  -7.95633424323466398320e-01+j5.70035711062192418375e-01
  -7.89654288331726572636e-01+j5.80190096897620244398e-01
  -7.83523239802199622517e-01+j5.90253012599971649266e-01
  -7.77241882934409322736e-01+j6.00222692403610702527e-01
  -7.70811820765659017063e-01+j6.10097384506904316659e-01
  -7.64234655970480347698e-01+j6.19875350313191075813e-01
  -7.57511991671674045357e-01+j6.29554863725420910114e-01
  -7.50645432261587641776e-01+j6.39134210493594867586e-01
  -7.43636584232288511132e-01+j6.48611687614212395481e-01
  -7.36487057013360146840e-01+j6.57985602780932765654e-01
  -7.29198463816078668032e-01+j6.67254273885706461478e-01
  -7.21772422482775843910e-01+j6.76416028569659988356e-01
  -7.14210556340200919401e-01+j6.85469203823044215262e-01
  -7.06514495055768687592e-01+j6.94412145633576116666e-01
  -6.98685875495545394287e-01+j7.03243208682553078148e-01
  -6.90726342582911434498e-01+j7.11960756088120594320e-01
  -6.82637550156793948553e-01+j7.20563159195103053456e-01
  -6.74421161828440252073e-01+j7.29048797410839055644e-01
  -6.66078851835651630786e-01+j7.37416058086485137757e-01
  -6.57612305893462978368e-01+j7.45663336443234681106e-01
  -6.49023222040228997542e-01+j7.53789035542977936544e-01
  -6.40313311478075131156e-01+j7.61791566302872702465e-01
  -6.31484299406716353964e-01+j7.69669347553370797321e-01
  -6.22537925849584228288e-01+j7.77420806139213826924e-01
  -6.13475946471271238458e-01+j7.85044377062930398559e-01
  -6.04300133385223814386e-01+j7.92538503670390137579e-01
  -5.95012275950684621506e-01+j7.99901637877950877353e-01
  -5.85614181557821855684e-01+j8.07132240440743164989e-01
  -5.76107676399995938255e-01+j8.14228781261651879397e-01
  -5.66494606232117670075e-01+j8.21189739740518565014e-01
  -5.56776837114023259723e-01+j8.28013605163123944664e-01
  -5.46956256137794194494e-01+j8.34698877129465333091e-01
  -5.37034772137925164870e-01+j8.41244066020851888332e-01
  -5.27014316383252023890e-01+j8.47647693505329091757e-01
  -5.16896843249532444986e-01+j8.53908293080921643181e-01
  -5.06684330871533528118e-01+j8.60024410656166304889e-01
  -4.96378781773531951860e-01+j8.65994605167404785107e-01
  -4.85982223477053831839e-01+j8.71817449232229146894e-01
  -4.75496709084703761405e-01+j8.77491529838547945630e-01
  -4.64924317838941392189e-01+j8.83015449068593971660e-01
  -4.54267155654591803238e-01+j8.88387824857261643174e-01
  -4.43527355623954011588e-01+j8.93607291784081048114e-01
  -4.32707078493280883347e-01+j8.98672501898103215368e-01
  -4.21808513109447891232e-01+j9.03582125574969308168e-01
  -4.10833876835618838630e-01+j9.08334852405345505311e-01
  -3.99785415934687804462e-01+j9.12929392113911775120e-01
  -3.88665405919310702476e-01+j9.17364475508018584193e-01
  -3.77476151867294829056e-01+j9.21638855455100491909e-01
  -3.66219988701171672574e-01+j9.25751307887881291769e-01
  -3.54899281430735125120e-01+j9.29700632836335971732e-01
  -3.43516425357355659198e-01+j9.33485655485383092334e-01
  -3.32073846238899628158e-01+j9.37105227257145734221e-01
  -3.20574000414048709828e-01+j9.40558226916652917460e-01
  -3.09019374884918651691e-01+j9.43843561699717614744e-01
  -2.97412487356775723235e-01+j9.46960168461739693058e-01
  -2.85755886233772238292e-01+j9.49907014846081976245e-01
  -2.74052150569582209094e-01+j9.52683100470620436440e-01
  -2.62303889971905679346e-01+j9.55287458131021449681e-01
  -2.50513744459731457770e-01+j9.57719155019224888115e-01
  -2.38684384272432187357e-01+j9.59977293955556199023e-01
  -2.26818509629674452954e-01+j9.62061014632841660088e-01
  -2.14918850441223552306e-01+j9.63969494870826615340e-01
</dep>
<dep S[2,1] frequency>
  +8.74203405520921683625e-01-j3.84883071308496471641e-01
  +8.62364207987407982436e-01-j4.00554320310988920539e-01
  +8.50136290042210140960e-01-j4.15759128119446097482e-01
  +8.37542025639724241337e-01-j4.30487256065244350278e-01
  +8.24603944686730150337e-01-j4.44729727225970927762e-01
  +8.11344653060936504829e-01-j4.58478809734201742110e-01
  +7.97786755916857215354e-01-j4.71727994733658229087e-01
  +7.83952784621075537963e-01-j4.84471969420020576180e-01
  +7.69865127604972276920e-01-j4.96706585622202101415e-01
  +7.55545965371679617562e-01-j5.08428824389409950157e-01
  +7.41017209842438684397e-01-j5.19636757054174891479e-01
  +7.26300448176476654005e-01-j5.30329503241176336559e-01
  +7.11416891152223174188e-01-j5.40507186284551632838e-01
  +6.96387326151560959175e-01-j5.50170886506267775573e-01
  +6.81232074747190385899e-01-j5.59322592793219386387e-01
  +6.65970954854345320584e-01-j5.67965152892210944913e-01
  +6.50623247374167434920e-01-j5.76102222820621512334e-01
  +6.35207667223081196006e-01-j5.83738215767407475632e-01
  +6.19742338616783960958e-01-j5.90878250833021700927e-01
  +6.04244774453327915253e-01-j5.97528101930249855300e-01
  +5.88731859619350594848e-01-j6.03694147140449777211e-01
  +5.73219838028163453103e-01-j6.09383318791275940818e-01
  +5.57724303184990111149e-01-j6.14603054494047840173e-01
  +5.42260192065288637586e-01-j6.19361249351072173930e-01
  +5.26841782085521237455e-01-j6.23666209515996716739e-01
  +5.11482690941726825251e-01-j6.27526607264139335562e-01
  +4.96195879090352454099e-01-j6.30951437704375561744e-01
  +4.80993654646330648372e-01-j6.33949977240427453573e-01
  +4.65887680476710197564e-01-j6.36531743866835197920e-01
  +4.50888983272595300633e-01-j6.38706459363981404742e-01
  +4.36007964388392121879e-01-j6.40484013437098931298e-01
  +4.21254412245002041182e-01-j6.41874429826511438968e-01
  +4.06637516101564955306e-01-j6.42887834400132862633e-01
  +3.92165881010098971160e-01-j6.43534425224793205089e-01
  +3.77847543777001582121e-01-j6.43824444599999878847e-01
  +3.63689989765694443591e-01-j6.43768153026312628384e-01
  +3.49700170385255137973e-01-j6.43375805070572126532e-01
  +3.35884521120771495362e-01-j6.42657627081729465601e-01
  +3.22248979971609672557e-01-j6.41623796703695736809e-01
  +3.08799006174583556827e-01-j6.40284424125706852493e-01
  +2.95539599099375882574e-01-j6.38649535005807789112e-01
  +2.82475317213794763216e-01-j6.36729054999237931156e-01
  +2.69610297026027234679e-01-j6.34532795820612505189e-01
  +2.56948271920882986841e-01-j6.32070442766910822741e-01
  +2.44492590815506866120e-01-j6.29351543626842646617e-01
  +2.32246236569021574647e-01-j6.26385498901899206992e-01
  +2.20211844088344044224e-01-j6.23181553264257503955e-01
  +2.08391718080064042296e-01-j6.19748788177451936932e-01
  +1.96787850405248543328e-01-j6.16096115606705074796e-01
  +1.85401937000752109475e-01-j6.12232272747387340495e-01
  +1.74235394336503229828e-01-j6.08165817701775468507e-01
  +1.63289375383874474368e-01-j6.03905126036393125055e-01
  +1.52564785075347986165e-01-j5.99458388154494370426e-01
  +1.42062295240388686279e-01-j5.94833607420763521567e-01
  +1.31782359006515414901e-01-j5.90038598977820849534e-01
  +1.21725224658566555380e-01-j5.85080989196910872252e-01
  +1.11890948952357599522e-01-j5.79968215707845069495e-01
  +1.02279409882113231367e-01-j5.74707527956035302275e-01
  +9.28903189037102033909e-02-j5.69305988237342130986e-01
  +8.37232326181399921783e-02-j5.63770473164109886532e-01
  +7.47775639216205489923e-02-j5.58107675518600965248e-01
  +6.60525926307230781820e-02-j5.52324106452659058242e-01
  +5.75474755922553080079e-02-j5.46426097995092674431e-01
  +4.92612562890421407102e-02-j5.40419805830783084311e-01
  +4.11928739538277438603e-02-j5.34311212317989281395e-01
  +3.33411722044239453022e-02-j5.28106129712740735016e-01
  +2.57049072138587943182e-02-j5.21810203571324460192e-01
  +1.82827554300157880951e-02-j5.15428916304283335492e-01
  +1.10733208594787930351e-02-j5.08967590857155482986e-01
  +4.07514193073017262636e-03-j5.02431394495329142202e-01
  -2.71330204803589937826e-03-j4.95825342672178537295e-01
  -9.29358482116438185117e-03-j4.89154302961389453319e-01
  -1.56673274924831497368e-02-j4.82422999036061672662e-01
  -2.18361931917480517340e-02-j4.75636014678729623917e-01
  -2.78018820854439227541e-02-j4.68797797807910032741e-01
  -3.35661267171362756589e-02-j4.61912664508096815208e-01
  -3.91306876627119243350e-02-j4.54984803051495134696e-01
  -4.44973494862599683319e-02-j4.48018277900855244056e-01
  -4.96679169825930272308e-02-j4.41017033683972770053e-01
  -5.46442116928474025395e-02-j4.33984899131397316996e-01
  -5.94280686799473073512e-02-j4.26925590969825352605e-01
  -6.40213335511459202820e-02-j4.19842717764552841864e-01
  -6.84258597152838377031e-02-j4.12739783705189211549e-01
  -7.26435058628015634108e-02-j4.05620192329509854368e-01
  -7.66761336570285223502e-02-j3.98487250181082275358e-01
  -8.05256056256671015614e-02-j3.91344170396877577556e-01
  -8.41937832418440668114e-02-j3.84194076221634095436e-01
  -8.76825251845445158283e-02-j3.77040004446358045787e-01
  -9.09936857686505645715e-02-j3.69884908768656928135e-01
  -9.41291135352659152913e-02-j3.62731663073199039893e-01
  -9.70906499933815031467e-02-j3.55583064630855649746e-01
  -9.98801285043765946225e-02-j3.48441837215501204472e-01
  -1.02499373301235652267e-01-j3.41310634137735380289e-01
  -1.04950198634738492420e-01-j3.34192041195087385930e-01
  -1.07234408039273060309e-01-j3.27088579538480306308e-01
  -1.09353793711261290666e-01-j3.20002708455020823397e-01
  -1.11310135993553591116e-01-j3.12936828067302830192e-01
  -1.13105202959482051273e-01-j3.05893281949653483842e-01
  -1.14740750090572371511e-01-j2.98874359661866761950e-01
  -1.16218520042247391855e-01-j2.91882299201100037234e-01
  -1.17540242492128202412e-01-j2.84919289372751516343e-01
  -1.18707634065848860461e-01-j2.77987472081209607833e-01
  -1.19722398335547555726e-01-j2.71088944541458654047e-01
  -1.20586225886478437541e-01-j2.64225761412585580246e-01
  -1.21300794447417162325e-01-j2.57399936854310507073e-01
  -1.21867769080784546509e-01-j2.50613446507673753860e-01
  -1.22288802428617879303e-01-j2.43868229401082076135e-01
  -1.22565535010751319733e-01-j2.37166189782923142459e-01
  -1.22699595571740621702e-01-j2.30509198881969218364e-01
  -1.22692601473295651027e-01-j2.23899096596820751381e-01
  -1.22546159129110945885e-01-j2.17337693115626284790e-01
  -1.22261864479207477130e-01-j2.10826770467317653468e-01
  -1.21841303501012798716e-01-j2.04368084005596445385e-01
  -1.21286052754591561209e-01-j1.97963363826882871033e-01
  -1.20597679959540085570e-01-j1.91614316123426497995e-01
  -1.19777744601239743982e-01-j1.85322624472779945437e-01
  -1.18827798564233644285e-01-j1.79089951064765162680e-01
  -1.17749386790647281309e-01-j1.72917937867088949977e-01
  -1.16544047961656474510e-01-j1.66808207730691104853e-01
  -1.15213315200117072390e-01-j1.60762365435921983359e-01
  -1.13758716792563885356e-01-j1.54781998680581622807e-01
  -1.12181776928854240460e-01-j1.48868679010820015307e-01
  -1.10484016457849859583e-01-j1.43023962695916245780e-01
  -1.08666953657543849388e-01-j1.37249391547835247751e-01
  -1.06732105018180062350e-01-j1.31546493686518384258e-01
  -1.04680986036901332858e-01-j1.25916784251755620172e-01
  -1.02515112022572393857e-01-j1.20361766062508770969e-01
  -1.00235998909448204008e-01-j1.14882930224487575521e-01
  -9.78451640784070847401e-02-j1.09481756686767142672e-01
  -9.53441271845174714850e-02-j1.04159714748194923151e-01
  -9.27344109897416807309e-02-j9.89182635143156102631e-02
  -9.00175421995957347754e-02-j9.37588523054928846268e-02
  -8.71950523026540635918e-02-j8.86829210169128023811e-02
  -8.42684784117527646563e-02-j8.36919004310820585646e-02
  -8.12393641058373056074e-02-j7.87872124834545634053e-02
  -7.81092602713472916598e-02-j7.39702704817689349337e-02
  -7.48797259421133953872e-02-j6.92424792796618726598e-02
  -7.15523291366915448197e-02-j6.46052354050995758517e-02
  -6.81286476921228040249e-02-j6.00599271441758855716e-02
  -6.46102700930779871857e-02-j5.56079345807662453471e-02
  -6.09987962953590437398e-02-j5.12506295925484536835e-02
  -5.72958385427539129697e-02-j4.69893758038756534368e-02
  -5.35030221761961730098e-02-j4.28255284959690799007e-02
  -4.96219864342350644448e-02-j3.87604344749084839261e-02
  -4.56543852437638272845e-02-j3.47954318978680038343e-02
  -4.16018879999943413939e-02-j3.09318500580631969288e-02
  -3.74661803346324276398e-02-j2.71710091288682453747e-02
  -3.32489648712049057355e-02-j2.35142198675399663466e-02
  -2.89519619664954375171e-02-j1.99627832790360247583e-02
  -2.45769104370183490149e-02-j1.65179902403654495224e-02
  -2.01255682694650092635e-02-j1.31811210859601249390e-02
  -1.55997133140321486700e-02-j9.95344515454188623338e-03
  -1.10011439595397060576e-02-j6.83622029798684402446e-03
  -6.33167978924638243793e-03-j3.83069235268842242861e-03
  -1.59316221621827588603e-03-j9.38094573954787011756e-04
  +3.21254490284602831074e-03+j1.84035296602193601534e-03
  +8.08355467648951171722e-03+j4.50344401603507051707e-03
  +1.30179566112255153121e-02+j7.04998681900353106611e-03
  +1.80138160692555025777e-02+j9.47880481973998809120e-03
  +2.30691737523798165443e-02+j1.17887374067061848765e-02
  +2.81820452132392554323e-02+j1.39786406870681528813e-02
  +3.33504203951028310726e-02+j1.60473882943327483819e-02
  +3.85722632013852442801e-02+j1.79938722278239655872e-02
  +4.38455110960694546818e-02+j1.98170037231833982838e-02
  +4.91680747362651729415e-02+j2.15157141530898654569e-02
  +5.45378376380734955498e-02+j2.30889559572979852220e-02
  +5.99526558769837222829e-02+j2.45357036010912764323e-02
  +6.54103578239773331138e-02+j2.58549545611777530085e-02
  +7.09087439185485668425e-02+j2.70457303380034243256e-02
  +7.64455864798213313716e-02+j2.81070774934391275079e-02
  +8.20186295569362011637e-02+j2.90380687126927106156e-02
  +8.76255888198961691016e-02+j2.98378038893065793136e-02
  +9.32641514919729658351e-02+j3.05054112319884385141e-02
  +9.89319763248718841986e-02+j3.10400483920066500021e-02
  +1.04626693617713303897e-01+j3.14409036098104860413e-02
  +1.10345905280963912931e-01+j3.17071968794731331998e-02
  +1.16087184946330607138e-01+j3.18381811295043795629e-02
  +1.21848078123714800847e-01+j3.18331434185137041037e-02
  +1.27626102406165120584e-01+j3.16914061441551930809e-02
  +1.33418747723825753537e-01+j3.14123282637155318286e-02
  +1.39223476647792887562e-01+j3.09953065246441651637e-02
</dep>
<dep S[1,2] frequency>
  +8.74203405520923793048e-01-j3.84883071308489366213e-01
  +8.62364207987405984035e-01-j4.00554320310992972853e-01
  +8.50136290042211362206e-01-j4.15759128119442489258e-01
  +8.37542025639726905872e-01-j4.30487256065240464498e-01
  +8.24603944686728707048e-01-j4.44729727225973481275e-01
  +8.11344653060936726874e-01-j4.58478809734202519266e-01
  +7.97786755916855105930e-01-j4.71727994733662059357e-01
  +7.83952784621074538762e-01-j4.84471969420021353336e-01
  +7.69865127604972165898e-01-j4.96706585622201879371e-01
  +7.55545965371683281298e-01-j5.08428824389404176998e-01
  +7.41017209842438684397e-01-j5.19636757054174780457e-01
  +7.26300448176480761830e-01-j5.30329503241171451577e-01
  +7.11416891152223840322e-01-j5.40507186284549856481e-01
  +6.96387326151558516685e-01-j5.50170886506270773175e-01
  +6.81232074747188498520e-01-j5.59322592793221162744e-01
  +6.65970954854345986718e-01-j5.67965152892210500823e-01
  +6.50623247374169211277e-01-j5.76102222820618958821e-01
  +6.35207667223080973962e-01-j5.83738215767407142565e-01
  +6.19742338616781296423e-01-j5.90878250833023810351e-01
  +6.04244774453328137298e-01-j5.97528101930249966323e-01
  +5.88731859619349928714e-01-j6.03694147140449777211e-01
  +5.73219838028160566523e-01-j6.09383318791277717175e-01
  +5.57724303184988667859e-01-j6.14603054494049172440e-01
  +5.42260192065286972252e-01-j6.19361249351073617220e-01
  +5.26841782085518794965e-01-j6.23666209515998271051e-01
  +5.11482690941724715827e-01-j6.27526607264141556008e-01
  +4.96195879090350344676e-01-j6.30951437704376338900e-01
  +4.80993654646330093261e-01-j6.33949977240427675618e-01
  +4.65887680476708365696e-01-j6.36531743866836308143e-01
  +4.50888983272596577390e-01-j6.38706459363980183497e-01
  +4.36007964388392788013e-01-j6.40484013437098487209e-01
  +4.21254412245001041981e-01-j6.41874429826512882258e-01
  +4.06637516101565066329e-01-j6.42887834400133195700e-01
  +3.92165881010099526272e-01-j6.43534425224792872022e-01
  +3.77847543777001915188e-01-j6.43824444599999878847e-01
  +3.63689989765694388080e-01-j6.43768153026312739406e-01
  +3.49700170385254416328e-01-j6.43375805070572348576e-01
  +3.35884521120771106784e-01-j6.42657627081728577423e-01
  +3.22248979971609506023e-01-j6.41623796703695514765e-01
  +3.08799006174582280071e-01-j6.40284424125707185560e-01
  +2.95539599099376715241e-01-j6.38649535005808677290e-01
  +2.82475317213794763216e-01-j6.36729054999237709112e-01
  +2.69610297026026179967e-01-j6.34532795820612949278e-01
  +2.56948271920883597463e-01-j6.32070442766910267629e-01
  +2.44492590815506893875e-01-j6.29351543626842313550e-01
  +2.32246236569023239982e-01-j6.26385498901898651880e-01
  +2.20211844088342018066e-01-j6.23181553264258059066e-01
  +2.08391718080065097007e-01-j6.19748788177452714088e-01
  +1.96787850405248654351e-01-j6.16096115606705185819e-01
  +1.85401937000751831919e-01-j6.12232272747387895606e-01
  +1.74235394336501453472e-01-j6.08165817701775801574e-01
  +1.63289375383874363346e-01-j6.03905126036392903011e-01
  +1.52564785075349207411e-01-j5.99458388154494259403e-01
  +1.42062295240389019346e-01-j5.94833607420763410545e-01
  +1.31782359006515165101e-01-j5.90038598977819850333e-01
  +1.21725224658567623970e-01-j5.85080989196910428163e-01
  +1.11890948952357405233e-01-j5.79968215707845069495e-01
  +1.02279409882112121144e-01-j5.74707527956035413297e-01
  +9.28903189037100923686e-02-j5.69305988237342686098e-01
  +8.37232326181406305565e-02-j5.63770473164110552666e-01
  +7.47775639216203269477e-02-j5.58107675518600743203e-01
  +6.60525926307238969715e-02-j5.52324106452658725175e-01
  +5.75474755922563280253e-02-j5.46426097995092785453e-01
  +4.92612562890415786598e-02-j5.40419805830783195333e-01
  +4.11928739538266475151e-02-j5.34311212317989947529e-01
  +3.33411722044235844797e-02-j5.28106129712740735016e-01
  +2.57049072138586728875e-02-j5.21810203571324571215e-01
  +1.82827554300167977042e-02-j5.15428916304283446514e-01
  +1.10733208594786247669e-02-j5.08967590857155927075e-01
  +4.07514193073056640859e-03-j5.02431394495329919359e-01
  -2.71330204803589590881e-03-j4.95825342672178648318e-01
  -9.29358482116293682651e-03-j4.89154302961389786386e-01
  -1.56673274924837326039e-02-j4.82422999036061617151e-01
  -2.18361931917472086584e-02-j4.75636014678729623917e-01
  -2.78018820854442245960e-02-j4.68797797807909644163e-01
  -3.35661267171357621808e-02-j4.61912664508096704186e-01
  -3.91306876627119173961e-02-j4.54984803051495467763e-01
  -4.44973494862602042543e-02-j4.48018277900854910989e-01
  -4.96679169825932631532e-02-j4.41017033683972936586e-01
  -5.46442116928483254124e-02-j4.33984899131397039440e-01
  -5.94280686799469604065e-02-j4.26925590969825408116e-01
  -6.40213335511457398708e-02-j4.19842717764553063908e-01
  -6.84258597152840042366e-02-j4.12739783705189267060e-01
  -7.26435058628017576998e-02-j4.05620192329509299256e-01
  -7.66761336570284529612e-02-j3.98487250181082330869e-01
  -8.05256056256671293170e-02-j3.91344170396877855111e-01
  -8.41937832418440806892e-02-j3.84194076221634428503e-01
  -8.76825251845442660281e-02-j3.77040004446358101298e-01
  -9.09936857686497457820e-02-j3.69884908768657261202e-01
  -9.41291135352660818247e-02-j3.62731663073199372960e-01
  -9.70906499933812255909e-02-j3.55583064630855649746e-01
  -9.98801285043764280891e-02-j3.48441837215501315494e-01
  -1.02499373301235319200e-01-j3.41310634137735824378e-01
  -1.04950198634738478543e-01-j3.34192041195087718997e-01
  -1.07234408039272172131e-01-j3.27088579538480583864e-01
  -1.09353793711260721677e-01-j3.20002708455021100953e-01
  -1.11310135993553702138e-01-j3.12936828067302774681e-01
  -1.13105202959482384339e-01-j3.05893281949653539353e-01
  -1.14740750090571816400e-01-j2.98874359661866817461e-01
  -1.16218520042247183688e-01-j2.91882299201100425812e-01
  -1.17540242492128202412e-01-j2.84919289372751516343e-01
  -1.18707634065848388616e-01-j2.77987472081209885388e-01
  -1.19722398335547264292e-01-j2.71088944541458876092e-01
  -1.20586225886478048963e-01-j2.64225761412584914112e-01
  -1.21300794447416968036e-01-j2.57399936854310507073e-01
  -1.21867769080784393854e-01-j2.50613446507673864883e-01
  -1.22288802428618101348e-01-j2.43868229401081743069e-01
  -1.22565535010751180955e-01-j2.37166189782923503282e-01
  -1.22699595571740663336e-01-j2.30509198881969523676e-01
  -1.22692601473295567760e-01-j2.23899096596820806893e-01
  -1.22546159129111223440e-01-j2.17337693115626118257e-01
  -1.22261864479207352230e-01-j2.10826770467317348157e-01
  -1.21841303501012840349e-01-j2.04368084005596722941e-01
  -1.21286052754591242020e-01-j1.97963363826883509411e-01
  -1.20597679959540154959e-01-j1.91614316123426386973e-01
  -1.19777744601239591327e-01-j1.85322624472779778904e-01
  -1.18827798564233685918e-01-j1.79089951064765745548e-01
  -1.17749386790647489476e-01-j1.72917937867088811199e-01
  -1.16544047961656571655e-01-j1.66808207730691160364e-01
  -1.15213315200117225046e-01-j1.60762365435922233159e-01
  -1.13758716792564162912e-01-j1.54781998680581900363e-01
  -1.12181776928854184949e-01-j1.48868679010819765507e-01
  -1.10484016457849873460e-01-j1.43023962695916162513e-01
  -1.08666953657543613465e-01-j1.37249391547835414285e-01
  -1.06732105018180173372e-01-j1.31546493686518856103e-01
  -1.04680986036901332858e-01-j1.25916784251755842217e-01
  -1.02515112022572296713e-01-j1.20361766062508826480e-01
  -1.00235998909448231764e-01-j1.14882930224487853077e-01
  -9.78451640784070014734e-02-j1.09481756686767475739e-01
  -9.53441271845174853627e-02-j1.04159714748195283973e-01
  -9.27344109897413892973e-02-j9.89182635143152078072e-02
  -9.00175421995954710974e-02-j9.37588523054929956491e-02
  -8.71950523026535917470e-02-j8.86829210169126774810e-02
  -8.42684784117528895564e-02-j8.36919004310818226422e-02
  -8.12393641058373749964e-02-j7.87872124834544801386e-02
  -7.81092602713472361486e-02-j7.39702704817690459560e-02
  -7.48797259421132149759e-02-j6.92424792796621224600e-02
  -7.15523291366916280865e-02-j6.46052354050995064627e-02
  -6.81286476921227901471e-02-j6.00599271441761006773e-02
  -6.46102700930779733079e-02-j5.56079345807662314694e-02
  -6.09987962953592241511e-02-j5.12506295925484536835e-02
  -5.72958385427538852142e-02-j4.69893758038757367035e-02
  -5.35030221761961036209e-02-j4.28255284959694060287e-02
  -4.96219864342349742392e-02-j3.87604344749088794431e-02
  -4.56543852437639244291e-02-j3.47954318978678303620e-02
  -4.16018879999944662940e-02-j3.09318500580632489705e-02
  -3.74661803346323582509e-02-j2.71710091288684188471e-02
  -3.32489648712051416579e-02-j2.35142198675398310381e-02
  -2.89519619664953264948e-02-j1.99627832790359900639e-02
  -2.45769104370181269703e-02-j1.65179902403654842169e-02
  -2.01255682694651515108e-02-j1.31811210859603226975e-02
  -1.55997133140322544881e-02-j9.95344515454191051951e-03
  -1.10011439595397060576e-02-j6.83622029798684402446e-03
  -6.33167978924650733802e-03-j3.83069235268846536302e-03
  -1.59316221621808701801e-03-j9.38094573954638476058e-04
  +3.21254490284583835852e-03+j1.84035296602191454814e-03
  +8.08355467648941630743e-03+j4.50344401603527261235e-03
  +1.30179566112251666327e-02+j7.04998681900326912286e-03
  +1.80138160692554921694e-02+j9.47880481974006615375e-03
  +2.30691737523796049081e-02+j1.17887374067061016097e-02
  +2.81820452132391895128e-02+j1.39786406870676255254e-02
  +3.33504203951029767894e-02+j1.60473882943326338901e-02
  +3.85722632013852928523e-02+j1.79938722278241841623e-02
  +4.38455110960694754985e-02+j1.98170037231834988978e-02
  +4.91680747362651868193e-02+j2.15157141530899730097e-02
  +5.45378376380735371831e-02+j2.30889559572981829805e-02
  +5.99526558769835279938e-02+j2.45357036010912001045e-02
  +6.54103578239770000469e-02+j2.58549545611775587195e-02
  +7.09087439185484558202e-02+j2.70457303380035839202e-02
  +7.64455864798217338274e-02+j2.81070774934389054633e-02
  +8.20186295569364509639e-02+j2.90380687126926828601e-02
  +8.76255888198957805235e-02+j2.98378038893068048276e-02
  +9.32641514919732295130e-02+j3.05054112319887299476e-02
  +9.89319763248716621540e-02+j3.10400483920065285715e-02
  +1.04626693617713747986e-01+j3.14409036098101460355e-02
  +1.10345905280963774153e-01+j3.17071968794734940222e-02
  +1.16087184946330607138e-01+j3.18381811295042338461e-02
  +1.21848078123714856358e-01+j3.18331434185135306314e-02
  +1.27626102406165092829e-01+j3.16914061441546518472e-02
  +1.33418747723825475981e-01+j3.14123282637153444785e-02
  +1.39223476647792970828e-01+j3.09953065246442865943e-02
</dep>
<dep S[1,1] frequency>
  -1.18771998093754188597e-01-j2.69634959194456458320e-01
  -1.29916506518773428036e-01-j2.79566148695578331473e-01
  -1.41416575500583535652e-01-j2.89034124682949145058e-01
  -1.53249824340632362363e-01-j2.98028801516708019559e-01
  -1.65393717677437435132e-01-j3.06541355649769087233e-01
  -1.77825645317802011336e-01-j3.14564208927172295205e-01
  -1.90522998808306920360e-01-j3.22091006534873325329e-01
  -2.03463244399142650920e-01-j3.29116590034761458128e-01
  -2.16623992107913110328e-01-j3.35636965941623899301e-01
  -2.29983060643216496999e-01-j3.41649270307102237432e-01
  -2.43518538000209755490e-01-j3.47151729780630691202e-01
  -2.57208837591931083200e-01-j3.52143619617037939573e-01
  -2.71032749827073926596e-01-j3.56625219093472389797e-01
  -2.84969489091004835046e-01-j3.60597764787991992286e-01
  -2.98998736129097442138e-01-j3.64063402157466409204e-01
  -3.13100675870179034899e-01-j3.67025135833918714212e-01
  -3.27256030762143768076e-01-j3.69486779036946766386e-01
  -3.41446089724795232012e-01-j3.71452902476891833050e-01
  -3.55652732850869512937e-01-j3.72928783097270566405e-01
  -3.69858452010352223294e-01-j3.73920352978419856527e-01
  -3.84046367533746046963e-01-j3.74434148696842217241e-01
  -3.98200241165235224727e-01-j3.74477261406239714248e-01
  -4.12304485490314953644e-01-j3.74057287878413247117e-01
  -4.26344170051729143278e-01-j3.73182282714322466344e-01
  -4.40305024374142373045e-01-j3.71860711908322316699e-01
  -4.54173438122136008399e-01-j3.70101407922526992600e-01
  -4.67936458616890815776e-01-j3.67913526402857515851e-01
  -4.81581785936493311784e-01-j3.65306504644618224020e-01
  -4.95097765821472635128e-01-j3.62290021892842983853e-01
  -5.08473380602712410337e-01-j3.58873961541771868688e-01
  -5.21698238362731547824e-01-j3.55068375278426773267e-01
  -5.34762560533548758634e-01-j3.50883449197425756338e-01
  -5.47657168126563953514e-01-j3.46329471898162322141e-01
  -5.60373466780027085221e-01-j3.41416804560833730964e-01
  -5.72903430800085100572e-01-j3.36155852984946657003e-01
  -5.85239586361102182011e-01-j3.30557041562464626328e-01
  -5.97374994020393845773e-01-j3.24630789147837162112e-01
  -6.09303230691586095169e-01-j3.18387486778647033070e-01
  -6.21018371210417363670e-01-j3.11837477193283807431e-01
  -6.32514969615936450964e-01-j3.04991036086136146910e-01
  -6.43788040259762883721e-01-j2.97858355035912680808e-01
  -6.54833038845808346196e-01-j2.90449526038850103227e-01
  -6.65645843493246403000e-01-j2.82774527575712142369e-01
  -6.76222735905767757814e-01-j2.74843212139567416585e-01
  -6.86560382721616901947e-01-j2.66665295149948133879e-01
  -6.96655817109918640284e-01-j2.58250345178648144095e-01
  -7.06506420671084600649e-01-j2.49607775412362870027e-01
  -7.16109905691337478295e-01-j2.40746836278047965374e-01
  -7.25464297794581991496e-01-j2.31676609157924373594e-01
  -7.34567919027908411422e-01-j2.22406001122551516547e-01
  -7.43419371411368490321e-01-j2.12943740612168003201e-01
  -7.52017520976837272606e-01-j2.03298373998570897081e-01
  -7.60361482315789150022e-01-j1.93478262962079650134e-01
  -7.68450603651026242780e-01-j1.83491582620672999404e-01
  -7.76284452443408379274e-01-j1.73346320350872301619e-01
  -7.83862801540554432478e-01-j1.63050275242746345317e-01
  -7.91185615871340064409e-01-j1.52611058134119514929e-01
  -7.98253039686770082817e-01-j1.42036092171790861993e-01
  -8.05065384345226675578e-01-j1.31332613850514701159e-01
  -8.11623116637655850347e-01-j1.20507674483094309736e-01
  -8.17926847646263888159e-01-j1.09568142057796219513e-01
  -8.23977322128361056031e-01-j9.85207034419225413657e-02
  -8.29775408415612036883e-01-j8.73718668930293929087e-02
  -8.35322088817541885675e-01-j7.61279648417756416023e-02
  -8.40618450517062076877e-01-j6.47951569129026211380e-02
  -8.45665676944932664938e-01-j5.33794331531993113127e-02
  -8.50465039619347940025e-01-j4.18866174374832450633e-02
  -8.55017890436191363435e-01-j3.03223710259938085410e-02
  -8.59325654395236226968e-01-j1.86921962484402209848e-02
  -8.63389822747129276337e-01-j7.00144029205916271219e-03
  -8.67211946545920597806e-01+j4.74470092714211755247e-03
  -8.70793630591782608086e-01+j1.65411788290498809606e-02
  -8.74136527748590519415e-01+j2.83830881874465035253e-02
  -8.77242333621107150954e-01+j4.02656631171915621592e-02
  -8.80112781576716796117e-01+j5.21842730449986816343e-02
  -8.82749638096794742026e-01+j6.41344186768593171877e-02
  -8.85154698443150311782e-01+j7.61117279738640073461e-02
  -8.87329782625215335301e-01+j8.81119521470262873075e-02
  -8.89276731654025986984e-01+j1.00130961680556990201e-01
  -8.90997404069418075245e-01+j1.12164742392078686795e-01
  -8.92493672727211473372e-01+j1.24209391537251023774e-01
  -8.93767421833620456795e-01+j1.36261113965476715615e-01
  -8.94820544214497193281e-01+j1.48316218332489313525e-01
  -8.95654938807471712181e-01+j1.60371113374911861138e-01
  -8.96272508365493214555e-01+j1.72422304251197616720e-01
  -8.96675157360705243903e-01+j1.84466388952715915073e-01
  -8.96864790078000351237e-01+j1.96500054788228295521e-01
  -8.96843308888098711407e-01+j2.08520074944372080239e-01
  -8.96612612690355637035e-01+j2.20523305124455670789e-01
  -8.96174595515972782778e-01+j2.32506680267282550556e-01
  -8.95531145282680074438e-01+j2.44467211347439483671e-01
  -8.94684142692377726291e-01+j2.56401982258085581190e-01
  -8.93635460263611403064e-01+j2.68308146776970402048e-01
  -8.92386961491144714564e-01+j2.80182925616138556180e-01
  -8.90940500125267820231e-01+j2.92023603555531918730e-01
  -8.89297919563851624325e-01+j3.03827526660436553207e-01
  -8.87461052350465351424e-01+j3.15592099582572283012e-01
  -8.85431719772289405057e-01+j3.27314782944429227829e-01
  -8.83211731551787448957e-01+j3.38993090806277264093e-01
  -8.80802885626494558302e-01+j3.50624588215193933038e-01
  -8.78206968011500221927e-01+j3.62206888835289064765e-01
  -8.75425752739569462690e-01+j3.73737652658242491821e-01
  -8.72461001874037189729e-01+j3.85214583793170251003e-01
  -8.69314465589940299495e-01+j3.96635428334772943693e-01
  -8.65987882319040780388e-01+j4.07997972308655809659e-01
  -8.62482978954675960637e-01+j4.19300039692688641946e-01
  -8.58801471112556558118e-01+j4.30539490513193900956e-01
  -8.54945063443874886389e-01+j4.41714219014770925753e-01
  -8.50915449997257100634e-01+j4.52822151902536385037e-01
  -8.46714314626319297652e-01+j4.63861246655521641813e-01
  -8.42343331439715625741e-01+j4.74829489910009283626e-01
  -8.37804165290795488374e-01+j4.85724895911558041117e-01
  -8.33098472304085180262e-01+j4.96545505034497625108e-01
  -8.28227900436011355012e-01+j5.07289382367670294016e-01
  -8.23194090067380201958e-01+j5.17954616365233544428e-01
  -8.17998674625292188090e-01+j5.28539317561317223415e-01
  -8.12643281232271585957e-01+j5.39041617347422397089e-01
  -8.07129531380517462047e-01+j5.49459666811390801122e-01
  -8.01459041629277058050e-01+j5.59791635636870510417e-01
  -7.95633424323466176276e-01+j5.70035711062192418375e-01
  -7.89654288331726905703e-01+j5.80190096897619911331e-01
  -7.83523239802199622517e-01+j5.90253012599971538243e-01
  -7.77241882934409544781e-01+j6.00222692403610813550e-01
  -7.70811820765659017063e-01+j6.10097384506904760748e-01
  -7.64234655970480347698e-01+j6.19875350313191852969e-01
  -7.57511991671673934334e-01+j6.29554863725420799092e-01
  -7.50645432261587086664e-01+j6.39134210493594756564e-01
  -7.43636584232288400109e-01+j6.48611687614212617525e-01
  -7.36487057013360035818e-01+j6.57985602780932654632e-01
  -7.29198463816078890076e-01+j6.67254273885706350455e-01
  -7.21772422482775621866e-01+j6.76416028569660210401e-01
  -7.14210556340200475312e-01+j6.85469203823044104240e-01
  -7.06514495055768909637e-01+j6.94412145633576005643e-01
  -6.98685875495545838376e-01+j7.03243208682552967126e-01
  -6.90726342582911323476e-01+j7.11960756088120261253e-01
  -6.82637550156793837530e-01+j7.20563159195102942434e-01
  -6.74421161828440363095e-01+j7.29048797410838944622e-01
  -6.66078851835651519764e-01+j7.37416058086485026735e-01
  -6.57612305893463089390e-01+j7.45663336443234681106e-01
  -6.49023222040229219587e-01+j7.53789035542977936544e-01
  -6.40313311478075686267e-01+j7.61791566302872813488e-01
  -6.31484299406716242942e-01+j7.69669347553370686299e-01
  -6.22537925849584117266e-01+j7.77420806139214048969e-01
  -6.13475946471271127436e-01+j7.85044377062930176514e-01
  -6.04300133385223925409e-01+j7.92538503670390359623e-01
  -5.95012275950684510484e-01+j7.99901637877950988376e-01
  -5.85614181557821633639e-01+j8.07132240440743387033e-01
  -5.76107676399995938255e-01+j8.14228781261651990420e-01
  -5.66494606232117448030e-01+j8.21189739740518565014e-01
  -5.56776837114023037678e-01+j8.28013605163124055686e-01
  -5.46956256137793972449e-01+j8.34698877129465111047e-01
  -5.37034772137924942825e-01+j8.41244066020851777310e-01
  -5.27014316383252134912e-01+j8.47647693505329202779e-01
  -5.16896843249532556008e-01+j8.53908293080921421137e-01
  -5.06684330871533417096e-01+j8.60024410656166748979e-01
  -4.96378781773532340438e-01+j8.65994605167404785107e-01
  -4.85982223477053887351e-01+j8.71817449232229479961e-01
  -4.75496709084704094472e-01+j8.77491529838547723585e-01
  -4.64924317838941392189e-01+j8.83015449068593638593e-01
  -4.54267155654592025282e-01+j8.88387824857261643174e-01
  -4.43527355623954067099e-01+j8.93607291784080715047e-01
  -4.32707078493280938858e-01+j8.98672501898102993323e-01
  -4.21808513109447669187e-01+j9.03582125574970085324e-01
  -4.10833876835618783119e-01+j9.08334852405345727355e-01
  -3.99785415934687804462e-01+j9.12929392113911997164e-01
  -3.88665405919310702476e-01+j9.17364475508018806238e-01
  -3.77476151867294662523e-01+j9.21638855455100713954e-01
  -3.66219988701172394219e-01+j9.25751307887881291769e-01
  -3.54899281430735180631e-01+j9.29700632836336637865e-01
  -3.43516425357355270620e-01+j9.33485655485382759267e-01
  -3.32073846238899350602e-01+j9.37105227257145512176e-01
  -3.20574000414048931873e-01+j9.40558226916653250527e-01
  -3.09019374884918651691e-01+j9.43843561699717947810e-01
  -2.97412487356775834257e-01+j9.46960168461739804080e-01
  -2.85755886233771794203e-01+j9.49907014846081310111e-01
  -2.74052150569582098072e-01+j9.52683100470620325417e-01
  -2.62303889971905901390e-01+j9.55287458131021449681e-01
  -2.50513744459731069192e-01+j9.57719155019224777092e-01
  -2.38684384272432492669e-01+j9.59977293955555865956e-01
  -2.26818509629674536221e-01+j9.62061014632841882133e-01
  -2.14918850441223524550e-01+j9.63969494870826726363e-01
</dep>
