<Qucs Dataset 1.0.7>
<indep frequency 181>
  +1.00000000000000000000e+09
  +1.05000000000000000000e+09
  +1.10000000000000000000e+09
  +1.15000000000000000000e+09
  +1.20000000000000000000e+09
  +1.25000000000000000000e+09
  +1.30000000000000000000e+09
  +1.35000000000000000000e+09
  +1.40000000000000000000e+09
  +1.45000000000000000000e+09
  +1.50000000000000000000e+09
  +1.55000000000000000000e+09
  +1.60000000000000000000e+09
  +1.65000000000000000000e+09
  +1.70000000000000000000e+09
  +1.75000000000000000000e+09
  +1.80000000000000000000e+09
  +1.85000000000000000000e+09
  +1.90000000000000000000e+09
  +1.95000000000000000000e+09
  +2.00000000000000000000e+09
  +2.05000000000000000000e+09
  +2.10000000000000000000e+09
  +2.15000000000000000000e+09
  +2.20000000000000000000e+09
  +2.25000000000000000000e+09
  +2.30000000000000000000e+09
  +2.35000000000000000000e+09
  +2.40000000000000000000e+09
  +2.45000000000000000000e+09
  +2.50000000000000000000e+09
  +2.55000000000000000000e+09
  +2.60000000000000000000e+09
  +2.65000000000000000000e+09
  +2.70000000000000000000e+09
  +2.75000000000000000000e+09
  +2.80000000000000000000e+09
  +2.85000000000000000000e+09
  +2.90000000000000000000e+09
  +2.95000000000000000000e+09
  +3.00000000000000000000e+09
  +3.05000000000000000000e+09
  +3.10000000000000000000e+09
  +3.15000000000000000000e+09
  +3.20000000000000000000e+09
  +3.25000000000000000000e+09
  +3.30000000000000000000e+09
  +3.35000000000000000000e+09
  +3.40000000000000000000e+09
  +3.45000000000000000000e+09
  +3.50000000000000000000e+09
  +3.55000000000000000000e+09
  +3.60000000000000000000e+09
  +3.65000000000000000000e+09
  +3.70000000000000000000e+09
  +3.75000000000000000000e+09
  +3.80000000000000000000e+09
  +3.85000000000000000000e+09
  +3.90000000000000000000e+09
  +3.95000000000000000000e+09
  +4.00000000000000000000e+09
  +4.05000000000000000000e+09
  +4.10000000000000000000e+09
  +4.15000000000000000000e+09
  +4.20000000000000000000e+09
  +4.25000000000000000000e+09
  +4.30000000000000000000e+09
  +4.35000000000000000000e+09
  +4.40000000000000000000e+09
  +4.45000000000000000000e+09
  +4.50000000000000000000e+09
  +4.55000000000000000000e+09
  +4.60000000000000000000e+09
  +4.65000000000000000000e+09
  +4.70000000000000000000e+09
  +4.75000000000000000000e+09
  +4.80000000000000000000e+09
  +4.85000000000000000000e+09
  +4.90000000000000000000e+09
  +4.95000000000000000000e+09
  +5.00000000000000000000e+09
  +5.05000000000000000000e+09
  +5.10000000000000000000e+09
  +5.15000000000000000000e+09
  +5.20000000000000000000e+09
  +5.25000000000000000000e+09
  +5.30000000000000000000e+09
  +5.35000000000000000000e+09
  +5.40000000000000000000e+09
  +5.45000000000000000000e+09
  +5.50000000000000000000e+09
  +5.55000000000000000000e+09
  +5.60000000000000000000e+09
  +5.65000000000000000000e+09
  +5.70000000000000000000e+09
  +5.75000000000000000000e+09
  +5.80000000000000000000e+09
  +5.85000000000000000000e+09
  +5.90000000000000000000e+09
  +5.95000000000000000000e+09
  +6.00000000000000000000e+09
  +6.05000000000000000000e+09
  +6.10000000000000000000e+09
  +6.15000000000000000000e+09
  +6.20000000000000000000e+09
  +6.25000000000000000000e+09
  +6.30000000000000000000e+09
  +6.35000000000000000000e+09
  +6.40000000000000000000e+09
  +6.45000000000000000000e+09
  +6.50000000000000000000e+09
  +6.55000000000000000000e+09
  +6.60000000000000000000e+09
  +6.65000000000000000000e+09
  +6.70000000000000000000e+09
  +6.75000000000000000000e+09
  +6.80000000000000000000e+09
  +6.85000000000000000000e+09
  +6.90000000000000000000e+09
  +6.95000000000000000000e+09
  +7.00000000000000000000e+09
  +7.05000000000000000000e+09
  +7.10000000000000000000e+09
  +7.15000000000000000000e+09
  +7.20000000000000000000e+09
  +7.25000000000000000000e+09
  +7.30000000000000000000e+09
  +7.35000000000000000000e+09
  +7.40000000000000000000e+09
  +7.45000000000000000000e+09
  +7.50000000000000000000e+09
  +7.55000000000000000000e+09
  +7.60000000000000000000e+09
  +7.65000000000000000000e+09
  +7.70000000000000000000e+09
  +7.75000000000000000000e+09
  +7.80000000000000000000e+09
  +7.85000000000000000000e+09
  +7.90000000000000000000e+09
  +7.95000000000000000000e+09
  +8.00000000000000000000e+09
  +8.05000000000000000000e+09
  +8.10000000000000000000e+09
  +8.15000000000000000000e+09
  +8.20000000000000000000e+09
  +8.25000000000000000000e+09
  +8.30000000000000000000e+09
  +8.35000000000000000000e+09
  +8.40000000000000000000e+09
  +8.45000000000000000000e+09
  +8.50000000000000000000e+09
  +8.55000000000000000000e+09
  +8.60000000000000000000e+09
  +8.65000000000000000000e+09
  +8.70000000000000000000e+09
  +8.75000000000000000000e+09
  +8.80000000000000000000e+09
  +8.85000000000000000000e+09
  +8.90000000000000000000e+09
  +8.95000000000000000000e+09
  +9.00000000000000000000e+09
  +9.05000000000000000000e+09
  +9.10000000000000000000e+09
  +9.15000000000000000000e+09
  +9.20000000000000000000e+09
  +9.25000000000000000000e+09
  +9.30000000000000000000e+09
  +9.35000000000000000000e+09
  +9.40000000000000000000e+09
  +9.45000000000000000000e+09
  +9.50000000000000000000e+09
  +9.55000000000000000000e+09
  +9.60000000000000000000e+09
  +9.65000000000000000000e+09
  +9.70000000000000000000e+09
  +9.75000000000000000000e+09
  +9.80000000000000000000e+09
  +9.85000000000000000000e+09
  +9.90000000000000000000e+09
  +9.95000000000000000000e+09
  +1.00000000000000000000e+10
</indep>
<dep S21_phase frequency>
  -8.64573911607812135571e+01
  -8.90972795636490388915e+01
  -9.16533204260268519192e+01
  -9.41330898431335327814e+01
  -9.65434033203740540330e+01
  -9.88903894498679392200e+01
  -1.01179559592340197582e+02
  -1.03415872432556739113e+02
  -1.05603792933091469308e+02
  -1.07747345628347332536e+02
  -1.09850162454376530263e+02
  -1.11915525454114501258e+02
  -1.13946404769574300531e+02
  -1.15945492358258718468e+02
  -1.17915231867910136998e+02
  -1.19857845083651525897e+02
  -1.21775355332177127821e+02
  -1.23669608194068885609e+02
  -1.25542289840624661679e+02
  -1.27394943277804244985e+02
  -1.29228982748035718942e+02
  -1.31045706511349749235e+02
  -1.32846308200749859907e+02
  -1.34631886922983795785e+02
  -1.36403456254754019028e+02
  -1.38161952265791398986e+02
  -1.39908240683829973250e+02
  -1.41643123302172966760e+02
  -1.43367343718005031405e+02
  -1.45081592478648246924e+02
  -1.46786511703428999454e+02
  -1.48482699240485032988e+02
  -1.50170712410611400855e+02
  -1.51851071383916774948e+02
  -1.53524262229554864234e+02
  -1.55190739673993419956e+02
  -1.56850929599093916522e+02
  -1.58505231307601746948e+02
  -1.60154019580456861149e+02
  -1.61797646547518212401e+02
  -1.63436443390847898627e+02
  -1.65070721897542796341e+02
  -1.66700775877206808673e+02
  -1.68326882457498470558e+02
  -1.69949303269716295972e+02
  -1.71568285535100841344e+02
  -1.73184063061385387527e+02
  -1.74796857158128801757e+02
  -1.76406877478466128650e+02
  -1.78014322794124097982e+02
  -1.79619381709857634632e+02
  +1.78777766677172820664e+02
  +1.77176952168101422558e+02
  +1.75578012898649888029e+02
  +1.73980794816976896300e+02
  +1.72385151199416725376e+02
  +1.70790942200809411133e+02
  +1.69198034436433175642e+02
  +1.67606300592812232253e+02
  +1.66015619064962578477e+02
  +1.64425873617802494664e+02
  +1.62836953069731947608e+02
  +1.61248750996504440991e+02
  +1.59661165453698515648e+02
  +1.58074098716273624632e+02
  +1.56487457033766048653e+02
  +1.54901150399853349882e+02
  +1.53315092335019443226e+02
  -2.82708003179949898254e+01
  -2.98566075894092932685e+01
  -3.14424065650198159005e+01
  -3.30282715612279460515e+01
  -3.46142742908145351066e+01
  -3.62004840209088882830e+01
  -3.77869677237556587102e+01
  -3.93737902208751435751e+01
  -4.09610143211719872625e+01
  -4.25487009535084368395e+01
  -4.41369092942547638359e+01
  -4.57256968902348930328e+01
  -4.73151197774992127165e+01
  -4.89052325963274654441e+01
  -5.04960887027998666099e+01
  -5.20877402773003126413e+01
  -5.36802384302698740726e+01
  -5.52736333054929716013e+01
  -5.68679741812217827146e+01
  -5.84633095693952071770e+01
  -6.00596873131995749873e+01
  -6.16571546832275529937e+01
  -6.32557584724425581157e+01
  -6.48555450901847052592e+01
  -6.64565606554133267991e+01
  -6.80588510893893356979e+01
  -6.96624622079964552768e+01
  -7.12674398138749580767e+01
  -7.28738297885598171888e+01
  -7.44816781847915336812e+01
  -7.60910313191749736461e+01
  -7.77019358653565888062e+01
  -7.93144389478810722949e+01
  -8.09285882368992446345e+01
  -8.25444320438865730694e+01
  -8.41620194185363175166e+01
  -8.57814002469969238973e+01
  -8.74026253516122295650e+01
  -8.90257465923337036884e+01
  -9.06508169699790045115e+01
  -9.22778907315032199676e+01
  -9.39070234774588641358e+01
  -9.55382722718353534219e+01
  -9.71716957544465032015e+01
  -9.88073542560731112872e+01
  -1.00445309916546264617e+02
  -1.02085626805982911947e+02
  -1.03728371049379447300e+02
  -1.05373610954786272487e+02
  -1.07021417145291110273e+02
  -1.08671862695046854697e+02
  -1.10325023269592279007e+02
  -1.11980977270728089934e+02
  -1.13639805986209950106e+02
  -1.15301593744550004317e+02
  -1.16966428075212476756e+02
  -1.18634399874519502305e+02
  -1.20305603577581948116e+02
  -1.21980137336597209696e+02
  -1.23658103205863199037e+02
  -1.25339607333875434847e+02
  -1.27024760162890615334e+02
  -1.28713676636359281247e+02
  -1.30406476414639570294e+02
  -1.32103284099428464060e+02
  -1.33804229467360727313e+02
  -1.35509447713242479949e+02
  -1.37219079703401831694e+02
  -1.38933272239658691660e+02
  -1.40652178334425769890e+02
  -1.42375957497473478952e+02
  -1.44104776034892807957e+02
  -1.45838807360815508218e+02
  -1.47578232322442858049e+02
  -1.49323239538950417682e+02
  -1.51074025754829250445e+02
  -1.52830796208221812549e+02
  -1.54593765014799913615e+02
  -1.56363155567713675964e+02
  -1.58139200954109469421e+02
  -1.59922144388687200944e+02
  -1.61712239664703076869e+02
  -1.63509751622772341761e+02
  -1.65314956637738845302e+02
  -1.67128143123773526213e+02
  -1.68949612057746065830e+02
  -1.70779677520751420161e+02
  -1.72618667257495019385e+02
  -1.74466923253013590056e+02
  -1.76324802325941362824e+02
  -1.78192676737218818062e+02
  +1.79929065187234357381e+02
  +1.78040018421802557214e+02
  +1.76139760596847764873e+02
  +1.74227851347810201332e+02
  +1.72303831661478199067e+02
  +1.70367223223980175817e+02
  +1.68417527775996916262e+02
  +1.66454226481778192692e+02
  +1.64476779319793791956e+02
  +1.62484624504281811141e+02
  +1.60477177948584341038e+02
  +1.58453832783014490815e+02
  +1.56413958942094012627e+02
  +1.54356902838368256425e+02
  +1.52281987142644851474e+02
  +1.50188510693461893197e+02
  +1.48075748561858375751e+02
  +1.45942952301121692926e+02
  +1.43789350415104479453e+02
  +1.41614149082949012382e+02
  +1.39416533182588580075e+02
  +1.37195667660151485734e+02
</dep>
<dep S11_phase frequency>
  -1.76457538373361614958e+02
  -1.79097317808793036420e+02
  +1.78346750945955335510e+02
  +1.75867091846140738198e+02
  +1.73456889412327967648e+02
  +1.71110015058089828699e+02
  +1.68820957411436353368e+02
  +1.66584757762023457417e+02
  +1.64396951109506204602e+02
  +1.62253512871238427806e+02
  +1.60150811053862241806e+02
  +1.58085563549239196846e+02
  +1.56054800143227481612e+02
  +1.54055828800089557262e+02
  +1.52086205788437865749e+02
  +1.50143709234690277299e+02
  +1.48226315719394335702e+02
  +1.46332179565364668861e+02
  +1.44459614501249063778e+02
  +1.42607077417936665142e+02
  +1.40773153967068566317e+02
  +1.38956545780190964479e+02
  +1.37156059113645511616e+02
  +1.35370594748040730337e+02
  +1.33599138992265380921e+02
  +1.31840755660623301537e+02
  +1.30094578908058110756e+02
  +1.28359806822773890644e+02
  +1.26635695688102302370e+02
  +1.24921554836419645085e+02
  +1.23216742027445633312e+02
  +1.21520659291598519758e+02
  +1.19832749186305733247e+02
  +1.18152491419502879921e+02
  +1.16479399800052775049e+02
  +1.14813019479624941255e+02
  +1.13152924454764587381e+02
  +1.11498715301544564227e+02
  +1.09850017118401297012e+02
  +1.08206477655552063766e+02
  +1.06567765611851498875e+02
  +1.04933569082101655567e+02
  +1.03303594139719692180e+02
  +1.01677563541328794372e+02
  +1.00055215541311653737e+02
  +9.84363028056466049520e+01
  +9.68205914154931406301e+01
  +9.52078599519959567488e+01
  +9.35978986546706295258e+01
  +9.19905086465216470515e+01
  +9.03855012197419256381e+01
  +8.87826971764669394815e+01
  +8.71819262196068649473e+01
  +8.55830263892730300768e+01
  +8.39858435407534358319e+01
  +8.23902308603823598787e+01
  +8.07960484159978165053e+01
  +7.92031627389965819930e+01
  +7.76114464352712190021e+01
  +7.60207778225681067852e+01
  +7.44310405920293476356e+01
  +7.28421234918829441085e+01
  +7.12539200314288905247e+01
  +6.96663282036307265344e+01
  +6.80792502247715987096e+01
  +6.64925922897650991672e+01
  +6.49062643418318714339e+01
  +6.33201798553630226252e+01
  +6.17342556308874250703e+01
  +6.01484116011494833742e+01
  +5.85625706473854705791e+01
  +5.69766584249595453571e+01
  +5.53906031975847596982e+01
  +5.38043356794175835489e+01
  +5.22177888843670530150e+01
  +5.06308979820106443981e+01
  +4.90436001595527315544e+01
  +4.74558344893061132552e+01
  +4.58675418012075368779e+01
  +4.42786645599230652692e+01
  +4.26891467461186451260e+01
  +4.10989337415086311012e+01
  +3.95079722173149789910e+01
  +3.79162100257977670026e+01
  +3.63235960945338263173e+01
  +3.47300803231461969744e+01
  +3.31356134821991190620e+01
  +3.15401471139904252539e+01
  +2.99436334349919590636e+01
  +2.83460252396953826803e+01
  +2.67472758056362351908e+01
  +2.51473387993792343309e+01
  +2.35461681832578726414e+01
  +2.19437181226650110943e+01
  +2.03399428937069153278e+01
  +1.87347967910309236572e+01
  +1.71282340356482585264e+01
  +1.55202086825762677336e+01
  +1.39106745281265453684e+01
  +1.22995850166720472885e+01
  +1.06868931467251986334e+01
  +9.07255137616333762196e+00
  +7.45651152643559722577e+00
  +5.83872468559000168398e+00
  +4.21914110995362889867e+00
  +2.59771012430355163758e+00
  +9.74380020359415066622e-01
  -6.50902046571447789880e-01
  -2.27819016296787513198e+00
  -3.90753976466407948465e+00
  -5.53900774679562779568e+00
  -7.17265257630481567475e+00
  -8.80853440719894820177e+00
  -1.04467151987567863358e+01
  -1.20872588368864644082e+01
  -1.37302312588469543897e+01
  -1.53757005815525822356e+01
  -1.70237372336864929423e+01
  -1.86744140918627188341e+01
  -2.03278066210823915583e+01
  -2.19839930197441972837e+01
  -2.36430543694759691675e+01
  -2.53050747900718953076e+01
  -2.69701415998268210217e+01
  -2.86383454815776588021e+01
  -3.03097806547712629310e+01
  -3.19845450538967774889e+01
  -3.36627405136323289980e+01
  -3.53444729610730945524e+01
  -3.70298526154235645436e+01
  -3.87189941955540959384e+01
  -4.04120171358362227920e+01
  -4.21090458106906311286e+01
  -4.38102097682971418635e+01
  -4.55156439739340186179e+01
  -4.72254890634281210282e+01
  -4.89398916072168432834e+01
  -5.06590043855333291845e+01
  -5.23829866752456823065e+01
  -5.41120045488870999861e+01
  -5.58462311864288309948e+01
  -5.75858472003529939798e+01
  -5.93310409745870828147e+01
  -6.10820090178602868036e+01
  -6.28389563320398636392e+01
  -6.46020967959921534884e+01
  -6.63716535654949240097e+01
  -6.81478594896997549313e+01
  -6.99309575446097113627e+01
  -7.17212012839784165408e+01
  -7.35188553079824060887e+01
  -7.53241957499287764222e+01
  -7.71375107811605715824e+01
  -7.89591011341976525273e+01
  -8.07892806439925408313e+01
  -8.26283768070006203743e+01
  -8.44767313575357974287e+01
  -8.63347008606174171064e+01
  -8.82026573201978152383e+01
  -9.00809888012857413742e+01
  -9.19701000640366572725e+01
  -9.38704132073678607640e+01
  -9.57823683190478334382e+01
  -9.77064241285094112754e+01
  -9.96430586578158994371e+01
  -1.01592769865267868568e+02
  -1.03556076275045938928e+02
  -1.05533517585038069342e+02
  -1.07525655243561843122e+02
  -1.09533072984061249144e+02
  -1.11556377304998122213e+02
  -1.13596197880055783003e+02
  -1.15653187881399077241e+02
  -1.17728024196083637776e+02
  -1.19821407512737437173e+02
  -1.21934062252356753220e+02
  -1.24066736313439221817e+02
  -1.26220200597736067039e+02
  -1.28395248278636614714e+02
  -1.30592693769629818235e+02
  -1.32813371345493550280e+02
</dep>
<dep S21_dB frequency>
  -6.02596226801115442129e+00
  -6.37983902912489941883e+00
  -6.72889271056883764288e+00
  -7.07318386694183054431e+00
  -7.41283528590285545334e+00
  -7.74801692258897478638e+00
  -8.07893413223826328817e+00
  -8.40581853847934112878e+00
  -8.72892099948504451845e+00
  -9.04850623966428280198e+00
  -9.36484880183432544243e+00
  -9.67823004599144809390e+00
  -9.98893597824945267405e+00
  -1.02972557396096036086e+01
  -1.06034806210203758070e+01
  -1.09079035005352338317e+01
  -1.12108186217536047735e+01
  -1.15125216514030483950e+01
  -1.18133099688861324950e+01
  -1.21134831526941049162e+01
  -1.24133436384233579730e+01
  -1.27131975312753944252e+01
  -1.30133555627662289567e+01
  -1.33141341873101843873e+01
  -1.36158568196345015622e+01
  -1.39188552189125793745e+01
  -1.42234710302661770953e+01
  -1.45300574991338358188e+01
  -1.48389813791140952048e+01
  -1.51506250595029499095e+01
  -1.54653889451157393609e+01
  -1.57836941283626881471e+01
  -1.61059854023308943738e+01
  -1.64327346741803665964e+01
  -1.67644448510801034047e+01
  -1.71016542868288254908e+01
  -1.74449418971769674158e+01
  -1.77949330768258455748e+01
  -1.81523065827474496814e+01
  -1.85178025889597535070e+01
  -1.88922321701054976018e+01
  -1.92764885391242408730e+01
  -1.96715604535181540768e+01
  -2.00785483230458723369e+01
  -2.04986837102268069088e+01
  -2.09333531299812918292e+01
  -2.13841273495865848986e+01
  -2.18527978000470000097e+01
  -2.23414222880223078960e+01
  -2.28523830254665085704e+01
  -2.33884612006513776805e+01
  -2.39529341058278966159e+01
  -2.45497035532806897606e+01
  -2.51834685274230132279e+01
  -2.58599617363613809573e+01
  -2.65862807441158750521e+01
  -2.73713630565735996925e+01
  -2.82266874919885033535e+01
  -2.91673449433455047597e+01
  -3.02137398005226600617e+01
  -3.13944280550590981704e+01
  -3.27511459742171879839e+01
  -3.43484351771336520187e+01
  -3.62940583294999612463e+01
  -3.87890419274230708879e+01
  -4.22809811855893542543e+01
  -4.81721176351476714217e+01
  -7.75852343547439176064e+01
  -4.88167176790482812976e+01
  -4.26553133242892101862e+01
  -3.90965932856436566567e+01
  -3.65857698506224053858e+01
  -3.46447942441661993485e+01
  -3.30625183071907642329e+01
  -3.17268656702348472720e+01
  -3.05711589861477825991e+01
  -2.95524944248653120837e+01
  -2.86416327401506087824e+01
  -2.78177507020154699546e+01
  -2.70654930789486272147e+01
  -2.63732120623825636585e+01
  -2.57318627313208168061e+01
  -2.51342814459570540464e+01
  -2.45746981416055447767e+01
  -2.40483970574301579859e+01
  -2.35514747855544968047e+01
  -2.30806639513262723540e+01
  -2.26332022566053758794e+01
  -2.22067335642041285837e+01
  -2.17992320536877386417e+01
  -2.14089432781526767258e+01
  -2.10343377949950109951e+01
  -2.06740742833762958242e+01
  -2.03269699107705505980e+01
  -1.99919763035086432978e+01
  -1.96681598959333392429e+01
  -1.93546857344280667235e+01
  -1.90508040322234926123e+01
  -1.87558389328052541600e+01
  -1.84691790604660681652e+01
  -1.81902695274795078717e+01
  -1.79186051365674430258e+01
  -1.76537245704403176205e+01
  -1.73952054013212062955e+01
  -1.71426597854567397405e+01
  -1.68957307328616757047e+01
  -1.66540888625268976853e+01
  -1.64174295692569707228e+01
  -1.61854705410836494650e+01
  -1.59579495765173344779e+01
  -1.57346226592679290235e+01
  -1.55152622548981167228e+01
  -1.52996557994704041050e+01
  -1.50876043548655438542e+01
  -1.48789214092702373193e+01
  -1.46734318045079135118e+01
  -1.44709707745380882216e+01
  -1.42713830816757045739e+01
  -1.40745222389502977478e+01
  -1.38802498086076493422e+01
  -1.36884347680954743254e+01
  -1.34989529360161206739e+01
  -1.33116864515009822867e+01
  -1.31265233012962045933e+01
  -1.29433568895636490481e+01
  -1.27620856460200045035e+01
  -1.25826126685683021833e+01
  -1.24048453970405176960e+01
  -1.22286953150712633942e+01
  -1.20540776774734670340e+01
  -1.18809112607945355222e+01
  -1.17091181350014910123e+01
  -1.15386234544802750435e+01
  -1.13693552667459041317e+01
  -1.12012443374444572441e+01
  -1.10342239903970966708e+01
  -1.08682299615812318905e+01
  -1.07032002660810618977e+01
  -1.05390750771575465450e+01
  -1.03757966166995263535e+01
  -1.02133090564167048342e+01
  -1.00515584292280735212e+01
  -9.89049255038456287537e+00
  -9.73006094794460274500e+00
  -9.57021480229622056868e+00
  -9.41090689449114847775e+00
  -9.25209156322435077868e+00
  -9.09372467035905529542e+00
  -8.93576357496105977418e+00
  -8.77816711587157350039e+00
  -8.62089560290892364947e+00
  -8.46391081685446344807e+00
  -8.30717601844144049039e+00
  -8.15065596663043301362e+00
  -7.99431694652225655062e+00
  -7.83812680732598998645e+00
  -7.68205501087220987699e+00
  -7.52607269123194555505e+00
  -7.37015272607902449664e+00
  -7.21426982050935716728e+00
  -7.05840060411260949991e+00
  -6.90252374217312691940e+00
  -6.74662006196200092489e+00
  -6.59067269516859077783e+00
  -6.43466723760591996495e+00
  -6.27859192741179228392e+00
  -6.12243784305131466539e+00
  -5.96619912250783013263e+00
  -5.80987320512372118486e+00
  -5.65346109761838722108e+00
  -5.49696766586225216145e+00
  -5.34040195401990658297e+00
  -5.18377753268733520997e+00
  -5.02711287762489611453e+00
  -4.87043178063036741321e+00
  -4.71376379398512135310e+00
  -4.55714470973619256711e+00
  -4.40061707482964159510e+00
  -4.24423074277283518541e+00
  -4.08804346205535740211e+00
  -3.93212150097813939453e+00
</dep>
<dep S11_dB frequency>
  -1.26956933859603138259e+00
  -1.15803836491094536143e+00
  -1.05906157327977856752e+00
  -9.70897263826243639429e-01
  -8.92086670733006625866e-01
  -8.21402122349878860419e-01
  -7.57805666727150217810e-01
  -7.00415870710349386385e-01
  -6.48481040080354342869e-01
  -6.01357511714900816457e-01
  -5.58491973064788926884e-01
  -5.19406995372398649913e-01
  -4.83689143720898162560e-01
  -4.50979162799840238574e-01
  -4.20963842224827078375e-01
  -3.93369246763925761723e-01
  -3.67955060447398507595e-01
  -3.44509843422131201152e-01
  -3.22847039703498317476e-01
  -3.02801605056237543856e-01
  -2.84227148925950745539e-01
  -2.66993504034467032948e-01
  -2.50984653023975601283e-01
  -2.36096954212703075138e-01
  -2.22237618757896937538e-01
  -2.09323399809330401578e-01
  -1.97279460974767617554e-01
  -1.86038396915484155469e-01
  -1.75539383389576975070e-01
  -1.65727437756843731798e-01
  -1.56552774004504041683e-01
  -1.47970238870728271197e-01
  -1.39938817730484360569e-01
  -1.32421200644676523295e-01
  -1.25383400421970103711e-01
  -1.18794415754282081665e-01
  -1.12625933503271088987e-01
  -1.06852065070561302873e-01
  -1.01449112504785721178e-01
  -9.63953606091209752593e-02
  -9.16708918291789104371e-02
  -8.72574211404978095086e-02
  -8.31381485292626842831e-02
  -7.92976269787408760692e-02
  -7.57216441478105600771e-02
  -7.23971161618257030845e-02
  -6.93119921379441311649e-02
  -6.64551682401458565508e-02
  -6.38164102092448060066e-02
  -6.13862834424378223108e-02
  -5.91560898092318224184e-02
  -5.71178104880005269028e-02
  -5.52640541920301348044e-02
  -5.35880102277943859423e-02
  -5.20834058928095547381e-02
  -5.07444677763015869476e-02
  -4.95658865757133901275e-02
  -4.85427850853795764263e-02
  -4.76706890513286518640e-02
  -4.69455006202222080436e-02
  -4.63634741396492522369e-02
  -4.59211940932599885223e-02
  -4.56155549772774004946e-02
  -4.54437429453064603568e-02
  -4.54032190668225976715e-02
  -4.54917040602761946211e-02
  -4.57071643770448204913e-02
  -4.60477995241841131513e-02
  -4.65120305264519057209e-02
  -4.70984894374618726087e-02
  -4.78060098196689889360e-02
  -4.86336181206468917693e-02
  -4.95805258809582372059e-02
  -5.06461227152252418948e-02
  -5.18299700144370933952e-02
  -5.31317953226368711039e-02
  -5.45514873464427035854e-02
  -5.60890915601045952910e-02
  -5.77448063731104549445e-02
  -5.95189798310085671496e-02
  -6.14121068236453751532e-02
  -6.34248267782206720522e-02
  -6.55579218174542205366e-02
  -6.78123153658614641337e-02
  -7.01890711899394587059e-02
  -7.26893928600609307011e-02
  -7.53146236244649769365e-02
  -7.80662466877737604154e-02
  -8.09458858883306681120e-02
  -8.39553067708683070647e-02
  -8.70964180527981773894e-02
  -9.03712734840423914662e-02
  -9.37820741024972537314e-02
  -9.73311708886170634525e-02
  -1.01021067824650798150e-01
  -1.04854425365476497389e-01
  -1.08834064330131444209e-01
  -1.12962970224559228205e-01
  -1.17244298008108135956e-01
  -1.21681377318089950501e-01
  -1.26277718168721547753e-01
  -1.31037017142501849287e-01
  -1.35963164094538346838e-01
  -1.41060249392092468268e-01
  -1.46332571714217707370e-01
  -1.51784646438467230034e-01
  -1.57421214644459406262e-01
  -1.63247252766545558611e-01
  -1.69267982930911303763e-01
  -1.75488884015106094694e-01
  -1.81915703472091516701e-01
  -1.88554469963092996565e-01
  -1.95411506848823551818e-01
  -2.02493446591348297270e-01
  -2.09807246124249335839e-01
  -2.17360203252683348296e-01
  -2.25159974150643676927e-01
  -2.33214592027739253677e-01
  -2.41532487044108817864e-01
  -2.50122507558270756878e-01
  -2.58993942800060217291e-01
  -2.68156547067953165975e-01
  -2.77620565558864718092e-01
  -2.87396761946940748622e-01
  -2.97496447838273336828e-01
  -3.07931514238546477635e-01
  -3.18714465182696415901e-01
  -3.29858453688140706994e-01
  -3.41377320207021717202e-01
  -3.53285633768095186369e-01
  -3.65598736015536940336e-01
  -3.78332788369829975395e-01
  -3.91504822556001108591e-01
  -4.05132794766163373268e-01
  -4.19235643747064234965e-01
  -4.33833353129591814401e-01
  -4.48947018346154136381e-01
  -4.64598918512996450492e-01
  -4.80812593689863732038e-01
  -4.97612927966973317417e-01
  -5.15026238872335451191e-01
  -5.33080373637779603158e-01
  -5.51804812914459485995e-01
  -5.71230782584207452679e-01
  -5.91391374376354583831e-01
  -6.12321676068214970634e-01
  -6.34058912124565998703e-01
  -6.56642595715391852451e-01
  -6.80114693146166016113e-01
  -7.04519801838193737709e-01
  -7.29905343113234295060e-01
  -7.56321771165010536819e-01
  -7.83822799743562281805e-01
  -8.12465648238445803386e-01
  -8.42311309024644683241e-01
  -8.73424838134336134488e-01
  -9.05875671540040228180e-01
  -9.39737969583875010215e-01
  -9.75090992366882791664e-01
  -1.01201950922649652753e+00
  -1.05061424578238238325e+00
  -1.09097237242881295316e+00
  -1.13319803860040835275e+00
  -1.17740295764494229402e+00
  -1.22370704771263616450e+00
  -1.27223913472416105819e+00
  -1.32313772422398501227e+00
  -1.37655184977538236346e+00
  -1.43264200652717632600e+00
  -1.49158117970123438312e+00
  -1.55355597904073738924e+00
  -1.61876789175393431819e+00
  -1.68743466822620846735e+00
  -1.75979185680446903461e+00
  -1.83609450634122794987e+00
  -1.91661905799937604122e+00
  -2.00166545115712812830e+00
  -2.09155947223919191913e+00
  -2.18665538008830351302e+00
  -2.28733884728284797561e+00
  -2.39403026385837991441e+00
</dep>
<dep Zin_ohm frequency>
  +1.98089327910036644198e+02
  +1.67569968119230026105e+02
  +1.56437928935140831754e+02
  +1.66189334569667863661e+02
  +1.92026296497317702006e+02
  +2.27419754510755126375e+02
  +2.67840019779124077104e+02
  +3.10796716803616789093e+02
  +3.54995022931092535146e+02
  +3.99759897241308578941e+02
  +4.44736416212093104150e+02
  +4.89740112184458553202e+02
  +5.34680627675022492440e+02
  +5.79521276307161201657e+02
  +6.24256773512626637057e+02
  +6.68900537479924992113e+02
  +7.13477233492052960173e+02
  +7.58018296312756547195e+02
  +8.02559198609152190329e+02
  +8.47137771666421599548e+02
  +8.91793175418319151504e+02
  +9.36565277221250312323e+02
  +9.81494292291609440326e+02
  +1.02662059403141643088e+03
  +1.07198463598913485839e+03
  +1.11762694796945606868e+03
  +1.16358818192354465282e+03
  +1.20990919168477626044e+03
  +1.25663113612322604240e+03
  +1.30379559894317981161e+03
  +1.35144472080251489388e+03
  +1.39962134110521878938e+03
  +1.44836914797689109946e+03
  +1.49773283574851211597e+03
  +1.54775826986200718238e+03
  +1.59849265954740917550e+03
  +1.64998473895854021976e+03
  +1.70228495772738210690e+03
  +1.75544568213223442399e+03
  +1.80952140829017548640e+03
  +1.86456898899335510578e+03
  +1.92064787602239584885e+03
  +1.97782037999789827154e+03
  +2.03615195008027740187e+03
  +2.09571147610632351643e+03
  +2.15657161606635327189e+03
  +2.21880915218551308499e+03
  +2.28250537928656967779e+03
  +2.34774652958868273345e+03
  +2.41462423864938318729e+03
  +2.48323605779873150823e+03
  +2.55368601916151646947e+03
  +2.62608526023504418845e+03
  +2.70055271600954210953e+03
  +2.77721588781369973731e+03
  +2.85621169947341968509e+03
  +2.93768745302879142400e+03
  +3.02180189821302883502e+03
  +3.10872643222018496090e+03
  +3.19864644905136083253e+03
  +3.29176286102685571677e+03
  +3.38829381900098724145e+03
  +3.48847666256298725784e+03
  +3.59257013723443151321e+03
  +3.70085692261042549944e+03
  +3.81364652382930762542e+03
  +3.93127858906271831074e+03
  +4.05412672836614137850e+03
  +4.18260292482577006012e+03
  +4.31716264826314727543e+03
  +4.45831080583268249029e+03
  +4.60660869400084902736e+03
  +4.76268215438495099079e+03
  +4.92723118408145364810e+03
  +5.10104131254333697143e+03
  +5.28499713596662513737e+03
  +5.48009850221913802670e+03
  +5.68747997240263066487e+03
  +5.90843435999841403827e+03
  +6.14444138031555485213e+03
  +6.39720275299271361291e+03
  +6.66868551908990775701e+03
  +6.96117590594235207391e+03
  +7.27734686201190743304e+03
  +7.62034348637026232609e+03
  +7.99389213774038853444e+03
  +8.40244124765028573165e+03
  +8.85134512635972350836e+03
  +9.34710688704409949423e+03
  +9.89770391222617035965e+03
  +1.05130305209631605976e+04
  +1.12055101723934349138e+04
  +1.19909580408365036419e+04
  +1.28898220097134817479e+04
  +1.39290107612874726328e+04
  +1.51446601644432084868e+04
  +1.65864511838922480820e+04
  +1.83245965037371424842e+04
  +2.04616347347956761951e+04
  +2.31533748178946516418e+04
  +2.66484533418767096009e+04
  +3.13689927452517804340e+04
  +3.80919559102258208441e+04
  +4.84130055112040499807e+04
  +6.61613120219227857888e+04
  +1.02887465505859043333e+05
  +2.01182176144549855962e+05
  +2.27678859120654436992e+05
  +1.12904704046490704059e+05
  +7.02697819730634364532e+04
  +5.05101191654982176260e+04
  +3.93032953708392087719e+04
  +3.21181003775480457989e+04
  +2.71272621561580926937e+04
  +2.34608139177559678501e+04
  +2.06536800536455120891e+04
  +1.84352286419552474399e+04
  +1.66374608407354207884e+04
  +1.51506473500189567858e+04
  +1.39001141246463139396e+04
  +1.28332943880598431861e+04
  +1.19121190978911599814e+04
  +1.11083453653402793861e+04
  +1.04005805021016894898e+04
  +9.77232511565480672289e+03
  +9.21065037378094348242e+03
  +8.70528209085256276012e+03
  +8.24795285010413863347e+03
  +7.83193494687661586795e+03
  +7.45169791627131871792e+03
  +7.10265353925692852499e+03
  +6.78096333174593746662e+03
  +6.48339136074773523433e+03
  +6.20719041032736276975e+03
  +5.95001300455714681448e+03
  +5.70984117900425917469e+03
  +5.48493054928969468165e+03
  +5.27376539328842682153e+03
  +5.07502229780947800464e+03
  +4.88754052379008589924e+03
  +4.71029768513653380069e+03
  +4.54238966233787050442e+03
  +4.38301391529698594240e+03
  +4.23145554312436161126e+03
  +4.08707557793353043962e+03
  +3.94930110640050679649e+03
  +3.81761689525266001510e+03
  +3.69155826094545409433e+03
  +3.57070497398494171648e+03
  +3.45467602793486230439e+03
  +3.34312513455356338454e+03
  +3.23573683158318181086e+03
  +3.13222310985684453044e+03
  +3.03232048266866786435e+03
  +2.93578743358842530142e+03
  +2.84240218973499850108e+03
  +2.75196077644968454479e+03
  +2.66427531672420991526e+03
  +2.57917254495208180742e+03
  +2.49649250983782212643e+03
  +2.41608744582293547865e+03
  +2.33782079634201545559e+03
  +2.26156637575524928252e+03
  +2.18720766004492634238e+03
  +2.11463719943467413032e+03
  +2.04375614910738545404e+03
  +1.97447391728070942918e+03
  +1.90670793317374136677e+03
  +1.84038354100668266256e+03
  +1.77543403027684962581e+03
  +1.71180081733691690715e+03
  +1.64943379898258899630e+03
  +1.58829190558898199015e+03
  +1.52834388959930697638e+03
  +1.46956939516240004195e+03
  +1.41196036670586408945e+03
  +1.35552286837734163782e+03
  +1.30027940246798675616e+03
  +1.24627183244991306310e+03
  +1.19356503329387851409e+03
  +1.14225140443300233528e+03
</dep>
<dep Zin_norm frequency>
  +3.96178655820073277738e+00
  +3.35139936238460034446e+00
  +3.12875857870281670614e+00
  +3.32378669139335736205e+00
  +3.84052592994635411117e+00
  +4.54839509021510224329e+00
  +5.35680039558248211051e+00
  +6.21593433607233603055e+00
  +7.09990045862185059633e+00
  +7.99519794482617118803e+00
  +8.89472832424186243827e+00
  +9.79480224368917085087e+00
  +1.06936125535004507014e+01
  +1.15904255261432247437e+01
  +1.24851354702525316753e+01
  +1.33780107495985003396e+01
  +1.42695446698410588482e+01
  +1.51603659262551317966e+01
  +1.60511839721830433803e+01
  +1.69427554333284327015e+01
  +1.78358635083663834564e+01
  +1.87313055444250053938e+01
  +1.96298858458321880960e+01
  +2.05324118806283273386e+01
  +2.14396927197826983047e+01
  +2.23525389593891219420e+01
  +2.32717636384708939090e+01
  +2.41981838336955235036e+01
  +2.51326227224645215585e+01
  +2.60759119788635942427e+01
  +2.70288944160502992986e+01
  +2.79924268221043774929e+01
  +2.89673829595378222734e+01
  +2.99546567149702411825e+01
  +3.09551653972401439319e+01
  +3.19698531909481822311e+01
  +3.29996947791708024056e+01
  +3.40456991545476412853e+01
  +3.51089136426446870587e+01
  +3.61904281658035102964e+01
  +3.72913797798670998418e+01
  +3.84129575204479181139e+01
  +3.95564075999579642939e+01
  +4.07230390016055494584e+01
  +4.19142295221264689076e+01
  +4.31314323213270682800e+01
  +4.43761830437102631208e+01
  +4.56501075857313907136e+01
  +4.69549305917736532479e+01
  +4.82924847729876631774e+01
  +4.96647211559746324383e+01
  +5.10737203832303308104e+01
  +5.25217052047008863269e+01
  +5.40110543201908441802e+01
  +5.55443177562739975883e+01
  +5.71242339894683937018e+01
  +5.87537490605758279116e+01
  +6.04360379642605778372e+01
  +6.21745286444037006390e+01
  +6.39729289810272163663e+01
  +6.58352572205371160408e+01
  +6.77658763800197476712e+01
  +6.97695332512597445884e+01
  +7.18514027446886274220e+01
  +7.40171384522085133995e+01
  +7.62729304765861542137e+01
  +7.86255717812543650780e+01
  +8.10825345673228241594e+01
  +8.36520584965153943813e+01
  +8.63432529652629483508e+01
  +8.91662161166536577639e+01
  +9.21321738800169782735e+01
  +9.52536430876990181105e+01
  +9.85446236816290763727e+01
  +1.02020826250866733176e+02
  +1.05699942719332511842e+02
  +1.09601970044382767355e+02
  +1.13749599448052620687e+02
  +1.18168687199968275081e+02
  +1.22888827606311096474e+02
  +1.27944055059854278511e+02
  +1.33373710381798161961e+02
  +1.39223518118847039204e+02
  +1.45546937240238150935e+02
  +1.52406869727405251069e+02
  +1.59877842754807772963e+02
  +1.68048824953005720317e+02
  +1.77026902527194465620e+02
  +1.86942137740881975105e+02
  +1.97954078244523401509e+02
  +2.10260610419263201720e+02
  +2.24110203447868684634e+02
  +2.39819160816730061470e+02
  +2.57796440194269621315e+02
  +2.78580215225749441288e+02
  +3.02893203288864185652e+02
  +3.31729023677844963913e+02
  +3.66491930074742867873e+02
  +4.09232694695913494343e+02
  +4.63067496357893048753e+02
  +5.32969066837534228398e+02
  +6.27379854905035585944e+02
  +7.61839118204516353217e+02
  +9.68260110224081017805e+02
  +1.32322624043845576125e+03
  +2.05774931011718081209e+03
  +4.02364352289099724658e+03
  +4.55357718241308884899e+03
  +2.25809408092981402660e+03
  +1.40539563946126872906e+03
  +1.01020238330996437526e+03
  +7.86065907416784170891e+02
  +6.42362007550960925073e+02
  +5.42545243123161867516e+02
  +4.69216278355119357002e+02
  +4.13073601072910264520e+02
  +3.68704572839104912418e+02
  +3.32749216814708404399e+02
  +3.03012947000379142537e+02
  +2.78002282492926269697e+02
  +2.56665887761196870542e+02
  +2.38242381957823198491e+02
  +2.22166907306805597955e+02
  +2.08011610042033794343e+02
  +1.95446502313096118542e+02
  +1.84213007475618866238e+02
  +1.74105641817051264297e+02
  +1.64959057002082772669e+02
  +1.56638698937532325317e+02
  +1.49033958325426368674e+02
  +1.42053070785138572774e+02
  +1.35619266634918744785e+02
  +1.29667827214954712645e+02
  +1.24143808206547248574e+02
  +1.19000260091142934016e+02
  +1.14196823580085180083e+02
  +1.09698610985793891359e+02
  +1.05475307865768542115e+02
  +1.01500445956189551566e+02
  +9.77508104758017140057e+01
  +9.42059537027306674872e+01
  +9.08477932467574049724e+01
  +8.76602783059397125953e+01
  +8.46291108624872236987e+01
  +8.17415115586706093609e+01
  +7.89860221280101342245e+01
  +7.63523379050532042811e+01
  +7.38311652189090779075e+01
  +7.14140994796988337612e+01
  +6.90935205586972500669e+01
  +6.68625026910712705330e+01
  +6.47147366316636407646e+01
  +6.26444621971368889035e+01
  +6.06464096533733538763e+01
  +5.87157486717685017652e+01
  +5.68480437946999686005e+01
  +5.50392155289936866325e+01
  +5.32855063344841966000e+01
  +5.15834508990416367169e+01
  +4.99298501967564405390e+01
  +4.83217489164587092887e+01
  +4.67564159268403116698e+01
  +4.52313275151049865030e+01
  +4.37441532008985305424e+01
  +4.22927439886934806168e+01
  +4.08751229821477082282e+01
  +3.94894783456141880151e+01
  +3.81341586634748281881e+01
  +3.68076708201336515458e+01
  +3.55086806055369947899e+01
  +3.42360163467383387115e+01
  +3.29886759796517807786e+01
  +3.17658381117796402293e+01
  +3.05668777919861405223e+01
  +2.93913879032480025444e+01
  +2.82392073341172817891e+01
  +2.71104573675468323302e+01
  +2.60055880493597335601e+01
  +2.49254366489982608357e+01
  +2.38713006658775697133e+01
  +2.28450280886600474162e+01
</dep>
<dep S[2,2] frequency>
  -8.62364608645865837744e-01-j5.33859932154695029927e-02
  -8.75072791821849493843e-01-j1.37877168948890762440e-02
  -8.84842759672912371194e-01+j2.55389069186363684705e-02
  -8.91916721857397232220e-01+j6.44483163924192414829e-02
  -8.96515065143072775733e-01+j1.02828362045774501787e-01
  -8.98837280694371965062e-01+j1.40593200634998971577e-01
  -8.99063350552285478479e-01+j1.77677613160336228537e-01
  -8.97355355416991962159e-01+j2.14032486152499618060e-01
  -8.93859150257401036122e-01+j2.49621232842757945214e-01
  -8.88706012305478854074e-01+j2.84416967834741629684e-01
  -8.82014205224664338267e-01+j3.18400282513487675740e-01
  -8.73890429287006109682e-01+j3.51557497516986283692e-01
  -8.64431144316886612700e-01+j3.83879293008969169065e-01
  -8.53723762851080314462e-01+j4.15359637570391626582e-01
  -8.41847717453957367084e-01+j4.45994952809831257667e-01
  -8.28875409820877595557e-01+j4.75783463872043899112e-01
  -8.14873051169754392120e-01+j5.04724696456500754316e-01
  -7.99901404119116254954e-01+j5.32819089241602039664e-01
  -7.84016436224806101407e-01+j5.60067697166293010369e-01
  -7.67269894892850579105e-01+j5.86471966199189953528e-01
  -7.49709812697566313489e-01+j6.12033564310075273163e-01
  -7.31380951337268547796e-01+j6.36754256579577737618e-01
  -7.12325191634489152115e-01+j6.60635814921460506888e-01
  -6.92581876181236122392e-01+j6.83679954894127472897e-01
  -6.72188110470381405825e-01+j7.05888293657046861362e-01
  -6.51179027655667486130e-01+j7.27262324374717383790e-01
  -6.29588021451171542253e-01+j7.47803403355468243596e-01
  -6.07446951116178524011e-01+j7.67512746991218297588e-01
  -5.84786321971016542776e-01+j7.86391436180420622115e-01
  -5.61635444448748466506e-01+j8.04440426404272490579e-01
  -5.38022574301181388812e-01+j8.21660562013068584974e-01
  -5.13975036240601368398e-01+j8.38052593585907223961e-01
  -4.89519333004405199361e-01+j8.53617197470373900714e-01
  -4.64681241574423586904e-01+j8.68354996801596556999e-01
  -4.39485898060543667132e-01+j8.82266583453246933111e-01
  -4.13957872565616280536e-01+j8.95352540494441795360e-01
  -3.88121235181310142437e-01+j9.07613464822853099889e-01
  -3.61999614119504820042e-01+j9.19049989720514437508e-01
  -3.35616246858013334009e-01+j9.29662807139184255156e-01
  -3.08994025070001177014e-01+j9.39452689569711285600e-01
  -2.82155534011651831783e-01+j9.48420511387378373236e-01
  -2.55123086960199918494e-01+j9.56567269594599922655e-01
  -2.27918755222678709460e-01+j9.63894103905349464156e-01
  -2.00564394173344651140e-01+j9.70402316133621489769e-01
  -1.73081665723510191857e-01+j9.76093388861924982081e-01
  -1.45492057580029393593e-01+j9.80969003376474413258e-01
  -1.17816899607472547196e-01+j9.85031056863623577513e-01
  -9.00773775729051956462e-02+j9.88281678868102253510e-01
  -6.22945445207332276771e-02+j9.90723247017875507936e-01
  -3.44893299974977154965e-02+j9.92358402023553742843e-01
  -6.68254732237781763626e-03+j9.93190061962327397360e-01
  +2.11051009219128671290e-02+j9.93221435857695400529e-01
  +4.88530190217027898703e-02+j9.92456036566976673718e-01
  +7.65407157484689487648e-02+j9.90897692988840006478e-01
  +1.04147803332786739738e-01+j9.88550561602974720010e-01
  +1.31653997682942502934e-01+j9.85419137353757967901e-01
  +1.59039119746028106972e-01+j9.81508263889198429020e-01
  +1.86283097918918699731e-01+j9.76823143165831631052e-01
  +2.13365971425123174265e-01+j9.71369344429582670664e-01
  +2.40267894580872748422e-01+j9.65152812581808405845e-01
  +2.66969141880415927748e-01+j9.58179875939048963929e-01
  +2.93450113836258130728e-01+j9.50457253394253909207e-01
  +3.19691343515143555631e-01+j9.41992060986559409663e-01
  +3.45673503715094643240e-01+j9.32791817886048146846e-01
  +3.71377414732691923938e-01+j9.22864451799295104628e-01
  +3.96784052673315235094e-01+j9.12218303801010876874e-01
  +4.21874558260066478965e-01+j9.00862132596534692652e-01
  +4.46630246099798844384e-01+j8.88805118219635259535e-01
  +4.71032614367048241277e-01+j8.76056865169631659995e-01
  +4.95063354868775062911e-01+j8.62627404991655799549e-01
  +5.18704363454624228780e-01+j8.48527198303645202593e-01
  +5.41937750739092893859e-01+j8.33767136273567133209e-01
  +5.64745853103427064568e-01+j8.18358541550269324993e-01
  +5.87111243946369154578e-01+j8.02313168651435537626e-01
  +6.09016745154015270991e-01+j7.85643203812136925457e-01
  +6.30445438760112497611e-01+j7.68361264297673041135e-01
  +6.51380678769036047804e-01+j7.50480397184545289235e-01
  +6.71806103114545360988e-01+j7.32014077613732494498e-01
  +6.91705645728263096572e-01+j7.12976206520655630960e-01
  +7.11063548692441260712e-01+j6.93381107846720912136e-01
  +7.29864374452400377358e-01+j6.73243525237607887135e-01
  +7.48093018064589831972e-01+j6.52578618234026852640e-01
  +7.65734719456906742785e-01+j6.31401957961109983053e-01
  +7.82775075678509679733e-01+j6.09729522323197659084e-01
  +7.99200053117003483827e-01+j5.87577690711255873346e-01
  +8.14995999661463632613e-01+j5.64963238230886677371e-01
  +8.30149656790424295139e-01+j5.41903329459413662939e-01
  +8.44648171564596261796e-01+j5.18415511741192491790e-01
  +8.58479108504724419682e-01+j4.94517708031039671113e-01
  +8.71630461335703654591e-01+j4.70228209296233712333e-01
  +8.84090664578792040373e-01+j4.45565666488304923387e-01
  +8.95848604974511686372e-01+j4.20549082096516146922e-01
  +9.06893632719597775349e-01+j3.95197801295629480567e-01
  +9.17215572502246168085e-01+j3.69531502701190506244e-01
  +9.26804734320704204364e-01+j3.43570188746359805876e-01
  +9.35651924071265628235e-01+j3.17334175694878151130e-01
  +9.43748453892618521799e-01+j2.90844083305481559965e-01
  +9.51086152254577599230e-01+j2.64120824163704248644e-01
  +9.57657373780295584353e-01+j2.37185592697587793731e-01
  +9.63455008792155398467e-01+j2.10059853894454667822e-01
  +9.68472492572769905195e-01+j1.82765331736402830698e-01
  +9.72703814333754523958e-01+j1.55323997372734418088e-01
  +9.76143525886219554089e-01+j1.27758057047943462958e-01
  +9.78786750008334593964e-01+j1.00089939804394137401e-01
  +9.80629188506711102491e-01+j7.23422849790905792000e-02
  +9.81667129969876706141e-01+j4.45379295143588024852e-02
  +9.81897457213626756456e-01+j1.66998951024244120245e-02
  +9.81317654419702201096e-01-j1.11486248159041161782e-02
  +9.79925813970887960025e-01-j3.89842781781120639728e-02
  +9.77720642987425225812e-01-j6.67835675320681138034e-02
  +9.74701469571362610900e-01-j9.45228633530400402796e-02
  +9.70868248767501773600e-01-j1.22178417425425206444e-01
  +9.66221568251378060133e-01-j1.49726376269306737932e-01
  +9.60762653756898621360e-01-j1.77142794592212216020e-01
  +9.54493374258254423381e-01-j2.04403648746912414147e-01
  +9.47416246922971216904e-01-j2.31484850176690626355e-01
  +9.39534441855160551427e-01-j2.58362258830186708458e-01
  +9.30851786650408796753e-01-j2.85011696528711999665e-01
  +9.21372770786123340692e-01-j3.11408960269971335499e-01
  +9.11102549873681777370e-01-j3.37529835453196536132e-01
  +9.00046949801253992618e-01-j3.63350109012046673662e-01
  +8.88212470798926956306e-01-j3.88845582443054504918e-01
  +8.75606291460417129890e-01-j4.13992084719151665073e-01
  +8.62236272758625799106e-01-j4.38765485079633810184e-01
  +8.48110962095129150562e-01-j4.63141705690120586425e-01
  +8.33239597426861933194e-01-j4.87096734168397771381e-01
  +8.17632111516318427213e-01-j5.10606635974756861707e-01
  +8.01299136354928331905e-01-j5.33647566668368655840e-01
  +7.84252007812594076341e-01-j5.56195784034573703636e-01
  +7.66502770569890801156e-01-j5.78227660091639950046e-01
  +7.48064183392978754306e-01-j5.99719692989636010694e-01
  +7.28949724815037503056e-01-j6.20648518818589400858e-01
  +7.09173599291794909405e-01-j6.40990923348147334515e-01
  +6.88750743902638684624e-01-j6.60723853726519649854e-01
  +6.67696835672824340335e-01-j6.79824430172703664255e-01
  +6.46028299596375754632e-01-j6.98269957702801979949e-01
  +6.23762317443393166094e-01-j7.16037937938884705424e-01
  +6.00916837439775308738e-01-j7.33106081057259051370e-01
  +5.77510584911472002467e-01-j7.49452317942358781089e-01
  +5.53563073989745468850e-01-j7.65054812622836366565e-01
  +5.29094620477937871428e-01-j7.79891975077893651047e-01
  +5.04126355984416463230e-01-j7.93942474514706564293e-01
  +4.78680243430152640993e-01-j8.07185253231832544607e-01
  +4.52779094043102958711e-01-j8.19599541199240277933e-01
  +4.26446585954714241229e-01-j8.31164871502922397717e-01
  +3.99707284516714222988e-01-j8.41861096821347465458e-01
  +3.72586664458421812363e-01-j8.51668407122297188572e-01
  +3.45111134006153230658e-01-j8.60567348792319330997e-01
  +3.17308061086427783959e-01-j8.68538845437155981877e-01
  +2.89205801733760481387e-01-j8.75564220620433708575e-01
  +2.60833730820923148652e-01-j8.81625222839906519390e-01
  +2.32222275224913732306e-01-j8.86704053075790366023e-01
  +2.03402949534612159654e-01-j8.90783395284673207293e-01
  +1.74408394395806631838e-01-j8.93846450255255220441e-01
  +1.45272417575439544146e-01-j8.95876973289221223418e-01
  +1.16030037808512009878e-01-j8.96859316222098801319e-01
  +8.67175314675582148416e-02-j8.96778474355255927897e-01
  +5.73724820646613967168e-02-j8.95620138931655485059e-01
  +2.80338325585492049996e-02-j8.93370755854628884052e-01
  -1.25805960704766925037e-03-j8.90017591421028431142e-01
  -3.04613648643816854744e-02-j8.85548805917758863337e-01
  -5.95327214819477770757e-02-j8.79953536013628578871e-01
  -8.84271734076146204151e-02-j8.73221986966603469504e-01
  -1.17098106379007499411e-01-j8.65345535759373452045e-01
  -1.45497182805857577792e-01-j8.56316846372734086223e-01
  -1.73574276072343436361e-01-j8.46129998505650404717e-01
  -2.01277405076951493301e-01-j8.34780631151171403914e-01
  -2.28552670027183629786e-01-j8.22266102536369114517e-01
  -2.55344190740510901261e-01-j8.08585668029090820497e-01
  -2.81594048976157751429e-01-j7.93740677700529029259e-01
  -3.07242236639271526499e-01-j7.77734795305176085378e-01
  -3.32226612064921988932e-01-j7.60574240492128517133e-01
  -3.56482867009269344116e-01-j7.42268056085651384279e-01
  -3.79944507454161084503e-01-j7.22828402257969626632e-01
  -4.02542851873651463812e-01-j7.02270879351167054416e-01
  -4.24207051220252762125e-01-j6.80614880972195579467e-01
  -4.44864135567086760314e-01-j6.57883978767319632652e-01
  -4.64439093089660581803e-01-j6.34106339957839382215e-01
  -4.82854987884404451837e-01-j6.09315178262558876376e-01
  -5.00033123993079087199e-01-j5.83549238214760346288e-01
  -5.15893263919763089831e-01-j5.56853312069123584926e-01
</dep>
<dep S[2,1] frequency>
  +3.08763321997185535839e-02-j4.98736564379305968853e-01
  +7.55824077400195359910e-03-j4.79682796407778444525e-01
  -1.32962597767742642108e-02-j4.60653663196093909882e-01
  -3.19239267161592898958e-02-j4.41783891679054574464e-01
  -4.85394478920481362016e-02-j4.23174906217150759158e-01
  -6.33363715468870519532e-02-j4.04901939956185119573e-01
  -7.64884952673671597578e-02-j3.87019722035159385864e-01
  -8.81514762156836578777e-02-j3.69567001489234880918e-01
  -9.84645091912072917273e-02-j3.52570131246850326789e-01
  -1.07551977099881887479e-01-j3.36045898605181136976e-01
  -1.15525017636122287468e-01-j3.20003754949965857346e-01
  -1.22482976024444398244e-01-j3.04447568395480705483e-01
  -1.28514730588995568228e-01-j2.89376998606325319674e-01
  -1.33699888609421918551e-01-j2.74788572983731493871e-01
  -1.38109856409195264071e-01-j2.60676527115783651656e-01
  -1.41808791315808258027e-01-j2.47033459311748165854e-01
  -1.44854444998298331759e-01-j2.33850838607694344606e-01
  -1.47298908385341320582e-01-j2.21119397346540069726e-01
  -1.49189268340402081403e-01-j2.08829432879326259975e-01
  -1.50568185815425720220e-01-j1.96971037755903188859e-01
  -1.51474404515726163156e-01-j1.85534273688249706780e-01
  -1.51943198311723093319e-01-j1.74509301348453577107e-01
  -1.52006764807488370383e-01-j1.63886475524588293151e-01
  -1.51694571669438726946e-01-j1.53656413155309812257e-01
  -1.51033661558866050267e-01-j1.43810040184720211442e-01
  -1.50048920813224379023e-01-j1.34338621931925417119e-01
  -1.48763316389269345530e-01-j1.25233780684875922740e-01
  -1.47198105016076746798e-01-j1.16487503449038590220e-01
  -1.45373018005407944608e-01-j1.08092142165185270408e-01
  -1.43306424726067055397e-01-j1.00040408222559107365e-01
  -1.41015477362348484736e-01-j9.23253627067032595077e-02
  -1.38516239239350885670e-01-j8.49404035147435648723e-02
  -1.35823798703636700047e-01-j7.78792502273411985092e-02
  -1.32952370292135579888e-01-j7.11359274336303970543e-02
  -1.29915384699770680710e-01-j6.47047470520714512743e-02
  -1.26725568863589294066e-01-j5.85802900686993588408e-02
  -1.23395017313544255733e-01-j5.27573880176931617192e-02
  -1.19935255794950249020e-01-j4.72311044529247353596e-02
  -1.16357298041489407026e-01-j4.19967165986353321849e-02
  -1.12671696468115450918e-01-j3.70496973196708934140e-02
  -1.08888587458153537901e-01-j3.23856975141081498970e-02
  -1.05017731836163780157e-01-j2.80005290015633082068e-02
  -1.01068551046291713047e-01-j2.38901479574159074371e-02
  -9.70501594930207878154e-02-j2.00506389251583344580e-02
  -9.29713934469321157117e-02-j1.64781994253081799651e-02
  -8.88408368702349737767e-02-j1.31691251686231053375e-02
  -8.46668444754257870644e-02-j1.01197958733849069368e-02
  -8.04575622940264800764e-02-j7.32666168051412415585e-03
  -7.62209460006547517841e-02-j4.78623015594615338480e-03
  -7.19647772098019333775e-02-j2.49505386661344431484e-03
  -6.76966779383379735346e-02-j4.49718514305451138539e-04
  -6.34241234053660035697e-02+j1.35316838959414825413e-03
  -5.91544533222602766931e-02+j2.91698832618844140774e-03
  -5.48948818092151805126e-02+j4.24512206587225257581e-03
  -5.06525060601039148200e-02+j5.34095947761767213258e-03
  -4.64343138646633873945e-02+j6.20790886812377321752e-03
  -4.22471900857235987958e-02+j6.84940586759921841292e-03
  -3.80979221793195238499e-02+j7.26892187823816038339e-03
  -3.39932048366845332432e-02+j7.46997210064766041515e-03
  -2.99396438194342376371e-02+j7.45612315260117501647e-03
  -2.59437590523663441644e-02+j7.23100029364799872650e-03
  -2.20119870322791517936e-02+j6.79829426817697094615e-03
  -1.81506826058382558786e-02+j6.16176777870446404362e-03
  -1.43661201647844963963e-02+j5.32526160029818916575e-03
  -1.06644943025752149401e-02+j4.29270034623684560576e-03
  -7.05191997284004661040e-03+j3.06809789427796211075e-03
  -3.53443218669545781638e-03+j1.65556248216267173044e-03
  -1.17985283093069578345e-04+j5.93014803685157579501e-05
  +3.19154819629967508032e-03-j1.71637415049399780047e-03
  +6.38837899843809706862e-03-j3.66704571077030921575e-03
  +9.46680298933181771370e-03-j5.78818291497406808843e-03
  +1.24212032982091661465e-02-j8.07514034112119701014e-03
  +1.52460527517746108339e-02-j1.05231541706338315584e-02
  +1.79359165763206956923e-02-j1.31273392134916011553e-02
  +2.04854553468164952978e-02-j1.58826862136157882788e-02
  +2.28894281632620148759e-02-j1.87840594296567776900e-02
  +2.51426960356742439096e-02-j2.18261944865053639231e-02
  +2.72402254600436107002e-02-j2.50036964929482921627e-02
  +2.91770921685146518432e-02-j2.83110384209997734128e-02
  +3.09484850377906295371e-02-j3.17425597423526065222e-02
  +3.25497101406196087670e-02-j3.52924653174831598479e-02
  +3.39761949258310450017e-02-j3.89548245328076164773e-02
  +3.52234925131373888263e-02-j4.27235706812209015126e-02
  +3.62872860894686358191e-02-j4.65925005811882383955e-02
  +3.71633933943006922185e-02-j5.05552744294719622054e-02
  +3.78477712819538514299e-02-j5.46054158822706567356e-02
  +3.83365203494651987648e-02-j5.87363123594538405481e-02
  +3.86258896192016309978e-02-j6.29412155662843059156e-02
  +3.87122812659408191416e-02-j6.72132422267471968391e-02
  +3.85922553787341887643e-02-j7.15453750223987716694e-02
  +3.82625347484736588743e-02-j7.59304637303142709870e-02
  +3.77200096726516692636e-02-j8.03612265534646291743e-02
  +3.69617427694362010726e-02-j8.48302516364876080246e-02
  +3.59849737938662678216e-02-j8.93299987596527095279e-02
  +3.47871244495361886528e-02-j9.38528012033277708737e-02
  +3.33658031899593046643e-02-j9.83908677751597210426e-02
  +3.17188100044072524009e-02-j1.02936284991726134663e-01
  +2.98441411838510153864e-02-j1.07481019406222830237e-01
  +2.77399940633958515257e-02-j1.12016920073484474440e-01
  +2.54047717384108182048e-02-j1.16535721143306916781e-01
  +2.28370877524663520863e-02-j1.21029044572910318700e-01
  +2.00357707560506401179e-02-j1.25488402949070015913e-01
  +1.69998691360339418410e-02-j1.29905202410351694464e-01
  +1.37286556168224917196e-02-j1.34270745659650941883e-01
  +1.02216318351913727780e-02-j1.38576235057191965439e-01
  +6.47853289190006027126e-03-j1.42812775783990153489e-01
  +2.49933188433151994012e-03-j1.46971379065812007836e-01
  -1.71575557441540089282e-03-j1.51042965447630184173e-01
  -6.16626684326404116837e-03-j1.55018368108654575055e-01
  -1.08514877397083153721e-02-j1.58888336208128561067e-01
  -1.57704480158085413866e-02-j1.62643538252279729051e-01
  -2.09219168127568709570e-02-j1.66274565473032653884e-01
  -2.63043980817222397550e-02-j1.69771935209449525983e-01
  -3.19161259570411234843e-02-j1.73126094283248349592e-01
  -3.77550600662284671638e-02-j1.76327422360235491761e-01
  -4.38188807595364937519e-02-j1.79366235290090408894e-01
  -5.01049842400267814169e-02-j1.82232788417642121992e-01
  -5.66104775732328840965e-02-j1.84917279859534461339e-01
  -6.33321735535446461718e-02-j1.87409853741164478258e-01
  -7.02665854024062258576e-02-j1.89700603389802047172e-01
  -7.74099212713087320159e-02-j1.91779574481030778976e-01
  -8.47580785202884101626e-02-j1.93636768137009362967e-01
  -9.23066377403856941353e-02-j1.95262143976615787366e-01
  -1.00050856486022951564e-01-j1.96645623119272722201e-01
  -1.07985662680802341207e-01-j1.97777091146226824403e-01
  -1.16105647657508845305e-01-j1.98646401025230789905e-01
  -1.24405058790413719505e-01-j1.99243376007065348121e-01
  -1.32877791675051676323e-01-j1.99557812505049697593e-01
  -1.41517381807664793802e-01-j1.99579482971776384082e-01
  -1.50316995713389717215e-01-j1.99298138790725415381e-01
  -1.59269421469028837901e-01-j1.98703513204204235132e-01
  -1.68367058562842369929e-01-j1.97785324303312831651e-01
  -1.77601907030351280348e-01-j1.96533278110360865032e-01
  -1.86965555801491239984e-01-j1.94937071789398758126e-01
  -1.96449170190779953682e-01-j1.92986397026418399214e-01
  -2.06043478458265205688e-01-j1.90670943627233663298e-01
  -2.15738757365199901317e-01-j1.87980403388359224026e-01
  -2.25524816644316755676e-01-j1.84904474304216970282e-01
  -2.35390982300636292246e-01-j1.81432865183001806875e-01
  -2.45326078654634738285e-01-j1.77555300753523492840e-01
  -2.55318409035672044816e-01-j1.73261527356412786682e-01
  -2.65355735029614847598e-01-j1.68541319325477112478e-01
  -2.75425254180877876475e-01-j1.63384486178686672009e-01
  -2.85513576045572925466e-01-j1.57780880753573687914e-01
  -2.95606696489310594167e-01-j1.51720408438787202066e-01
  -3.05689970120482046312e-01-j1.45193037672405572680e-01
  -3.15748080747800641266e-01-j1.38188811898545899082e-01
  -3.25765009749592993060e-01-j1.30697863197067609686e-01
  -3.35724002242161867482e-01-j1.22710427826891663172e-01
  -3.45607530935521378712e-01-j1.14216863952046374098e-01
  -3.55397257567615754148e-01-j1.05207671851108117145e-01
  -3.65073991812770837218e-01-j9.56735169456180978287e-02
  -3.74617647567318190482e-01-j8.56052560216074426291e-02
  -3.84007196525525396069e-01-j7.49939670607742830954e-02
  -3.93220618972740132424e-01-j6.38309831445545289297e-02
  -4.02234851740928045505e-01-j5.21079309455052611111e-02
  -4.11025733295168005377e-01-j3.98167743764174311694e-02
  -4.19567945949536613703e-01-j2.69498640286881634143e-02
  -4.27834955248002746231e-01-j1.34999930977960126699e-02
  -4.35798946592199643035e-01+j5.39539434438578982198e-04
  -4.43430759254539286207e-01+j1.51748575138350213359e-02
  -4.50699817984237027790e-01+j3.04114276944050729301e-02
  -4.57574062497342337608e-01+j4.62539687679386982144e-02
  -4.64019875242344781441e-01+j6.27063502325380384139e-02
  -4.70002007953156386577e-01+j7.97714783936233906569e-02
  -4.75483507644235636747e-01+j9.74511687918311747536e-02
  -4.80425642871984415194e-01+j1.15746003552112342039e-01
  -4.84787831286014603283e-01+j1.34655172149558632899e-01
  -4.88527569727794319654e-01+j1.54176293993021490403e-01
  -4.91600368407032584095e-01+j1.74305221141571181631e-01
  -4.93959691002924972114e-01+j1.95035819396414261684e-01
  -4.95556902903008245076e-01+j2.16359725958650717104e-01
  -4.96341230211957307183e-01+j2.38266081819408948039e-01
  -4.96259732641390005625e-01+j2.60741237063966957432e-01
  -4.95257293933632936067e-01+j2.83768427337653450504e-01
  -4.93276634081494025352e-01+j3.07327419854267647192e-01
  -4.90258348284203171463e-01+j3.31394127545512617861e-01
  -4.86140978326906114670e-01+j3.55940190274475931620e-01
  -4.80861122884285785428e-01+j3.80932522492602121389e-01
  -4.74353594120643151655e-01+j4.06332827337327562311e-01
  -4.66551628875996160506e-01+j4.32097077979914589996e-01
</dep>
<dep S[1,2] frequency>
  +3.08763321997185535839e-02-j4.98736564379305968853e-01
  +7.55824077400195359910e-03-j4.79682796407778444525e-01
  -1.32962597767742642108e-02-j4.60653663196093909882e-01
  -3.19239267161592898958e-02-j4.41783891679054574464e-01
  -4.85394478920481362016e-02-j4.23174906217150759158e-01
  -6.33363715468870519532e-02-j4.04901939956185119573e-01
  -7.64884952673671597578e-02-j3.87019722035159385864e-01
  -8.81514762156836578777e-02-j3.69567001489234880918e-01
  -9.84645091912072917273e-02-j3.52570131246850326789e-01
  -1.07551977099881887479e-01-j3.36045898605181136976e-01
  -1.15525017636122287468e-01-j3.20003754949965857346e-01
  -1.22482976024444398244e-01-j3.04447568395480705483e-01
  -1.28514730588995568228e-01-j2.89376998606325319674e-01
  -1.33699888609421918551e-01-j2.74788572983731493871e-01
  -1.38109856409195264071e-01-j2.60676527115783651656e-01
  -1.41808791315808258027e-01-j2.47033459311748165854e-01
  -1.44854444998298331759e-01-j2.33850838607694344606e-01
  -1.47298908385341320582e-01-j2.21119397346540069726e-01
  -1.49189268340402081403e-01-j2.08829432879326259975e-01
  -1.50568185815425720220e-01-j1.96971037755903188859e-01
  -1.51474404515726163156e-01-j1.85534273688249706780e-01
  -1.51943198311723093319e-01-j1.74509301348453577107e-01
  -1.52006764807488370383e-01-j1.63886475524588293151e-01
  -1.51694571669438726946e-01-j1.53656413155309812257e-01
  -1.51033661558866050267e-01-j1.43810040184720211442e-01
  -1.50048920813224379023e-01-j1.34338621931925417119e-01
  -1.48763316389269345530e-01-j1.25233780684875922740e-01
  -1.47198105016076746798e-01-j1.16487503449038590220e-01
  -1.45373018005407944608e-01-j1.08092142165185270408e-01
  -1.43306424726067055397e-01-j1.00040408222559107365e-01
  -1.41015477362348484736e-01-j9.23253627067032595077e-02
  -1.38516239239350885670e-01-j8.49404035147435648723e-02
  -1.35823798703636700047e-01-j7.78792502273411985092e-02
  -1.32952370292135579888e-01-j7.11359274336303970543e-02
  -1.29915384699770680710e-01-j6.47047470520714512743e-02
  -1.26725568863589294066e-01-j5.85802900686993588408e-02
  -1.23395017313544255733e-01-j5.27573880176931617192e-02
  -1.19935255794950249020e-01-j4.72311044529247353596e-02
  -1.16357298041489407026e-01-j4.19967165986353321849e-02
  -1.12671696468115450918e-01-j3.70496973196708934140e-02
  -1.08888587458153537901e-01-j3.23856975141081498970e-02
  -1.05017731836163780157e-01-j2.80005290015633082068e-02
  -1.01068551046291713047e-01-j2.38901479574159074371e-02
  -9.70501594930207878154e-02-j2.00506389251583344580e-02
  -9.29713934469321157117e-02-j1.64781994253081799651e-02
  -8.88408368702349737767e-02-j1.31691251686231053375e-02
  -8.46668444754257870644e-02-j1.01197958733849069368e-02
  -8.04575622940264800764e-02-j7.32666168051412415585e-03
  -7.62209460006547517841e-02-j4.78623015594615338480e-03
  -7.19647772098019333775e-02-j2.49505386661344431484e-03
  -6.76966779383379735346e-02-j4.49718514305451138539e-04
  -6.34241234053660035697e-02+j1.35316838959414825413e-03
  -5.91544533222602766931e-02+j2.91698832618844140774e-03
  -5.48948818092151805126e-02+j4.24512206587225257581e-03
  -5.06525060601039148200e-02+j5.34095947761767213258e-03
  -4.64343138646633873945e-02+j6.20790886812377321752e-03
  -4.22471900857235987958e-02+j6.84940586759921841292e-03
  -3.80979221793195238499e-02+j7.26892187823816038339e-03
  -3.39932048366845332432e-02+j7.46997210064766041515e-03
  -2.99396438194342376371e-02+j7.45612315260117501647e-03
  -2.59437590523663441644e-02+j7.23100029364799872650e-03
  -2.20119870322791517936e-02+j6.79829426817697094615e-03
  -1.81506826058382558786e-02+j6.16176777870446404362e-03
  -1.43661201647844963963e-02+j5.32526160029818916575e-03
  -1.06644943025752149401e-02+j4.29270034623684560576e-03
  -7.05191997284004661040e-03+j3.06809789427796211075e-03
  -3.53443218669545781638e-03+j1.65556248216267173044e-03
  -1.17985283093069578345e-04+j5.93014803685157579501e-05
  +3.19154819629967508032e-03-j1.71637415049399780047e-03
  +6.38837899843809706862e-03-j3.66704571077030921575e-03
  +9.46680298933181771370e-03-j5.78818291497406808843e-03
  +1.24212032982091661465e-02-j8.07514034112119701014e-03
  +1.52460527517746108339e-02-j1.05231541706338315584e-02
  +1.79359165763206956923e-02-j1.31273392134916011553e-02
  +2.04854553468164952978e-02-j1.58826862136157882788e-02
  +2.28894281632620148759e-02-j1.87840594296567776900e-02
  +2.51426960356742439096e-02-j2.18261944865053639231e-02
  +2.72402254600436107002e-02-j2.50036964929482921627e-02
  +2.91770921685146518432e-02-j2.83110384209997734128e-02
  +3.09484850377906295371e-02-j3.17425597423526065222e-02
  +3.25497101406196087670e-02-j3.52924653174831598479e-02
  +3.39761949258310450017e-02-j3.89548245328076164773e-02
  +3.52234925131373888263e-02-j4.27235706812209015126e-02
  +3.62872860894686358191e-02-j4.65925005811882383955e-02
  +3.71633933943006922185e-02-j5.05552744294719622054e-02
  +3.78477712819538514299e-02-j5.46054158822706567356e-02
  +3.83365203494651987648e-02-j5.87363123594538405481e-02
  +3.86258896192016309978e-02-j6.29412155662843059156e-02
  +3.87122812659408191416e-02-j6.72132422267471968391e-02
  +3.85922553787341887643e-02-j7.15453750223987716694e-02
  +3.82625347484736588743e-02-j7.59304637303142709870e-02
  +3.77200096726516692636e-02-j8.03612265534646291743e-02
  +3.69617427694362010726e-02-j8.48302516364876080246e-02
  +3.59849737938662678216e-02-j8.93299987596527095279e-02
  +3.47871244495361886528e-02-j9.38528012033277708737e-02
  +3.33658031899593046643e-02-j9.83908677751597210426e-02
  +3.17188100044072524009e-02-j1.02936284991726134663e-01
  +2.98441411838510153864e-02-j1.07481019406222830237e-01
  +2.77399940633958515257e-02-j1.12016920073484474440e-01
  +2.54047717384108182048e-02-j1.16535721143306916781e-01
  +2.28370877524663520863e-02-j1.21029044572910318700e-01
  +2.00357707560506401179e-02-j1.25488402949070015913e-01
  +1.69998691360339418410e-02-j1.29905202410351694464e-01
  +1.37286556168224917196e-02-j1.34270745659650941883e-01
  +1.02216318351913727780e-02-j1.38576235057191965439e-01
  +6.47853289190006027126e-03-j1.42812775783990153489e-01
  +2.49933188433151994012e-03-j1.46971379065812007836e-01
  -1.71575557441540089282e-03-j1.51042965447630184173e-01
  -6.16626684326404116837e-03-j1.55018368108654575055e-01
  -1.08514877397083153721e-02-j1.58888336208128561067e-01
  -1.57704480158085413866e-02-j1.62643538252279729051e-01
  -2.09219168127568709570e-02-j1.66274565473032653884e-01
  -2.63043980817222397550e-02-j1.69771935209449525983e-01
  -3.19161259570411234843e-02-j1.73126094283248349592e-01
  -3.77550600662284671638e-02-j1.76327422360235491761e-01
  -4.38188807595364937519e-02-j1.79366235290090408894e-01
  -5.01049842400267814169e-02-j1.82232788417642121992e-01
  -5.66104775732328840965e-02-j1.84917279859534461339e-01
  -6.33321735535446461718e-02-j1.87409853741164478258e-01
  -7.02665854024062258576e-02-j1.89700603389802047172e-01
  -7.74099212713087320159e-02-j1.91779574481030778976e-01
  -8.47580785202884101626e-02-j1.93636768137009362967e-01
  -9.23066377403856941353e-02-j1.95262143976615787366e-01
  -1.00050856486022951564e-01-j1.96645623119272722201e-01
  -1.07985662680802341207e-01-j1.97777091146226824403e-01
  -1.16105647657508845305e-01-j1.98646401025230789905e-01
  -1.24405058790413719505e-01-j1.99243376007065348121e-01
  -1.32877791675051676323e-01-j1.99557812505049697593e-01
  -1.41517381807664793802e-01-j1.99579482971776384082e-01
  -1.50316995713389717215e-01-j1.99298138790725415381e-01
  -1.59269421469028837901e-01-j1.98703513204204235132e-01
  -1.68367058562842369929e-01-j1.97785324303312831651e-01
  -1.77601907030351280348e-01-j1.96533278110360865032e-01
  -1.86965555801491239984e-01-j1.94937071789398758126e-01
  -1.96449170190779953682e-01-j1.92986397026418399214e-01
  -2.06043478458265205688e-01-j1.90670943627233663298e-01
  -2.15738757365199901317e-01-j1.87980403388359224026e-01
  -2.25524816644316755676e-01-j1.84904474304216970282e-01
  -2.35390982300636292246e-01-j1.81432865183001806875e-01
  -2.45326078654634738285e-01-j1.77555300753523492840e-01
  -2.55318409035672044816e-01-j1.73261527356412786682e-01
  -2.65355735029614847598e-01-j1.68541319325477112478e-01
  -2.75425254180877876475e-01-j1.63384486178686672009e-01
  -2.85513576045572925466e-01-j1.57780880753573687914e-01
  -2.95606696489310594167e-01-j1.51720408438787202066e-01
  -3.05689970120482046312e-01-j1.45193037672405572680e-01
  -3.15748080747800641266e-01-j1.38188811898545899082e-01
  -3.25765009749592993060e-01-j1.30697863197067609686e-01
  -3.35724002242161867482e-01-j1.22710427826891663172e-01
  -3.45607530935521378712e-01-j1.14216863952046374098e-01
  -3.55397257567615754148e-01-j1.05207671851108117145e-01
  -3.65073991812770837218e-01-j9.56735169456180978287e-02
  -3.74617647567318190482e-01-j8.56052560216074426291e-02
  -3.84007196525525396069e-01-j7.49939670607742830954e-02
  -3.93220618972740132424e-01-j6.38309831445545289297e-02
  -4.02234851740928045505e-01-j5.21079309455052611111e-02
  -4.11025733295168005377e-01-j3.98167743764174311694e-02
  -4.19567945949536613703e-01-j2.69498640286881634143e-02
  -4.27834955248002746231e-01-j1.34999930977960126699e-02
  -4.35798946592199643035e-01+j5.39539434438578982198e-04
  -4.43430759254539286207e-01+j1.51748575138350213359e-02
  -4.50699817984237027790e-01+j3.04114276944050729301e-02
  -4.57574062497342337608e-01+j4.62539687679386982144e-02
  -4.64019875242344781441e-01+j6.27063502325380384139e-02
  -4.70002007953156386577e-01+j7.97714783936233906569e-02
  -4.75483507644235636747e-01+j9.74511687918311747536e-02
  -4.80425642871984415194e-01+j1.15746003552112342039e-01
  -4.84787831286014603283e-01+j1.34655172149558632899e-01
  -4.88527569727794319654e-01+j1.54176293993021490403e-01
  -4.91600368407032584095e-01+j1.74305221141571181631e-01
  -4.93959691002924972114e-01+j1.95035819396414261684e-01
  -4.95556902903008245076e-01+j2.16359725958650717104e-01
  -4.96341230211957307183e-01+j2.38266081819408948039e-01
  -4.96259732641390005625e-01+j2.60741237063966957432e-01
  -4.95257293933632936067e-01+j2.83768427337653450504e-01
  -4.93276634081494025352e-01+j3.07327419854267647192e-01
  -4.90258348284203171463e-01+j3.31394127545512617861e-01
  -4.86140978326906114670e-01+j3.55940190274475931620e-01
  -4.80861122884285785428e-01+j3.80932522492602121389e-01
  -4.74353594120643151655e-01+j4.06332827337327562311e-01
  -4.66551628875996160506e-01+j4.32097077979914589996e-01
</dep>
<dep S[1,1] frequency>
  -8.62364608645865393655e-01-j5.33859932154695099316e-02
  -8.75072791821849604865e-01-j1.37877168948890536926e-02
  -8.84842759672912371194e-01+j2.55389069186363754094e-02
  -8.91916721857397010176e-01+j6.44483163924192137273e-02
  -8.96515065143072553688e-01+j1.02828362045774446276e-01
  -8.98837280694371854040e-01+j1.40593200634998971577e-01
  -8.99063350552285589501e-01+j1.77677613160336228537e-01
  -8.97355355416991962159e-01+j2.14032486152499618060e-01
  -8.93859150257400925099e-01+j2.49621232842757945214e-01
  -8.88706012305479076119e-01+j2.84416967834741685195e-01
  -8.82014205224664449290e-01+j3.18400282513487731251e-01
  -8.73890429287006109682e-01+j3.51557497516986283692e-01
  -8.64431144316886501677e-01+j3.83879293008969058043e-01
  -8.53723762851080536507e-01+j4.15359637570391682093e-01
  -8.41847717453957367084e-01+j4.45994952809831257667e-01
  -8.28875409820877595557e-01+j4.75783463872043843601e-01
  -8.14873051169754170076e-01+j5.04724696456500643293e-01
  -7.99901404119116143931e-01+j5.32819089241602039664e-01
  -7.84016436224805990385e-01+j5.60067697166293010369e-01
  -7.67269894892850579105e-01+j5.86471966199190175573e-01
  -7.49709812697566313489e-01+j6.12033564310075162140e-01
  -7.31380951337268547796e-01+j6.36754256579577626596e-01
  -7.12325191634489152115e-01+j6.60635814921460395865e-01
  -6.92581876181236233414e-01+j6.83679954894127472897e-01
  -6.72188110470381405825e-01+j7.05888293657046972385e-01
  -6.51179027655667597152e-01+j7.27262324374717605835e-01
  -6.29588021451171431231e-01+j7.47803403355468354619e-01
  -6.07446951116178635033e-01+j7.67512746991218297588e-01
  -5.84786321971016875843e-01+j7.86391436180420844160e-01
  -5.61635444448748577528e-01+j8.04440426404272601602e-01
  -5.38022574301181499834e-01+j8.21660562013068695997e-01
  -5.13975036240601257376e-01+j8.38052593585907334983e-01
  -4.89519333004405143850e-01+j8.53617197470373789692e-01
  -4.64681241574423531393e-01+j8.68354996801596668021e-01
  -4.39485898060543611621e-01+j8.82266583453246933111e-01
  -4.13957872565616225025e-01+j8.95352540494441795360e-01
  -3.88121235181310197948e-01+j9.07613464822853210912e-01
  -3.61999614119504875553e-01+j9.19049989720514437508e-01
  -3.35616246858013389520e-01+j9.29662807139184033112e-01
  -3.08994025070001121502e-01+j9.39452689569711396622e-01
  -2.82155534011651998316e-01+j9.48420511387378484258e-01
  -2.55123086960200029516e-01+j9.56567269594599811633e-01
  -2.27918755222678820482e-01+j9.63894103905349464156e-01
  -2.00564394173344706651e-01+j9.70402316133621378746e-01
  -1.73081665723510164101e-01+j9.76093388861925093103e-01
  -1.45492057580029338082e-01+j9.80969003376474413258e-01
  -1.17816899607472436173e-01+j9.85031056863623799558e-01
  -9.00773775729052095240e-02+j9.88281678868102364532e-01
  -6.22945445207332831883e-02+j9.90723247017875396914e-01
  -3.44893299974976252908e-02+j9.92358402023553742843e-01
  -6.68254732237778988069e-03+j9.93190061962327397360e-01
  +2.11051009219129018235e-02+j9.93221435857695289506e-01
  +4.88530190217028037480e-02+j9.92456036566976562696e-01
  +7.65407157484689487648e-02+j9.90897692988839784434e-01
  +1.04147803332786767494e-01+j9.88550561602974831032e-01
  +1.31653997682942447423e-01+j9.85419137353758078923e-01
  +1.59039119746028023705e-01+j9.81508263889198206975e-01
  +1.86283097918918782998e-01+j9.76823143165831742074e-01
  +2.13365971425123118754e-01+j9.71369344429582781686e-01
  +2.40267894580872665156e-01+j9.65152812581808294823e-01
  +2.66969141880416149792e-01+j9.58179875939048963929e-01
  +2.93450113836257964195e-01+j9.50457253394253909207e-01
  +3.19691343515143500120e-01+j9.41992060986559187619e-01
  +3.45673503715094698752e-01+j9.32791817886048146846e-01
  +3.71377414732692090471e-01+j9.22864451799294993606e-01
  +3.96784052673315290605e-01+j9.12218303801010876874e-01
  +4.21874558260066367943e-01+j9.00862132596534470608e-01
  +4.46630246099798733361e-01+j8.88805118219635259535e-01
  +4.71032614367048352300e-01+j8.76056865169631659995e-01
  +4.95063354868774951889e-01+j8.62627404991655799549e-01
  +5.18704363454624339802e-01+j8.48527198303645424637e-01
  +5.41937750739092893859e-01+j8.33767136273567022187e-01
  +5.64745853103427175590e-01+j8.18358541550269436016e-01
  +5.87111243946368932534e-01+j8.02313168651435648648e-01
  +6.09016745154015382013e-01+j7.85643203812137036479e-01
  +6.30445438760112497611e-01+j7.68361264297672930113e-01
  +6.51380678769036047804e-01+j7.50480397184545400258e-01
  +6.71806103114545249966e-01+j7.32014077613732605521e-01
  +6.91705645728263096572e-01+j7.12976206520655630960e-01
  +7.11063548692441038668e-01+j6.93381107846720912136e-01
  +7.29864374452400377358e-01+j6.73243525237607887135e-01
  +7.48093018064589831972e-01+j6.52578618234026741618e-01
  +7.65734719456906742785e-01+j6.31401957961109983053e-01
  +7.82775075678509568711e-01+j6.09729522323197770106e-01
  +7.99200053117003594849e-01+j5.87577690711255984368e-01
  +8.14995999661463743635e-01+j5.64963238230886788394e-01
  +8.30149656790424073094e-01+j5.41903329459413551916e-01
  +8.44648171564596483840e-01+j5.18415511741192491790e-01
  +8.58479108504724530704e-01+j4.94517708031039671113e-01
  +8.71630461335703765613e-01+j4.70228209296233712333e-01
  +8.84090664578792040373e-01+j4.45565666488304978898e-01
  +8.95848604974511797394e-01+j4.20549082096516202434e-01
  +9.06893632719597775349e-01+j3.95197801295629536078e-01
  +9.17215572502246168085e-01+j3.69531502701190450733e-01
  +9.26804734320704315387e-01+j3.43570188746359750365e-01
  +9.35651924071265628235e-01+j3.17334175694878151130e-01
  +9.43748453892618188732e-01+j2.90844083305481559965e-01
  +9.51086152254577821274e-01+j2.64120824163704359666e-01
  +9.57657373780295695376e-01+j2.37185592697587793731e-01
  +9.63455008792155287445e-01+j2.10059853894454667822e-01
  +9.68472492572769905195e-01+j1.82765331736402886209e-01
  +9.72703814333754523958e-01+j1.55323997372734501354e-01
  +9.76143525886219665111e-01+j1.27758057047943462958e-01
  +9.78786750008334371920e-01+j1.00089939804394151279e-01
  +9.80629188506711102491e-01+j7.23422849790905653222e-02
  +9.81667129969876595119e-01+j4.45379295143588233019e-02
  +9.81897457213626534411e-01+j1.66998951024244154939e-02
  +9.81317654419702201096e-01-j1.11486248159041317907e-02
  +9.79925813970887960025e-01-j3.89842781781120362172e-02
  +9.77720642987425003767e-01-j6.67835675320681415590e-02
  +9.74701469571362388855e-01-j9.45228633530400680351e-02
  +9.70868248767501773600e-01-j1.22178417425425178688e-01
  +9.66221568251378060133e-01-j1.49726376269306626909e-01
  +9.60762653756898621360e-01-j1.77142794592212160509e-01
  +9.54493374258254201337e-01-j2.04403648746912330880e-01
  +9.47416246922971438948e-01-j2.31484850176690543089e-01
  +9.39534441855160662449e-01-j2.58362258830186708458e-01
  +9.30851786650408574708e-01-j2.85011696528712055176e-01
  +9.21372770786123340692e-01-j3.11408960269971279988e-01
  +9.11102549873681666348e-01-j3.37529835453196480621e-01
  +9.00046949801254103640e-01-j3.63350109012046673662e-01
  +8.88212470798926845283e-01-j3.88845582443054615940e-01
  +8.75606291460417129890e-01-j4.13992084719151609562e-01
  +8.62236272758625688084e-01-j4.38765485079633976717e-01
  +8.48110962095129150562e-01-j4.63141705690120641936e-01
  +8.33239597426861600127e-01-j4.87096734168397771381e-01
  +8.17632111516318538236e-01-j5.10606635974756861707e-01
  +8.01299136354928331905e-01-j5.33647566668368655840e-01
  +7.84252007812594076341e-01-j5.56195784034573925680e-01
  +7.66502770569890912178e-01-j5.78227660091640061069e-01
  +7.48064183392978754306e-01-j5.99719692989636010694e-01
  +7.28949724815037725101e-01-j6.20648518818589622903e-01
  +7.09173599291794687360e-01-j6.40990923348147334515e-01
  +6.88750743902638462579e-01-j6.60723853726519649854e-01
  +6.67696835672824229313e-01-j6.79824430172703775277e-01
  +6.46028299596375643610e-01-j6.98269957702801868926e-01
  +6.23762317443393388139e-01-j7.16037937938884927469e-01
  +6.00916837439775308738e-01-j7.33106081057259162392e-01
  +5.77510584911472002467e-01-j7.49452317942358670066e-01
  +5.53563073989745468850e-01-j7.65054812622836255542e-01
  +5.29094620477938093472e-01-j7.79891975077893651047e-01
  +5.04126355984416352207e-01-j7.93942474514706453270e-01
  +4.78680243430152696504e-01-j8.07185253231832544607e-01
  +4.52779094043102903200e-01-j8.19599541199240388956e-01
  +4.26446585954714296740e-01-j8.31164871502922175672e-01
  +3.99707284516714167477e-01-j8.41861096821347687502e-01
  +3.72586664458421756851e-01-j8.51668407122296855505e-01
  +3.45111134006153397191e-01-j8.60567348792319330997e-01
  +3.17308061086427617425e-01-j8.68538845437155870854e-01
  +2.89205801733760370364e-01-j8.75564220620433708575e-01
  +2.60833730820923093141e-01-j8.81625222839906408367e-01
  +2.32222275224913676794e-01-j8.86704053075790477045e-01
  +2.03402949534612159654e-01-j8.90783395284673540360e-01
  +1.74408394395806659594e-01-j8.93846450255254998396e-01
  +1.45272417575439571902e-01-j8.95876973289221556485e-01
  +1.16030037808512065389e-01-j8.96859316222098690297e-01
  +8.67175314675581732082e-02-j8.96778474355255927897e-01
  +5.73724820646614036557e-02-j8.95620138931655485059e-01
  +2.80338325585491494885e-02-j8.93370755854628662007e-01
  -1.25805960704766968405e-03-j8.90017591421028431142e-01
  -3.04613648643818415995e-02-j8.85548805917758752315e-01
  -5.95327214819477909535e-02-j8.79953536013628467849e-01
  -8.84271734076145510262e-02-j8.73221986966603358482e-01
  -1.17098106379007568800e-01-j8.65345535759373563067e-01
  -1.45497182805857494525e-01-j8.56316846372734086223e-01
  -1.73574276072343353094e-01-j8.46129998505650182672e-01
  -2.01277405076951382279e-01-j8.34780631151171514936e-01
  -2.28552670027183657542e-01-j8.22266102536369114517e-01
  -2.55344190740510790238e-01-j8.08585668029090709474e-01
  -2.81594048976157806941e-01-j7.93740677700529140282e-01
  -3.07242236639271526499e-01-j7.77734795305175974356e-01
  -3.32226612064921933420e-01-j7.60574240492128517133e-01
  -3.56482867009269177583e-01-j7.42268056085651162235e-01
  -3.79944507454161028992e-01-j7.22828402257969404587e-01
  -4.02542851873651630346e-01-j7.02270879351167165439e-01
  -4.24207051220252706614e-01-j6.80614880972195579467e-01
  -4.44864135567086926848e-01-j6.57883978767319854697e-01
  -4.64439093089660470781e-01-j6.34106339957839493238e-01
  -4.82854987884404451837e-01-j6.09315178262558765354e-01
  -5.00033123993078976177e-01-j5.83549238214760124244e-01
  -5.15893263919763089831e-01-j5.56853312069123473904e-01
</dep>
