<Qucs Dataset 1.0.7>
<indep frequency 181>
  +1.00000000000000000000e+09
  +1.05000000000000000000e+09
  +1.10000000000000000000e+09
  +1.15000000000000000000e+09
  +1.20000000000000000000e+09
  +1.25000000000000000000e+09
  +1.30000000000000000000e+09
  +1.35000000000000000000e+09
  +1.40000000000000000000e+09
  +1.45000000000000000000e+09
  +1.50000000000000000000e+09
  +1.55000000000000000000e+09
  +1.60000000000000000000e+09
  +1.65000000000000000000e+09
  +1.70000000000000000000e+09
  +1.75000000000000000000e+09
  +1.80000000000000000000e+09
  +1.85000000000000000000e+09
  +1.90000000000000000000e+09
  +1.95000000000000000000e+09
  +2.00000000000000000000e+09
  +2.05000000000000000000e+09
  +2.10000000000000000000e+09
  +2.15000000000000000000e+09
  +2.20000000000000000000e+09
  +2.25000000000000000000e+09
  +2.30000000000000000000e+09
  +2.35000000000000000000e+09
  +2.40000000000000000000e+09
  +2.45000000000000000000e+09
  +2.50000000000000000000e+09
  +2.55000000000000000000e+09
  +2.60000000000000000000e+09
  +2.65000000000000000000e+09
  +2.70000000000000000000e+09
  +2.75000000000000000000e+09
  +2.80000000000000000000e+09
  +2.85000000000000000000e+09
  +2.90000000000000000000e+09
  +2.95000000000000000000e+09
  +3.00000000000000000000e+09
  +3.05000000000000000000e+09
  +3.10000000000000000000e+09
  +3.15000000000000000000e+09
  +3.20000000000000000000e+09
  +3.25000000000000000000e+09
  +3.30000000000000000000e+09
  +3.35000000000000000000e+09
  +3.40000000000000000000e+09
  +3.45000000000000000000e+09
  +3.50000000000000000000e+09
  +3.55000000000000000000e+09
  +3.60000000000000000000e+09
  +3.65000000000000000000e+09
  +3.70000000000000000000e+09
  +3.75000000000000000000e+09
  +3.80000000000000000000e+09
  +3.85000000000000000000e+09
  +3.90000000000000000000e+09
  +3.95000000000000000000e+09
  +4.00000000000000000000e+09
  +4.05000000000000000000e+09
  +4.10000000000000000000e+09
  +4.15000000000000000000e+09
  +4.20000000000000000000e+09
  +4.25000000000000000000e+09
  +4.30000000000000000000e+09
  +4.35000000000000000000e+09
  +4.40000000000000000000e+09
  +4.45000000000000000000e+09
  +4.50000000000000000000e+09
  +4.55000000000000000000e+09
  +4.60000000000000000000e+09
  +4.65000000000000000000e+09
  +4.70000000000000000000e+09
  +4.75000000000000000000e+09
  +4.80000000000000000000e+09
  +4.85000000000000000000e+09
  +4.90000000000000000000e+09
  +4.95000000000000000000e+09
  +5.00000000000000000000e+09
  +5.05000000000000000000e+09
  +5.10000000000000000000e+09
  +5.15000000000000000000e+09
  +5.20000000000000000000e+09
  +5.25000000000000000000e+09
  +5.30000000000000000000e+09
  +5.35000000000000000000e+09
  +5.40000000000000000000e+09
  +5.45000000000000000000e+09
  +5.50000000000000000000e+09
  +5.55000000000000000000e+09
  +5.60000000000000000000e+09
  +5.65000000000000000000e+09
  +5.70000000000000000000e+09
  +5.75000000000000000000e+09
  +5.80000000000000000000e+09
  +5.85000000000000000000e+09
  +5.90000000000000000000e+09
  +5.95000000000000000000e+09
  +6.00000000000000000000e+09
  +6.05000000000000000000e+09
  +6.10000000000000000000e+09
  +6.15000000000000000000e+09
  +6.20000000000000000000e+09
  +6.25000000000000000000e+09
  +6.30000000000000000000e+09
  +6.35000000000000000000e+09
  +6.40000000000000000000e+09
  +6.45000000000000000000e+09
  +6.50000000000000000000e+09
  +6.55000000000000000000e+09
  +6.60000000000000000000e+09
  +6.65000000000000000000e+09
  +6.70000000000000000000e+09
  +6.75000000000000000000e+09
  +6.80000000000000000000e+09
  +6.85000000000000000000e+09
  +6.90000000000000000000e+09
  +6.95000000000000000000e+09
  +7.00000000000000000000e+09
  +7.05000000000000000000e+09
  +7.10000000000000000000e+09
  +7.15000000000000000000e+09
  +7.20000000000000000000e+09
  +7.25000000000000000000e+09
  +7.30000000000000000000e+09
  +7.35000000000000000000e+09
  +7.40000000000000000000e+09
  +7.45000000000000000000e+09
  +7.50000000000000000000e+09
  +7.55000000000000000000e+09
  +7.60000000000000000000e+09
  +7.65000000000000000000e+09
  +7.70000000000000000000e+09
  +7.75000000000000000000e+09
  +7.80000000000000000000e+09
  +7.85000000000000000000e+09
  +7.90000000000000000000e+09
  +7.95000000000000000000e+09
  +8.00000000000000000000e+09
  +8.05000000000000000000e+09
  +8.10000000000000000000e+09
  +8.15000000000000000000e+09
  +8.20000000000000000000e+09
  +8.25000000000000000000e+09
  +8.30000000000000000000e+09
  +8.35000000000000000000e+09
  +8.40000000000000000000e+09
  +8.45000000000000000000e+09
  +8.50000000000000000000e+09
  +8.55000000000000000000e+09
  +8.60000000000000000000e+09
  +8.65000000000000000000e+09
  +8.70000000000000000000e+09
  +8.75000000000000000000e+09
  +8.80000000000000000000e+09
  +8.85000000000000000000e+09
  +8.90000000000000000000e+09
  +8.95000000000000000000e+09
  +9.00000000000000000000e+09
  +9.05000000000000000000e+09
  +9.10000000000000000000e+09
  +9.15000000000000000000e+09
  +9.20000000000000000000e+09
  +9.25000000000000000000e+09
  +9.30000000000000000000e+09
  +9.35000000000000000000e+09
  +9.40000000000000000000e+09
  +9.45000000000000000000e+09
  +9.50000000000000000000e+09
  +9.55000000000000000000e+09
  +9.60000000000000000000e+09
  +9.65000000000000000000e+09
  +9.70000000000000000000e+09
  +9.75000000000000000000e+09
  +9.80000000000000000000e+09
  +9.85000000000000000000e+09
  +9.90000000000000000000e+09
  +9.95000000000000000000e+09
  +1.00000000000000000000e+10
</indep>
<dep S21_phase frequency>
  -3.31662865025475213088e+01
  -3.48653693045128534322e+01
  -3.65698235736722168099e+01
  -3.82797614984832250684e+01
  -3.99952742016472555520e+01
  -4.17164306289285846674e+01
  -4.34432764586125088613e+01
  -4.51758330412905309004e+01
  -4.69140963804588579933e+01
  -4.86580361652868731426e+01
  -5.04075948676175116248e+01
  -5.21626869158663524217e+01
  -5.39231979589929011354e+01
  -5.56889842339517144865e+01
  -5.74598720501729616217e+01
  -5.92356574044997543638e+01
  -6.10161057395991690555e+01
  -6.28009518582765053907e+01
  -6.45899000051836367220e+01
  -6.63826241262028986512e+01
  -6.81787683143139702224e+01
  -6.99779474489620980648e+01
  -7.17797480339053493026e+01
  -7.35837292362243147181e+01
  -7.53894241266858244899e+01
  -7.71963411189443746707e+01
  -7.90039656023304814880e+01
  -8.08117617600567541558e+01
  -8.26191745618494621795e+01
  -8.44256319172247202687e+01
  -8.62305469729559348480e+01
  -8.80333205358603123614e+01
  -8.98333435998226121910e+01
  -9.16299999541659957458e+01
  -9.34226688489785033198e+01
  -9.52107276919911953428e+01
  -9.69935547510161057971e+01
  -9.87705318358185309080e+01
  -1.00541046933692939547e+02
  -1.02304496773820105204e+02
  -1.04060289296743547993e+02
  -1.05807846007009374034e+02
  -1.07546604189004014529e+02
  -1.09276018968393927366e+02
  -1.10995565204108558532e+02
  -1.12704739198578465675e+02
  -1.14403060216761701895e+02
  -1.16090071807380894597e+02
  -1.17765342922635397827e+02
  -1.19428468835404487436e+02
  -1.21079071855571100969e+02
  -1.22716801849496377486e+02
  -1.24341336568886205782e+02
  -1.25952381797191577562e+02
  -1.27549671323359973485e+02
  -1.29132966754105638074e+02
  -1.30702057176952195050e+02
  -1.32256758687092485616e+02
  -1.33796913791633386381e+02
  -1.35322390705066311511e+02
  -1.36833082549833562780e+02
  -1.38328906475701103318e+02
  -1.39809802711282571863e+02
  -1.41275733560564759728e+02
  -1.42726682356639514637e+02
  -1.44162652384115602899e+02
  -1.45583665780879471185e+02
  -1.46989762428993913090e+02
  -1.48380998843650814933e+02
  -1.49757447068171899218e+02
  -1.51119193582156839284e+02
  -1.52466338228994487736e+02
  -1.53798993168104004781e+02
  -1.55117281856451199928e+02
  -1.56421338063127336682e+02
  -1.57711304920059063761e+02
  -1.58987334011258212740e+02
  -1.60249584502417803833e+02
  -1.61498222312114364740e+02
  -1.62733419325390315180e+02
  -1.63955352650052986974e+02
  -1.65164203915650062982e+02
  -1.66360158614750957895e+02
  -1.67543405485879503658e+02
  -1.68714135937207402094e+02
  -1.69872543509921030136e+02
  -1.71018823380011099289e+02
  -1.72153171897109757538e+02
  -1.73275786158897943778e+02
  -1.74386863619547540338e+02
  -1.75486601730597868709e+02
  -1.76575197612653056467e+02
  -1.77652847756275463098e+02
  -1.78719747750450068224e+02
  +2.23907962980038288681e-01
  -8.22073689547514252496e-01
  -1.85788421497257294490e+00
  -2.88371337674061001266e+00
  -3.89974903780610837600e+00
  -4.90617702222660856393e+00
  -5.90318099397930939887e+00
  -6.89094235175914260338e+00
  -7.86964013854403265924e+00
  -8.83945096479165215442e+00
  -9.80054894418673505641e+00
  -1.07531056409303342747e+01
  -1.16972900275956686045e+01
  -1.26332684526694780658e+01
  -1.35612046169284194974e+01
  -1.44812595578559566434e+01
  -1.53935916413790145896e+01
  -1.62983565602205544565e+01
  -1.71957073382494129987e+01
  -1.80857943402177774317e+01
  -1.89687652863512781209e+01
  -1.98447652712758575433e+01
  -2.07139367868129902206e+01
  -2.15764197482150343887e+01
  -2.24323515234336312574e+01
  -2.32818669650634895163e+01
  -2.41250984446156486740e+01
  -2.49621758888193703285e+01
  -2.57932268176608694432e+01
  -2.66183763839118050498e+01
  -2.74377474138969112971e+01
  -2.82514604493016214803e+01
  -2.90596337898101815256e+01
  -2.98623835364070728815e+01
  -3.06598236351749662276e+01
  -3.14520659214458682129e+01
  -3.22392201641756983577e+01
  -3.30213941104225199297e+01
  -3.37986935298227848534e+01
  -3.45712222589728526145e+01
  -3.53390822456286528563e+01
  -3.61023735926510482841e+01
  -3.68611946016292577610e+01
  -3.76156418161239614051e+01
  -3.83658100644783885969e+01
  -3.91117925021543015873e+01
  -3.98536806535535461649e+01
  -4.05915644532902248898e+01
  -4.13255322868892420729e+01
  -4.20556710308835874912e+01
  -4.27820660922942508364e+01
  -4.35048014474741435720e+01
  -4.42239596803074732634e+01
  -4.49396220197509634886e+01
  -4.56518683767134163531e+01
  -4.63607773802703988508e+01
  -4.70664264132082479364e+01
  -4.77688916469018636235e+01
  -4.84682480755267164341e+01
  -4.91645695496075063602e+01
  -4.98579288089115664206e+01
  -5.05483975146896327146e+01
  -5.12360462812744685834e+01
  -5.19209447070447609462e+01
  -5.26031614047610034390e+01
  -5.32827640312891688268e+01
  -5.39598193167155031347e+01
  -5.46343930928702050664e+01
  -5.53065503212666627064e+01
  -5.59763551204717373366e+01
  -5.66438707929151519238e+01
  -5.73091598511565081253e+01
  -5.79722840436164190692e+01
  -5.86333043797886261927e+01
  -5.92922811549441561851e+01
  -5.99492739743416720444e+01
  -6.06043417769558985242e+01
  -6.12575428587373806977e+01
  -6.19089348954172180584e+01
  -6.25585749648679438906e+01
  -6.32065195690355281499e+01
  -6.38528246554521743406e+01
  -6.44975456383469918364e+01
  -6.51407374193597945577e+01
  -6.57824544078770117039e+01
  -6.64227505409991607621e+01
  -6.70616793031485087795e+01
</dep>
<dep S11_phase frequency>
  -1.23101490785293677277e+02
  -1.24803130623342156014e+02
  -1.26510065671678717081e+02
  -1.28222417968233202146e+02
  -1.29940286862577551119e+02
  -1.31663748202161457357e+02
  -1.33392853475714048272e+02
  -1.35127628938946486414e+02
  -1.36868074744314668578e+02
  -1.38614164094518798720e+02
  -1.40365842438029545747e+02
  -1.42123026723989056563e+02
  -1.43885604733274703904e+02
  -1.45653434501866314577e+02
  -1.47426343852235731902e+02
  -1.49204130047858257058e+02
  -1.50986559585193248267e+02
  -1.52773368136618756807e+02
  -1.54564260656661190296e+02
  -1.56358911662480835503e+02
  -1.58156965697967336837e+02
  -1.59958037988925042328e+02
  -1.61761715294689167877e+02
  -1.63567556959161578334e+02
  -1.65375096161708142972e+02
  -1.67183841365619343833e+02
  -1.68993277959047901504e+02
  -1.70802870080411338449e+02
  -1.72612062617386470720e+02
  -1.74420283365827259559e+02
  -1.76226945332227074914e+02
  -1.78031449160952860211e+02
  -1.79833185665216575444e+02
  +1.78368461561042408903e+02
  +1.76574113474705171711e+02
  +1.74784392883814547304e+02
  +1.72999921742665748070e+02
  +1.71221318467736239199e+02
  +1.69449195300158407917e+02
  +1.67684155739635656346e+02
  +1.65926792073434143049e+02
  +1.64177683022395513035e+02
  +1.62437391523911259128e+02
  +1.60706462669442089464e+02
  +1.58985421811629208833e+02
  +1.57274772853267165829e+02
  +1.55574996727601302382e+02
  +1.53886550076511326779e+02
  +1.52209864130308631047e+02
  +1.50545343790127589045e+02
  +1.48893366911266866737e+02
  +1.47254283783447277756e+02
  +1.45628416801740854680e+02
  +1.44016060320017771801e+02
  +1.42417480677094886232e+02
  +1.40832916384408292743e+02
  +1.39262578462954962788e+02
  +1.37706650916453639866e+02
  +1.36165291327152658596e+02
  +1.34638631560443457147e+02
  +1.33126778564401377025e+02
  +1.31629815250546300831e+02
  +1.30147801442470552047e+02
  +1.28680774879484886242e+02
  +1.27228752263073161544e+02
  +1.25791730334680394776e+02
  +1.24369686974166199889e+02
  +1.22962582309127355984e+02
  +1.21570359826176456863e+02
  +1.20192947476180151511e+02
  +1.18830258766354461386e+02
  +1.17482193833001772987e+02
  +1.16148640489522207986e+02
  +1.14829475245150874230e+02
  +1.13524564290633861674e+02
  +1.12233764447775229200e+02
  +1.10956924080441780234e+02
  +1.09693883965222241272e+02
  +1.08444478120477000971e+02
  +1.07208534593006817204e+02
  +1.05985876202001406909e+02
  +1.04776321240308590177e+02
  +1.03579684133394252399e+02
  +1.02395776056646710117e+02
  +1.01224405511915193756e+02
  +1.00065378864371993473e+02
  +9.89185008409457964262e+01
  +9.77835749917043131063e+01
  +9.66604041156572293403e+01
  +9.55487906525249144352e+01
  +9.44485370420635774735e+01
  +9.33594460525637259707e+01
  +9.22813210801496524027e+01
  +9.12139664204988207530e+01
  +9.01571875145848480315e+01
  +8.91107911700135701949e+01
  +8.80745857594868795104e+01
  +8.70483813978825082813e+01
  +8.60319900993862205496e+01
  +8.50252259160580337038e+01
  +8.40279050591582290508e+01
  +8.30398460044927873014e+01
  +8.20608695829850063319e+01
  +8.10907990576087200907e+01
  +8.01294601877655310318e+01
  +7.91766812821216490192e+01
  +7.82322932408624183154e+01
  +7.72961295882642929200e+01
  +7.63680264964271486861e+01
  +7.54478228009557057021e+01
  +7.45353600093245773905e+01
  +7.36304823026144958931e+01
  +7.27330365312558910773e+01
  +7.18428722053731547703e+01
  +7.09598414802772339272e+01
  +7.00837991376159266110e+01
  +6.92146025626511089968e+01
  +6.83521117180950454895e+01
  +6.74961891149059880490e+01
  +6.66466997804099037239e+01
  +6.58035112240849429099e+01
  +6.49664934013182602257e+01
  +6.41355186754184813935e+01
  +6.33104617781412528643e+01
  +6.24911997689660339006e+01
  +6.16776119933368818238e+01
  +6.08695800400650313122e+01
  +6.00669876980690347068e+01
  +5.92697209126144812785e+01
  +5.84776677411977985344e+01
  +5.76907183092063533536e+01
  +5.69087647654714245959e+01
  +5.61317012378209412304e+01
  +5.53594237887264597475e+01
  +5.45918303711286796442e+01
  +5.38288207845168145127e+01
  +5.30702966313273520882e+01
  +5.23161612737228125525e+01
  +5.15663197907991843749e+01
  +5.08206789362688340361e+01
  +5.00791470966562073386e+01
  +4.93416342500406912563e+01
  +4.86080519253732603602e+01
  +4.78783131623928710496e+01
  +4.71523324721584700114e+01
  +4.64300257982169668480e+01
  +4.57113104784149584248e+01
  +4.49961052073667531204e+01
  +4.42843299995843509009e+01
  +4.35759061532715961107e+01
  +4.28707562147871641400e+01
  +4.21688039437745700866e+01
  +4.14699742789569683055e+01
  +4.07741933045939362046e+01
  +4.00813882175950695341e+01
  +3.93914872952836248032e+01
  +3.87044198638034799842e+01
  +3.80201162671601622378e+01
  +3.73385078368887519673e+01
  +3.66595268623359373805e+01
  +3.59831065615476930475e+01
  +3.53091810527513345619e+01
  +3.46376853264191808535e+01
  +3.39685552179032228537e+01
  +3.33017273806287548155e+01
  +3.26371392598318905698e+01
  +3.19747290668328858487e+01
  +3.13144357538275706077e+01
  +3.06561989891881729875e+01
  +2.99999591332572173030e+01
  +2.93456572146241292387e+01
  +2.86932349068703764772e+01
  +2.80426345057704935471e+01
  +2.73937989069363467820e+01
  +2.67466715838917323822e+01
  +2.61011965665655090163e+01
  +2.54573184201885247546e+01
  +2.48149822245865188108e+01
  +2.41741335538521653348e+01
  +2.35347184563867877216e+01
  +2.28966834353002610669e+01
</dep>
<dep S21_dB frequency>
  -3.46006686110167438475e-01
  -3.83458091626630859228e-01
  -4.23246349511986752479e-01
  -4.65445475349403003928e-01
  -5.10132348006617220015e-01
  -5.57386598421088397259e-01
  -6.07290484364283011942e-01
  -6.59928750947086917300e-01
  -7.15388476730691724725e-01
  -7.73758905450250944469e-01
  -8.35131263530939471629e-01
  -8.99598563775622195315e-01
  -9.67255395837571141371e-01
  -1.03819770433602731607e+00
  -1.11252255575096903328e+00
  -1.19032789552116002874e+00
  -1.27171229706795818615e+00
  -1.35677470477892714307e+00
  -1.44561417329263175446e+00
  -1.53832960572855137471e+00
  -1.63501949379771160942e+00
  -1.73578166300311131920e+00
  -1.84071302638280842601e+00
  -1.94990935046162494615e+00
  -2.06346503725121044326e+00
  -2.18147292626400712834e+00
  -2.30402412058840244669e+00
  -2.43120784109469090239e+00
  -2.56311131281391446635e+00
  -2.69981968745119171871e+00
  -2.84141600585540610169e+00
  -2.98798120409517764529e+00
  -3.13959416655885270586e+00
  -3.29633182925210377334e+00
  -3.45826933618634813072e+00
  -3.62548025147158092807e+00
  -3.79803682945023446393e+00
  -3.97601034495030303262e+00
  -4.15947148552163881163e+00
  -4.34849080735405824072e+00
  -4.54313925648415750658e+00
  -4.74348875690285876061e+00
  -4.94961286727981519817e+00
  -5.16158750826548740065e+00
  -5.37949176270946161083e+00
  -5.60340875169622343321e+00
  -5.83342659003395080930e+00
  -6.06963942579497839347e+00
  -6.31214856970203364028e+00
  -6.56106372162565065764e+00
  -6.81650430324725586928e+00
  -7.07860090808384256889e+00
  -7.34749688264579337016e+00
  -7.62335005556230882462e+00
  -7.90633463517491197337e+00
  -8.19664330048167855125e+00
  -8.49448951557371856325e+00
  -8.80011010404767191062e+00
  -9.11376812756063614529e+00
  -9.43575612206024771922e+00
  -9.76639975671457172268e+00
  -1.01060619947565655252e+01
  -1.04551478531137025385e+01
  -1.08141098798156498617e+01
  -1.11834544961047299694e+01
  -1.15637493857248134788e+01
  -1.19556321594872212444e+01
  -1.23598205822556863609e+01
  -1.27771247266263436870e+01
  -1.32084615192833059183e+01
  -1.36548722815261847074e+01
  -1.41175440479820775153e+01
  -1.45978356962605815283e+01
  -1.50973102636063121196e+01
  -1.56177753069576024103e+01
  -1.61613338450299721671e+01
  -1.67304494058883470586e+01
  -1.73280301508841745317e+01
  -1.79575392155954212114e+01
  -1.86231417331853030817e+01
  -1.93299042267342073842e+01
  -2.00840704854482794417e+01
  -2.08934520772741336714e+01
  -2.17679958812502540866e+01
  -2.27206346123334448350e+01
  -2.37686086084865522139e+01
  -2.49356117066768590007e+01
  -2.62554667322168988619e+01
  -2.77788599347813942586e+01
  -2.95868111511723483886e+01
  -3.18210360928762590049e+01
  -3.47654294754020938285e+01
  -3.91374653552925479971e+01
  -4.80412053783665413675e+01
  -5.05197045402372850731e+01
  -4.01919695289715264153e+01
  -3.56771930871976223898e+01
  -3.27713511580690592950e+01
  -3.06359267936352637207e+01
  -2.89540254070028240108e+01
  -2.75712176472345795730e+01
  -2.64005278624543890942e+01
  -2.53880954219187486842e+01
  -2.44982400052855062711e+01
  -2.37060995789320330118e+01
  -2.29936547510428077601e+01
  -2.23474267900891518934e+01
  -2.17570690842324800940e+01
  -2.12144657340066018492e+01
  -2.07131328097219409301e+01
  -2.02478079568757820539e+01
  -1.98141614371786189963e+01
  -1.94085878825180309093e+01
  -1.90280531315789041003e+01
  -1.86699795388832932019e+01
  -1.83321587111614086041e+01
  -1.80126841571619067395e+01
  -1.77098986341325854710e+01
  -1.74223525022069907209e+01
  -1.71487704349138709858e+01
  -1.68880245506708561720e+01
  -1.66391125336276815005e+01
  -1.64011396713550183790e+01
  -1.61733039965938516502e+01
  -1.59548839105204631750e+01
  -1.57452278059686427980e+01
  -1.55437453146920834257e+01
  -1.53498998827013366508e+01
  -1.51632024388032569107e+01
  -1.49832059685586216347e+01
  -1.48095008424750869125e+01
  -1.46417107759158042768e+01
  -1.44794893208243795613e+01
  -1.43225168073318052109e+01
  -1.41704976676785658896e+01
  -1.40231580864400768860e+01
  -1.38802439303968192519e+01
  -1.37415189189973219186e+01
  -1.36067630025843300245e+01
  -1.34757709206687525949e+01
  -1.33483509167592053757e+01
  -1.32243235897577182669e+01
  -1.31035208648498127104e+01
  -1.29857850692607730281e+01
  -1.28709681002952400775e+01
  -1.27589306748115678403e+01
  -1.26495416507373814596e+01
  -1.25426774124794739862e+01
  -1.24382213131343650758e+01
  -1.23360631673096747818e+01
  -1.22360987891414723094e+01
  -1.21382295707564686893e+01
  -1.20423620970018685483e+01
  -1.19484077927608218772e+01
  -1.18562825996018617047e+01
  -1.17659066788822705973e+01
  -1.16772041387514811106e+01
  -1.15901027827832692196e+01
  -1.15045338782153994117e+01
  -1.14204319419900386379e+01
  -1.13377345429825062695e+01
  -1.12563821189731267935e+01
  -1.11763178070644801920e+01
  -1.10974872863798879052e+01
  -1.10198386319939771738e+01
  -1.09433221791486943175e+01
  -1.08678903969027711440e+01
  -1.07934977704406271926e+01
  -1.07201006913431822198e+01
  -1.06476573551850091093e+01
  -1.05761276658835505771e+01
  -1.05054731462759232130e+01
  -1.04356568544472594340e+01
  -1.03666433053759003968e+01
  -1.02983983974990582766e+01
  -1.02308893438369388207e+01
  -1.01640846073430601848e+01
  -1.00979538401789010749e+01
  -1.00324678266331268617e+01
  -9.96759842943044738206e+00
  -9.90331853919632010275e+00
</dep>
<dep S11_dB frequency>
  -1.12911716609221528529e+01
  -1.08550014399148615496e+01
  -1.04384374458154951526e+01
  -1.00397961142044422900e+01
  -9.65762025858912309673e+00
  -9.29064231407744145486e+00
  -8.93775474758561827571e+00
  -8.59798600638395527085e+00
  -8.27048079170143601857e+00
  -7.95448374244351530393e+00
  -7.64932583151478961980e+00
  -7.35441293765505132995e+00
  -7.06921617539602742397e+00
  -6.79326365606094562111e+00
  -6.52613342150429964761e+00
  -6.26744734518926094324e+00
  -6.01686583625387250152e+00
  -5.77408321430801141361e+00
  -5.53882364802125515268e+00
  -5.31083757066105732747e+00
  -5.08989850180106984112e+00
  -4.87580021733999835476e+00
  -4.66835422041113901059e+00
  -4.46738747423849247298e+00
  -4.27274036489430741881e+00
  -4.08426486754945550217e+00
  -3.90182289439376495110e+00
  -3.72528480616070689635e+00
  -3.55452807223022837491e+00
  -3.38943606674324104944e+00
  -3.22989699013699516073e+00
  -3.07580290706686376723e+00
  -2.92704889290429548510e+00
  -2.78353228192372892380e+00
  -2.64515201098872854146e+00
  -2.51180805303663978734e+00
  -2.38340093499659655407e+00
  -2.25983133498737309708e+00
  -2.14099975375042195225e+00
  -2.02680625532044711434e+00
  -1.91715027193589371279e+00
  -1.81193046816244818231e+00
  -1.71104465917576975542e+00
  -1.61438977812076345231e+00
  -1.52186188746549788675e+00
  -1.43335622928905204176e+00
  -1.34876730950647760743e+00
  -1.26798901113230844118e+00
  -1.19091473182605112058e+00
  -1.11743754114393478716e+00
  -1.04745035314070400467e+00
  -9.80846110219427025356e-01
  -9.17517974409009506864e-01
  -8.57359522557536779530e-01
  -8.00264942252929434297e-01
  -7.46129225618838765044e-01
  -6.94848358474670191320e-01
  -6.46319502688690206149e-01
  -6.00441169887742542954e-01
  -5.57113385009568307105e-01
  -5.16237838492112244282e-01
  -4.77718026182885724396e-01
  -4.41459376319714713599e-01
  -4.07369363178341825638e-01
  -3.75357607203096077519e-01
  -3.45335961631474064326e-01
  -3.17218585793694274333e-01
  -2.90922005414157081038e-01
  -2.66365160363171038505e-01
  -2.43469440407351717104e-01
  -2.22158709585613706183e-01
  -2.02359319897478684425e-01
  -1.84000115032215361133e-01
  -1.67012424894602301562e-01
  -1.51330051695710676718e-01
  -1.36889248378548350482e-01
  -1.23628690139428190631e-01
  -1.11489439788670596787e-01
  -1.00414907670097502956e-01
  -9.03508068288562393722e-02
  -8.12451040834307608440e-02
  -7.30479676205278566359e-02
  -6.57117116923933985984e-02
  -5.91907389558764332471e-02
  -5.34414809515672273310e-02
  -4.84223371807945696110e-02
  -4.40936131982186327316e-02
  -4.04174580985363351981e-02
  -3.73578017388319985614e-02
  -3.48802920014851039476e-02
  -3.29522323691909119203e-02
  -3.15425200512494258165e-02
  -3.06215848701691384370e-02
  -3.01613290902058052423e-02
  -3.01350683430106312810e-02
  -3.05174737824648358020e-02
  -3.12845155784144471345e-02
  -3.24134078397288263873e-02
  -3.38825550388710747263e-02
  -3.56714999940825686076e-02
  -3.77608734507290377813e-02
  -4.01323452905294822401e-02
  -4.27685773857111664609e-02
  -4.56531781050863449956e-02
  -4.87706584701552425809e-02
  -5.21063899515933695583e-02
  -5.56465638895816128162e-02
  -5.93781525160390691309e-02
  -6.32888715516051053589e-02
  -6.73671443462251912093e-02
  -7.16020675288768226885e-02
  -7.59833781289952769900e-02
  -8.05014221303051308309e-02
  -8.51471244155046491642e-02
  -8.99119600597112489382e-02
  -9.47879269289505221874e-02
  -9.97675195401238196213e-02
  -1.04843704138135304649e-01
  -1.10009894946216019163e-01
  -1.15259931545748803283e-01
  -1.20588057341985813165e-01
  -1.25988899073249616123e-01
  -1.31457447321359000014e-01
  -1.36989037982445938102e-01
  -1.42579334657762568650e-01
  -1.48224311925598373207e-01
  -1.53920239456161705993e-01
  -1.59663666932614467520e-01
  -1.65451409742564142791e-01
  -1.71280535405464173770e-01
  -1.77148350702756307573e-01
  -1.83052389478522481436e-01
  -1.88990401079865005807e-01
  -1.94960339407322796879e-01
  -2.00960352546818377117e-01
  -2.06988772955787631025e-01
  -2.13044108177391527947e-01
  -2.19125032057630314553e-01
  -2.25230376441460822257e-01
  -2.31359123324973381397e-01
  -2.37510397441754617098e-01
  -2.43683459262532681189e-01
  -2.49877698388215857550e-01
  -2.56092627317321519520e-01
  -2.62327875569686397306e-01
  -2.68583184149282783171e-01
  -2.74858400329807517348e-01
  -2.81153472747306121260e-01
  -2.87468446785168862956e-01
  -2.93803460237484714845e-01
  -3.00158739237174843062e-01
  -3.06534594436459917333e-01
  -3.12931417427506852746e-01
  -3.19349677391944419824e-01
  -3.25789917968371089962e-01
  -3.32252754327662047640e-01
  -3.38738870446397166702e-01
  -3.45249016569282585198e-01
  -3.51784006851707187202e-01
  -3.58344717174607418908e-01
  -3.64932083123488404386e-01
  -3.71547098124627273030e-01
  -3.78190811731393072836e-01
  -3.84864328054288495906e-01
  -3.91568804328397135350e-01
  -3.98305449612868511799e-01
  -4.05075523616574340036e-01
  -4.11880335645202988459e-01
  -4.18721243664770370607e-01
  -4.25599653477343131680e-01
  -4.32517018004501707651e-01
  -4.39474836674848656770e-01
  -4.46474654911791613010e-01
  -4.53518063718296726705e-01
  -4.60606699355361470793e-01
  -4.67742243111340882944e-01
  -4.74926421159493961088e-01
  -4.82161004501000745037e-01
  -4.89447808991463562123e-01
  -4.96788695448692252388e-01
  -5.04185569839720071350e-01
</dep>
<dep Zin_ohm frequency>
  +1.88089414503371381215e+03
  +1.82984337071746426773e+03
  +1.77817333146634882723e+03
  +1.72602129576218021612e+03
  +1.67351458558397462184e+03
  +1.62077085875523039249e+03
  +1.56789852763252179102e+03
  +1.51499729128823446445e+03
  +1.46215876197050124574e+03
  +1.40946717066421501841e+03
  +1.35700014093554250394e+03
  +1.30482952487760985605e+03
  +1.25302229990998262110e+03
  +1.20164153051933203642e+03
  +1.15074740490923477410e+03
  +1.10039836319107484996e+03
  +1.05065234149534694552e+03
  +1.00156816558151626850e+03
  +9.53207138611284449325e+02
  +9.05634881160563736557e+02
  +8.58923497615076826150e+02
  +8.13154161806891920605e+02
  +7.68420235218935545163e+02
  +7.24831050559949972012e+02
  +6.82516505500730659151e+02
  +6.41632602294459047698e+02
  +6.02368012666671120314e+02
  +5.64951596640617935918e+02
  +5.29660481159709433996e+02
  +4.96827697405247818097e+02
  +4.66847361903464275201e+02
  +4.40173931170939056301e+02
  +4.17310455950906430189e+02
  +3.98780011396531847367e+02
  +3.85076505039252765528e+02
  +3.76597867078485819547e+02
  +3.73575603865612549725e+02
  +3.76023790814848837272e+02
  +3.83728620442596991325e+02
  +3.96283803363163883660e+02
  +4.13157277503583600264e+02
  +4.33764862792688177251e+02
  +4.57530919619181986491e+02
  +4.83927536040251538907e+02
  +5.12493475772440774563e+02
  +5.42838590588964962080e+02
  +5.74639743582828714352e+02
  +6.07632804521288562682e+02
  +6.41603547323242878520e+02
  +6.76378944787672821803e+02
  +7.11819508155522385096e+02
  +7.47812848373224596799e+02
  +7.84268405870122478518e+02
  +8.21113202170667818791e+02
  +8.58288443497428261253e+02
  +8.95746815770954412983e+02
  +9.33450332034407324500e+02
  +9.71368617524454180057e+02
  +1.00947754006791421943e+03
  +1.04775811267180642972e+03
  +1.08619561086401631655e+03
  +1.12477885985277225700e+03
  +1.16349965640520122179e+03
  +1.20235229800902902753e+03
  +1.24133319783037632078e+03
  +1.28044056859201714360e+03
  +1.31967416207281235074e+03
  +1.35903505370688390030e+03
  +1.39852546392515728257e+03
  +1.43814860957235032402e+03
  +1.47790858005856443924e+03
  +1.51781023394842077323e+03
  +1.55785911251606626138e+03
  +1.59806136744939249184e+03
  +1.63842370040931018593e+03
  +1.67895331256812528409e+03
  +1.71965786258755997551e+03
  +1.76054543176847096220e+03
  +1.80162449532485129566e+03
  +1.84290389891406175593e+03
  +1.88439283970208066421e+03
  +1.92610085136317252363e+03
  +1.96803779251278274387e+03
  +2.01021383815484819024e+03
  +2.05263947379328101306e+03
  +2.09532549191453472304e+03
  +2.13828299059630899137e+03
  +2.18152337403779984015e+03
  +2.22505835484135604929e+03
  +2.26889995790449302149e+03
  +2.31306052580627738280e+03
  +2.35755272559362674656e+03
  +2.40238955689175190855e+03
  +2.44758436127927689085e+03
  +2.49315083288287814867e+03
  +2.53910303015911949842e+03
  +2.58545538884251163836e+03
  +2.63222273604913607414e+03
  +2.67942030553471522580e+03
  +2.72706375411475573856e+03
  +2.77516917926246469506e+03
  +2.82375313790825248361e+03
  +2.87283266647172786179e+03
  +2.92242530216484601624e+03
  +2.97254910561163342209e+03
  +3.02322268483746211132e+03
  +3.07446522068787089665e+03
  +3.12629649374446262300e+03
  +3.17873691281285346122e+03
  +3.23180754506567154749e+03
  +3.28553014793176726016e+03
  +3.33992720283143762572e+03
  +3.39502195086661504320e+03
  +3.45083843058470756660e+03
  +3.50740151794517760209e+03
  +3.56473696862890801640e+03
  +3.62287146284245773131e+03
  +3.68183265278215276339e+03
  +3.74164921293672341562e+03
  +3.80235089342229093745e+03
  +3.86396857655977191826e+03
  +3.92653433692243470432e+03
  +3.99008150510054292681e+03
  +4.05464473545111923158e+03
  +4.12026007812347779691e+03
  +4.18696505567646909185e+03
  +4.25479874463040596311e+03
  +4.32380186232680443936e+03
  +4.39401685950171304285e+03
  +4.46548801901454862673e+03
  +4.53826156121375061048e+03
  +4.61238575646432946087e+03
  +4.68791104541005370265e+03
  +4.76489016759601872764e+03
  +4.84337829913553377992e+03
  +4.92343320016971392761e+03
  +5.00511537293942183169e+03
  +5.08848823136774990417e+03
  +5.17361828313911337318e+03
  +5.26057532535742393520e+03
  +5.34943265497389984375e+03
  +5.44026729529452495626e+03
  +5.53316024001076766581e+03
  +5.62819671634538190119e+03
  +5.72546646907158719841e+03
  +5.82506406734831580252e+03
  +5.92708923652259181836e+03
  +6.03164721728138374601e+03
  +6.13884915479620667611e+03
  +6.24881252079642763420e+03
  +6.36166157183544783038e+03
  +6.47752784738494665362e+03
  +6.59655071180968843692e+03
  +6.71887794474685233581e+03
  +6.84466638494687049388e+03
  +6.97408263323655683052e+03
  +7.10730382094926790160e+03
  +7.24451845094428244920e+03
  +7.38592731922046004911e+03
  +7.53174452613629728148e+03
  +7.68219858739502979006e+03
  +7.83753365626401318877e+03
  +7.99801086999676135747e+03
  +8.16390983514176332392e+03
  +8.33553026839148333238e+03
  +8.51319381188690749696e+03
  +8.69724604449232538173e+03
  +8.88805871355289855273e+03
  +9.08603221509941795375e+03
  +9.29159835445441422053e+03
  +9.50522342380063128076e+03
  +9.72741163860482265591e+03
  +9.95870898096042583347e+03
  +1.01997075050600014947e+04
  +1.04510501682883477770e+04
  +1.07134362610180724005e+04
  +1.09876275192937246175e+04
  +1.12744550174271171272e+04
  +1.15748269523470644344e+04
  +1.18897374485937179998e+04
  +1.22202765323824332881e+04
</dep>
<dep Zin_norm frequency>
  +3.76178829006742745378e+01
  +3.65968674143492833650e+01
  +3.55634666293269745552e+01
  +3.45204259152436065961e+01
  +3.34702917116794935737e+01
  +3.24154171751046078498e+01
  +3.13579705526504355362e+01
  +3.02999458257646914205e+01
  +2.92431752394100250569e+01
  +2.81893434132843019313e+01
  +2.71400028187108510735e+01
  +2.60965904975521993947e+01
  +2.50604459981996541273e+01
  +2.40328306103866395915e+01
  +2.30149480981846963346e+01
  +2.20079672638214951519e+01
  +2.10130468299069406157e+01
  +2.00313633116303257964e+01
  +1.90641427722256899813e+01
  +1.81126976232112752996e+01
  +1.71784699523015369493e+01
  +1.62630832361378381279e+01
  +1.53684047043787117559e+01
  +1.44966210111989983744e+01
  +1.36503301100146128277e+01
  +1.28326520458891799592e+01
  +1.20473602533334229747e+01
  +1.12990319328123582920e+01
  +1.05932096231941894615e+01
  +9.93655394810495629088e+00
  +9.33694723806928550403e+00
  +8.80347862341878162340e+00
  +8.34620911901812867484e+00
  +7.97560022793063705393e+00
  +7.70153010078505495528e+00
  +7.53195734156971585804e+00
  +7.47151207731225142084e+00
  +7.52047581629697692307e+00
  +7.67457240885194025282e+00
  +7.92567606726327777977e+00
  +8.26314555007167150791e+00
  +8.67529725585376354502e+00
  +9.15061839238363994298e+00
  +9.67855072080503120446e+00
  +1.02498695154488164150e+01
  +1.08567718117792981758e+01
  +1.14927948716565744292e+01
  +1.21526560904257703299e+01
  +1.28320709464648565756e+01
  +1.35275788957534555124e+01
  +1.42363901631104479151e+01
  +1.49562569674644922912e+01
  +1.56853681174024490730e+01
  +1.64222640434133566600e+01
  +1.71657688699485646566e+01
  +1.79149363154190872649e+01
  +1.86690066406881456373e+01
  +1.94273723504890831748e+01
  +2.01895508013582833939e+01
  +2.09551622534361285943e+01
  +2.17239122172803256205e+01
  +2.24955771970554465611e+01
  +2.32699931281040264253e+01
  +2.40470459601805792715e+01
  +2.48266639566075255630e+01
  +2.56088113718403427299e+01
  +2.63934832414562450253e+01
  +2.71807010741376799956e+01
  +2.79705092785031474989e+01
  +2.87629721914470053434e+01
  +2.95581716011712885006e+01
  +3.03562046789684139014e+01
  +3.11571822503213269329e+01
  +3.19612273489878475630e+01
  +3.27684740081862031502e+01
  +3.35790662513625051133e+01
  +3.43931572517511980891e+01
  +3.52109086353694209492e+01
  +3.60324899064970267659e+01
  +3.68580779782812371081e+01
  +3.76878567940416147053e+01
  +3.85220170272634518938e+01
  +3.93607558502556571511e+01
  +4.02042767630969635206e+01
  +4.10527894758656159979e+01
  +4.19065098382906953134e+01
  +4.27656598119261843749e+01
  +4.36304674807559962346e+01
  +4.45011670968271175752e+01
  +4.53779991580898567349e+01
  +4.62612105161255513508e+01
  +4.71510545118725374891e+01
  +4.80477911378350412974e+01
  +4.89516872255855375329e+01
  +4.98630166576575604154e+01
  +5.07820606031823942317e+01
  +5.17091077768502316303e+01
  +5.26444547209827220513e+01
  +5.35884061106943008213e+01
  +5.45412750822951153395e+01
  +5.55033835852492956064e+01
  +5.64750627581650519460e+01
  +5.74566533294345589411e+01
  +5.84485060432969234512e+01
  +5.94509821122326727050e+01
  +6.04644536967492385315e+01
  +6.14893044137574165120e+01
  +6.25259298748892504705e+01
  +6.35747382562570706455e+01
  +6.46361509013134281076e+01
  +6.57106029586353486138e+01
  +6.67985440566287564934e+01
  +6.79004390173323031377e+01
  +6.90167686116941467844e+01
  +7.01480303589035543155e+01
  +7.12947393725781637386e+01
  +7.24574292568491529209e+01
  +7.36366530556430518573e+01
  +7.48329842587344700178e+01
  +7.60470178684458204543e+01
  +7.72793715311954372282e+01
  +7.85306867384486935180e+01
  +7.98016301020108613784e+01
  +8.10928947090223886107e+01
  +8.24052015624695570750e+01
  +8.37393011135293789948e+01
  +8.50959748926081260834e+01
  +8.64760372465360802607e+01
  +8.78803371900342540357e+01
  +8.93097603802909674187e+01
  +9.07652312242750127780e+01
  +9.22477151292865897858e+01
  +9.37582209082010678003e+01
  +9.52978033519203791002e+01
  +9.68675659827106727562e+01
  +9.84686640033942808259e+01
  +1.00102307458788430949e+02
  +1.01769764627355002062e+02
  +1.03472365662782266327e+02
  +1.05211506507148470746e+02
  +1.06988653099478000286e+02
  +1.08805345905890490599e+02
  +1.10663204800215353885e+02
  +1.12563934326907642003e+02
  +1.14509329381431740558e+02
  +1.16501281346966308661e+02
  +1.18541784730451837504e+02
  +1.20632944345627677762e+02
  +1.22776983095924137501e+02
  +1.24976250415928547000e+02
  +1.27233231436708962292e+02
  +1.29550556947698936483e+02
  +1.31931014236193760780e+02
  +1.34377558894937038758e+02
  +1.36893327698937412151e+02
  +1.39481652664731143432e+02
  +1.42146076418985359169e+02
  +1.44890369018885650121e+02
  +1.47718546384409194161e+02
  +1.50634890522725953588e+02
  +1.53643971747900593527e+02
  +1.56750673125280258091e+02
  +1.59960217399935231697e+02
  +1.63278196702835259657e+02
  +1.66710605367829657553e+02
  +1.70263876237738145392e+02
  +1.73944920889846514456e+02
  +1.77761174271057967644e+02
  +1.81720644301988357938e+02
  +1.85831967089088294642e+02
  +1.90104468476012613110e+02
  +1.94548232772096440613e+02
  +1.99174179619208530312e+02
  +2.03994150101200034442e+02
  +2.09021003365766944171e+02
  +2.14268725220361432093e+02
  +2.19752550385874485528e+02
  +2.25489100348542336860e+02
  +2.31496539046941279594e+02
  +2.37794748971874355448e+02
  +2.44405530647648674858e+02
</dep>
<dep S[2,2] frequency>
  -1.48844395499902110158e-01-j2.28313856100550854888e-01
  -1.63569477291805154273e-01-j2.35318197663590716884e-01
  -1.78882895029091854022e-01-j2.41657558579246645181e-01
  -1.94760742108937651151e-01-j2.47297593063142029379e-01
  -2.11176945411683081311e-01-j2.52204216629124122750e-01
  -2.28103177507922333378e-01-j2.56343758380647601669e-01
  -2.45508779352685557740e-01-j2.59683129252084643479e-01
  -2.63360695642652020698e-01-j2.62190005761217592717e-01
  -2.81623425071643951334e-01-j2.63833028556389515007e-01
  -3.00258987747177519267e-01-j2.64582014740441517908e-01
  -3.19226912017816055744e-01-j2.64408182630142818414e-01
  -3.38484242902546861309e-01-j2.63284387270048103602e-01
  -3.57985574205151257932e-01-j2.61185364669219266531e-01
  -3.77683106230594645147e-01-j2.58087982375732605256e-01
  -3.97526730797479965762e-01-j2.53971493656015179230e-01
  -4.17464144955156046812e-01-j2.48817792213985700123e-01
  -4.37440994465821075821e-01-j2.42611664079212863143e-01
  -4.57401047704438012964e-01-j2.35341033026103624293e-01
  -4.77286400163275448261e-01-j2.26997195668928342105e-01
  -4.97037709230917834624e-01-j2.17575042222670267389e-01
  -5.16594458356295693768e-01-j2.07073258838359169909e-01
  -5.35895249116874250461e-01-j1.95494507423771057830e-01
  -5.54878119100533417907e-01-j1.82845578955096343954e-01
  -5.73480882898238952805e-01-j1.69137516478143901111e-01
  -5.91641492906801236273e-01-j1.54385704292487657696e-01
  -6.09298416075414017712e-01-j1.38609920208933368180e-01
  -6.26391022217033910380e-01-j1.21834348265939307332e-01
  -6.42859979061817243817e-01-j1.04087549877545162968e-01
  -6.58647648875124280821e-01-j8.54023920523596380416e-02
  -6.73698481211155941750e-01-j6.58159320556074012298e-02
  -6.87959396237912801375e-01-j4.53692586668877281819e-02
  -7.01380153060638056317e-01-j2.41072909927544168363e-02
  -7.13913697592610474452e-01-j2.07853660540885387675e-03
  -7.25516484777288028774e-01+j2.06651884299590971050e-02
  -7.36148770348093894889e-01+j4.40690743276487828517e-02
  -7.45774867815179320907e-01+j6.80756631602241341072e-02
  -7.54363366977788496470e-01+j9.26252206551295975689e-02
  -7.61887310959694197265e-01+j1.17656129131032252677e-01
  -7.68324329533927041780e-01+j1.43105296126648157129e-01
  -7.73656727317816983458e-01+j1.68908573035165820997e-01
  -7.77871526256655898557e-01+j1.95001177953572218948e-01
  -7.80960462649710418503e-01+j2.21318116988870688955e-01
  -7.82919939780791218631e-01+j2.47794598427071355307e-01
  -7.83750937976261163875e-01+j2.74366434458892749504e-01
  -7.83458884604931293794e-01+j3.00970425553750253744e-01
  -7.82053487141356806767e-01+j3.27544723067048682008e-01
  -7.79548532922796577616e-01+j3.54029166234353320775e-01
  -7.75961659632280920107e-01+j3.80365590331938119295e-01
  -7.71314100830809756815e-01+j4.06498103444253577887e-01
  -7.65630411040250091759e-01+j4.32373329955518470591e-01
  -7.58938174947819121918e-01+j4.57940619555529948581e-01
  -7.51267705269878849350e-01+j4.83152221200499443210e-01
  -7.42651733685997128553e-01+j5.07963422084055982175e-01
  -7.33125099045326744651e-01+j5.32332652237136993989e-01
  -7.22724436769130229585e-01+j5.56221555879585216609e-01
  -7.11487873039380214202e-01+j5.79595031082842049308e-01
  -6.99454726987800090576e-01+j6.02421239668283092783e-01
  -6.86665223696083404370e-01+j6.24671589557653450520e-01
  -6.73160220399315445405e-01+j6.46320692011469022376e-01
  -6.58980947862663812842e-01+j6.67346296340957545468e-01
  -6.44168768486567455689e-01+j6.87729204763555479474e-01
  -6.28764952296986590063e-01+j7.07453170096967176583e-01
  -6.12810471601917816642e-01+j7.26504778958967589730e-01
  -5.96345814749073999117e-01+j7.44873323066903236800e-01
  -5.79410819106341290485e-01+j7.62550661119446804292e-01
  -5.62044523109108795644e-01+j7.79531073601381852001e-01
  -5.44285036977772085365e-01+j7.95811112687085264739e-01
  -5.26169431505156159901e-01+j8.11389449236492699136e-01
  -5.07733644145987428331e-01+j8.26266718685329415450e-01
  -4.89012401507611438323e-01+j8.40445367434098145054e-01
  -4.70039157240312588382e-01+j8.53929501143055436074e-01
  -4.50846044254404110241e-01+j8.66724736146770480261e-01
  -4.31463840146554977739e-01+j8.78838055015395691605e-01
  -4.11921944696699238175e-01+j8.90277667112761350587e-01
  -3.92248368295917304582e-01+j9.01052874836073769416e-01
  -3.72469730182067360058e-01+j9.11173946069412599158e-01
  -3.52611265390426753541e-01+j9.20651993244404609484e-01
  -3.32696839368757824040e-01+j9.29498859276606026469e-01
  -3.12748969257063857974e-01+j9.37727010535441607431e-01
  -2.92788850889947382949e-01+j9.45349436908597184903e-01
  -2.72836390641599702001e-01+j9.52379558938041048677e-01
  -2.52910241298389459885e-01+j9.58831141933708441805e-01
  -2.33027841210221298152e-01+j9.64718216911403247948e-01
  -2.13205456038040780387e-01+j9.70055008152759024043e-01
  -1.93458222479939490057e-01+j9.74855867146199317474e-01
  -1.73800193421550064343e-01+j9.79135212637733287622e-01
  -1.54244384016994334763e-01+j9.82907476498130039388e-01
  -1.34802818264247475932e-01+j9.86187055097654363678e-01
  -1.15486575692822293626e-01+j9.88988265870091587395e-01
  -9.63058378322278196837e-02+j9.91325308743545074996e-01
  -7.72699341763041086528e-02+j9.93212232115511128860e-01
  -5.83873874014391447407e-02+j9.94662903053439961809e-01
  -3.96659576358082965886e-02+j9.95690981408671627051e-01
  -2.11126856122058788323e-02+j9.96309897540638145230e-01
  -2.73393456897285400467e-03+j9.96532833359217051772e-01
  +1.54645692079980832251e-02+j9.96372706405408647967e-01
  +3.34776972838018230250e-02+j9.95842156703952374741e-01
  +5.13008814728858619780e-02+j9.94953536135517180305e-01
  +6.89300777769140393669e-02+j9.93718900090596046759e-01
  +8.63617318847651888047e-02+j9.92150001181857477128e-01
  +1.03592746242518796151e-01+j9.90258284806293853642e-01
  +1.20620448688800688264e-01+j9.88054886362869200234e-01
  +1.37442562640024468212e-01+j9.85550629945422862477e-01
  +1.54057178801292576908e-01+j9.82756028344164422883e-01
  +1.70462728371144595085e-01+j9.79681284202168045638e-01
  +1.86657957702440119307e-01+j9.76336292185745358019e-01
  +2.02641904376784282027e-01+j9.72730642039478454741e-01
  +2.18413874646184613670e-01+j9.68873622407852574945e-01
  +2.33973422192803204300e-01+j9.64774225316034184097e-01
  +2.49320328155691356420e-01+j9.60441151212217958388e-01
  +2.64454582372110114097e-01+j9.55882814483193232746e-01
  +2.79376365780327318156e-01+j9.51107349363415677246e-01
  +2.94086033930635093459e-01+j9.46122616165786634035e-01
  +3.08584101551583667167e-01+j9.40936207769803467649e-01
  +3.22871228119058328865e-01+j9.35555456309441146878e-01
  +3.36948204376735727106e-01+j9.29987440009491961312e-01
  +3.50815939757626316098e-01+j9.24238990124728099218e-01
  +3.64475450657807509280e-01+j9.18316697941565340813e-01
  +3.77927849514908431594e-01+j9.12226921806678303639e-01
  +3.91174334645578880565e-01+j9.05975794151357316508e-01
  +4.04216180797892066234e-01+j8.99569228484409455504e-01
  +4.17054730376376803225e-01+j8.93012926329945444515e-01
  +4.29691385299198369552e-01+j8.86312384089689930811e-01
  +4.42127599448835839624e-01+j8.79472899812335673353e-01
  +4.54364871679382276159e-01+j8.72499579855162465947e-01
  +4.66404739345446184284e-01+j8.65397345425440001065e-01
  +4.78248772319342319026e-01+j8.58170938991325571443e-01
  +4.89898567465055279069e-01+j8.50824930553810254708e-01
  +5.01355743539093734462e-01+j8.43363723772999507311e-01
  +5.12621936490028629052e-01+j8.35791561943485916686e-01
  +5.23698795130056904412e-01+j8.28112533814927553877e-01
  +5.34587977153500704119e-01+j8.20330579255103775616e-01
  +5.45291145478565164595e-01+j8.12449494753771261912e-01
  +5.55809964890114582836e-01+j8.04472938766539802380e-01
  +5.66146098962550192724e-01+j7.96404436898792700283e-01
  +5.76301207243153923443e-01+j7.88247386930349791534e-01
  +5.86276942677483092758e-01+j7.80005063682178145790e-01
  +5.96074949259525865841e-01+j7.71680623726976322452e-01
  +6.05696859890469174736e-01+j7.63277109945873166730e-01
  +6.15144294430922000672e-01+j7.54797455933869043676e-01
  +6.24418857932442006309e-01+j7.46244490256947390350e-01
  +6.33522139035117226591e-01+j7.37620940564059135447e-01
  +6.42455708518863688461e-01+j7.28929437557354065191e-01
  +6.51221117996855780596e-01+j7.20172518824253260483e-01
  +6.59819898740379384705e-01+j7.11352632535020790172e-01
  +6.68253560624998632633e-01+j7.02472141009667261358e-01
  +6.76523591188731954205e-01+j6.93533324157995290093e-01
  +6.84631454793493077204e-01+j6.84538382796730848767e-01
  +6.92578591881681804310e-01+j6.75489441847645477601e-01
  +7.00366418320389594321e-01+j6.66388553420563134466e-01
  +7.07996324826180689627e-01+j6.57237699785210072179e-01
  +7.15469676463923009990e-01+j6.48038796235753444819e-01
  +7.22787812213614544454e-01+j6.38793693851859911703e-01
  +7.29952044599563754090e-01+j6.29504182160076308783e-01
  +7.36963659376693169811e-01+j6.20171991699245528373e-01
  +7.43823915269135604866e-01+j6.10798796493610574032e-01
  +7.50534043756607927023e-01+j6.01386216437198917184e-01
  +7.57095248904409601209e-01+j5.91935819592966483427e-01
  +7.63508707233184535923e-01+j5.82449124410172935917e-01
  +7.69775567624876755346e-01+j5.72927601863255642201e-01
  +7.75896951261588752047e-01+j5.63372677515512010338e-01
  +7.81873951594271532350e-01+j5.53785733510725242112e-01
  +7.87707634338452367118e-01+j5.44168110495803825089e-01
  +7.93399037494382231017e-01+j5.34521109477429590129e-01
  +7.98949171389217283057e-01+j5.24845993615626227324e-01
  +8.04359018739027042955e-01+j5.15143989956997172541e-01
  +8.09629534728582567205e-01+j5.05416291110442283951e-01
  +8.14761647107084763242e-01+j4.95664056867906044346e-01
  +8.19756256298092234047e-01+j4.85888415772773751833e-01
  +8.24614235522096117315e-01+j4.76090466638331544225e-01
  +8.29336430930298074138e-01+j4.66271280018724254557e-01
  +8.33923661748277922356e-01+j4.56431899634699711488e-01
  +8.38376720428354982317e-01+j4.46573343756379581571e-01
  +8.42696372809555449557e-01+j4.36696606545217635986e-01
  +8.46883358284199028176e-01+j4.26802659357234492887e-01
  +8.50938389970206543467e-01+j4.16892452009562097803e-01
  +8.54862154888333170000e-01+j4.06966914012208080820e-01
  +8.58655314143596748444e-01+j3.97026955767013356446e-01
  +8.62318503110262701838e-01+j3.87073469735539132941e-01
  +8.65852331619807458196e-01+j3.77107331577697491021e-01
  +8.69257384151372991532e-01+j3.67129401262841437159e-01
</dep>
<dep S[2,1] frequency>
  +8.04396054205746002808e-01-j5.25706291204649178717e-01
  +7.85062765647485671927e-01-j5.46962237566214759532e-01
  +7.64934552743264495334e-01-j5.67465697885652153865e-01
  +7.44037375911379306181e-01-j5.87178696141063771741e-01
  +7.22399445526959338437e-01-j6.06063578869264762972e-01
  +7.00051306845299703419e-01-j6.24083169608714571908e-01
  +6.77025914498774916694e-01-j6.41200939187521079532e-01
  +6.53358694370020143261e-01-j6.57381191418526578119e-01
  +6.29087590590925227474e-01-j6.72589263485359967198e-01
  +6.04253095393965766746e-01-j6.86791740001841288787e-01
  +5.78898259558829564320e-01-j6.99956679403539672180e-01
  +5.53068681258323757710e-01-j7.12053850990502668061e-01
  +5.26812471217699695991e-01-j7.23054980589702633864e-01
  +5.00180192268947276801e-01-j7.32934002452243715808e-01
  +4.73224771605683769415e-01-j7.41667314652621811888e-01
  +4.46001384330596606365e-01-j7.49234034925314262843e-01
  +4.18567307236276553439e-01-j7.55616253568372475691e-01
  +3.90981742168316603880e-01-j7.60799279776593895264e-01
  +3.63305608785943812133e-01-j7.64771877549783374306e-01
  +3.35601307052690367438e-01-j7.67526487166915738491e-01
  +3.07932450349135466983e-01-j7.69059428135884237676e-01
  +2.80363570691285535208e-01-j7.69371079530795087820e-01
  +2.52959798147894765474e-01-j7.68466033723690267188e-01
  +2.25786517162494732025e-01-j7.66353219710671274001e-01
  +1.98909003083730745454e-01-j7.63045992527371375047e-01
  +1.72392042773252929244e-01-j7.58562185645770048481e-01
  +1.46299543672911647185e-01-j7.52924123739842632297e-01
  +1.20694136156929934800e-01-j7.46158593794436719726e-01
  +9.56367743492705368880e-02-j7.38296773198975242458e-01
  +7.11863408378400619458e-02-j7.29374114200099343819e-01
  +4.73992608524227629352e-02-j7.19430184868134148246e-01
  +2.43291314817129823711e-02-j7.08508467538764730165e-01
  +2.02637138294358603099e-03-j6.96656116503647449001e-01
  -1.94621038175758417910e-02-j6.83923677514935546284e-01
  -4.00931756171612405093e-02-j6.70364772417788357117e-01
  -5.98277819099781310586e-02-j6.56035752907004554579e-01
  -7.86311377375006337331e-02-j6.40995327998872155284e-01
  -9.64729145118819741977e-02-j6.25304170299036066183e-01
  -1.13327375476820410571e-01-j6.09024506516402497347e-01
  -1.29173465985400720557e-01-j5.92219697912676701357e-01
  -1.43994858011840587420e-01-j5.74953816481068136213e-01
  -1.57779949149600307035e-01-j5.57291222614948345004e-01
  -1.70521817156971511320e-01-j5.39296149863419560511e-01
  -1.82218131871978494818e-01-j5.21032302082645615293e-01
  -1.92871027010238116350e-01-j5.02562467894221542863e-01
  -2.02486934966500997657e-01-j4.83948156868341139436e-01
  -2.11076388249567592492e-01-j4.65249261280984760525e-01
  -2.18653791582502338153e-01-j4.46523746668412491179e-01
  -2.25237168990823993786e-01-j4.27827373741142158448e-01
  -2.30847890379968334607e-01-j4.09213453542931759888e-01
  -2.35510382172788940158e-01-j3.90732637067339072523e-01
  -2.39251826544767343119e-01-j3.72432739893688524724e-01
  -2.42101853667994776353e-01-j3.54358601789884319899e-01
  -2.44092231166112033636e-01-j3.36551980665895422717e-01
  -2.45256554704353924024e-01-j3.19051479757576195162e-01
  -2.45629943304955689065e-01-j3.01892506483850020516e-01
  -2.45248742602769964627e-01-j2.85107261055103977654e-01
  -2.44150238852353818064e-01-j2.68724752618615836397e-01
  -2.42372386079178409046e-01-j2.52770840507408722786e-01
  -2.39953548345732625702e-01-j2.37268298009132100335e-01
  -2.36932258688481389708e-01-j2.22236895987051291668e-01
  -2.33346995883125352123e-01-j2.07693503660187739346e-01
  -2.29235979820223673142e-01-j1.93652203877384077035e-01
  -2.24636985927033044907e-01-j1.80124420293240022906e-01
  -2.19587178758213152907e-01-j1.67119053965170127896e-01
  -2.14122964600508308708e-01-j1.54642627032566537526e-01
  -2.08279862695833706265e-01-j1.42699431304050605718e-01
  -2.02092394483647269654e-01-j1.31291679760642265862e-01
  -1.95593990095901004711e-01-j1.20419659174560766957e-01
  -1.88816911205001380925e-01-j1.10081882240629883030e-01
  -1.81792189224341899090e-01-j1.00275237814411333215e-01
  -1.74549577789872650824e-01-j9.09951380447752145031e-02
  -1.67117518406434101275e-01-j8.22356613749951198544e-02
  -1.59523118121511292555e-01-j7.39896905634108842387e-02
  -1.51792138088116784767e-01-j6.62490450399521313418e-02
  -1.43948991894901429101e-01-j5.90046070673346037538e-02
  -1.36016752572099275387e-01-j5.22464413144943379264e-02
  -1.28017167224052319519e-01-j4.59639075745946548701e-02
  -1.19970678289924775894e-01-j4.01457664705557326634e-02
  -1.11896450491873813982e-01-j3.47802780879649872658e-02
  -1.03812402592027161474e-01-j2.98552935588506512810e-02
  -9.57352431445792351195e-02-j2.53583396909047437129e-02
  -8.76805094955170338800e-02-j2.12766967961590461322e-02
  -7.96626093486339087457e-02-j1.75974699217590797862e-02
  -7.16948642816285230950e-02-j1.43076537243416960360e-02
  -6.37895546592399526054e-02-j1.13941912595648640882e-02
  -5.59579654509841789567e-02-j8.84402698056604291699e-03
  -4.82104325185793575193e-02-j6.64415425446694424966e-03
  -4.05563889922420442447e-02-j4.78165771540991439009e-03
  -3.30044114054994230933e-02-j3.24375077684321659610e-03
  -2.55622653048303664913e-02-j2.01780862568108534244e-03
  -1.82369500933123075692e-02-j1.09139701722293339277e-03
  -1.10347429065758128458e-02-j4.52297183020124496898e-04
  -3.96124135475384164806e-03-j8.85271547850178120841e-05
  +2.97859500396664526878e-03+j1.16402035311665065119e-05
  +9.78040456412018061050e-03-j1.40337824250124352556e-04
  +1.64403850286512775991e-02-j5.33286080753550767800e-04
  +2.29552562777679408645e-02-j1.15632131573100717901e-03
  +2.93222247896323291727e-02-j1.99885971092182224487e-03
  +3.55389496345619726458e-02-j3.05062237216922622213e-03
  +4.16035100496627632816e-02-j4.30163899724093131555e-03
  +4.75143745883262538787e-02-j5.74224991342204681838e-03
  +5.32703718282795321559e-02-j7.36310666486977415807e-03
  +5.88706626130716115242e-02-j9.15517131612483305025e-03
  +6.43147137943674424010e-02-j1.11097146250687377894e-02
  +6.96022734365364520448e-02-j1.32183132261368425225e-02
  +7.47333474401750547100e-02-j1.54728459526815836228e-02
  +7.97081775375151346807e-02-j1.78654894161905282435e-02
  +8.45272206098556661003e-02-j2.03887129494601977708e-02
  +8.91911292752379514237e-02-j2.30352730109235903644e-02
  +9.37007336932912937577e-02-j2.57982071381040768687e-02
  +9.80570245335205536996e-02-j2.86708275295089742851e-02
  +1.02261137053169332001e-01-j3.16467143263507791340e-02
  +1.06314336231081454920e-01-j3.47197086580405198109e-02
  +1.10218002904625578253e-01-j3.78839055086406320538e-02
  +1.13973620857699645126e-01-j4.11336464551667196909e-02
  +1.17582764809022993768e-01-j4.44635123228990652988e-02
  +1.21047089251329953452e-01-j4.78683157976290268865e-02
  +1.24368318093582452821e-01-j5.13430940299297450258e-02
  +1.27548235060000597629e-01-j5.48831012622234132303e-02
  +1.30588674801448784146e-01-j5.84838015054114923608e-02
  +1.33491514676495698355e-01-j6.21408612882768038310e-02
  +1.36258667161293617331e-01-j6.58501424995732859147e-02
  +1.38892072849282927072e-01-j6.96076953398522824124e-02
  +1.41393694003536102288e-01-j7.34097513973517162844e-02
  +1.43765508626399085568e-01-j7.72527168600044278346e-02
  +1.46009505012850260286e-01-j8.11331658734007893363e-02
  +1.48127676755783144191e-01-j8.50478340527352771883e-02
  +1.50122018173090482351e-01-j8.89936121550125719404e-02
  +1.51994520128115068180e-01-j9.29675399163303189942e-02
  +1.53747166216586822474e-01-j9.69668000577021543807e-02
  +1.55381929294767073824e-01-j1.00988712461736823700e-01
  +1.56900768324941847220e-01-j1.05030728521430694045e-01
  +1.58305625515857473218e-01-j1.09090425661456713602e-01
  +1.59598423737024486257e-01-j1.13165502031512904546e-01
  +1.60781064187132338716e-01-j1.17253771370648907091e-01
  +1.61855424298012695594e-01-j1.21353158040862274536e-01
  +1.62823355856778512196e-01-j1.25461692227769622265e-01
  +1.63686683329868465364e-01-j1.29577505305724316464e-01
  +1.64447202373767309425e-01-j1.33698825364392120951e-01
  +1.65106678518162908187e-01-j1.37823972893484247848e-01
  +1.65666846008245743915e-01-j1.41951356622097846216e-01
  +1.66129406793736500436e-01-j1.46079469508939935318e-01
  +1.66496029653032534545e-01-j1.50206884879489271922e-01
  +1.66768349441714008874e-01-j1.54332252706122774466e-01
  +1.66947966455285506937e-01-j1.58454296027024571503e-01
  +1.67036445896829893742e-01-j1.62571807499766407545e-01
  +1.67035317440812097756e-01-j1.66683646085291237160e-01
  +1.66946074884930517612e-01-j1.70788733858102143026e-01
  +1.66770175882473420392e-01-j1.74886052938445890614e-01
  +1.66509041748164055008e-01-j1.78974642542264833489e-01
  +1.66164057330984687999e-01-j1.83053596144780589272e-01
  +1.65736570947941946885e-01-j1.87122058753590364555e-01
  +1.65227894373182609966e-01-j1.91179224287228444190e-01
  +1.64639302877245985446e-01-j1.95224333055202731169e-01
  +1.63972035311672315050e-01-j1.99256669335601821480e-01
  +1.63227294234500636128e-01-j2.03275559046445203348e-01
  +1.62406246072553855919e-01-j2.07280367507041818342e-01
  +1.61510021316695812077e-01-j2.11270497285667879783e-01
  +1.60539714746562700576e-01-j2.15245386130059251917e-01
  +1.59496385681532432121e-01-j2.19204504977201009019e-01
  +1.58381058254923545725e-01-j2.23147356039056776744e-01
  +1.57194721708711349084e-01-j2.27073470960971246502e-01
  +1.55938330706200917186e-01-j2.30982409049545728275e-01
  +1.54612805660354901693e-01-j2.34873755566891634361e-01
  +1.53219033075639332608e-01-j2.38747120088310116337e-01
  +1.51757865901426647337e-01-j2.42602134920431977694e-01
  +1.50230123895188943939e-01-j2.46438453577070004652e-01
  +1.48636593993827587079e-01-j2.50255749310013653197e-01
  +1.46978030691676142538e-01-j2.54053713692180771488e-01
  +1.45255156423803072352e-01-j2.57832055250538705327e-01
  +1.43468661953405463017e-01-j2.61590498146358541032e-01
  +1.41619206762170768421e-01-j2.65328780900412675159e-01
  +1.39707419442620384142e-01-j2.69046655160815995078e-01
  +1.37733898091523365714e-01-j2.72743884511290890504e-01
  +1.35699210703589256966e-01-j2.76420243317689218188e-01
  +1.33603895564715774436e-01-j2.80075515610735237271e-01
  +1.31448461644171066265e-01-j2.83709494002909567989e-01
  +1.29233388985146802064e-01-j2.87321978637600283779e-01
  +1.26959129093209222017e-01-j2.90912776168623543604e-01
  +1.24626105322237515360e-01-j2.94481698768268296273e-01
</dep>
<dep S[1,2] frequency>
  +8.04396054205746002808e-01-j5.25706291204649178717e-01
  +7.85062765647485671927e-01-j5.46962237566214759532e-01
  +7.64934552743264495334e-01-j5.67465697885652153865e-01
  +7.44037375911379306181e-01-j5.87178696141063771741e-01
  +7.22399445526959338437e-01-j6.06063578869264762972e-01
  +7.00051306845299703419e-01-j6.24083169608714571908e-01
  +6.77025914498774916694e-01-j6.41200939187521079532e-01
  +6.53358694370020143261e-01-j6.57381191418526578119e-01
  +6.29087590590925227474e-01-j6.72589263485359967198e-01
  +6.04253095393965766746e-01-j6.86791740001841288787e-01
  +5.78898259558829564320e-01-j6.99956679403539672180e-01
  +5.53068681258323757710e-01-j7.12053850990502668061e-01
  +5.26812471217699695991e-01-j7.23054980589702633864e-01
  +5.00180192268947276801e-01-j7.32934002452243715808e-01
  +4.73224771605683769415e-01-j7.41667314652621811888e-01
  +4.46001384330596606365e-01-j7.49234034925314262843e-01
  +4.18567307236276553439e-01-j7.55616253568372475691e-01
  +3.90981742168316603880e-01-j7.60799279776593895264e-01
  +3.63305608785943812133e-01-j7.64771877549783374306e-01
  +3.35601307052690367438e-01-j7.67526487166915738491e-01
  +3.07932450349135466983e-01-j7.69059428135884237676e-01
  +2.80363570691285535208e-01-j7.69371079530795087820e-01
  +2.52959798147894765474e-01-j7.68466033723690267188e-01
  +2.25786517162494732025e-01-j7.66353219710671274001e-01
  +1.98909003083730745454e-01-j7.63045992527371375047e-01
  +1.72392042773252929244e-01-j7.58562185645770048481e-01
  +1.46299543672911647185e-01-j7.52924123739842632297e-01
  +1.20694136156929934800e-01-j7.46158593794436719726e-01
  +9.56367743492705368880e-02-j7.38296773198975242458e-01
  +7.11863408378400619458e-02-j7.29374114200099343819e-01
  +4.73992608524227629352e-02-j7.19430184868134148246e-01
  +2.43291314817129823711e-02-j7.08508467538764730165e-01
  +2.02637138294358603099e-03-j6.96656116503647449001e-01
  -1.94621038175758417910e-02-j6.83923677514935546284e-01
  -4.00931756171612405093e-02-j6.70364772417788357117e-01
  -5.98277819099781310586e-02-j6.56035752907004554579e-01
  -7.86311377375006337331e-02-j6.40995327998872155284e-01
  -9.64729145118819741977e-02-j6.25304170299036066183e-01
  -1.13327375476820410571e-01-j6.09024506516402497347e-01
  -1.29173465985400720557e-01-j5.92219697912676701357e-01
  -1.43994858011840587420e-01-j5.74953816481068136213e-01
  -1.57779949149600307035e-01-j5.57291222614948345004e-01
  -1.70521817156971511320e-01-j5.39296149863419560511e-01
  -1.82218131871978494818e-01-j5.21032302082645615293e-01
  -1.92871027010238116350e-01-j5.02562467894221542863e-01
  -2.02486934966500997657e-01-j4.83948156868341139436e-01
  -2.11076388249567592492e-01-j4.65249261280984760525e-01
  -2.18653791582502338153e-01-j4.46523746668412491179e-01
  -2.25237168990823993786e-01-j4.27827373741142158448e-01
  -2.30847890379968334607e-01-j4.09213453542931759888e-01
  -2.35510382172788940158e-01-j3.90732637067339072523e-01
  -2.39251826544767343119e-01-j3.72432739893688524724e-01
  -2.42101853667994776353e-01-j3.54358601789884319899e-01
  -2.44092231166112033636e-01-j3.36551980665895422717e-01
  -2.45256554704353924024e-01-j3.19051479757576195162e-01
  -2.45629943304955689065e-01-j3.01892506483850020516e-01
  -2.45248742602769964627e-01-j2.85107261055103977654e-01
  -2.44150238852353818064e-01-j2.68724752618615836397e-01
  -2.42372386079178409046e-01-j2.52770840507408722786e-01
  -2.39953548345732625702e-01-j2.37268298009132100335e-01
  -2.36932258688481389708e-01-j2.22236895987051291668e-01
  -2.33346995883125352123e-01-j2.07693503660187739346e-01
  -2.29235979820223673142e-01-j1.93652203877384077035e-01
  -2.24636985927033044907e-01-j1.80124420293240022906e-01
  -2.19587178758213152907e-01-j1.67119053965170127896e-01
  -2.14122964600508308708e-01-j1.54642627032566537526e-01
  -2.08279862695833706265e-01-j1.42699431304050605718e-01
  -2.02092394483647269654e-01-j1.31291679760642265862e-01
  -1.95593990095901004711e-01-j1.20419659174560766957e-01
  -1.88816911205001380925e-01-j1.10081882240629883030e-01
  -1.81792189224341899090e-01-j1.00275237814411333215e-01
  -1.74549577789872650824e-01-j9.09951380447752145031e-02
  -1.67117518406434101275e-01-j8.22356613749951198544e-02
  -1.59523118121511292555e-01-j7.39896905634108842387e-02
  -1.51792138088116784767e-01-j6.62490450399521313418e-02
  -1.43948991894901429101e-01-j5.90046070673346037538e-02
  -1.36016752572099275387e-01-j5.22464413144943379264e-02
  -1.28017167224052319519e-01-j4.59639075745946548701e-02
  -1.19970678289924775894e-01-j4.01457664705557326634e-02
  -1.11896450491873813982e-01-j3.47802780879649872658e-02
  -1.03812402592027161474e-01-j2.98552935588506512810e-02
  -9.57352431445792351195e-02-j2.53583396909047437129e-02
  -8.76805094955170338800e-02-j2.12766967961590461322e-02
  -7.96626093486339087457e-02-j1.75974699217590797862e-02
  -7.16948642816285230950e-02-j1.43076537243416960360e-02
  -6.37895546592399526054e-02-j1.13941912595648640882e-02
  -5.59579654509841789567e-02-j8.84402698056604291699e-03
  -4.82104325185793575193e-02-j6.64415425446694424966e-03
  -4.05563889922420442447e-02-j4.78165771540991439009e-03
  -3.30044114054994230933e-02-j3.24375077684321659610e-03
  -2.55622653048303664913e-02-j2.01780862568108534244e-03
  -1.82369500933123075692e-02-j1.09139701722293339277e-03
  -1.10347429065758128458e-02-j4.52297183020124496898e-04
  -3.96124135475384164806e-03-j8.85271547850178120841e-05
  +2.97859500396664526878e-03+j1.16402035311665065119e-05
  +9.78040456412018061050e-03-j1.40337824250124352556e-04
  +1.64403850286512775991e-02-j5.33286080753550767800e-04
  +2.29552562777679408645e-02-j1.15632131573100717901e-03
  +2.93222247896323291727e-02-j1.99885971092182224487e-03
  +3.55389496345619726458e-02-j3.05062237216922622213e-03
  +4.16035100496627632816e-02-j4.30163899724093131555e-03
  +4.75143745883262538787e-02-j5.74224991342204681838e-03
  +5.32703718282795321559e-02-j7.36310666486977415807e-03
  +5.88706626130716115242e-02-j9.15517131612483305025e-03
  +6.43147137943674424010e-02-j1.11097146250687377894e-02
  +6.96022734365364520448e-02-j1.32183132261368425225e-02
  +7.47333474401750547100e-02-j1.54728459526815836228e-02
  +7.97081775375151346807e-02-j1.78654894161905282435e-02
  +8.45272206098556661003e-02-j2.03887129494601977708e-02
  +8.91911292752379514237e-02-j2.30352730109235903644e-02
  +9.37007336932912937577e-02-j2.57982071381040768687e-02
  +9.80570245335205536996e-02-j2.86708275295089742851e-02
  +1.02261137053169332001e-01-j3.16467143263507791340e-02
  +1.06314336231081454920e-01-j3.47197086580405198109e-02
  +1.10218002904625578253e-01-j3.78839055086406320538e-02
  +1.13973620857699645126e-01-j4.11336464551667196909e-02
  +1.17582764809022993768e-01-j4.44635123228990652988e-02
  +1.21047089251329953452e-01-j4.78683157976290268865e-02
  +1.24368318093582452821e-01-j5.13430940299297450258e-02
  +1.27548235060000597629e-01-j5.48831012622234132303e-02
  +1.30588674801448784146e-01-j5.84838015054114923608e-02
  +1.33491514676495698355e-01-j6.21408612882768038310e-02
  +1.36258667161293617331e-01-j6.58501424995732859147e-02
  +1.38892072849282927072e-01-j6.96076953398522824124e-02
  +1.41393694003536102288e-01-j7.34097513973517162844e-02
  +1.43765508626399085568e-01-j7.72527168600044278346e-02
  +1.46009505012850260286e-01-j8.11331658734007893363e-02
  +1.48127676755783144191e-01-j8.50478340527352771883e-02
  +1.50122018173090482351e-01-j8.89936121550125719404e-02
  +1.51994520128115068180e-01-j9.29675399163303189942e-02
  +1.53747166216586822474e-01-j9.69668000577021543807e-02
  +1.55381929294767073824e-01-j1.00988712461736823700e-01
  +1.56900768324941847220e-01-j1.05030728521430694045e-01
  +1.58305625515857473218e-01-j1.09090425661456713602e-01
  +1.59598423737024486257e-01-j1.13165502031512904546e-01
  +1.60781064187132338716e-01-j1.17253771370648907091e-01
  +1.61855424298012695594e-01-j1.21353158040862274536e-01
  +1.62823355856778512196e-01-j1.25461692227769622265e-01
  +1.63686683329868465364e-01-j1.29577505305724316464e-01
  +1.64447202373767309425e-01-j1.33698825364392120951e-01
  +1.65106678518162908187e-01-j1.37823972893484247848e-01
  +1.65666846008245743915e-01-j1.41951356622097846216e-01
  +1.66129406793736500436e-01-j1.46079469508939935318e-01
  +1.66496029653032534545e-01-j1.50206884879489271922e-01
  +1.66768349441714008874e-01-j1.54332252706122774466e-01
  +1.66947966455285506937e-01-j1.58454296027024571503e-01
  +1.67036445896829893742e-01-j1.62571807499766407545e-01
  +1.67035317440812097756e-01-j1.66683646085291237160e-01
  +1.66946074884930517612e-01-j1.70788733858102143026e-01
  +1.66770175882473420392e-01-j1.74886052938445890614e-01
  +1.66509041748164055008e-01-j1.78974642542264833489e-01
  +1.66164057330984687999e-01-j1.83053596144780589272e-01
  +1.65736570947941946885e-01-j1.87122058753590364555e-01
  +1.65227894373182609966e-01-j1.91179224287228444190e-01
  +1.64639302877245985446e-01-j1.95224333055202731169e-01
  +1.63972035311672315050e-01-j1.99256669335601821480e-01
  +1.63227294234500636128e-01-j2.03275559046445203348e-01
  +1.62406246072553855919e-01-j2.07280367507041818342e-01
  +1.61510021316695812077e-01-j2.11270497285667879783e-01
  +1.60539714746562700576e-01-j2.15245386130059251917e-01
  +1.59496385681532432121e-01-j2.19204504977201009019e-01
  +1.58381058254923545725e-01-j2.23147356039056776744e-01
  +1.57194721708711349084e-01-j2.27073470960971246502e-01
  +1.55938330706200917186e-01-j2.30982409049545728275e-01
  +1.54612805660354901693e-01-j2.34873755566891634361e-01
  +1.53219033075639332608e-01-j2.38747120088310116337e-01
  +1.51757865901426647337e-01-j2.42602134920431977694e-01
  +1.50230123895188943939e-01-j2.46438453577070004652e-01
  +1.48636593993827587079e-01-j2.50255749310013653197e-01
  +1.46978030691676142538e-01-j2.54053713692180771488e-01
  +1.45255156423803072352e-01-j2.57832055250538705327e-01
  +1.43468661953405463017e-01-j2.61590498146358541032e-01
  +1.41619206762170768421e-01-j2.65328780900412675159e-01
  +1.39707419442620384142e-01-j2.69046655160815995078e-01
  +1.37733898091523365714e-01-j2.72743884511290890504e-01
  +1.35699210703589256966e-01-j2.76420243317689218188e-01
  +1.33603895564715774436e-01-j2.80075515610735237271e-01
  +1.31448461644171066265e-01-j2.83709494002909567989e-01
  +1.29233388985146802064e-01-j2.87321978637600283779e-01
  +1.26959129093209222017e-01-j2.90912776168623543604e-01
  +1.24626105322237515360e-01-j2.94481698768268296273e-01
</dep>
<dep S[1,1] frequency>
  -1.48844395499902110158e-01-j2.28313856100550882644e-01
  -1.63569477291805098762e-01-j2.35318197663590772395e-01
  -1.78882895029091854022e-01-j2.41657558579246728447e-01
  -1.94760742108937651151e-01-j2.47297593063142057135e-01
  -2.11176945411683025799e-01-j2.52204216629124178262e-01
  -2.28103177507922361134e-01-j2.56343758380647601669e-01
  -2.45508779352685474473e-01-j2.59683129252084587968e-01
  -2.63360695642652131720e-01-j2.62190005761217592717e-01
  -2.81623425071643951334e-01-j2.63833028556389459496e-01
  -3.00258987747177463756e-01-j2.64582014740441628931e-01
  -3.19226912017816166767e-01-j2.64408182630142873926e-01
  -3.38484242902546861309e-01-j2.63284387270048103602e-01
  -3.57985574205151257932e-01-j2.61185364669219377554e-01
  -3.77683106230594534125e-01-j2.58087982375732549745e-01
  -3.97526730797480021273e-01-j2.53971493656015179230e-01
  -4.17464144955156157835e-01-j2.48817792213985783389e-01
  -4.37440994465821075821e-01-j2.42611664079212918654e-01
  -4.57401047704437957453e-01-j2.35341033026103652048e-01
  -4.77286400163275392750e-01-j2.26997195668928342105e-01
  -4.97037709230917834624e-01-j2.17575042222670267389e-01
  -5.16594458356295693768e-01-j2.07073258838359114398e-01
  -5.35895249116874361484e-01-j1.95494507423771141097e-01
  -5.54878119100533528929e-01-j1.82845578955096454976e-01
  -5.73480882898238952805e-01-j1.69137516478143956622e-01
  -5.91641492906801125251e-01-j1.54385704292487713207e-01
  -6.09298416075414128734e-01-j1.38609920208933340424e-01
  -6.26391022217034021402e-01-j1.21834348265939348965e-01
  -6.42859979061817132795e-01-j1.04087549877545162968e-01
  -6.58647648875124169798e-01-j8.54023920523595686527e-02
  -6.73698481211155941750e-01-j6.58159320556074706188e-02
  -6.87959396237912801375e-01-j4.53692586668877767542e-02
  -7.01380153060638056317e-01-j2.41072909927544376529e-02
  -7.13913697592610474452e-01-j2.07853660540895102127e-03
  -7.25516484777288028774e-01+j2.06651884299590971050e-02
  -7.36148770348094005911e-01+j4.40690743276487967295e-02
  -7.45774867815179320907e-01+j6.80756631602241202295e-02
  -7.54363366977788607493e-01+j9.26252206551296253245e-02
  -7.61887310959694308288e-01+j1.17656129131032266555e-01
  -7.68324329533927041780e-01+j1.43105296126648184885e-01
  -7.73656727317816650391e-01+j1.68908573035165765486e-01
  -7.77871526256655898557e-01+j1.95001177953572191193e-01
  -7.80960462649710529526e-01+j2.21318116988870772222e-01
  -7.82919939780791218631e-01+j2.47794598427071466329e-01
  -7.83750937976260941831e-01+j2.74366434458892638482e-01
  -7.83458884604931293794e-01+j3.00970425553750253744e-01
  -7.82053487141356695744e-01+j3.27544723067048682008e-01
  -7.79548532922796244549e-01+j3.54029166234353431797e-01
  -7.75961659632280920107e-01+j3.80365590331938063784e-01
  -7.71314100830809534770e-01+j4.06498103444253577887e-01
  -7.65630411040250202781e-01+j4.32373329955518581613e-01
  -7.58938174947819232941e-01+j4.57940619555530004092e-01
  -7.51267705269878627306e-01+j4.83152221200499387699e-01
  -7.42651733685996795487e-01+j5.07963422084056093198e-01
  -7.33125099045326966696e-01+j5.32332652237136993989e-01
  -7.22724436769130007541e-01+j5.56221555879585105586e-01
  -7.11487873039380436246e-01+j5.79595031082842160330e-01
  -6.99454726987800090576e-01+j6.02421239668283092783e-01
  -6.86665223696083404370e-01+j6.24671589557653450520e-01
  -6.73160220399315334383e-01+j6.46320692011468800331e-01
  -6.58980947862663701819e-01+j6.67346296340957434445e-01
  -6.44168768486567677733e-01+j6.87729204763555479474e-01
  -6.28764952296986368019e-01+j7.07453170096967176583e-01
  -6.12810471601918038687e-01+j7.26504778958967700753e-01
  -5.96345814749074110139e-01+j7.44873323066903347822e-01
  -5.79410819106341179463e-01+j7.62550661119446582248e-01
  -5.62044523109108795644e-01+j7.79531073601381852001e-01
  -5.44285036977772085365e-01+j7.95811112687085264739e-01
  -5.26169431505156381945e-01+j8.11389449236492699136e-01
  -5.07733644145987428331e-01+j8.26266718685329415450e-01
  -4.89012401507611160767e-01+j8.40445367434097923010e-01
  -4.70039157240312588382e-01+j8.53929501143055436074e-01
  -4.50846044254403999219e-01+j8.66724736146770480261e-01
  -4.31463840146555033250e-01+j8.78838055015395580583e-01
  -4.11921944696699071642e-01+j8.90277667112761128543e-01
  -3.92248368295917360093e-01+j9.01052874836073658393e-01
  -3.72469730182067471080e-01+j9.11173946069412821203e-01
  -3.52611265390426864563e-01+j9.20651993244404942551e-01
  -3.32696839368757935063e-01+j9.29498859276606137492e-01
  -3.12748969257063913485e-01+j9.37727010535441607431e-01
  -2.92788850889947327438e-01+j9.45349436908597184903e-01
  -2.72836390641599868534e-01+j9.52379558938041048677e-01
  -2.52910241298389404374e-01+j9.58831141933708330782e-01
  -2.33027841210221464685e-01+j9.64718216911403469993e-01
  -2.13205456038040863653e-01+j9.70055008152758801998e-01
  -1.93458222479939351279e-01+j9.74855867146199317474e-01
  -1.73800193421549897810e-01+j9.79135212637733731711e-01
  -1.54244384016994418030e-01+j9.82907476498129928366e-01
  -1.34802818264247475932e-01+j9.86187055097654363678e-01
  -1.15486575692822127093e-01+j9.88988265870091476373e-01
  -9.63058378322278058059e-02+j9.91325308743545074996e-01
  -7.72699341763042335529e-02+j9.93212232115511239883e-01
  -5.83873874014390753517e-02+j9.94662903053439961809e-01
  -3.96659576358083798553e-02+j9.95690981408671627051e-01
  -2.11126856122059725074e-02+j9.96309897540638145230e-01
  -2.73393456897283448903e-03+j9.96532833359217162794e-01
  +1.54645692079980884293e-02+j9.96372706405408647967e-01
  +3.34776972838018160861e-02+j9.95842156703952374741e-01
  +5.13008814728859174892e-02+j9.94953536135517291328e-01
  +6.89300777769141226337e-02+j9.93718900090596379826e-01
  +8.63617318847652304381e-02+j9.92150001181857588151e-01
  +1.03592746242518837785e-01+j9.90258284806293964664e-01
  +1.20620448688800716019e-01+j9.88054886362869089211e-01
  +1.37442562640024440457e-01+j9.85550629945422751454e-01
  +1.54057178801292521397e-01+j9.82756028344164644928e-01
  +1.70462728371144706108e-01+j9.79681284202168045638e-01
  +1.86657957702440147063e-01+j9.76336292185745246996e-01
  +2.02641904376784254271e-01+j9.72730642039478454741e-01
  +2.18413874646184558159e-01+j9.68873622407852685967e-01
  +2.33973422192803204300e-01+j9.64774225316034295119e-01
  +2.49320328155691439687e-01+j9.60441151212217847366e-01
  +2.64454582372110169608e-01+j9.55882814483193343769e-01
  +2.79376365780327373667e-01+j9.51107349363415788268e-01
  +2.94086033930635259992e-01+j9.46122616165786856079e-01
  +3.08584101551583778189e-01+j9.40936207769803245604e-01
  +3.22871228119058328865e-01+j9.35555456309441035856e-01
  +3.36948204376735560572e-01+j9.29987440009491961312e-01
  +3.50815939757626205076e-01+j9.24238990124727877173e-01
  +3.64475450657807398258e-01+j9.18316697941565118768e-01
  +3.77927849514908320572e-01+j9.12226921806678303639e-01
  +3.91174334645578769543e-01+j9.05975794151357094464e-01
  +4.04216180797892121745e-01+j8.99569228484409455504e-01
  +4.17054730376376803225e-01+j8.93012926329945333492e-01
  +4.29691385299198369552e-01+j8.86312384089689819788e-01
  +4.42127599448835784113e-01+j8.79472899812335673353e-01
  +4.54364871679382331671e-01+j8.72499579855162465947e-01
  +4.66404739345446017751e-01+j8.65397345425440112088e-01
  +4.78248772319342152493e-01+j8.58170938991325460421e-01
  +4.89898567465055390091e-01+j8.50824930553810365730e-01
  +5.01355743539093734462e-01+j8.43363723772999396289e-01
  +5.12621936490028518030e-01+j8.35791561943485916686e-01
  +5.23698795130056904412e-01+j8.28112533814927664899e-01
  +5.34587977153500704119e-01+j8.20330579255103886638e-01
  +5.45291145478565164595e-01+j8.12449494753771150890e-01
  +5.55809964890114693858e-01+j8.04472938766540024425e-01
  +5.66146098962550192724e-01+j7.96404436898792700283e-01
  +5.76301207243153923443e-01+j7.88247386930350124601e-01
  +5.86276942677483314803e-01+j7.80005063682178034767e-01
  +5.96074949259525865841e-01+j7.71680623726976322452e-01
  +6.05696859890469174736e-01+j7.63277109945873277752e-01
  +6.15144294430922111694e-01+j7.54797455933868932654e-01
  +6.24418857932441784264e-01+j7.46244490256947390350e-01
  +6.33522139035117226591e-01+j7.37620940564059246469e-01
  +6.42455708518863577439e-01+j7.28929437557354065191e-01
  +6.51221117996855669574e-01+j7.20172518824253260483e-01
  +6.59819898740379384705e-01+j7.11352632535020679150e-01
  +6.68253560624998632633e-01+j7.02472141009667261358e-01
  +6.76523591188731954205e-01+j6.93533324157995290093e-01
  +6.84631454793493077204e-01+j6.84538382796730848767e-01
  +6.92578591881681804310e-01+j6.75489441847645477601e-01
  +7.00366418320389594321e-01+j6.66388553420562912422e-01
  +7.07996324826180800649e-01+j6.57237699785210294223e-01
  +7.15469676463922898968e-01+j6.48038796235753333796e-01
  +7.22787812213614655477e-01+j6.38793693851860022725e-01
  +7.29952044599563643068e-01+j6.29504182160076419805e-01
  +7.36963659376693058789e-01+j6.20171991699245417351e-01
  +7.43823915269135715889e-01+j6.10798796493610574032e-01
  +7.50534043756607927023e-01+j6.01386216437199028206e-01
  +7.57095248904409490187e-01+j5.91935819592966705471e-01
  +7.63508707233184535923e-01+j5.82449124410172935917e-01
  +7.69775567624876644324e-01+j5.72927601863255642201e-01
  +7.75896951261588752047e-01+j5.63372677515511899315e-01
  +7.81873951594271532350e-01+j5.53785733510725242112e-01
  +7.87707634338452589162e-01+j5.44168110495803825089e-01
  +7.93399037494382008973e-01+j5.34521109477429590129e-01
  +7.98949171389217283057e-01+j5.24845993615626227324e-01
  +8.04359018739026931932e-01+j5.15143989956997061519e-01
  +8.09629534728582900271e-01+j5.05416291110442283951e-01
  +8.14761647107084874264e-01+j4.95664056867905933323e-01
  +8.19756256298092234047e-01+j4.85888415772773862855e-01
  +8.24614235522096006292e-01+j4.76090466638331488713e-01
  +8.29336430930298185160e-01+j4.66271280018724143535e-01
  +8.33923661748277811334e-01+j4.56431899634699655977e-01
  +8.38376720428354982317e-01+j4.46573343756379692593e-01
  +8.42696372809555560579e-01+j4.36696606545217691497e-01
  +8.46883358284199028176e-01+j4.26802659357234492887e-01
  +8.50938389970206543467e-01+j4.16892452009562042292e-01
  +8.54862154888333281022e-01+j4.06966914012208080820e-01
  +8.58655314143596637422e-01+j3.97026955767013300935e-01
  +8.62318503110262479794e-01+j3.87073469735539132941e-01
  +8.65852331619807791263e-01+j3.77107331577697491021e-01
  +8.69257384151372880510e-01+j3.67129401262841492670e-01
</dep>
