<Qucs Dataset 1.0.7>
<indep frequency 181>
  +1.00000000000000000000e+09
  +1.05000000000000000000e+09
  +1.10000000000000000000e+09
  +1.15000000000000000000e+09
  +1.20000000000000000000e+09
  +1.25000000000000000000e+09
  +1.30000000000000000000e+09
  +1.35000000000000000000e+09
  +1.40000000000000000000e+09
  +1.45000000000000000000e+09
  +1.50000000000000000000e+09
  +1.55000000000000000000e+09
  +1.60000000000000000000e+09
  +1.65000000000000000000e+09
  +1.70000000000000000000e+09
  +1.75000000000000000000e+09
  +1.80000000000000000000e+09
  +1.85000000000000000000e+09
  +1.90000000000000000000e+09
  +1.95000000000000000000e+09
  +2.00000000000000000000e+09
  +2.05000000000000000000e+09
  +2.10000000000000000000e+09
  +2.15000000000000000000e+09
  +2.20000000000000000000e+09
  +2.25000000000000000000e+09
  +2.30000000000000000000e+09
  +2.35000000000000000000e+09
  +2.40000000000000000000e+09
  +2.45000000000000000000e+09
  +2.50000000000000000000e+09
  +2.55000000000000000000e+09
  +2.60000000000000000000e+09
  +2.65000000000000000000e+09
  +2.70000000000000000000e+09
  +2.75000000000000000000e+09
  +2.80000000000000000000e+09
  +2.85000000000000000000e+09
  +2.90000000000000000000e+09
  +2.95000000000000000000e+09
  +3.00000000000000000000e+09
  +3.05000000000000000000e+09
  +3.10000000000000000000e+09
  +3.15000000000000000000e+09
  +3.20000000000000000000e+09
  +3.25000000000000000000e+09
  +3.30000000000000000000e+09
  +3.35000000000000000000e+09
  +3.40000000000000000000e+09
  +3.45000000000000000000e+09
  +3.50000000000000000000e+09
  +3.55000000000000000000e+09
  +3.60000000000000000000e+09
  +3.65000000000000000000e+09
  +3.70000000000000000000e+09
  +3.75000000000000000000e+09
  +3.80000000000000000000e+09
  +3.85000000000000000000e+09
  +3.90000000000000000000e+09
  +3.95000000000000000000e+09
  +4.00000000000000000000e+09
  +4.05000000000000000000e+09
  +4.10000000000000000000e+09
  +4.15000000000000000000e+09
  +4.20000000000000000000e+09
  +4.25000000000000000000e+09
  +4.30000000000000000000e+09
  +4.35000000000000000000e+09
  +4.40000000000000000000e+09
  +4.45000000000000000000e+09
  +4.50000000000000000000e+09
  +4.55000000000000000000e+09
  +4.60000000000000000000e+09
  +4.65000000000000000000e+09
  +4.70000000000000000000e+09
  +4.75000000000000000000e+09
  +4.80000000000000000000e+09
  +4.85000000000000000000e+09
  +4.90000000000000000000e+09
  +4.95000000000000000000e+09
  +5.00000000000000000000e+09
  +5.05000000000000000000e+09
  +5.10000000000000000000e+09
  +5.15000000000000000000e+09
  +5.20000000000000000000e+09
  +5.25000000000000000000e+09
  +5.30000000000000000000e+09
  +5.35000000000000000000e+09
  +5.40000000000000000000e+09
  +5.45000000000000000000e+09
  +5.50000000000000000000e+09
  +5.55000000000000000000e+09
  +5.60000000000000000000e+09
  +5.65000000000000000000e+09
  +5.70000000000000000000e+09
  +5.75000000000000000000e+09
  +5.80000000000000000000e+09
  +5.85000000000000000000e+09
  +5.90000000000000000000e+09
  +5.95000000000000000000e+09
  +6.00000000000000000000e+09
  +6.05000000000000000000e+09
  +6.10000000000000000000e+09
  +6.15000000000000000000e+09
  +6.20000000000000000000e+09
  +6.25000000000000000000e+09
  +6.30000000000000000000e+09
  +6.35000000000000000000e+09
  +6.40000000000000000000e+09
  +6.45000000000000000000e+09
  +6.50000000000000000000e+09
  +6.55000000000000000000e+09
  +6.60000000000000000000e+09
  +6.65000000000000000000e+09
  +6.70000000000000000000e+09
  +6.75000000000000000000e+09
  +6.80000000000000000000e+09
  +6.85000000000000000000e+09
  +6.90000000000000000000e+09
  +6.95000000000000000000e+09
  +7.00000000000000000000e+09
  +7.05000000000000000000e+09
  +7.10000000000000000000e+09
  +7.15000000000000000000e+09
  +7.20000000000000000000e+09
  +7.25000000000000000000e+09
  +7.30000000000000000000e+09
  +7.35000000000000000000e+09
  +7.40000000000000000000e+09
  +7.45000000000000000000e+09
  +7.50000000000000000000e+09
  +7.55000000000000000000e+09
  +7.60000000000000000000e+09
  +7.65000000000000000000e+09
  +7.70000000000000000000e+09
  +7.75000000000000000000e+09
  +7.80000000000000000000e+09
  +7.85000000000000000000e+09
  +7.90000000000000000000e+09
  +7.95000000000000000000e+09
  +8.00000000000000000000e+09
  +8.05000000000000000000e+09
  +8.10000000000000000000e+09
  +8.15000000000000000000e+09
  +8.20000000000000000000e+09
  +8.25000000000000000000e+09
  +8.30000000000000000000e+09
  +8.35000000000000000000e+09
  +8.40000000000000000000e+09
  +8.45000000000000000000e+09
  +8.50000000000000000000e+09
  +8.55000000000000000000e+09
  +8.60000000000000000000e+09
  +8.65000000000000000000e+09
  +8.70000000000000000000e+09
  +8.75000000000000000000e+09
  +8.80000000000000000000e+09
  +8.85000000000000000000e+09
  +8.90000000000000000000e+09
  +8.95000000000000000000e+09
  +9.00000000000000000000e+09
  +9.05000000000000000000e+09
  +9.10000000000000000000e+09
  +9.15000000000000000000e+09
  +9.20000000000000000000e+09
  +9.25000000000000000000e+09
  +9.30000000000000000000e+09
  +9.35000000000000000000e+09
  +9.40000000000000000000e+09
  +9.45000000000000000000e+09
  +9.50000000000000000000e+09
  +9.55000000000000000000e+09
  +9.60000000000000000000e+09
  +9.65000000000000000000e+09
  +9.70000000000000000000e+09
  +9.75000000000000000000e+09
  +9.80000000000000000000e+09
  +9.85000000000000000000e+09
  +9.90000000000000000000e+09
  +9.95000000000000000000e+09
  +1.00000000000000000000e+10
</indep>
<dep S21_phase frequency>
  -9.79556918189502141558e+01
  -1.01768047336334248598e+02
  -1.05496664848588139307e+02
  -1.09145798268958685640e+02
  -1.12719526910849637602e+02
  -1.16221738379041298117e+02
  -1.19656119781426298232e+02
  -1.23026155210117295269e+02
  -1.26335127833662255625e+02
  -1.29586125281659718667e+02
  -1.32782047288914867522e+02
  -1.35925614801896443851e+02
  -1.39019379941398710798e+02
  -1.42065736368015592461e+02
  -1.45066929717728783089e+02
  -1.48025067869049195224e+02
  -1.50942130875917285948e+02
  -1.53819980456135169788e+02
  -1.56660368967039829613e+02
  -1.59464947831420175817e+02
  -1.62235275399594314649e+02
  -1.64972824250087398923e+02
  -1.67678987942925260768e+02
  -1.70355087247396511430e+02
  -1.73002375871152594300e+02
  -1.75622045720433902716e+02
  -1.78215231722592108099e+02
  +1.79216983757661807886e+02
  +1.76673566877378419804e+02
  +1.74153528620021916140e+02
  +1.71655921417236726256e+02
  +1.69179836060946371390e+02
  +1.66724398880770309006e+02
  -1.57112308364743959999e+01
  -1.81278632066622442665e+01
  -2.05262799072695969471e+01
  -2.29072361534914676895e+01
  -2.52714625079222798831e+01
  -2.76196665388810203012e+01
  -2.99525343410107467434e+01
  -3.22707319305041622215e+01
  -3.45749065261757095868e+01
  -3.68656877264916005288e+01
  -3.91436885917140600100e+01
  -4.14095066394039363900e+01
  -4.36637247607175211783e+01
  -4.59069120641876935451e+01
  -4.81396246530097045024e+01
  -5.03624063412353635272e+01
  -5.25757893137333383038e+01
  -5.47802947342670236708e+01
  -5.69764333055877401080e+01
  -5.91647057850294331161e+01
  -6.13456034587294354310e+01
  -6.35196085772434315686e+01
  -6.56871947550418298079e+01
  -6.78488273360837013115e+01
  -7.00049637274193798930e+01
  -7.21560537025550985391e+01
  -7.43025396760999257140e+01
  -7.64448569510372806235e+01
  -7.85834339398001020527e+01
  -8.07186923601730512701e+01
  -8.28510474069199318592e+01
  -8.49809078999075637739e+01
  -8.71086764093970202794e+01
  -8.92347493590732909752e+01
  -9.13595171073073970547e+01
  -9.34833640070695395252e+01
  -9.56066684448521755257e+01
  -9.77298028589093235041e+01
  -9.98531337370819613852e+01
  -1.01977021594441495722e+02
  -1.04101820930967093659e+02
  -1.06227880169457549187e+02
  -1.08355541573880103101e+02
  -1.10485141148358039231e+02
  -1.12617008517027841208e+02
  -1.14751466785010649119e+02
  -1.16888832380795662402e+02
  -1.19029414880364114993e+02
  -1.21173516813456529917e+02
  -1.23321433452443258716e+02
  -1.25473452584343775129e+02
  -1.27629854266630530901e+02
  -1.29790910567550298538e+02
  -1.31956885291812312744e+02
  -1.34128033692607942839e+02
  -1.36304602171064516369e+02
  -1.38486827964370718291e+02
  -1.40674938823965106849e+02
  -1.42869152685325673247e+02
  -1.45069677331078622728e+02
  -1.47276710049289789595e+02
  -1.49490437288993234688e+02
  -1.51711034315170195441e+02
  -1.53938664865570473239e+02
  -1.56173480811932392953e+02
  -1.58415621828327118692e+02
  -1.60665215069498088951e+02
  -1.62922374862220237901e+02
  -1.65187202412823893383e+02
  -1.67459785534141332164e+02
  -1.69740198395227537276e+02
  -1.72028501297264568848e+02
  -1.74324740479096732315e+02
  -1.76628947955854073371e+02
  -1.78941141394081569160e+02
  +1.78738675973263553942e+02
  +1.76410515388703885264e+02
  +1.74074402565917893071e+02
  +1.71730377636289148313e+02
  +1.69378495043661757791e+02
  +1.67018823384894261608e+02
  +1.64651445194145338746e+02
  +1.62276456669167885138e+02
  +1.59893967338300001302e+02
  +1.57504099667267638551e+02
  +1.55106988605373175005e+02
  +1.52702781071139014557e+02
  +1.50291635377967224940e+02
  +1.47873720600903965305e+02
  +1.45449215886094151529e+02
  +1.43018309705046391400e+02
  +1.40581199056297748484e+02
  +1.38138088617567206029e+02
  +1.35689189851904643547e+02
  +1.33234720071758260929e+02
  +1.30774901465233341469e+02
  +1.28309960089106454006e+02
  +1.25840124833404431115e+02
  +1.23365626362520657722e+02
  +1.20886696037939557868e+02
  +1.18403564827668333237e+02
  +1.15916462207416856245e+02
  +1.13425615058444535066e+02
  +1.10931246566787038432e+02
  +1.08433575128304852342e+02
  +1.05932813263651922853e+02
  +1.03429166546862887799e+02
  +1.00922832550778608152e+02
  +9.84139998120473507015e+01
  +9.59028468178522075505e+01
  +9.33895410159464773869e+01
  +9.08742378489532995900e+01
  +8.83570798132475516695e+01
  +8.58381955420991005212e+01
  +8.33176989120879767370e+01
  +8.07956881711738361673e+01
  +7.82722450861363654440e+01
  +7.57474341064972946924e+01
  +7.32213015414041308304e+01
  +7.06938747453805689247e+01
  +6.81651613082684519895e+01
  +6.56351482441497751097e+01
  +6.31038011735066319829e+01
  +6.05710634923871324986e+01
  +5.80368555218526651629e+01
  +5.55010736305295964144e+01
  +5.29635893226367429065e+01
  +5.04242482834178176176e+01
  +4.78828693734699868401e+01
  +4.53392435630425723048e+01
  +4.27931327969186625637e+01
  +4.02442687800720051428e+01
  +3.76923516738098172141e+01
  +3.51370486916595297089e+01
  +3.25779925837607677863e+01
  +3.00147799980112388596e+01
  +2.74469697057161283738e+01
  +2.48740806789404871324e+01
  +2.22955900062514906779e+01
  +1.97109306330262938900e+01
  +1.71194889120149973394e+01
  +1.45206019494466396225e+01
  +1.19135547316517680372e+01
  +9.29757701702099836893e+00
  +6.67183997818712004602e+00
  +4.03545257969528226027e+00
  +1.38745767721715806964e+00
  -1.27317217426089901444e+00
</dep>
<dep S11_phase frequency>
  +1.72041805150701804905e+02
  +1.68228222898870484414e+02
  +1.64498390216645333339e+02
  +1.60848054597035201141e+02
  +1.57273138314224979695e+02
  +1.53769755485163500452e+02
  +1.50334220819804045277e+02
  +1.46963052109003001533e+02
  +1.43652968106787028546e+02
  +1.40400883124550944103e+02
  +1.37203899369190423840e+02
  +1.34059297821759372482e+02
  +1.30964528262263144143e+02
  +1.27917198893575459806e+02
  +1.24915065896895967512e+02
  +1.21956023157055724937e+02
  +1.19038092323272977069e+02
  +1.16159413315429830504e+02
  +1.13318235344022852473e+02
  +1.10512908480681588230e+02
  +1.07741875793233703007e+02
  +1.05003666042802649372e+02
  +1.02296886928846873843e+02
  +9.96202188602250515714e+01
  +9.69724092253626253068e+01
  +9.43522671316775358719e+01
  +9.17586585830521812568e+01
  +8.91905020638780143827e+01
  +8.66467644987312439753e+01
  +8.41264575578035191938e+01
  +8.16286342796387316412e+01
  +7.91523859843701416139e+01
  +7.66968394524043617366e+01
  +7.42611543452993885239e+01
  +7.18445208473616645506e+01
  +6.94461575082316642238e+01
  +6.70653092683802896090e+01
  +6.47012456510145028687e+01
  +6.23532591053664972947e+01
  +6.00206634877110829507e+01
  +5.77027926677277918088e+01
  +5.53989992489948974708e+01
  +5.31086533934775459898e+01
  +5.08311417408532904005e+01
  +4.85658664144178189304e+01
  +4.63122441061298530940e+01
  +4.40697052340945774063e+01
  +4.18376931664634597041e+01
  +3.96156635063372846162e+01
  +3.74030834328132044675e+01
  +3.51994310938210688278e+01
  +3.30041950468454814427e+01
  +3.08168737440458180288e+01
  +2.86369750586522187064e+01
  +2.64640158498596171910e+01
  +2.42975215637406876112e+01
  +2.21370258679754954301e+01
  +1.99820703184478425385e+01
  +1.78322040559784511515e+01
  +1.56869835316720003249e+01
  +1.35459722595378231347e+01
  +1.14087405952102010076e+01
  +9.27486553974063987482e+00
  +7.14393056757335997986e+00
  +5.01552547792935943249e+00
  +2.88924626893615643652e+00
  +7.64695033931125478510e-01
  -1.35852012054882842484e+00
  -3.48078513550628398932e+00
  -5.60248003930525051430e+00
  -7.72397896688085516814e+00
  -9.84565015859395309405e+00
  -1.19678559389652470202e+01
  -1.40909526754923692948e+01
  -1.62152907177473863953e+01
  -1.83412143169469032955e+01
  -2.04690615261924833135e+01
  -2.25991640815993157787e+01
  -2.47318472645543572241e+01
  -2.68674297453851629314e+01
  -2.90062234087639048141e+01
  -3.11485331612327449591e+01
  -3.32946567213034327892e+01
  -3.54448843926593326614e+01
  -3.75994988210847438381e+01
  -3.97587747358385783514e+01
  -4.19229786763055827237e+01
  -4.40923687048751560269e+01
  -4.62671941071302939008e+01
  -4.84476950805663619803e+01
  -5.06341024132109822631e+01
  -5.28266371536633485562e+01
  -5.50255102742469901500e+01
  -5.72309223291175612758e+01
  -5.94430631093558119460e+01
  -6.16621112972328120350e+01
  -6.38882341220149001515e+01
  -6.61215870198348341091e+01
  -6.83623133003296317156e+01
  -7.06105438228844093373e+01
  -7.28663966854790032812e+01
  -7.51299769292519243891e+01
  -7.74013762620094780686e+01
  -7.96806728040001246427e+01
  -8.19679308593358797452e+01
  -8.42632007164754810447e+01
  -8.65665184811980736868e+01
  -8.88779059454600570689e+01
  -9.11973704954652077959e+01
  -9.35249050621728770238e+01
  -9.58604881173203864364e+01
  -9.82040837178558945197e+01
  -1.00555641601430863830e+02
  -1.02915097335345777196e+02
  -1.05282372521011538424e+02
  -1.07657375055643527162e+02
  -1.10039999452505014688e+02
  -1.12430127220593206516e+02
  -1.14827627304210523107e+02
  -1.17232356582374436016e+02
  -1.19644160427539247848e+02
  -1.22062873322578624879e+02
  -1.24488319534496724827e+02
  -1.26920313842804205251e+02
  -1.29358662320043549698e+02
  -1.31803163161451948326e+02
  -1.34253607560348740435e+02
  -1.36709780625425310063e+02
  -1.39171462335777619046e+02
  -1.41638428529242872855e+02
  -1.44110451919361963746e+02
  -1.46587303136140064908e+02
  -1.49068751785688647260e+02
  -1.51554567523807236284e+02
  -1.54044521138634337376e+02
  -1.56538385637619768431e+02
  -1.59035937334283403288e+02
  -1.61536956930498234897e+02
  -1.64041230590377040244e+02
  -1.66548551002244181518e+02
  -1.69058718425646702599e+02
  -1.71571541720834233047e+02
  -1.74086839358718492576e+02
  -1.76604440409878463925e+02
  -1.79124185511793200476e+02
  +1.78354072185896455949e+02
  +1.75830466097669557257e+02
  +1.73305115298875790586e+02
  +1.70778123641271378119e+02
  +1.68249578885009782425e+02
  +1.65719551844176123723e+02
  +1.63188095542341187638e+02
  +1.60655244374058867152e+02
  +1.58121013267671372660e+02
  +1.55585396844267165761e+02
  +1.53048368567118501460e+02
  +1.50509879875456448417e+02
  +1.47969859295946577049e+02
  +1.45428211524785467645e+02
  +1.42884816472880856963e+02
  +1.40339528266124830225e+02
  +1.37792174192312984360e+02
  +1.35242553585815386441e+02
  +1.32690436640600523788e+02
  +1.30135563141739339699e+02
  +1.27577641104959312202e+02
  +1.25016345313273632200e+02
  +1.22451315739097069013e+02
  +1.19882155839592968505e+02
  +1.17308430712318667588e+02
  +1.14729665097443756849e+02
  +1.12145341212011842913e+02
  +1.09554896400827928460e+02
  +1.06957720587589491856e+02
  +1.04353153508860160059e+02
  +1.01740481712371462208e+02
  +9.91189352999331845240e+01
  +9.64876843939151029872e+01
  +9.38458353047748943254e+01
  +9.11924263753856791936e+01
  +8.85264234758350312404e+01
</dep>
<dep S21_dB frequency>
  -5.23926538416808451615e+00
  -5.66578652236401136832e+00
  -6.10196223950693905635e+00
  -6.54784972531578368660e+00
  -7.00363847572896514038e+00
  -7.46964843628683539123e+00
  -7.94633072292573139350e+00
  -8.43427122553823416240e+00
  -8.93419746337190190388e+00
  -9.44698916967329083150e+00
  -9.97369324376661836595e+00
  -1.05155439361033131718e+01
  -1.10739894488845891374e+01
  -1.16507265778605422213e+01
  -1.22477456463230982564e+01
  -1.28673888783585592677e+01
  -1.35124266651446873766e+01
  -1.41861581218371863855e+01
  -1.48925452881384856596e+01
  -1.56363949300554505584e+01
  -1.64236092701041336284e+01
  -1.72615391333075507418e+01
  -1.81594937660368564991e+01
  -1.91294984978219382299e+01
  -2.01874601270736242498e+01
  -2.13550349996336308322e+01
  -2.26627783896978272082e+01
  -2.41557994920718179799e+01
  -2.59047745004180498540e+01
  -2.80298665365345165412e+01
  -3.07614357423638082878e+01
  -3.46371020262210933538e+01
  -4.15354678935740935231e+01
  -5.63098940161870658017e+01
  -3.90175480973892589986e+01
  -3.37072831206272098825e+01
  -3.04989775449990609957e+01
  -2.82075256246965011542e+01
  -2.64319504343028874871e+01
  -2.49872631393215662854e+01
  -2.37727140836474895025e+01
  -2.27273257856523613896e+01
  -2.18113742593191872743e+01
  -2.09975333918478455075e+01
  -2.02661996173443199609e+01
  -1.96028318924622695363e+01
  -1.89963467838019575140e+01
  -1.84381031583144121555e+01
  -1.79212342505607935550e+01
  -1.74401935763648694433e+01
  -1.69904374571241802983e+01
  -1.65681976242067037219e+01
  -1.61703148739062356753e+01
  -1.57941151037057174733e+01
  -1.54373153994251168797e+01
  -1.50979518353191384250e+01
  -1.47743232293552946288e+01
  -1.44649468020784173206e+01
  -1.41685228392138800046e+01
  -1.38839062502888346273e+01
  -1.36100834696393580003e+01
  -1.33461535397958304117e+01
  -1.30913125008522079895e+01
  -1.28448404164554457196e+01
  -1.26060905200016204475e+01
  -1.23744800788889293131e+01
  -1.21494826609227040137e+01
  -1.19306215526981933550e+01
  -1.17174641303275883786e+01
  -1.15096170220733835521e+01
  -1.13067219330784105580e+01
  -1.11084520265074111478e+01
  -1.09145087745297892923e+01
  -1.07246192078404067871e+01
  -1.05385335046649863955e+01
  -1.03560228700961722836e+01
  -1.01768776646452003831e+01
  -1.00009057474563238799e+01
  -9.82793100501721106355e+00
  -9.65779204063761653742e+00
  -9.49034100364655053284e+00
  -9.32544254031519059822e+00
  -9.16297285106699455071e+00
  -9.00281884068065707538e+00
  -8.84487734999105335021e+00
  -8.68905445912042395662e+00
  -8.53526485356242048397e+00
  -8.38343124554298313456e+00
  -8.23348384402192934317e+00
  -8.08535986750615265350e+00
  -7.93900309453898955780e+00
  -7.79436344733376174077e+00
  -7.65139660453660752637e+00
  -7.51006363956546607596e+00
  -7.37033068136503821677e+00
  -7.23216859477499696141e+00
  -7.09555267801744271594e+00
  -6.96046237509134790855e+00
  -6.82688100110905526918e+00
  -6.69479547884019066117e+00
  -6.56419608493142447969e+00
  -6.43507620446169070760e+00
  -6.30743209266788262823e+00
  -6.18126264283665260990e+00
  -6.05656915951131757936e+00
  -5.93335513630692723552e+00
  -5.81162603775828401353e+00
  -5.69138908475608307214e+00
  -5.57265304324521437707e+00
  -5.45542801597427029492e+00
  -5.33972523719329661418e+00
  -5.22555687029650606235e+00
  -5.11293580850480466893e+00
  -5.00187547876642391032e+00
  -4.89238964913831253511e+00
  -4.78449223997987971302e+00
  -4.67819713935759651235e+00
  -4.57351802311207578100e+00
  -4.47046818008438506808e+00
  -4.36906034303583190592e+00
  -4.26930652581696712389e+00
  -4.17121786736031907594e+00
  -4.07480448306861831043e+00
  -3.98007532416942488851e+00
  -3.88703804558123877655e+00
  -3.79569888281392575635e+00
  -3.70606253838105237364e+00
  -3.61813207815722837069e+00
  -3.53190883805449828969e+00
  -3.44739234132663829868e+00
  -3.36458022674038614852e+00
  -3.28346818777537219347e+00
  -3.20404992293401402748e+00
  -3.12631709716194094995e+00
  -3.05025931429497232372e+00
  -2.97586410036759518860e+00
  -2.90311689753761870136e+00
  -2.83200106830606479491e+00
  -2.76249790964101116231e+00
  -2.69458667654999572960e+00
  -2.62824461458737657082e+00
  -2.56344700073938946971e+00
  -2.50016719208647808514e+00
  -2.43837668161787979315e+00
  -2.37804516055397696661e+00
  -2.31914058652539711858e+00
  -2.26162925696274630383e+00
  -2.20547588706395281122e+00
  -2.15064369173429348336e+00
  -2.09709447092756473552e+00
  -2.04478869786532024833e+00
  -1.99368560966453989280e+00
  -1.94374329997035744100e+00
  -1.89491881326264599572e+00
  -1.84716824058788553486e+00
  -1.80044681655542748722e+00
  -1.75470901753647523513e+00
  -1.70990866110648620513e+00
  -1.66599900688508650859e+00
  -1.62293285904787665253e+00
  -1.58066267091178946913e+00
  -1.53914065213432982304e+00
  -1.49831887921526352159e+00
  -1.45814941014846599643e+00
  -1.41858440424635690036e+00
  -1.37957624834788661339e+00
  -1.34107769083063876892e+00
  -1.30304198507804858131e+00
  -1.26542304430832008855e+00
  -1.22817560996151220465e+00
  -1.19125543616246720724e+00
  -1.15461949314467715588e+00
  -1.11822619293570157950e+00
  -1.08203564107762195690e+00
  -1.04600991869710879811e+00
  -1.01011339985836245958e+00
  -9.74313109840884150614e-01
  -9.38579130796982519236e-01
  -9.02885062175266872586e-01
  -8.67208544364582500918e-01
  -8.31531855234472594418e-01
</dep>
<dep S11_dB frequency>
  -1.58332379884606377907e+00
  -1.41289250573027924673e+00
  -1.26088349258293686006e+00
  -1.12512083266728901698e+00
  -1.00372651936128742811e+00
  -8.95073834006813728870e-01
  -7.97748976460273984124e-01
  -7.10519296410699885413e-01
  -6.32306847904994695497e-01
  -5.62166271025318686760e-01
  -4.99266214754000570153e-01
  -4.42873674514435988758e-01
  -3.92340740677942778625e-01
  -3.47093350116394139260e-01
  -3.06621708401772719021e-01
  -2.70472110357015793625e-01
  -2.38239934861497859586e-01
  -2.09563628731561146790e-01
  -1.84119526096868213472e-01
  -1.61617375479007951977e-01
  -1.41796467913496704316e-01
  -1.24422276842399093244e-01
  -1.09283534858737291229e-01
  -9.61896842700255827463e-02
  -8.49686483197457931293e-02
  -7.54648781258864254085e-02
  -6.75376372576715483520e-02
  -6.10594916135738588481e-02
  -5.59149770799085080175e-02
  -5.19994214967099688263e-02
  -4.92179008672124704282e-02
  -4.74843126249135175088e-02
  -4.67205512058351604687e-02
  -4.68557732359961218171e-02
  -4.78257413951108170669e-02
  -4.95722375069893167465e-02
  -5.20425366768136471451e-02
  -5.51889353791502126900e-02
  -5.89683273282736730714e-02
  -6.33418217569337443917e-02
  -6.82743994121931957464e-02
  -7.37346021641375193312e-02
  -7.96942526289600577938e-02
  -8.61282006449877179932e-02
  -9.30140938176687859240e-02
  -1.00332169677157467813e-01
  -1.08065067275997878093e-01
  -1.16197656301529950174e-01
  -1.24716881992698230830e-01
  -1.33611624338596746142e-01
  -1.42872570200075293956e-01
  -1.52492097139083931934e-01
  -1.62464167866175512867e-01
  -1.72784234326855107300e-01
  -1.83449150544284456110e-01
  -1.94457093420958349039e-01
  -2.05807490777024204576e-01
  -2.17500955968576936694e-01
  -2.29539228487755653241e-01
  -2.41925119997137422212e-01
  -2.54662465296353557331e-01
  -2.67756077758234956043e-01
  -2.81211708806612392664e-01
  -2.95036011038581957866e-01
  -3.09236504620624019779e-01
  -3.23821546611358035417e-01
  -3.38800302883963400102e-01
  -3.54182722339109690157e-01
  -3.69979513113906366417e-01
  -3.86202120506006441047e-01
  -4.02862706342390963776e-01
  -4.19974129532130868725e-01
  -4.37549927549978845409e-01
  -4.55604298604121660254e-01
  -4.74152084246686311708e-01
  -4.93208752190100851998e-01
  -5.12790379095472759197e-01
  -5.32913633102487849236e-01
  -5.53595755872244410511e-01
  -5.74854543917177940315e-01
  -5.96708328993494574455e-01
  -6.19175957334245796737e-01
  -6.42276767503274781390e-01
  -6.66030566653136313349e-01
  -6.90457604973965466399e-01
  -7.15578548124331526026e-01
  -7.41414447441404056427e-01
  -7.67986707734108042800e-01
  -7.95317052472370833449e-01
  -8.23427486195853597373e-01
  -8.52340253978259410061e-01
  -8.82077797798381357808e-01
  -9.12662709687558248994e-01
  -9.44117681542397391148e-01
  -9.76465451517038451890e-01
  -1.00972874693461300843e+00
  -1.04393022368914034637e+00
  -1.07909240214236001876e+00
  -1.11523759955789225629e+00
  -1.15238785915650598923e+00
  -1.19056487592104076612e+00
  -1.22978991932860792780e+00
  -1.27008375323915823074e+00
  -1.31146655322566840773e+00
  -1.35395782168882350405e+00
  -1.39757630116016717814e+00
  -1.44233988626086340190e+00
  -1.48826553484684476203e+00
  -1.53536917893742730357e+00
  -1.58366563608831389942e+00
  -1.63316852193563999407e+00
  -1.68389016469975105750e+00
  -1.73584152249700385262e+00
  -1.78903210436547577267e+00
  -1.84346989596050803151e+00
  -1.89916129092289698299e+00
  -1.95611102896048327793e+00
  -2.01432214171527323998e+00
  -2.07379590751042419683e+00
  -2.13453181608339459530e+00
  -2.19652754441433906152e+00
  -2.25977894474872442743e+00
  -2.32428004589512982037e+00
  -2.39002306884478477045e+00
  -2.45699845771914038295e+00
  -2.52519492699501046928e+00
  -2.59459952589437037318e+00
  -2.66519772074973104736e+00
  -2.73697349607357143242e+00
  -2.80990947497029264213e+00
  -2.88398705943217370518e+00
  -2.95918659096218661375e+00
  -3.03548753186420050554e+00
  -3.11286866744088008829e+00
  -3.19130832924192597844e+00
  -3.27078463941389063763e+00
  -3.35127577611961502413e+00
  -3.43276025992431632616e+00
  -3.51521726098899156554e+00
  -3.59862692687204344111e+00
  -3.68297073072552727524e+00
  -3.76823183967396735383e+00
  -3.85439550320363011338e+00
  -3.94144946145152808015e+00
  -4.02938437338563204548e+00
  -4.11819426500626128984e+00
  -4.20787699787810343111e+00
  -4.29843475853302248169e+00
  -4.38987456955960020366e+00
  -4.48220882353481719917e+00
  -4.57545584134920968467e+00
  -4.66964045694860363511e+00
  -4.76479463105999112571e+00
  -4.86095809710626625133e+00
  -4.95817904324728964127e+00
  -5.05651483533536705295e+00
  -5.15603278655079222403e+00
  -5.25681098061689500156e+00
  -5.35893915680279597780e+00
  -5.46251966644076603075e+00
  -5.56766851245493121780e+00
  -5.67451648546384657124e+00
  -5.78321041244021394334e+00
  -5.89391453677151044843e+00
  -6.00681205194448342155e+00
  -6.12210681510956611362e+00
  -6.24002527160162223652e+00
  -6.36081862730200064959e+00
  -6.48476531276310375063e+00
  -6.61217379157908524689e+00
  -6.74338577599445176958e+00
  -6.87877992569224350206e+00
  -7.01877612178360976714e+00
  -7.16384042812254051569e+00
  -7.31449087736260405990e+00
  -7.47130425124741481824e+00
  -7.63492406560751124545e+00
  -7.80607002332526356270e+00
  -7.98554926712444768100e+00
  -8.17426985399159988788e+00
  -8.37325699216165730832e+00
</dep>
<dep Zin_ohm frequency>
  +2.86131939638292749351e+02
  +3.27990947056073423482e+02
  +3.85461639284177920217e+02
  +4.51669933550576956804e+02
  +5.22700778983308055103e+02
  +5.96469622432484811725e+02
  +6.71880791242479631364e+02
  +7.48365699085042592742e+02
  +8.25643956205917447733e+02
  +9.03598568632784235888e+02
  +9.82208786938577532055e+02
  +1.06151279959716430312e+03
  +1.14158642975179122914e+03
  +1.22253073759083622463e+03
  +1.30446476042604217582e+03
  +1.38752132144878601139e+03
  +1.47184473584630086407e+03
  +1.55758973399869410059e+03
  +1.64492119913985516177e+03
  +1.73401447901214078229e+03
  +1.82505612886751850965e+03
  +1.91824500431285036939e+03
  +2.01379366236323426165e+03
  +2.11193005650564327880e+03
  +2.21289953185132208091e+03
  +2.31696714283641131260e+03
  +2.42442033056135505831e+03
  +2.53557201126911786560e+03
  +2.65076414286452109081e+03
  +2.77037185387141789761e+03
  +2.89480823993858030008e+03
  +3.02452995822039792984e+03
  +3.16004378123521155430e+03
  +3.30191431112727877917e+03
  +3.45077310522780317115e+03
  +3.60732952789127966753e+03
  +3.77238372646560628709e+03
  +3.94684223735291516277e+03
  +4.13173687031144345383e+03
  +4.32824770785343298485e+03
  +4.53773130936674988334e+03
  +4.76175555154397807200e+03
  +5.00214300420771451172e+03
  +5.26102538702170750184e+03
  +5.54091255722307323595e+03
  +5.84478076120760306367e+03
  +6.17618672736882581376e+03
  +6.53941687102308333124e+03
  +6.93968488115655327420e+03
  +7.38339700465097484994e+03
  +7.87851366822046838934e+03
  +8.43505077815985168854e+03
  +9.06578778047695413989e+03
  +9.78728895935928630934e+03
  +1.06214118203260513837e+04
  +1.15975955833460939175e+04
  +1.27564419071814227209e+04
  +1.41555208095818325091e+04
  +1.58791849426206172211e+04
  +1.80559963709343246592e+04
  +2.08915452979531073652e+04
  +2.47348044850406986370e+04
  +3.02243282484830961039e+04
  +3.86445820485542863025e+04
  +5.28816647466370122856e+04
  +7.97221950285921629984e+04
  +1.21296297244999441318e+05
  +1.06010899845244493918e+05
  +6.73783601883389201248e+04
  +4.65185114026608353015e+04
  +3.50250171606216390501e+04
  +2.79458812242283056548e+04
  +2.31905145288473977416e+04
  +1.97877950181209889706e+04
  +1.72359061893922698800e+04
  +1.52520195896728291700e+04
  +1.36653998046342858288e+04
  +1.23671725371896591241e+04
  +1.12847547561774899805e+04
  +1.03679504216990262648e+04
  +9.58096322885492736532e+03
  +8.89759186516839872638e+03
  +8.29822419514857028844e+03
  +7.76789244347592375561e+03
  +7.29497755188626979361e+03
  +6.87032365152017700893e+03
  +6.48661901706639855547e+03
  +6.13795454047197472391e+03
  +5.81950311630028681975e+03
  +5.52728303865104044235e+03
  +5.25798082868202709506e+03
  +5.00881679393140257162e+03
  +4.77744177150086397887e+03
  +4.56185693846059984935e+03
  +4.36035089910818351200e+03
  +4.17144986143139794876e+03
  +3.99387783582792781090e+03
  +3.82652458359705906332e+03
  +3.66841961310025590137e+03
  +3.51871093585425842321e+03
  +3.37664759917303399561e+03
  +3.24156523783790771631e+03
  +3.11287405651567996756e+03
  +2.99004878261861813371e+03
  +2.87262022690950288961e+03
  +2.76016816422030206013e+03
  +2.65231530484106042422e+03
  +2.54872217259411809209e+03
  +2.44908274139735431163e+03
  +2.35312071052075407351e+03
  +2.26058632146810123231e+03
  +2.17125363777202301208e+03
  +2.08491822397654777888e+03
  +2.00139517247077583306e+03
  +1.92051743724477387332e+03
  +1.84213444255312879250e+03
  +1.76611094229758009533e+03
  +1.69232611301659403580e+03
  +1.62067286999210114118e+03
  +1.55105740241549506209e+03
  +1.48339893003360612056e+03
  +1.41762969043569160021e+03
  +1.35369517331884708256e+03
  +1.29155462579387472033e+03
  +1.23118186104537767278e+03
  +1.17256641118439392812e+03
  +1.11571507323253240429e+03
  +1.06065390339655209573e+03
  +1.00743071636755826148e+03
  +9.56118138412388361758e+02
  +9.06817237274338481257e+02
  +8.59661695204272291448e+02
  +8.14822384108751634813e+02
  +7.72512017041334502210e+02
  +7.32989257351382661909e+02
  +6.96561243237025564667e+02
  +6.63582946187238803759e+02
  +6.34451232714993579975e+02
  +6.09591206465283448779e+02
  +5.89432834976627304968e+02
  +5.74377554975304065010e+02
  +5.64757726045983986296e+02
  +5.60795758282678093565e+02
  +5.62572554757095304012e+02
  +5.70014285203261124479e+02
  +5.82901664685009905043e+02
  +6.00898872796262708107e+02
  +6.23593706087689497508e+02
  +6.50539061364771555418e+02
  +6.81288156962320385901e+02
  +7.15419846233413636583e+02
  +7.52553835404943924914e+02
  +7.92357621600702827891e+02
  +8.34547603439910517409e+02
  +8.78886614264193781310e+02
  +9.25179589356938549827e+02
  +9.73268513281325567732e+02
  +1.02302733533405216804e+03
  +1.07435721779936193343e+03
  +1.12718227423517419084e+03
  +1.18144583206936067654e+03
  +1.23710718662032695647e+03
  +1.29413878067023597396e+03
  +1.35252373024509051902e+03
  +1.41225361397854271672e+03
  +1.47332644473389018458e+03
  +1.53574474477177477638e+03
  +1.59951364787619763774e+03
  +1.66463895254188128092e+03
  +1.73112504913507132187e+03
  +1.79897264072753159780e+03
  +1.86817617213053313208e+03
  +1.93872087477862760352e+03
  +2.01057932701638333128e+03
  +2.08370742083375171205e+03
  +2.15803961846414858883e+03
  +2.23348337747587402191e+03
  +2.30991262398936396494e+03
  +2.38716016468181032906e+03
  +2.46500895521831625956e+03
  +2.54318219363181651715e+03
</dep>
<dep Zin_norm frequency>
  +5.72263879276585551992e+00
  +6.55981894112146868281e+00
  +7.70923278568355829776e+00
  +9.03339867101153970452e+00
  +1.04540155796661622389e+01
  +1.19293924486496951687e+01
  +1.34376158248495922720e+01
  +1.49673139817008529207e+01
  +1.65128791241183492389e+01
  +1.80719713726556854283e+01
  +1.96441757387715512095e+01
  +2.12302559919432880520e+01
  +2.28317285950358233038e+01
  +2.44506147518167225030e+01
  +2.60892952085208449375e+01
  +2.77504264289757216488e+01
  +2.94368947169260160024e+01
  +3.11517946799738822961e+01
  +3.28984239827971052250e+01
  +3.46802895802428139405e+01
  +3.65011225773503724668e+01
  +3.83649000862570090931e+01
  +4.02758732472646840961e+01
  +4.22386011301128618811e+01
  +4.42579906370264453130e+01
  +4.63393428567282228414e+01
  +4.84884066112270986082e+01
  +5.07114402253823612909e+01
  +5.30152828572904226689e+01
  +5.54074370774283622154e+01
  +5.78961647987716077068e+01
  +6.04905991644079605862e+01
  +6.32008756247042313703e+01
  +6.60382862225455795624e+01
  +6.90154621045560645598e+01
  +7.21465905578255899400e+01
  +7.54476745293121240366e+01
  +7.89368447470583021186e+01
  +8.26347374062288650975e+01
  +8.65649541570686551495e+01
  +9.07546261873350061933e+01
  +9.52351110308795654191e+01
  +1.00042860084154298761e+02
  +1.05220507740434157995e+02
  +1.10818251144461456192e+02
  +1.16895615224152066958e+02
  +1.23523734547376520254e+02
  +1.30788337420461658667e+02
  +1.38793697623131066621e+02
  +1.47667940093019495862e+02
  +1.57570273364409359829e+02
  +1.68701015563197046276e+02
  +1.81315755609539081661e+02
  +1.95745779187185718229e+02
  +2.12428236406521023127e+02
  +2.31951911666921887445e+02
  +2.55128838143628456692e+02
  +2.83110416191636659278e+02
  +3.17583698852412339875e+02
  +3.61119927418686472720e+02
  +4.17830905959062135935e+02
  +4.94696089700813956824e+02
  +6.04486564969661912983e+02
  +7.72891640971085735146e+02
  +1.05763329493274022752e+03
  +1.59444390057184318721e+03
  +2.42592594489998873541e+03
  +2.12021799690488978740e+03
  +1.34756720376677844797e+03
  +9.30370228053216692388e+02
  +7.00500343212432767359e+02
  +5.58917624484566090359e+02
  +4.63810290576947977570e+02
  +3.95755900362419765770e+02
  +3.44718123787845399875e+02
  +3.05040391793456592495e+02
  +2.73307996092685698386e+02
  +2.47343450743793169977e+02
  +2.25695095123549805294e+02
  +2.07359008433980534392e+02
  +1.91619264577098562086e+02
  +1.77951837303367966570e+02
  +1.65964483902971409179e+02
  +1.55357848869518477386e+02
  +1.45899551037725387914e+02
  +1.37406473030403532221e+02
  +1.29732380341327967699e+02
  +1.22759090809439499026e+02
  +1.16390062326005732984e+02
  +1.10545660773020813394e+02
  +1.05159616573640533943e+02
  +1.00176335878628052001e+02
  +9.55488354300172773037e+01
  +9.12371387692119952817e+01
  +8.72070179821636628503e+01
  +8.34289972286279635227e+01
  +7.98775567165585584917e+01
  +7.65304916719411778558e+01
  +7.33683922620051163221e+01
  +7.03742187170851707378e+01
  +6.75329519834606770701e+01
  +6.48313047567581577368e+01
  +6.22574811303136002039e+01
  +5.98009756523723652322e+01
  +5.74524045381900592133e+01
  +5.52033632844060377920e+01
  +5.30463060968212118951e+01
  +5.09744434518823652525e+01
  +4.89816548279470822536e+01
  +4.70624142104150777755e+01
  +4.52117264293620237936e+01
  +4.34250727554404605257e+01
  +4.16983644795309587039e+01
  +4.00279034494155183665e+01
  +3.84103487448954794559e+01
  +3.68426888510625758499e+01
  +3.53222188459516033276e+01
  +3.38465222603318807160e+01
  +3.24134573998420236762e+01
  +3.10211480483099002470e+01
  +2.96679786006721215585e+01
  +2.83525938087138307253e+01
  +2.70739034663769437827e+01
  +2.58310925158774935539e+01
  +2.46236372209075540241e+01
  +2.34513282236878772835e+01
  +2.23143014646506472332e+01
  +2.12130780679310433356e+01
  +2.01486143273511650875e+01
  +1.91223627682477683720e+01
  +1.81363447454867703357e+01
  +1.71932339040854458290e+01
  +1.62964476821750317015e+01
  +1.54502403408266903995e+01
  +1.46597851470276534513e+01
  +1.39312248647405123592e+01
  +1.32716589237447752936e+01
  +1.26890246542998710311e+01
  +1.21918241293056688335e+01
  +1.17886566995325470231e+01
  +1.14875510995060814423e+01
  +1.12951545209196790864e+01
  +1.12159151656535609476e+01
  +1.12514510951419062224e+01
  +1.14002857040652223475e+01
  +1.16580332937001980298e+01
  +1.20179774559252550148e+01
  +1.24718741217537907318e+01
  +1.30107812272954319610e+01
  +1.36257631392464073627e+01
  +1.43083969246682727317e+01
  +1.50510767080988774325e+01
  +1.58471524320140559894e+01
  +1.66909520687982109166e+01
  +1.75777322852838757683e+01
  +1.85035917871387702860e+01
  +1.94653702656265110704e+01
  +2.04605467066810433607e+01
  +2.14871443559872403739e+01
  +2.25436454847034823956e+01
  +2.36289166413872138151e+01
  +2.47421437324065394137e+01
  +2.58827756134047177738e+01
  +2.70504746049018116594e+01
  +2.82450722795708557555e+01
  +2.94665288946778041179e+01
  +3.07148948954354956697e+01
  +3.19902729575239526127e+01
  +3.32927790508376233447e+01
  +3.46225009827014247321e+01
  +3.59794528145506333772e+01
  +3.73635234426106634942e+01
  +3.87744174955725497966e+01
  +4.02115865403276657730e+01
  +4.16741484166750311147e+01
  +4.31607923692829729134e+01
  +4.46696675495174773118e+01
  +4.61982524797872784461e+01
  +4.77432032936362062969e+01
  +4.93001791043663217806e+01
  +5.08636438726363309115e+01
</dep>
<dep S[2,2] frequency>
  -8.25336404781872645664e-01+j1.15379439264632607798e-01
  -8.32001044062444683469e-01+j1.73386402218598245639e-01
  -8.33418156641646756810e-01+j2.31152527109673489036e-01
  -8.29880850501488742665e-01+j2.88214879026724379862e-01
  -8.21698989827253645224e-01+j3.44176863944402222639e-01
  -8.09190818811252432496e-01+j3.98701949922682541416e-01
  -7.92676500423066032752e-01+j4.51507437479665985069e-01
  -7.72473226326482076409e-01+j5.02358494656170440074e-01
  -7.48891595738742643640e-01+j5.51062584851042758238e-01
  -7.22233005399182448336e-01+j5.97464353406236492461e-01
  -6.92787835544838470625e-01+j6.41440996351339665082e-01
  -6.60834255546560611627e-01+j6.82898106730328025016e-01
  -6.26637506643336283929e-01+j7.21765976534383568719e-01
  -5.90449547845665390078e-01+j7.57996322341551231894e-01
  -5.52508974842883193723e-01+j7.91559397973096712242e-01
  -5.13041141156085012121e-01+j8.22441456089723188505e-01
  -4.72258426425575472685e-01+j8.50642521429472830974e-01
  -4.30360609207773969764e-01+j8.76174440461021553084e-01
  -3.87535311535549376050e-01+j8.99059174993997012315e-01
  -3.43958490255926618850e-01+j9.19327310353929338937e-01
  -2.99794956217642960539e-01+j9.37016751836124539565e-01
  -2.55198907085649517867e-01+j9.52171586143421122550e-01
  -2.10314463195167278275e-01+j9.64841087297612087781e-01
  -1.65276198655152611883e-01+j9.75078849049415108396e-01
  -1.20209662054159061029e-01+j9.82942028082679164491e-01
  -7.52318827567089731811e-02+j9.88490684319032753002e-01
  -3.04518600207237463695e-02+j9.91787206394126208409e-01
  +1.40289668937168352653e-02+j9.92895811916508219674e-01
  +5.81162687468043531736e-02+j9.91882113457803193945e-01
  +1.01722397066101213903e-01+j9.88812742381565579208e-01
  +1.44765975818796716057e-01+j9.83755023619972912563e-01
  +1.87171513920349780191e-01+j9.76776695373070213968e-01
  +2.28869038280525044504e-01+j9.67945668452989682606e-01
  +2.69793746937392997509e-01+j9.57329820641916962032e-01
  +3.09885681724989259234e-01+j9.44996821991857083312e-01
  +3.49089419849531901185e-01+j9.31013987478988780389e-01
  +3.87353783704488696671e-01+j9.15448153846148859891e-01
  +4.24631568229467570852e-01+j8.98365577833090234172e-01
  +4.60879285107230363128e-01+j8.79831853313229328428e-01
  +4.96056923093440127470e-01+j8.59911845134380681266e-01
  +5.30127723782119475437e-01+j8.38669637705051429499e-01
  +5.63057972124121008939e-01+j8.16168496581961555592e-01
  +5.94816801034584785590e-01+j7.92470841502676770496e-01
  +6.25376009447134451058e-01+j7.67638229472900612826e-01
  +6.54709893196430914308e-01+j7.41731346664094237653e-01
  +6.82795088135975114518e-01+j7.14810008006025454641e-01
  +7.09610424924207783270e-01+j6.86933163472763896884e-01
  +7.35136794938341719963e-01+j6.58158910161317112220e-01
  +7.59357026801922185832e-01+j6.28544509351093072524e-01
  +7.82255773038301405187e-01+j5.98146407810909774838e-01
  +8.03819406387930035507e-01+j5.67020262689675647039e-01
  +8.24035925352442855107e-01+j5.35220969387916301052e-01
  +8.42894868552654941141e-01+j5.02802691861078954183e-01
  +8.60387237510864766321e-01+j4.69818894852534141293e-01
  +8.76505427489908672811e-01+j4.36322377595390997751e-01
  +8.91243166042374634905e-01+j4.02365308557880385631e-01
  +9.04595458942960339854e-01+j3.67999260837894748288e-01
  +9.16558543195199804110e-01+j3.33275247838794530519e-01
  +9.27129846820516134720e-01+j2.98243758880942233525e-01
  +9.36307955152777093843e-01+j2.62954794422356641359e-01
  +9.44092583375062410767e-01+j2.27457900577466703984e-01
  +9.50484555047216184143e-01+j1.91802202635636243055e-01
  +9.55485786382834545449e-01+j1.56036437291157153995e-01
  +9.59099276042496562411e-01+j1.20208983304206748488e-01
  +9.61329100216340659557e-01+j8.43678903178510242178e-02
  +9.62180412773291915407e-01+j4.85609055601262246116e-02
  +9.61659450256406422852e-01+j1.28354981625271227091e-02
  +9.59773541503738281122e-01-j2.27611191726615202935e-02
  +9.56531121671903461490e-01-j5.81819714236613758085e-02
  +9.51941750434884603749e-01-j9.33803056872572340152e-02
  +9.46016134123719099058e-01-j1.28309579072878598982e-01
  +9.38766151563320661033e-01-j1.62923450323134266782e-01
  +9.30204883350854716539e-01-j1.97175775432510691498e-01
  +9.20346644305789607365e-01-j2.31020607536483651989e-01
  +9.09207018804936706324e-01-j2.64412201343309005708e-01
  +8.96802898696453576477e-01-j2.97305022379502459362e-01
  +8.83152523465137173631e-01-j3.29653761317320659341e-01
  +8.68275522297125790239e-01-j3.61413353648047830369e-01
  +8.52192957665838135561e-01-j3.92539004958065707029e-01
  +8.34927370032369275954e-01-j4.22986222055255489671e-01
  +8.16502823223247964357e-01-j4.52710850180743307192e-01
  +7.96944950016233111256e-01-j4.81669116525034857190e-01
  +7.76280997431350150428e-01-j5.09817680247661830784e-01
  +7.54539871189879529645e-01-j5.37113689175183428581e-01
  +7.31752178768775740636e-01-j5.63514843323494662997e-01
  +7.07950270442914253444e-01-j5.88979465356241127516e-01
  +6.83168277672723256444e-01-j6.13466578051605981869e-01
  +6.57442148161299089182e-01-j6.36935988804434916055e-01
  +6.30809676873354097104e-01-j6.59348381139267525342e-01
  +6.03310532279413114232e-01-j6.80665413152289344723e-01
  +5.74986277063277095856e-01-j7.00849822736402727763e-01
  +5.45880382510060435663e-01-j7.19865539373365725950e-01
  +5.16038235776643761099e-01-j7.37677802200731758120e-01
  +4.85507139238148310856e-01-j7.54253283979007593807e-01
  +4.54336301102870487867e-01-j7.69560220496818714331e-01
  +4.22576816496452067895e-01-j7.83568544859256532753e-01
  +3.90281638233948513506e-01-j7.96250026007892519608e-01
  +3.57505536527738865260e-01-j8.07578410721065065303e-01
  +3.24305046920312645131e-01-j8.17529568241300186315e-01
  +2.90738405785435916062e-01-j8.26081636574205857571e-01
  +2.56865472809086003991e-01-j8.33215169401854915954e-01
  +2.22747639944171321735e-01-j8.38913282454943232125e-01
  +1.88447726430367501482e-01-j8.43161798094186898389e-01
  +1.54029859582612976832e-01-j8.45949386764347943668e-01
  +1.19559341178961858754e-01-j8.47267703906481983722e-01
  +8.51024994199700013375e-02-j8.47111520847643739707e-01
  +5.07265265865393943923e-02-j8.45478848134900151656e-01
  +1.64993026903745496070e-02-j8.42371049744513933355e-01
  -1.75107944112020581795e-02-j8.37792946579705710697e-01
  -5.12350917781676240548e-02-j8.31752907674075059319e-01
  -8.46048361784497160443e-02-j8.24262927544009316172e-01
  -1.17551419861258055199e-01-j8.15338688184421345184e-01
  -1.50006616072929477301e-01-j8.04999604278986202743e-01
  -1.81902822884301207385e-01-j7.93268850299406746984e-01
  -2.13173313715033063698e-01-j7.80173368298949010402e-01
  -2.43752492768830292258e-01-j7.65743855362661096642e-01
  -2.73576153437701141691e-01-j7.50014729860025819441e-01
  -3.02581737597710398457e-01-j7.33024075853267675917e-01
  -3.30708593607058065622e-01-j7.14813565244085125094e-01
  -3.57898230733219802069e-01-j6.95428357490357473836e-01
  -3.84094567683196774777e-01-j6.74916976988374162083e-01
  -4.09244172891810087389e-01-j6.53331168491770752915e-01
  -4.33296494240408724963e-01-j6.30725731219877183698e-01
  -4.56204075933008712518e-01-j6.07158332591803739930e-01
  -4.77922760350311337518e-01-j5.82689302801037478652e-01
  -4.98411872833122160387e-01-j5.57381411714795271806e-01
  -5.17634387515140792502e-01-j5.31299629835363051988e-01
  -5.35557072528199173966e-01-j5.04510875293094129823e-01
  -5.52150613138132739799e-01-j4.77083749046396499160e-01
  -5.67389711632753868109e-01-j4.49088260638411673753e-01
  -5.81253163070009848390e-01-j4.20595546999341429739e-01
  -5.93723906299297832234e-01-j3.91677586883489914360e-01
  -6.04789049986212856602e-01-j3.62406913589034929135e-01
  -6.14439873694372806767e-01-j3.32856328624611730316e-01
  -6.22671804401310091670e-01-j3.03098618959205257095e-01
  -6.29484369142063848734e-01-j2.73206280421473990394e-01
  -6.34881124778076122439e-01-j2.43251249702658933760e-01
  -6.38869566174206982012e-01-j2.13304647266326474764e-01
  -6.41461014327927236955e-01-j1.83436533281683300523e-01
  -6.42670486227313264571e-01-j1.53715678479296541381e-01
  -6.42516548414159283098e-01-j1.24209351583255175888e-01
  -6.41021156392931112933e-01-j9.49831247084519797452e-02
  -6.38209482152326312843e-01-j6.61006978297102587572e-02
  -6.34109732153757432727e-01-j3.76237431386239051800e-02
  -6.28752958189121025079e-01-j9.61176980864496613433e-03
  -6.22172863519915630981e-01+j1.78779906044789181629e-02
  -6.14405606682721927569e-01+j4.47906781861774697107e-02
  -6.05489605284225906878e-01+j7.10738784443304544292e-02
  -5.95465342016116339074e-01+j9.66776764402436233903e-02
  -5.84375174999033797363e-01+j1.21554692099814495854e-01
  -5.72263154420259989585e-01+j1.45660097750555883600e-01
  -5.59174847265371588456e-01+j1.68951619120762591697e-01
  -5.45157171765046633105e-01+j1.91389521200854589855e-01
  -5.30258242988274064444e-01+j2.12936580503818750909e-01
  -5.14527230817481195935e-01+j2.33558045371361600040e-01
  -4.98014231343145319375e-01+j2.53221586055951297656e-01
  -4.80770152519877314035e-01+j2.71897236367449335326e-01
  -4.62846614735588302025e-01+j2.89557328708981598364e-01
  -4.44295866763931845966e-01+j3.06176424341985220501e-01
  -4.25170717400055520052e-01+j3.21731240718415800739e-01
  -4.05524482922772988580e-01+j3.36200577701819880438e-01
  -3.85410950384454331630e-01+j3.49565244472070935089e-01
  -3.64884356604314230577e-01+j3.61807988874708552629e-01
  -3.43999382631038352898e-01+j3.72913430938992263020e-01
  -3.22811163347946572522e-01+j3.82868002252912453809e-01
  -3.01375311816065472037e-01+j3.91659892852654012430e-01
  -2.79747957887600595672e-01+j3.99279007262532070754e-01
  -2.57985800571546908255e-01+j4.05716931313397533021e-01
  -2.36146173592298141974e-01+j4.10966911377078469858e-01
  -2.14287123548672936435e-01+j4.15023847686104119248e-01
  -1.92467500049483680735e-01+j4.17884303465636541830e-01
  -1.70747057169436888824e-01+j4.19546531692964297378e-01
  -1.49186565529182829648e-01+j4.20010521423366256499e-01
  -1.27847934249075173563e-01+j4.19278065783843745251e-01
  -1.06794341949975515882e-01+j4.17352853943163903949e-01
  -8.60903758659894435823e-02+j4.14240589621824195632e-01
  -6.58021779818561552977e-02+j4.09949139013582486424e-01
  -4.59975968977201429833e-02+j4.04488711355151298044e-01
  -2.67463438388251366351e-02+j3.97872075805891123323e-01
  -8.12015084677181024631e-03+j3.90114818787658079735e-01
  +9.80707131282981987852e-03+j3.81235646487249391079e-01
</dep>
<dep S[2,1] frequency>
  -7.57173851209968079568e-02-j5.41796973183969465815e-01
  -1.06226935302972252950e-01-j5.09900057687387331384e-01
  -1.32345611511448385533e-01-j4.77330751681130593944e-01
  -1.54328368940868626558e-01-j4.44524270613948113695e-01
  -1.72446076695279143509e-01-j4.11851297256306148054e-01
  -1.86977241443965880308e-01-j3.79624277704546597700e-01
  -1.98201645059051467790e-01-j3.48103662094098376123e-01
  -2.06395552063455944847e-01-j3.17503874692571352867e-01
  -2.11828184344182157695e-01-j2.87998885507926960514e-01
  -2.14759204973779621595e-01-j2.59727317669562418612e-01
  -2.15436995733358171989e-01-j2.32797067429706128205e-01
  -2.14097551709237832185e-01-j2.07289441637000498853e-01
  -2.10963850144365777650e-01-j1.83262834948086650311e-01
  -2.06245579384916638555e-01-j1.60755978978256303114e-01
  -2.00139137553524776303e-01-j1.39790800392637637461e-01
  -1.92827830014877743547e-01-j1.20374926332951173724e-01
  -1.84482210374016880605e-01-j1.02503874800448674387e-01
  -1.75260522261064616290e-01-j8.61629655456166709815e-02
  -1.65309209061568707089e-01-j7.13289842466833107215e-02
  -1.54763466537678917589e-01-j5.79716296903835456855e-02
  -1.43747819368624601966e-01-j4.60547705569242724066e-02
  -1.32376707367322987707e-01-j3.55375354139104149276e-02
  -1.20755070787916363173e-01-j2.63752567308896644638e-02
  -1.08978926957224164784e-01-j1.85202871813713032534e-02
  -9.71359326257967975460e-02-j1.19227042173577785916e-02
  -8.53059280873890851682e-02-j6.53091687878247246363e-03
  -7.35614603744791789586e-02-j2.29218702224742460621e-03
  -6.19682837920420837019e-02+j8.46924400198108902511e-04
  -5.05858367722026025515e-02+j2.94017673356004654792e-03
  -3.94676945731344611112e-02+j4.04132657847033373300e-03
  -2.86619977486592542038e-02+j4.20385522752477099051e-03
  -1.82118566128879263988e-02+j3.48074037183773027371e-03
  -8.15573214172470029037e-03+j1.92426663321755737901e-03
  +1.47220609076226943701e-03-j4.14129861156617646092e-04
  +1.06417442336202636155e-02-j3.48398707047781934845e-03
  +1.93263099563946265380e-02-j7.23591650804262295077e-03
  +2.75026788943011808730e-02-j1.16216798595371040292e-02
  +3.51507008864102507562e-02-j1.65942456465842172464e-02
  +4.22530451412769236796e-02-j2.21078284978739499078e-02
  +4.87949634655160807695e-02-j2.81179132987379246100e-02
  +5.47640707006910795740e-02-j3.45812662338017273722e-02
  +6.01501415305060807559e-02-j4.14559345117785985058e-02
  +6.49449228418340213098e-02-j4.87012363623817168268e-02
  +6.91419608483305192514e-02-j5.62777427194833465562e-02
  +7.27364422131753923795e-02-j6.41472518490011772707e-02
  +7.57250484370805554413e-02-j7.22727580421695936508e-02
  +7.81058228085012573594e-02-j8.06184153727463187478e-02
  +7.98780492443412898362e-02-j8.91494974084244412582e-02
  +8.10421423811139574056e-02-j9.78323536708152058372e-02
  +8.15995483080393935182e-02-j1.06634363553454458717e-01
  +8.15526553646834934108e-02-j1.15523888332146676405e-01
  +8.09047144562927839084e-02-j1.24470221835699626500e-01
  +7.96597683696460001634e-02-j1.33443540286676542994e-01
  +7.78225896009638040685e-02-j1.42414851770618161586e-01
  +7.53986262349837510488e-02-j1.51355945747299491799e-01
  +7.23939554405729490671e-02-j1.60239342978686000185e-01
  +6.88152441731710307060e-02-j1.69038246214532700273e-01
  +6.46697166977098225615e-02-j1.77726491947588077780e-01
  +5.99651285674622433475e-02-j1.86278503525864252977e-01
  +5.47097467143457596994e-02-j1.94669245888655639831e-01
  +4.89123353245111414100e-02-j2.02874182175879380630e-01
  +4.25821471894505323985e-02-j2.10869232446304566420e-01
  +3.57289202373683861813e-02-j2.18630734729127390592e-01
  +2.83628789619557279689e-02-j2.26135408624724337789e-01
  +2.04947404760765887477e-02-j2.33360321664059372493e-01
  +1.21357249259950485121e-02-j2.40282858631772566760e-01
  +3.29757000769630636769e-03-j2.46880694055233135265e-01
  -6.00745066960222881547e-03-j2.53131768060379125362e-01
  -1.57665056264394559671e-02-j2.59014265794892284411e-01
  -2.59661802175505940227e-02-j2.64506600619666909502e-01
  -3.65924482564475433977e-02-j2.69587401270615423243e-01
  -4.76306408251166157886e-02-j2.74235503193851037906e-01
  -5.90654125426278084343e-02-j2.78429944258573813798e-01
  -7.08807055778678252178e-02-j2.82149965052411688671e-01
  -8.30597117055808242814e-02-j2.85375013963959922592e-01
  -9.55848327214328247203e-02-j2.88084757255932633058e-01
  -1.08437639550772721431e-01-j2.90259094329577194138e-01
  -1.21598830407232044726e-01-j2.91878178376380248427e-01
  -1.35048188380916922569e-01-j2.92922442606183441871e-01
  -1.48764538861834744177e-01-j2.93372632231240604295e-01
  -1.62725707231814537002e-01-j2.93209842373074014432e-01
  -1.76908477287639726017e-01-j2.92415562042825094569e-01
  -1.91288550888766339941e-01-j2.90971724325719993676e-01
  -2.05840509354636408412e-01-j2.88860762875751464485e-01
  -2.20537777168835019692e-01-j2.86065674797630953297e-01
  -2.35352588579404164992e-01-j2.82570089958688930309e-01
  -2.50255957716243149225e-01-j2.78358346733731276679e-01
  -2.65217652876734488743e-01-j2.73415574140386807844e-01
  -2.80206175659021505808e-01-j2.67727780271017623548e-01
  -2.95188745647701311636e-01-j2.61281946869686976243e-01
  -3.10131291378381135360e-01-j2.54066129838877330371e-01
  -3.24998448324306743462e-01-j2.46069565390616112888e-01
  -3.39753564659644902157e-01-j2.37282781480678939268e-01
  -3.54358715557977210775e-01-j2.27697714082677138414e-01
  -3.68774726781232853323e-01-j2.17307827771813066864e-01
  -3.82961208301302979962e-01-j2.06108239996234565705e-01
  -3.96876598673836344933e-01-j1.94095848318301261726e-01
  -4.10478220849389063840e-01-j1.81269459809467320399e-01
  -4.23722350060782460002e-01-j1.67629921682278304473e-01
  -4.36564294365662186603e-01-j1.53180252142426143180e-01
  -4.48958488349777529169e-01-j1.37925770344657278033e-01
  -4.60858600408187379927e-01-j1.21874224240324416368e-01
  -4.72217653918400204205e-01-j1.05035915013539024598e-01
  -4.82988162501327422671e-01-j8.74238167194058279907e-02
  -4.93122279432719412551e-01-j6.90536896640078778908e-02
  -5.02571961120187982175e-01-j4.99441860040469309823e-02
  -5.11289144400108086508e-01-j3.01169459967552295698e-02
  -5.19225937235354040311e-01-j9.59668330044872661122e-03
  -5.26334822211285024984e-01+j1.15887422850005500363e-02
  -5.32568872035354745620e-01+j3.34082662378390252145e-02
  -5.37881976047953402897e-01+j5.58275764603233873307e-02
  -5.42229076551616673285e-01+j7.88090876575417709216e-02
  -5.45566413565519492401e-01+j1.02311934369858373306e-01
  -5.47851776416623303945e-01+j1.26291983966499071768e-01
  -5.49044760390986041898e-01+j1.50701870766436041293e-01
  -5.49107026493621197538e-01+j1.75491052284230786285e-01
  -5.48002562206331811367e-01+j2.00605888403050935942e-01
  -5.45697940995013452969e-01+j2.25989744056790869964e-01
  -5.42162578204706591123e-01+j2.51583115760200315414e-01
  -5.37368980896030024041e-01+j2.77323782062923629432e-01
  -5.31292989124347303509e-01+j3.03146977724637112228e-01
  -5.23914006145412058935e-01+j3.28985591117438636033e-01
  -5.15215215051478603314e-01+j3.54770384064329979967e-01
  -5.05183779400507071422e-01+j3.80430233022754415995e-01
  -4.93811025500030253976e-01+j4.05892390227190036356e-01
  -4.81092604145243241121e-01+j4.31082763118533107694e-01
  -4.67028629787887838987e-01+j4.55926210118251462600e-01
  -4.51623795325715504667e-01+j4.80346850556018445388e-01
  -4.34887460949391402298e-01+j5.04268386337371365968e-01
  -4.16833715760530354455e-01+j5.27614432747322448236e-01
  -3.97481411176655474726e-01+j5.50308855630997184605e-01
  -3.76854165461010193194e-01+j5.72276112077283571899e-01
  -3.54980339051488458235e-01+j5.93441591658600109405e-01
  -3.31892980707240214944e-01+j6.13731955250902516674e-01
  -3.07629744837420004977e-01+j6.33075468474141311859e-01
  -2.82232780717582343311e-01+j6.51402326853766755477e-01
  -2.55748594629076952955e-01+j6.68644969907668196285e-01
  -2.28227886269481899939e-01+j6.84738381507615012644e-01
  -1.99725361072120105588e-01+j6.99620374046756143827e-01
  -1.70299520335246284963e-01+j7.13231854161049283469e-01
  -1.40012431292127592641e-01+j7.25517067998237896731e-01
  -1.08929479449371494071e-01+j7.36423824297125606542e-01
  -7.71191056791410006754e-02+j7.45903693828521618947e-01
  -4.46525306708573863079e-02+j7.53912184049821854082e-01
  -1.16034694284810873527e-02+j7.60408888133454419211e-01
  +2.19521614588674383872e-02+j7.65357607839022513474e-01
  +5.59365410409671456882e-02+j7.68726450004790229364e-01
  +9.02702430249083392910e-02+j7.70487896731589572141e-01
  +1.24872533951601957791e-01+j7.70618849616300227723e-01
  +1.59661667988452771194e-01+j7.69100648659853169953e-01
  +1.94555175915964162492e-01+j7.65919066722303143457e-01
  +2.29470146028389304638e-01+j7.61064280623339084464e-01
  +2.64323494828325677997e-01+j7.54530820188390571879e-01
  +2.99032225569106968610e-01+j7.46317496717798234407e-01
  +3.33513672882196854363e-01+j7.36427312508803222357e-01
  +3.67685731916169655786e-01+j7.24867353188154761590e-01
  +4.01467070605023956809e-01+j7.11648664717512313693e-01
  +4.34777323873901277995e-01+j6.96786117016639838795e-01
  +4.67537268776041348151e-01+j6.80298256212241048146e-01
  +4.99668979734061546871e-01+j6.62207147565814779888e-01
  +5.31095963229243794856e-01+j6.42538211164945249898e-01
  +5.61743271442737945875e-01+j6.21320052481703744007e-01
  +5.91537594501251096091e-01+j5.98584289913040135112e-01
  +6.20407331117073690407e-01+j5.74365381424012277911e-01
  +6.48282637536948813661e-01+j5.48700452419571660378e-01
  +6.75095454828122165658e-01+j5.21629126977382839847e-01
  +7.00779514632598132806e-01+j4.93193364587089011497e-01
  +7.25270323614686351910e-01+j4.63437304563870888785e-01
  +7.48505126914102314473e-01+j4.32407120340096928768e-01
  +7.70422850999317954113e-01+j4.00150885892392393917e-01
  +7.90964026398185304778e-01+j3.66718456636187462028e-01
  +8.10070690867884746211e-01+j3.32161367220341841033e-01
  +8.27686273659953841708e-01+j2.96532748784751054583e-01
  +8.43755461644597470894e-01+j2.59887268408210525550e-01
  +8.58224048188887311817e-01+j2.22281093677087093763e-01
  +8.71038765845376872221e-01+j1.83771885551624630795e-01
  +8.82147104112087521166e-01+j1.44418823000725005112e-01
  +8.91497113785382100382e-01+j1.04282663221960697486e-01
  +8.99037199760656768888e-01+j6.34258416651703599287e-02
  +9.04715904562166106651e-01+j2.19126165379819846935e-02
  +9.08481685427454999093e-01-j2.01907370081759185432e-02
</dep>
<dep S[1,2] frequency>
  -7.57173851209968079568e-02-j5.41796973183969465815e-01
  -1.06226935302972252950e-01-j5.09900057687387331384e-01
  -1.32345611511448385533e-01-j4.77330751681130593944e-01
  -1.54328368940868626558e-01-j4.44524270613948113695e-01
  -1.72446076695279143509e-01-j4.11851297256306148054e-01
  -1.86977241443965880308e-01-j3.79624277704546597700e-01
  -1.98201645059051467790e-01-j3.48103662094098376123e-01
  -2.06395552063455944847e-01-j3.17503874692571352867e-01
  -2.11828184344182157695e-01-j2.87998885507926960514e-01
  -2.14759204973779621595e-01-j2.59727317669562418612e-01
  -2.15436995733358171989e-01-j2.32797067429706128205e-01
  -2.14097551709237832185e-01-j2.07289441637000498853e-01
  -2.10963850144365777650e-01-j1.83262834948086650311e-01
  -2.06245579384916638555e-01-j1.60755978978256303114e-01
  -2.00139137553524776303e-01-j1.39790800392637637461e-01
  -1.92827830014877743547e-01-j1.20374926332951173724e-01
  -1.84482210374016880605e-01-j1.02503874800448674387e-01
  -1.75260522261064616290e-01-j8.61629655456166709815e-02
  -1.65309209061568707089e-01-j7.13289842466833107215e-02
  -1.54763466537678917589e-01-j5.79716296903835456855e-02
  -1.43747819368624601966e-01-j4.60547705569242724066e-02
  -1.32376707367322987707e-01-j3.55375354139104149276e-02
  -1.20755070787916363173e-01-j2.63752567308896644638e-02
  -1.08978926957224164784e-01-j1.85202871813713032534e-02
  -9.71359326257967975460e-02-j1.19227042173577785916e-02
  -8.53059280873890851682e-02-j6.53091687878247246363e-03
  -7.35614603744791789586e-02-j2.29218702224742460621e-03
  -6.19682837920420837019e-02+j8.46924400198108902511e-04
  -5.05858367722026025515e-02+j2.94017673356004654792e-03
  -3.94676945731344611112e-02+j4.04132657847033373300e-03
  -2.86619977486592542038e-02+j4.20385522752477099051e-03
  -1.82118566128879263988e-02+j3.48074037183773027371e-03
  -8.15573214172470029037e-03+j1.92426663321755737901e-03
  +1.47220609076226943701e-03-j4.14129861156617646092e-04
  +1.06417442336202636155e-02-j3.48398707047781934845e-03
  +1.93263099563946265380e-02-j7.23591650804262295077e-03
  +2.75026788943011808730e-02-j1.16216798595371040292e-02
  +3.51507008864102507562e-02-j1.65942456465842172464e-02
  +4.22530451412769236796e-02-j2.21078284978739499078e-02
  +4.87949634655160807695e-02-j2.81179132987379246100e-02
  +5.47640707006910795740e-02-j3.45812662338017273722e-02
  +6.01501415305060807559e-02-j4.14559345117785985058e-02
  +6.49449228418340213098e-02-j4.87012363623817168268e-02
  +6.91419608483305192514e-02-j5.62777427194833465562e-02
  +7.27364422131753923795e-02-j6.41472518490011772707e-02
  +7.57250484370805554413e-02-j7.22727580421695936508e-02
  +7.81058228085012573594e-02-j8.06184153727463187478e-02
  +7.98780492443412898362e-02-j8.91494974084244412582e-02
  +8.10421423811139574056e-02-j9.78323536708152058372e-02
  +8.15995483080393935182e-02-j1.06634363553454458717e-01
  +8.15526553646834934108e-02-j1.15523888332146676405e-01
  +8.09047144562927839084e-02-j1.24470221835699626500e-01
  +7.96597683696460001634e-02-j1.33443540286676542994e-01
  +7.78225896009638040685e-02-j1.42414851770618161586e-01
  +7.53986262349837510488e-02-j1.51355945747299491799e-01
  +7.23939554405729490671e-02-j1.60239342978686000185e-01
  +6.88152441731710307060e-02-j1.69038246214532700273e-01
  +6.46697166977098225615e-02-j1.77726491947588077780e-01
  +5.99651285674622433475e-02-j1.86278503525864252977e-01
  +5.47097467143457596994e-02-j1.94669245888655639831e-01
  +4.89123353245111414100e-02-j2.02874182175879380630e-01
  +4.25821471894505323985e-02-j2.10869232446304566420e-01
  +3.57289202373683861813e-02-j2.18630734729127390592e-01
  +2.83628789619557279689e-02-j2.26135408624724337789e-01
  +2.04947404760765887477e-02-j2.33360321664059372493e-01
  +1.21357249259950485121e-02-j2.40282858631772566760e-01
  +3.29757000769630636769e-03-j2.46880694055233135265e-01
  -6.00745066960222881547e-03-j2.53131768060379125362e-01
  -1.57665056264394559671e-02-j2.59014265794892284411e-01
  -2.59661802175505940227e-02-j2.64506600619666909502e-01
  -3.65924482564475433977e-02-j2.69587401270615423243e-01
  -4.76306408251166157886e-02-j2.74235503193851037906e-01
  -5.90654125426278084343e-02-j2.78429944258573813798e-01
  -7.08807055778678252178e-02-j2.82149965052411688671e-01
  -8.30597117055808242814e-02-j2.85375013963959922592e-01
  -9.55848327214328247203e-02-j2.88084757255932633058e-01
  -1.08437639550772721431e-01-j2.90259094329577194138e-01
  -1.21598830407232044726e-01-j2.91878178376380248427e-01
  -1.35048188380916922569e-01-j2.92922442606183441871e-01
  -1.48764538861834744177e-01-j2.93372632231240604295e-01
  -1.62725707231814537002e-01-j2.93209842373074014432e-01
  -1.76908477287639726017e-01-j2.92415562042825094569e-01
  -1.91288550888766339941e-01-j2.90971724325719993676e-01
  -2.05840509354636408412e-01-j2.88860762875751464485e-01
  -2.20537777168835019692e-01-j2.86065674797630953297e-01
  -2.35352588579404164992e-01-j2.82570089958688930309e-01
  -2.50255957716243149225e-01-j2.78358346733731276679e-01
  -2.65217652876734488743e-01-j2.73415574140386807844e-01
  -2.80206175659021505808e-01-j2.67727780271017623548e-01
  -2.95188745647701311636e-01-j2.61281946869686976243e-01
  -3.10131291378381135360e-01-j2.54066129838877330371e-01
  -3.24998448324306743462e-01-j2.46069565390616112888e-01
  -3.39753564659644902157e-01-j2.37282781480678939268e-01
  -3.54358715557977210775e-01-j2.27697714082677138414e-01
  -3.68774726781232853323e-01-j2.17307827771813066864e-01
  -3.82961208301302979962e-01-j2.06108239996234565705e-01
  -3.96876598673836344933e-01-j1.94095848318301261726e-01
  -4.10478220849389063840e-01-j1.81269459809467320399e-01
  -4.23722350060782460002e-01-j1.67629921682278304473e-01
  -4.36564294365662186603e-01-j1.53180252142426143180e-01
  -4.48958488349777529169e-01-j1.37925770344657278033e-01
  -4.60858600408187379927e-01-j1.21874224240324416368e-01
  -4.72217653918400204205e-01-j1.05035915013539024598e-01
  -4.82988162501327422671e-01-j8.74238167194058279907e-02
  -4.93122279432719412551e-01-j6.90536896640078778908e-02
  -5.02571961120187982175e-01-j4.99441860040469309823e-02
  -5.11289144400108086508e-01-j3.01169459967552295698e-02
  -5.19225937235354040311e-01-j9.59668330044872661122e-03
  -5.26334822211285024984e-01+j1.15887422850005500363e-02
  -5.32568872035354745620e-01+j3.34082662378390252145e-02
  -5.37881976047953402897e-01+j5.58275764603233873307e-02
  -5.42229076551616673285e-01+j7.88090876575417709216e-02
  -5.45566413565519492401e-01+j1.02311934369858373306e-01
  -5.47851776416623303945e-01+j1.26291983966499071768e-01
  -5.49044760390986041898e-01+j1.50701870766436041293e-01
  -5.49107026493621197538e-01+j1.75491052284230786285e-01
  -5.48002562206331811367e-01+j2.00605888403050935942e-01
  -5.45697940995013452969e-01+j2.25989744056790869964e-01
  -5.42162578204706591123e-01+j2.51583115760200315414e-01
  -5.37368980896030024041e-01+j2.77323782062923629432e-01
  -5.31292989124347303509e-01+j3.03146977724637112228e-01
  -5.23914006145412058935e-01+j3.28985591117438636033e-01
  -5.15215215051478603314e-01+j3.54770384064329979967e-01
  -5.05183779400507071422e-01+j3.80430233022754415995e-01
  -4.93811025500030253976e-01+j4.05892390227190036356e-01
  -4.81092604145243241121e-01+j4.31082763118533107694e-01
  -4.67028629787887838987e-01+j4.55926210118251462600e-01
  -4.51623795325715504667e-01+j4.80346850556018445388e-01
  -4.34887460949391402298e-01+j5.04268386337371365968e-01
  -4.16833715760530354455e-01+j5.27614432747322448236e-01
  -3.97481411176655474726e-01+j5.50308855630997184605e-01
  -3.76854165461010193194e-01+j5.72276112077283571899e-01
  -3.54980339051488458235e-01+j5.93441591658600109405e-01
  -3.31892980707240214944e-01+j6.13731955250902516674e-01
  -3.07629744837420004977e-01+j6.33075468474141311859e-01
  -2.82232780717582343311e-01+j6.51402326853766755477e-01
  -2.55748594629076952955e-01+j6.68644969907668196285e-01
  -2.28227886269481899939e-01+j6.84738381507615012644e-01
  -1.99725361072120105588e-01+j6.99620374046756143827e-01
  -1.70299520335246284963e-01+j7.13231854161049283469e-01
  -1.40012431292127592641e-01+j7.25517067998237896731e-01
  -1.08929479449371494071e-01+j7.36423824297125606542e-01
  -7.71191056791410006754e-02+j7.45903693828521618947e-01
  -4.46525306708573863079e-02+j7.53912184049821854082e-01
  -1.16034694284810873527e-02+j7.60408888133454419211e-01
  +2.19521614588674383872e-02+j7.65357607839022513474e-01
  +5.59365410409671456882e-02+j7.68726450004790229364e-01
  +9.02702430249083392910e-02+j7.70487896731589572141e-01
  +1.24872533951601957791e-01+j7.70618849616300227723e-01
  +1.59661667988452771194e-01+j7.69100648659853169953e-01
  +1.94555175915964162492e-01+j7.65919066722303143457e-01
  +2.29470146028389304638e-01+j7.61064280623339084464e-01
  +2.64323494828325677997e-01+j7.54530820188390571879e-01
  +2.99032225569106968610e-01+j7.46317496717798234407e-01
  +3.33513672882196854363e-01+j7.36427312508803222357e-01
  +3.67685731916169655786e-01+j7.24867353188154761590e-01
  +4.01467070605023956809e-01+j7.11648664717512313693e-01
  +4.34777323873901277995e-01+j6.96786117016639838795e-01
  +4.67537268776041348151e-01+j6.80298256212241048146e-01
  +4.99668979734061546871e-01+j6.62207147565814779888e-01
  +5.31095963229243794856e-01+j6.42538211164945249898e-01
  +5.61743271442737945875e-01+j6.21320052481703744007e-01
  +5.91537594501251096091e-01+j5.98584289913040135112e-01
  +6.20407331117073690407e-01+j5.74365381424012277911e-01
  +6.48282637536948813661e-01+j5.48700452419571660378e-01
  +6.75095454828122165658e-01+j5.21629126977382839847e-01
  +7.00779514632598132806e-01+j4.93193364587089011497e-01
  +7.25270323614686351910e-01+j4.63437304563870888785e-01
  +7.48505126914102314473e-01+j4.32407120340096928768e-01
  +7.70422850999317954113e-01+j4.00150885892392393917e-01
  +7.90964026398185304778e-01+j3.66718456636187462028e-01
  +8.10070690867884746211e-01+j3.32161367220341841033e-01
  +8.27686273659953841708e-01+j2.96532748784751054583e-01
  +8.43755461644597470894e-01+j2.59887268408210525550e-01
  +8.58224048188887311817e-01+j2.22281093677087093763e-01
  +8.71038765845376872221e-01+j1.83771885551624630795e-01
  +8.82147104112087521166e-01+j1.44418823000725005112e-01
  +8.91497113785382100382e-01+j1.04282663221960697486e-01
  +8.99037199760656768888e-01+j6.34258416651703599287e-02
  +9.04715904562166106651e-01+j2.19126165379819846935e-02
  +9.08481685427454999093e-01-j2.01907370081759185432e-02
</dep>
<dep S[1,1] frequency>
  -8.25336404781872756686e-01+j1.15379439264632677187e-01
  -8.32001044062444683469e-01+j1.73386402218598106861e-01
  -8.33418156641646867833e-01+j2.31152527109673516792e-01
  -8.29880850501488520621e-01+j2.88214879026724379862e-01
  -8.21698989827253756246e-01+j3.44176863944402222639e-01
  -8.09190818811252432496e-01+j3.98701949922682541416e-01
  -7.92676500423066032752e-01+j4.51507437479665929558e-01
  -7.72473226326482076409e-01+j5.02358494656170551096e-01
  -7.48891595738742532617e-01+j5.51062584851042647216e-01
  -7.22233005399182448336e-01+j5.97464353406236492461e-01
  -6.92787835544838581647e-01+j6.41440996351339887127e-01
  -6.60834255546560611627e-01+j6.82898106730327802971e-01
  -6.26637506643336394951e-01+j7.21765976534383568719e-01
  -5.90449547845665390078e-01+j7.57996322341551342916e-01
  -5.52508974842883193723e-01+j7.91559397973096823264e-01
  -5.13041141156085012121e-01+j8.22441456089723299527e-01
  -4.72258426425575361662e-01+j8.50642521429472719952e-01
  -4.30360609207773747720e-01+j8.76174440461021442061e-01
  -3.87535311535549376050e-01+j8.99059174993996901293e-01
  -3.43958490255926341295e-01+j9.19327310353929005871e-01
  -2.99794956217642794005e-01+j9.37016751836124650588e-01
  -2.55198907085649462356e-01+j9.52171586143421011528e-01
  -2.10314463195167195009e-01+j9.64841087297611865736e-01
  -1.65276198655152500860e-01+j9.75078849049414886352e-01
  -1.20209662054159102662e-01+j9.82942028082678942447e-01
  -7.52318827567089454256e-02+j9.88490684319032530958e-01
  -3.04518600207237671862e-02+j9.91787206394126208409e-01
  +1.40289668937167676110e-02+j9.92895811916508219674e-01
  +5.81162687468044641959e-02+j9.91882113457803415990e-01
  +1.01722397066101158392e-01+j9.88812742381565357164e-01
  +1.44765975818796688301e-01+j9.83755023619972690518e-01
  +1.87171513920349752436e-01+j9.76776695373070213968e-01
  +2.28869038280525072260e-01+j9.67945668452989571584e-01
  +2.69793746937392941998e-01+j9.57329820641916851010e-01
  +3.09885681724989314745e-01+j9.44996821991857194334e-01
  +3.49089419849531956697e-01+j9.31013987478989002433e-01
  +3.87353783704488585649e-01+j9.15448153846149081936e-01
  +4.24631568229467626363e-01+j8.98365577833090567239e-01
  +4.60879285107230363128e-01+j8.79831853313229439451e-01
  +4.96056923093439960937e-01+j8.59911845134380681266e-01
  +5.30127723782119475437e-01+j8.38669637705051540522e-01
  +5.63057972124121230983e-01+j8.16168496581961222525e-01
  +5.94816801034584896613e-01+j7.92470841502676548451e-01
  +6.25376009447134451058e-01+j7.67638229472900723849e-01
  +6.54709893196430581241e-01+j7.41731346664093904586e-01
  +6.82795088135975114518e-01+j7.14810008006025565663e-01
  +7.09610424924207450204e-01+j6.86933163472763674839e-01
  +7.35136794938341608940e-01+j6.58158910161317112220e-01
  +7.59357026801922296855e-01+j6.28544509351093183547e-01
  +7.82255773038301294164e-01+j5.98146407810909663816e-01
  +8.03819406387930035507e-01+j5.67020262689675536016e-01
  +8.24035925352443077152e-01+j5.35220969387916301052e-01
  +8.42894868552654941141e-01+j5.02802691861079176228e-01
  +8.60387237510864544277e-01+j4.69818894852534085782e-01
  +8.76505427489908672811e-01+j4.36322377595391053262e-01
  +8.91243166042374634905e-01+j4.02365308557880496654e-01
  +9.04595458942960339854e-01+j3.67999260837894748288e-01
  +9.16558543195199915132e-01+j3.33275247838794641542e-01
  +9.27129846820516134720e-01+j2.98243758880942233525e-01
  +9.36307955152777093843e-01+j2.62954794422356696870e-01
  +9.44092583375062521789e-01+j2.27457900577466676229e-01
  +9.50484555047216295165e-01+j1.91802202635636243055e-01
  +9.55485786382834434427e-01+j1.56036437291157070728e-01
  +9.59099276042496562411e-01+j1.20208983304206790121e-01
  +9.61329100216340881602e-01+j8.43678903178510797289e-02
  +9.62180412773291915407e-01+j4.85609055601262523671e-02
  +9.61659450256406533875e-01+j1.28354981625271660772e-02
  +9.59773541503738170100e-01-j2.27611191726615411102e-02
  +9.56531121671903461490e-01-j5.81819714236614243807e-02
  +9.51941750434884381704e-01-j9.33803056872572478930e-02
  +9.46016134123718988036e-01-j1.28309579072878626738e-01
  +9.38766151563320661033e-01-j1.62923450323134211271e-01
  +9.30204883350854272450e-01-j1.97175775432510635987e-01
  +9.20346644305789607365e-01-j2.31020607536483624234e-01
  +9.09207018804936706324e-01-j2.64412201343309005708e-01
  +8.96802898696453798522e-01-j2.97305022379502570384e-01
  +8.83152523465137173631e-01-j3.29653761317320714852e-01
  +8.68275522297125901261e-01-j3.61413353648047941391e-01
  +8.52192957665838024539e-01-j3.92539004958065707029e-01
  +8.34927370032369053909e-01-j4.22986222055255378649e-01
  +8.16502823223248186402e-01-j4.52710850180743196169e-01
  +7.96944950016233222279e-01-j4.81669116525034746168e-01
  +7.76280997431350372473e-01-j5.09817680247661830784e-01
  +7.54539871189879418623e-01-j5.37113689175183206537e-01
  +7.31752178768775740636e-01-j5.63514843323494774019e-01
  +7.07950270442914586511e-01-j5.88979465356241016494e-01
  +6.83168277672723145422e-01-j6.13466578051605981869e-01
  +6.57442148161299089182e-01-j6.36935988804435027077e-01
  +6.30809676873354097104e-01-j6.59348381139267525342e-01
  +6.03310532279412781165e-01-j6.80665413152289344723e-01
  +5.74986277063277095856e-01-j7.00849822736402616741e-01
  +5.45880382510060546686e-01-j7.19865539373365836973e-01
  +5.16038235776643761099e-01-j7.37677802200731758120e-01
  +4.85507139238148532900e-01-j7.54253283979007593807e-01
  +4.54336301102870376845e-01-j7.69560220496818381264e-01
  +4.22576816496452067895e-01-j7.83568544859256532753e-01
  +3.90281638233948569017e-01-j7.96250026007892852675e-01
  +3.57505536527738865260e-01-j8.07578410721064843258e-01
  +3.24305046920312645131e-01-j8.17529568241300186315e-01
  +2.90738405785436027085e-01-j8.26081636574205968593e-01
  +2.56865472809086003991e-01-j8.33215169401854804931e-01
  +2.22747639944171266224e-01-j8.38913282454943121103e-01
  +1.88447726430367501482e-01-j8.43161798094186898389e-01
  +1.54029859582612949076e-01-j8.45949386764347832646e-01
  +1.19559341178961886509e-01-j8.47267703906481872700e-01
  +8.51024994199699735820e-02-j8.47111520847643739707e-01
  +5.07265265865394221478e-02-j8.45478848134900373701e-01
  +1.64993026903744455236e-02-j8.42371049744513933355e-01
  -1.75107944112021379768e-02-j8.37792946579705821719e-01
  -5.12350917781677211993e-02-j8.31752907674075170341e-01
  -8.46048361784498131888e-02-j8.24262927544009427194e-01
  -1.17551419861258041322e-01-j8.15338688184421678251e-01
  -1.50006616072929449546e-01-j8.04999604278986091721e-01
  -1.81902822884301151873e-01-j7.93268850299406746984e-01
  -2.13173313715033063698e-01-j7.80173368298948899380e-01
  -2.43752492768830347769e-01-j7.65743855362660985620e-01
  -2.73576153437701252713e-01-j7.50014729860025819441e-01
  -3.02581737597710342946e-01-j7.33024075853267564895e-01
  -3.30708593607058065622e-01-j7.14813565244085347139e-01
  -3.57898230733219802069e-01-j6.95428357490357251791e-01
  -3.84094567683196830288e-01-j6.74916976988374384128e-01
  -4.09244172891809976367e-01-j6.53331168491770530871e-01
  -4.33296494240408835985e-01-j6.30725731219877183698e-01
  -4.56204075933008545984e-01-j6.07158332591803739930e-01
  -4.77922760350311559563e-01-j5.82689302801037367630e-01
  -4.98411872833121993853e-01-j5.57381411714795382828e-01
  -5.17634387515140681479e-01-j5.31299629835363051988e-01
  -5.35557072528199284989e-01-j5.04510875293094018801e-01
  -5.52150613138132628777e-01-j4.77083749046396554672e-01
  -5.67389711632753757087e-01-j4.49088260638411673753e-01
  -5.81253163070009959412e-01-j4.20595546999341540761e-01
  -5.93723906299297610190e-01-j3.91677586883489858849e-01
  -6.04789049986212856602e-01-j3.62406913589034818113e-01
  -6.14439873694372806767e-01-j3.32856328624611785827e-01
  -6.22671804401309869625e-01-j3.03098618959205201584e-01
  -6.29484369142063737712e-01-j2.73206280421474101416e-01
  -6.34881124778076011417e-01-j2.43251249702658989271e-01
  -6.38869566174207093034e-01-j2.13304647266326530275e-01
  -6.41461014327927236955e-01-j1.83436533281683356034e-01
  -6.42670486227313264571e-01-j1.53715678479296513625e-01
  -6.42516548414159283098e-01-j1.24209351583255134255e-01
  -6.41021156392931223955e-01-j9.49831247084520352564e-02
  -6.38209482152326312843e-01-j6.61006978297102448794e-02
  -6.34109732153757321704e-01-j3.76237431386239537523e-02
  -6.28752958189121247123e-01-j9.61176980864512919833e-03
  -6.22172863519915408936e-01+j1.78779906044789077546e-02
  -6.14405606682721705525e-01+j4.47906781861774627718e-02
  -6.05489605284226128923e-01+j7.10738784443304960625e-02
  -5.95465342016116450097e-01+j9.66776764402436511459e-02
  -5.84375174999033797363e-01+j1.21554692099814509731e-01
  -5.72263154420260100608e-01+j1.45660097750555911356e-01
  -5.59174847265371810501e-01+j1.68951619120762563941e-01
  -5.45157171765046855150e-01+j1.91389521200854562100e-01
  -5.30258242988274064444e-01+j2.12936580503818639887e-01
  -5.14527230817481306957e-01+j2.33558045371361683307e-01
  -4.98014231343145263864e-01+j2.53221586055951186633e-01
  -4.80770152519877425057e-01+j2.71897236367449446348e-01
  -4.62846614735588191003e-01+j2.89557328708981542853e-01
  -4.44295866763931790455e-01+j3.06176424341985220501e-01
  -4.25170717400055464541e-01+j3.21731240718415745228e-01
  -4.05524482922772933069e-01+j3.36200577701819880438e-01
  -3.85410950384454276119e-01+j3.49565244472070935089e-01
  -3.64884356604314175065e-01+j3.61807988874708552629e-01
  -3.43999382631038352898e-01+j3.72913430938992318531e-01
  -3.22811163347946683544e-01+j3.82868002252912453809e-01
  -3.01375311816065361015e-01+j3.91659892852654067941e-01
  -2.79747957887600595672e-01+j3.99279007262532015243e-01
  -2.57985800571546908255e-01+j4.05716931313397533021e-01
  -2.36146173592298197486e-01+j4.10966911377078303325e-01
  -2.14287123548672936435e-01+j4.15023847686104174759e-01
  -1.92467500049483680735e-01+j4.17884303465636486319e-01
  -1.70747057169436888824e-01+j4.19546531692964408400e-01
  -1.49186565529182829648e-01+j4.20010521423366256499e-01
  -1.27847934249075118052e-01+j4.19278065783843745251e-01
  -1.06794341949975502004e-01+j4.17352853943163903949e-01
  -8.60903758659894158267e-02+j4.14240589621824084610e-01
  -6.58021779818561552977e-02+j4.09949139013582430913e-01
  -4.59975968977201291055e-02+j4.04488711355151187021e-01
  -2.67463438388251296962e-02+j3.97872075805891067812e-01
  -8.12015084677181371575e-03+j3.90114818787658024224e-01
  +9.80707131282981640907e-03+j3.81235646487249335568e-01
</dep>
