<Qucs Dataset 1.0.7>
<indep frequency 181>
  +1.00000000000000000000e+09
  +1.05000000000000000000e+09
  +1.10000000000000000000e+09
  +1.15000000000000000000e+09
  +1.20000000000000000000e+09
  +1.25000000000000000000e+09
  +1.30000000000000000000e+09
  +1.35000000000000000000e+09
  +1.40000000000000000000e+09
  +1.45000000000000000000e+09
  +1.50000000000000000000e+09
  +1.55000000000000000000e+09
  +1.60000000000000000000e+09
  +1.65000000000000000000e+09
  +1.70000000000000000000e+09
  +1.75000000000000000000e+09
  +1.80000000000000000000e+09
  +1.85000000000000000000e+09
  +1.90000000000000000000e+09
  +1.95000000000000000000e+09
  +2.00000000000000000000e+09
  +2.05000000000000000000e+09
  +2.10000000000000000000e+09
  +2.15000000000000000000e+09
  +2.20000000000000000000e+09
  +2.25000000000000000000e+09
  +2.30000000000000000000e+09
  +2.35000000000000000000e+09
  +2.40000000000000000000e+09
  +2.45000000000000000000e+09
  +2.50000000000000000000e+09
  +2.55000000000000000000e+09
  +2.60000000000000000000e+09
  +2.65000000000000000000e+09
  +2.70000000000000000000e+09
  +2.75000000000000000000e+09
  +2.80000000000000000000e+09
  +2.85000000000000000000e+09
  +2.90000000000000000000e+09
  +2.95000000000000000000e+09
  +3.00000000000000000000e+09
  +3.05000000000000000000e+09
  +3.10000000000000000000e+09
  +3.15000000000000000000e+09
  +3.20000000000000000000e+09
  +3.25000000000000000000e+09
  +3.30000000000000000000e+09
  +3.35000000000000000000e+09
  +3.40000000000000000000e+09
  +3.45000000000000000000e+09
  +3.50000000000000000000e+09
  +3.55000000000000000000e+09
  +3.60000000000000000000e+09
  +3.65000000000000000000e+09
  +3.70000000000000000000e+09
  +3.75000000000000000000e+09
  +3.80000000000000000000e+09
  +3.85000000000000000000e+09
  +3.90000000000000000000e+09
  +3.95000000000000000000e+09
  +4.00000000000000000000e+09
  +4.05000000000000000000e+09
  +4.10000000000000000000e+09
  +4.15000000000000000000e+09
  +4.20000000000000000000e+09
  +4.25000000000000000000e+09
  +4.30000000000000000000e+09
  +4.35000000000000000000e+09
  +4.40000000000000000000e+09
  +4.45000000000000000000e+09
  +4.50000000000000000000e+09
  +4.55000000000000000000e+09
  +4.60000000000000000000e+09
  +4.65000000000000000000e+09
  +4.70000000000000000000e+09
  +4.75000000000000000000e+09
  +4.80000000000000000000e+09
  +4.85000000000000000000e+09
  +4.90000000000000000000e+09
  +4.95000000000000000000e+09
  +5.00000000000000000000e+09
  +5.05000000000000000000e+09
  +5.10000000000000000000e+09
  +5.15000000000000000000e+09
  +5.20000000000000000000e+09
  +5.25000000000000000000e+09
  +5.30000000000000000000e+09
  +5.35000000000000000000e+09
  +5.40000000000000000000e+09
  +5.45000000000000000000e+09
  +5.50000000000000000000e+09
  +5.55000000000000000000e+09
  +5.60000000000000000000e+09
  +5.65000000000000000000e+09
  +5.70000000000000000000e+09
  +5.75000000000000000000e+09
  +5.80000000000000000000e+09
  +5.85000000000000000000e+09
  +5.90000000000000000000e+09
  +5.95000000000000000000e+09
  +6.00000000000000000000e+09
  +6.05000000000000000000e+09
  +6.10000000000000000000e+09
  +6.15000000000000000000e+09
  +6.20000000000000000000e+09
  +6.25000000000000000000e+09
  +6.30000000000000000000e+09
  +6.35000000000000000000e+09
  +6.40000000000000000000e+09
  +6.45000000000000000000e+09
  +6.50000000000000000000e+09
  +6.55000000000000000000e+09
  +6.60000000000000000000e+09
  +6.65000000000000000000e+09
  +6.70000000000000000000e+09
  +6.75000000000000000000e+09
  +6.80000000000000000000e+09
  +6.85000000000000000000e+09
  +6.90000000000000000000e+09
  +6.95000000000000000000e+09
  +7.00000000000000000000e+09
  +7.05000000000000000000e+09
  +7.10000000000000000000e+09
  +7.15000000000000000000e+09
  +7.20000000000000000000e+09
  +7.25000000000000000000e+09
  +7.30000000000000000000e+09
  +7.35000000000000000000e+09
  +7.40000000000000000000e+09
  +7.45000000000000000000e+09
  +7.50000000000000000000e+09
  +7.55000000000000000000e+09
  +7.60000000000000000000e+09
  +7.65000000000000000000e+09
  +7.70000000000000000000e+09
  +7.75000000000000000000e+09
  +7.80000000000000000000e+09
  +7.85000000000000000000e+09
  +7.90000000000000000000e+09
  +7.95000000000000000000e+09
  +8.00000000000000000000e+09
  +8.05000000000000000000e+09
  +8.10000000000000000000e+09
  +8.15000000000000000000e+09
  +8.20000000000000000000e+09
  +8.25000000000000000000e+09
  +8.30000000000000000000e+09
  +8.35000000000000000000e+09
  +8.40000000000000000000e+09
  +8.45000000000000000000e+09
  +8.50000000000000000000e+09
  +8.55000000000000000000e+09
  +8.60000000000000000000e+09
  +8.65000000000000000000e+09
  +8.70000000000000000000e+09
  +8.75000000000000000000e+09
  +8.80000000000000000000e+09
  +8.85000000000000000000e+09
  +8.90000000000000000000e+09
  +8.95000000000000000000e+09
  +9.00000000000000000000e+09
  +9.05000000000000000000e+09
  +9.10000000000000000000e+09
  +9.15000000000000000000e+09
  +9.20000000000000000000e+09
  +9.25000000000000000000e+09
  +9.30000000000000000000e+09
  +9.35000000000000000000e+09
  +9.40000000000000000000e+09
  +9.45000000000000000000e+09
  +9.50000000000000000000e+09
  +9.55000000000000000000e+09
  +9.60000000000000000000e+09
  +9.65000000000000000000e+09
  +9.70000000000000000000e+09
  +9.75000000000000000000e+09
  +9.80000000000000000000e+09
  +9.85000000000000000000e+09
  +9.90000000000000000000e+09
  +9.95000000000000000000e+09
  +1.00000000000000000000e+10
</indep>
<dep S21_phase frequency>
  -1.07159544623775062178e+02
  -1.09349271490053837397e+02
  -1.11509802916255040373e+02
  -1.13648642825206380280e+02
  -1.15772368382295724132e+02
  -1.17886813563787725911e+02
  -1.19997214092119008910e+02
  -1.22108322862221399419e+02
  -1.24224502603275496426e+02
  -1.26349800800759652475e+02
  -1.28488010647874659753e+02
  -1.30642720868419644376e+02
  -1.32817356561095550660e+02
  -1.35015212692339417799e+02
  -1.37239481464616005724e+02
  +4.05067255234400391828e+01
  +3.82203596535197647199e+01
  +3.58984217249571031516e+01
  +3.35379521372192854756e+01
  +3.11360246332651300349e+01
  +2.86897435302510110944e+01
  +2.61962444563385439267e+01
  +2.36526986892283233033e+01
  +2.10563212535313049045e+01
  +1.84043829791843265298e+01
  +1.56942267494455958143e+01
  +1.29232881706807276601e+01
  +1.00891208721317529040e+01
  +7.18942658612547624841e+00
  +4.22209006103496164997e+00
  +1.18521871412067292262e+00
  -1.92281326646336903075e+00
  -5.10331691505601359182e+00
  -8.35723743101229743502e+00
  -1.16851012820252524449e+01
  -1.50869630720206071572e+01
  -1.85623541795322495318e+01
  -2.21102355498588778460e+01
  -2.57289573320985915927e+01
  -2.94162282380876227705e+01
  -3.31690975096670044309e+01
  -3.69839521641495636572e+01
  -4.08565317110754051555e+01
  -4.47819617871268178533e+01
  -4.87548071653229229128e+01
  -5.27691434225602407082e+01
  -5.68186452960090875308e+01
  -6.08966885506050417121e+01
  -6.49964611534880987165e+01
  -6.91110788322492339830e+01
  -7.32336997744604758509e+01
  -7.73576333485408866864e+01
  -8.14764382747262914108e+01
  -8.55840065787233044148e+01
  -8.96746308062806036787e+01
  -9.37430532291483444851e+01
  -9.77844969964375820837e+01
  -1.01794680264856964413e+02
  -1.05769815194442585948e+02
  -1.09706594279940205183e+02
  -1.13602166796100803481e+02
  -1.17454108192270936684e+02
  -1.21260385122980935080e+02
  -1.25019318502029463502e+02
  -1.28729546574584873042e+02
  -1.32389989566472507931e+02
  -1.35999817034324848919e+02
  -1.39558418635958730647e+02
  -1.43065378687806401103e+02
  -1.46520454586539472075e+02
  -1.49923558948642209998e+02
  -1.53274745162344117944e+02
  -1.56574195944954709603e+02
  -1.59822214446905519480e+02
  -1.63019217432408339619e+02
  -1.66165730086142360733e+02
  -1.69262382036973747290e+02
  -1.72309904245535022937e+02
  -1.75309126465888766688e+02
  -1.78260975057110016451e+02
  +1.78833529015633274639e+02
  +1.75973272091940970085e+02
  +1.73157049688056218884e+02
  +1.70383568334001239464e+02
  +1.67651447343159588854e+02
  +1.64959220451846903188e+02
  +1.62305337243425640281e+02
  +1.59688164254166991896e+02
  +1.57105985645149161201e+02
  +1.54557003314760407875e+02
  +1.52039336318552585681e+02
  +1.49551019456066541125e+02
  +1.47090000876612464253e+02
  +1.44654138546728972869e+02
  +1.42241195410088153039e+02
  +1.39848833054902627282e+02
  +1.37474603683365160123e+02
  +1.35115940151223611565e+02
  +1.32770143812050321230e+02
  +1.30434369858819280807e+02
  +1.28105609803523805112e+02
  +1.25780670672086117179e+02
  +1.23456150414744072918e+02
  +1.21128408939285037604e+02
  +1.18793534063514243826e+02
  +1.16447301551724706314e+02
  +1.14085128245333919494e+02
  +1.11702017118586439892e+02
  +1.09292492886023055121e+02
  +1.06850526562008951714e+02
  +1.04369447131948135166e+02
  +1.01841838257367015785e+02
  +9.92594177361552567618e+01
  +9.66128973349842112839e+01
  +9.38918207070172456952e+01
  +9.10843775786687217533e+01
  +8.81771935204238701544e+01
  +8.51550968684590827706e+01
  +8.20008684592192764740e+01
  +7.86949868844287578895e+01
  +7.52153935989282587116e+01
  +7.15373206847681899490e+01
  +6.76332522485662650524e+01
  +6.34731312323757990157e+01
  +5.90249782282919497334e+01
  +5.42561537419603752141e+01
  +4.91355536623015325404e+01
  +4.36370391160121400276e+01
  +3.77442916231230540802e+01
  +3.14569487625855543911e+01
  +2.47972348664739108415e+01
  +1.78154300435382175749e+01
  +1.05918097462574021250e+01
  +3.23283286519555401739e+00
  -4.13908972360302396254e+00
  -1.14003087972425696250e+01
  -1.84410201533261250972e+01
  -2.51764151690351312141e+01
  -3.15515360480168958190e+01
  -3.75401303356302165071e+01
  -4.31395780196876188484e+01
  -4.83643130871355637623e+01
  -5.32395362610356670530e+01
  -5.77961339887315403985e+01
  -6.20670297073802643695e+01
  -6.60848122133620989871e+01
  -6.98803469556414569297e+01
  -7.34820740179500120348e+01
  -7.69157508667835685401e+01
  -8.02044633280461738423e+01
  -8.33687851521633973562e+01
  -8.64270095500670407773e+01
  -8.93954060829164092183e+01
  -9.22884760954441958347e+01
  -9.51191924175517300455e+01
  +8.21007833079931970133e+01
  +7.93609078569645447487e+01
  +7.66515879392455730112e+01
  +7.39640344850416084910e+01
  +7.12901376772352506350e+01
  +6.86223606133366530457e+01
  +6.59536496193015295830e+01
  +6.32773594945085591235e+01
  +6.05871922765484924867e+01
  +5.78771484383963397136e+01
  +5.51414897474418310708e+01
  +5.23747133128073087960e+01
  +4.95715366150787204447e+01
  +4.67268935420606439379e+01
  +4.38359416345462662434e+01
  +4.08940808629635768057e+01
  +3.78969842902733589085e+01
  +3.48406409051923944276e+01
  +3.17214107053771776634e+01
  +2.85360917437742713787e+01
  +2.52819982965509879591e+01
  +2.19570485504853003533e+01
  +1.85598592417689189915e+01
  +1.50898435358461107114e+01
  +1.15473071878624526931e+01
  +7.93353678320295063742e+00
</dep>
<dep S11_phase frequency>
  +1.62863641572755170728e+02
  +1.60677564650066926788e+02
  +1.58520771862026833787e+02
  +1.56385758561394510480e+02
  +1.54265946328060095993e+02
  +1.52155499411279805599e+02
  +1.50049179790041932847e+02
  +1.47942231729889698499e+02
  +1.45830289093381566090e+02
  +1.43709300380377385409e+02
  +1.41575467729716422127e+02
  +1.39425197040595918452e+02
  +1.37255057063839814191e+02
  +1.35061745836005400179e+02
  +1.32842063229339089503e+02
  +1.30592888701133944096e+02
  +1.28311163570779399379e+02
  +1.25993877348871706090e+02
  +1.23638057802456870604e+02
  +1.21240764572586485315e+02
  +1.18799086270869167947e+02
  +1.16310141074504201697e+02
  +1.13771080916429198737e+02
  +1.11179099429141004407e+02
  +1.08531443846428089728e+02
  +1.05825431094250916431e+02
  +1.03058468306494503963e+02
  +1.00228077978272381188e+02
  +9.73319279128469219131e+01
  +9.43678660213716540284e+01
  +9.13339598909126948456e+01
  +8.82285408399225303810e+01
  +8.50502519281536280005e+01
  +8.17980990804842491571e+01
  +7.84715041278153080384e+01
  +7.50703581774618129430e+01
  +7.15950733243313237608e+01
  +6.80466303371790388610e+01
  +6.44266196459338829072e+01
  +6.07372727684782844904e+01
  +5.69814813026824893427e+01
  +5.31628008210316949089e+01
  +4.92854374748613395241e+01
  +4.53542158520704958846e+01
  +4.13745276113382658423e+01
  +3.73522615743306545255e+01
  +3.32937171959204079030e+01
  +2.92055045252247644783e+01
  +2.50944347819615174444e+01
  +2.09674063793847444970e+01
  +1.68312915365283757296e+01
  +1.26928284981403525222e+01
  +8.55852383800481320009e+00
  +4.43456843237221498555e+00
  +3.26769568407326627124e-01
  -3.75949956775654436925e+00
  -7.81933296440180392040e+00
  -1.18483083988493618222e+01
  -1.58424893866455889224e+01
  -1.97984148078742876464e+01
  -2.37130788360179032281e+01
  -2.75839038386887445142e+01
  -3.14087087710540231456e+01
  -3.51856752970203956465e+01
  -3.89133135051915459712e+01
  -4.25904286846076374218e+01
  -4.62160902277459157972e+01
  -4.97896033625208218609e+01
  -5.33104840980814245199e+01
  -5.67784375092982429578e+01
  -6.01933392836990108776e+01
  -6.35552203092722223232e+01
  -6.68642539862618434654e+01
  -7.01207458934781300286e+01
  -7.33251254219323982397e+01
  -7.64779389979627808316e+01
  -7.95798445472559876634e+01
  -8.26316068938196224281e+01
  -8.56340938384786767301e+01
  -8.85882727152922342384e+01
  -9.14952072778177551982e+01
  -9.43560548177222102595e+01
  -9.71720634640375635627e+01
  -9.99445696513301271580e+01
  -1.02674995778787248923e+02
  -1.05364848109806288790e+02
  -1.08015714983618011047e+02
  -1.10629265427553562517e+02
  -1.13207248271752703772e+02
  -1.15751491878462758223e+02
  -1.18263904606728090130e+02
  -1.20746476141299339702e+02
  -1.23201279823096157884e+02
  -1.25630476128585826245e+02
  -1.28036317457979208712e+02
  -1.30421154408219365450e+02
  -1.32787443727327797660e+02
  -1.35137758172832946002e+02
  -1.37474798529850914974e+02
  -1.39801408085129054371e+02
  -1.42120589903388832909e+02
  -1.44435527313108593717e+02
  -1.46749608082183385704e+02
  -1.49066452851496791254e+02
  -1.51389948498209520267e+02
  -1.53724287222225711957e+02
  -1.56074012290022551497e+02
  -1.58444071529836833179e+02
  -1.60839879848775609616e+02
  -1.63267392229132497050e+02
  -1.65733188843953740843e+02
  -1.68244574083517989038e+02
  -1.70809691355745826513e+02
  -1.73437655428377979661e+02
  -1.76138703670744916963e+02
  -1.78924366575950216429e+02
  +1.78192344026393982404e+02
  +1.75196734343600610373e+02
  +1.72072227492367716195e+02
  +1.68800185509716129673e+02
  +1.65359798799293685079e+02
  +1.61728124176157848524e+02
  +1.57880420791124464586e+02
  +1.53791067758078412453e+02
  +1.49435644310422333092e+02
  +1.44795525810028692604e+02
  +1.39868843991584384412e+02
  +1.34702280168238644364e+02
  +1.29525353531431790088e+02
  +1.26019429637497552221e+02
  -7.52244214326811260207e+01
  -7.46902866109165728403e+01
  -8.08616881593699901032e+01
  -8.77965491307766683349e+01
  -9.49361959532156447494e+01
  -1.02048721625271269886e+02
  -1.08984584641589535181e+02
  -1.15640953784641908442e+02
  -1.21953512557738704913e+02
  -1.27890665175897936479e+02
  -1.33446517966151105838e+02
  -1.38633386593774389439e+02
  -1.43475039794545409677e+02
  -1.48001360637469645098e+02
  -1.52244548057716230005e+02
  -1.56236654138679483594e+02
  -1.60008137807191417323e+02
  -1.63587125170898247006e+02
  -1.66999126950195744712e+02
  -1.70267032000383437662e+02
  -1.73411254575570723091e+02
  -1.76449957024811482142e+02
  -1.79399300217932704982e+02
  +1.77726305822010942848e+02
  +1.74913965833351568335e+02
  +1.72152084746714990615e+02
  +1.69430177044998970359e+02
  +1.66738699938175983561e+02
  +1.64068908954635645614e+02
  +1.61412734008079695514e+02
  +1.58762673884682698144e+02
  +1.56111707218118368701e+02
  +1.53453218265502812301e+02
  +1.50780936098157951619e+02
  +1.48088886138632375378e+02
  +1.45371353287468366489e+02
  +1.42622856176353479896e+02
  +1.39838132348952399298e+02
  +1.37012134397656836882e+02
  +1.34140037262670745122e+02
  +1.31217257014691824679e+02
  +1.28239481474998314070e+02
  +1.25202712953423983322e+02
  +1.22103323178064442800e+02
  +1.18938120121629026471e+02
  +1.15704425871614830612e+02
  +1.12400163927377562345e+02
  +1.09023953336846943785e+02
  +1.05575205937773574760e+02
  +1.02054221711333710232e+02
  +9.84622760068363618302e+01
</dep>
<dep S21_dB frequency>
  -1.57878636789912327743e+01
  -1.65361648404018666270e+01
  -1.73105905826028205752e+01
  -1.81199012230643106136e+01
  -1.89747178485561676098e+01
  -1.98883212248386769261e+01
  -2.08778704746088870081e+01
  -2.19663500750073481527e+01
  -2.31858528228830991225e+01
  -2.45834915715222415145e+01
  -2.62329740804469935256e+01
  -2.82599529313045962908e+01
  -3.09072000417758658841e+01
  -3.47509120970943641282e+01
  -4.18963570539560592465e+01
  -5.26334626607996654002e+01
  -3.78171007909344893960e+01
  -3.25558854523115996926e+01
  -2.92481543463861157761e+01
  -2.68111161655933436521e+01
  -2.48676009266914412876e+01
  -2.32413516346637329946e+01
  -2.18357706025734756849e+01
  -2.05922612106449136604e+01
  -1.94726865972796723270e+01
  -1.84509180025740455733e+01
  -1.75083485311021078701e+01
  -1.66313305045364430157e+01
  -1.58096246030761893309e+01
  -1.50354163139644736447e+01
  -1.43026673256671763568e+01
  -1.36066732354725914433e+01
  -1.29437528617714470158e+01
  -1.23110239603088871263e+01
  -1.17062370173132439533e+01
  -1.11276488218603901714e+01
  -1.05739236947175800907e+01
  -1.00440541818430251197e+01
  -9.53729560748783100621e+00
  -9.05311064234554940811e+00
  -8.59112128097841676322e+00
  -8.15106652074104331973e+00
  -7.73276469849483838459e+00
  -7.33607993327535456984e+00
  -6.96089247695980084529e+00
  -6.60707300961833610131e+00
  -6.27446104319361985802e+00
  -5.96284762694538539307e+00
  -5.67196249419999265484e+00
  -5.40146567064088056753e+00
  -5.15094340276773543508e+00
  -4.91990808717941963124e+00
  -4.70780171284373860630e+00
  -4.51400219181488626674e+00
  -4.33783186492123551403e+00
  -4.17856743567090838098e+00
  -4.03545060770662633587e+00
  -3.90769877120568409623e+00
  -3.79451518943489451985e+00
  -3.69509826368827498655e+00
  -3.60864958863308871173e+00
  -3.53438063823351722448e+00
  -3.47151803557438354275e+00
  -3.41930745224922016945e+00
  -3.37701625197204036155e+00
  -3.34393503890923859956e+00
  -3.31937829605182521675e+00
  -3.30268430610763674693e+00
  -3.29321454076560593549e+00
  -3.29035268768487210167e+00
  -3.29350346177599773156e+00
  -3.30209132134728999830e+00
  -3.31555918294843054994e+00
  -3.33336720310767331554e+00
  -3.35499167191438818492e+00
  -3.37992404333536544669e+00
  -3.40767011065761060706e+00
  -3.43774932258733967316e+00
  -3.46969422613850708714e+00
  -3.50305001618182521028e+00
  -3.53737416796691039877e+00
  -3.57223612760224096263e+00
  -3.60721703589265363377e+00
  -3.64190946263850445774e+00
  -3.67591713107601414379e+00
  -3.70885461523455184363e+00
  -3.74034699630915934421e+00
  -3.77002946747521328064e+00
  -3.79754687974203131162e+00
  -3.82255322435191047248e+00
  -3.84471104982670963679e+00
  -3.86369081403642322670e+00
  -3.87917017364207339369e+00
  -3.89083321500600654019e+00
  -3.89836963225720722903e+00
  -3.90147385975937899261e+00
  -3.89984416789695265138e+00
  -3.89318173304481485175e+00
  -3.88118969503328026249e+00
  -3.86357221862824440350e+00
  -3.84003357985619020454e+00
  -3.81027730384898166704e+00
  -3.77400538883769121057e+00
  -3.73091766173743666357e+00
  -3.68071132544822310351e+00
  -3.62308077789656968193e+00
  -3.55771780978820828523e+00
  -3.48431232449542838125e+00
  -3.40255377280328685785e+00
  -3.31213356190786534228e+00
  -3.21274878818191789165e+00
  -3.10410776498638618648e+00
  -2.98593798107998686930e+00
  -2.85799734622157952657e+00
  -2.72008987664217372071e+00
  -2.57208736670492976728e+00
  -2.41395911029619103516e+00
  -2.24581240260190684310e+00
  -2.06794738832279634266e+00
  -1.88093081845379406225e+00
  -1.68569436456330512542e+00
  -1.48366411680424681307e+00
  -1.27692831072194579178e+00
  -1.06844930313340724659e+00
  -8.62321773187505247193e-01
  -6.64069555446419768074e-01
  -4.80955042156540613085e-01
  -3.22244513445819169561e-01
  -1.99330192465599964624e-01
  -1.25565053861521003231e-01
  -1.15646787533571215878e-01
  -1.84438731853083487389e-01
  -3.45279918103643779226e-01
  -6.08097084528228415401e-01
  -9.77864379747220957562e-01
  -1.45397171749693554510e+00
  -2.03076906026753567502e+00
  -2.69909497557158273295e+00
  -3.44826250683405977071e+00
  -4.26794375692250405052e+00
  -5.14960826073539568171e+00
  -6.08744286213486951453e+00
  -7.07887261066628958872e+00
  -8.12488394619299292287e+00
  -9.23036473852083361180e+00
  -1.04046777927993048252e+01
  -1.16627261474013224074e+01
  -1.30269078391921517834e+01
  -1.45307080745621632900e+01
  -1.62255365779255384950e+01
  -1.81947002200963829921e+01
  -2.05853741760618014212e+01
  -2.36957579658774442066e+01
  -2.82945997736988061888e+01
  -3.79174279331816848071e+01
  -3.83108958092458919964e+01
  -2.88160706864638704872e+01
  -2.44784302029637430564e+01
  -2.16502349435727161620e+01
  -1.95509337461513474921e+01
  -1.78795403526270533234e+01
  -1.64880282394916903854e+01
  -1.52926966537912889521e+01
  -1.42416893907180135415e+01
  -1.33007421564585897045e+01
  -1.24461141303295725891e+01
  -1.16607549733823958604e+01
  -1.09320795270944586264e+01
  -1.02506043550233609807e+01
  -9.60907507532704130426e+00
  -9.00188725775793407990e+00
  -8.42469015020924594239e+00
  -7.87410809919601906159e+00
  -7.34753976148002774238e+00
  -6.84300975321222271219e+00
  -6.35905607731860733622e+00
  -5.89464203747180359727e+00
  -5.44908477058848994545e+00
  -5.02199479684930150114e+00
  -4.61322256210560865952e+00
  -4.22280911541636694295e+00
</dep>
<dep S11_dB frequency>
  -1.31269592537594292914e-01
  -1.13241090864492563450e-01
  -9.77442365698475146285e-02
  -8.43955909957568861657e-02
  -7.28927359697730814503e-02
  -6.29967010032107394002e-02
  -5.45189355351270582561e-02
  -4.73115750945463653387e-02
  -4.12601277495611706847e-02
  -3.62779630768857719314e-02
  -3.23021616765792607406e-02
  -2.92904055320458850398e-02
  -2.72186754958121529535e-02
  -2.60795831805381086999e-02
  -2.58812080747226891386e-02
  -2.66463418283748587623e-02
  -2.84120637778668555518e-02
  -3.12295872094178784961e-02
  -3.51643261603129947401e-02
  -4.02961387725347883193e-02
  -4.67197060310619374790e-02
  -5.45450045819430573424e-02
  -6.38978295073687752037e-02
  -7.49203176173892371192e-02
  -8.77714141408657833043e-02
  -1.02627215830532553253e-01
  -1.19681111693151986941e-01
  -1.39143629240540384062e-01
  -1.61241879997711140549e-01
  -1.86218484006595547120e-01
  -2.14329840654301606584e-01
  -2.45843604249169761511e-01
  -2.81035219805301328400e-01
  -3.20183380402851880397e-01
  -3.63564285544367427061e-01
  -4.11444613481188103954e-01
  -4.64073172540402256736e-01
  -5.21671269072093490848e-01
  -5.84421923081162697500e-01
  -6.52458174714052319132e-01
  -7.25850850112070400399e-01
  -8.04596284637536629525e-01
  -8.88604622480886785496e-01
  -9.77689408757137057293e-01
  -1.07155924684265269065e+00
  -1.16981229452582380368e+00
  -1.27193430613587743494e+00
  -1.37730078939707789587e+00
  -1.48518363915860351909e+00
  -1.59476234850606823912e+00
  -1.70513960260950914183e+00
  -1.81536075942903485370e+00
  -1.92443644375877798147e+00
  -2.03136725479909063807e+00
  -2.13516943459816310735e+00
  -2.23490027896867138324e+00
  -2.32968209780735646675e+00
  -2.41872364256252092574e+00
  -2.50133810123862421193e+00
  -2.57695699634093156050e+00
  -2.64513958591678033372e+00
  -2.70557763919055505042e+00
  -2.75809571484900040161e+00
  -2.80264729404710433158e+00
  -2.83930729873202336577e+00
  -2.86826165139064226395e+00
  -2.88979460266972587590e+00
  -2.90427457117825049693e+00
  -2.91213921170159562024e+00
  -2.91388036322481847051e+00
  -2.91002943711449857389e+00
  -2.90114369923263737405e+00
  -2.88779378749275039695e+00
  -2.87055269671566026801e+00
  -2.84998636195905641344e+00
  -2.82664588409526640334e+00
  -2.80106136968441932211e+00
  -2.77373730187976441641e+00
  -2.74514931965587294371e+00
  -2.71574225761675513979e+00
  -2.68592928600661595695e+00
  -2.65609198805459278958e+00
  -2.62658121716017767255e+00
  -2.59771858754843965045e+00
  -2.56979846703091263649e+00
  -2.54309035784639148048e+00
  -2.51784157000689479133e+00
  -2.49428011022802786911e+00
  -2.47261772776227140014e+00
  -2.45305307591473908957e+00
  -2.43577496454841391227e+00
  -2.42096569451145349205e+00
  -2.40880447982080125868e+00
  -2.39947097792659036486e+00
  -2.39314896289030532017e+00
  -2.39003019139148076277e+00
  -2.39031852781822218290e+00
  -2.39423441315018958875e+00
  -2.40201978396695814411e+00
  -2.41394357405528658944e+00
  -2.43030796347396504942e+00
  -2.45145558082194092719e+00
  -2.47777791684889248103e+00
  -2.50972527549380952649e+00
  -2.54781867745939072378e+00
  -2.59266424917289750596e+00
  -2.64497078713526834193e+00
  -2.70557139936972479433e+00
  -2.77545041367967249002e+00
  -2.85577713830326107569e+00
  -2.94794861092244664391e+00
  -3.05364424668974576704e+00
  -3.17489640152853169752e+00
  -3.31418246919258496774e+00
  -3.47454649307492635657e+00
  -3.65976182658395732261e+00
  -3.87455184091790716394e+00
  -4.12489430840602011585e+00
  -4.41844913819326112758e+00
  -4.76517284833169085800e+00
  -5.17822489761389270768e+00
  -5.67534827621201198866e+00
  -6.28105864971054650425e+00
  -7.03029715561909007704e+00
  -7.97494136833647981888e+00
  -9.19646972753480795859e+00
  -1.08337081004053779054e+01
  -1.31549494378020028762e+01
  -1.68040478901414864765e+01
  -2.42631597484996888170e+01
  -3.04775700182530862037e+01
  -1.80211479259455629176e+01
  -1.29709026024815710088e+01
  -9.79528534283259944004e+00
  -7.53950129689807369004e+00
  -5.85336169682436757711e+00
  -4.56312926056206791259e+00
  -3.56489583627022366130e+00
  -2.78842036542907933949e+00
  -2.18262239829571846883e+00
  -1.70894096194285127766e+00
  -1.33780694783199027853e+00
  -1.04644199054925368664e+00
  -8.17297560651692456268e-01
  -6.36867951662610676244e-01
  -4.94765176658835736934e-01
  -3.82997023095811017779e-01
  -2.95407625384215721809e-01
  -2.27247586662774864186e-01
  -1.74845929245051101564e-01
  -1.35360939815625469507e-01
  -1.06591445852068755773e-01
  -8.68340205968453904273e-02
  -7.47749388840074635798e-02
  -6.94083839015067344258e-02
  -6.99744988013940860672e-02
  -7.59124814622467863900e-02
  -8.68251336040694876584e-02
  -1.02452184504448554070e-01
  -1.22650387299268526231e-01
  -1.47378889537134682985e-01
  -1.76688753152767386023e-01
  -2.10715775236913815949e-01
  -2.49675964219760071483e-01
  -2.93863174090512435654e-01
  -3.43648504836792878514e-01
  -3.99481149508167932005e-01
  -4.61890413592486615002e-01
  -5.31488655214910510338e-01
  -6.08974898210754789218e-01
  -6.95138856842427599325e-01
  -7.90865083102353927380e-01
  -8.97136907826059259996e-01
  -1.01503979886142126077e+00
  -1.14576370851808073681e+00
  -1.29060393582778054622e+00
  -1.45095999671826403343e+00
  -1.62833198961398717408e+00
  -1.82431397990423604938e+00
  -2.04058401958459656456e+00
  -2.27889058189611182215e+00
</dep>
<dep Zin_ohm frequency>
  +3.77142539295384892739e+02
  +4.25903016558537672154e+02
  +4.74378665233272670321e+02
  +5.22742322112610168006e+02
  +5.71158518014433525423e+02
  +6.19783920760944852191e+02
  +6.68768932440359662905e+02
  +7.18259647934172789974e+02
  +7.68399874894631693678e+02
  +8.19333114986993905404e+02
  +8.71204489899044915546e+02
  +9.24162631310032224974e+02
  +9.78361569444353790459e+02
  +1.03396266194315285247e+03
  +1.09113660893749147363e+03
  +1.15006560393627000849e+03
  +1.21094567475328699402e+03
  +1.27398927497252475405e+03
  +1.33942819499531765359e+03
  +1.40751687313716934113e+03
  +1.47853620227602459636e+03
  +1.55279794713849923937e+03
  +1.63064991269902634485e+03
  +1.71248203704603201913e+03
  +1.79873362472465282735e+03
  +1.88990199211215099240e+03
  +1.98655286909341521095e+03
  +2.08933299708049344190e+03
  +2.19898549047268261347e+03
  +2.31636869850267157744e+03
  +2.44247953336087994103e+03
  +2.57848254180525646007e+03
  +2.72574642467007515734e+03
  +2.88589030051115241804e+03
  +3.06084283750545455405e+03
  +3.25291854724966015056e+03
  +3.46491720238359175710e+03
  +3.70025474179189041024e+03
  +3.96313751344293132206e+03
  +4.25879679630517421174e+03
  +4.59380799442463739979e+03
  +4.97652974542553693027e+03
  +5.41771366919173306087e+03
  +5.93135644778822279477e+03
  +6.53589054952458536718e+03
  +7.25582602414295524795e+03
  +8.12391646520011090615e+03
  +9.18366973463805879874e+03
  +1.04910600519452473236e+04
  +1.21111414348009875539e+04
  +1.40960921153907911503e+04
  +1.64103457808439234213e+04
  +1.87540188500315343845e+04
  +2.03792382935318237287e+04
  +2.04368161125602528045e+04
  +1.89268943678837276821e+04
  +1.66888731524738723238e+04
  +1.44580614142408885527e+04
  +1.25323902212411885557e+04
  +1.09519639358686054038e+04
  +9.66994528176101994177e+03
  +8.62547501433422439732e+03
  +7.76551259631898210500e+03
  +7.04854236288271204103e+03
  +6.44317111867698895367e+03
  +5.92583765256619972206e+03
  +5.47879006221563031431e+03
  +5.08853472676914134354e+03
  +4.74470294714430019667e+03
  +4.43923543221158161032e+03
  +4.16579619144781281648e+03
  +3.91934898669740687183e+03
  +3.69584859906392830453e+03
  +3.49201351743873556188e+03
  +3.30515681240143385367e+03
  +3.13305898433072297848e+03
  +2.97387140011628980574e+03
  +2.82604225180351841118e+03
  +2.68825926613466117487e+03
  +2.55940499456423276570e+03
  +2.43852163975043913524e+03
  +2.32478317511840214138e+03
  +2.21747308888212637612e+03
  +2.11596650076863124923e+03
  +2.01971570502896361177e+03
  +1.92823841918974676446e+03
  +1.84110818673360199682e+03
  +1.75794650924234906597e+03
  +1.67841638072145406113e+03
  +1.60221697196838226773e+03
  +1.52907927192304555319e+03
  +1.45876254044185520797e+03
  +1.39105146636396102622e+03
  +1.32575395894136386232e+03
  +1.26269953217064517048e+03
  +1.20173827264758187994e+03
  +1.14274041470498991657e+03
  +1.08559658451253403655e+03
  +1.03021882071054778862e+03
  +9.76542536805843610637e+02
  +9.24529664274586707506e+02
  +8.74173309307544059266e+02
  +8.25504372693085088031e+02
  +7.78600717316739860507e+02
  +7.33599600446888757688e+02
  +6.90714160236308771346e+02
  +6.50254623049713131877e+02
  +6.12654306160070177611e+02
  +5.78498943746580494008e+02
  +5.48554679007691106563e+02
  +5.23784733867538875529e+02
  +5.05338204344999383011e+02
  +4.94491244539221611376e+02
  +4.92530429568724343881e+02
  +5.00597748852092934158e+02
  +5.19555309813162580213e+02
  +5.49940047577236782672e+02
  +5.92039698680030028299e+02
  +6.46058615087455450521e+02
  +7.12309923862239770642e+02
  +7.91384994823359534166e+02
  +8.84283005157945694918e+02
  +9.92501812791113025014e+02
  +1.11808546646403169689e+03
  +1.26359026564743544441e+03
  +1.43185669376858913893e+03
  +1.62532468343167897729e+03
  +1.84436176815963290210e+03
  +2.08374767736094690918e+03
  +2.32668056742088128885e+03
  +2.53842823298860957948e+03
  +2.66891708974958646650e+03
  +2.67598364176422001037e+03
  +2.55698520606607189620e+03
  +2.35089187967745920105e+03
  +2.10800342893028209801e+03
  +1.86471155905834916666e+03
  +1.63921024185881628910e+03
  +1.43744080229230803525e+03
  +1.25924326985876496110e+03
  +1.10207308097517261558e+03
  +9.62793699260692619646e+02
  +8.38414772379275063940e+02
  +7.26336729035682651556e+02
  +6.24387574298811728113e+02
  +5.30782734944070284655e+02
  +4.44063813084180196711e+02
  +3.63038392982407401632e+02
  +2.86728927059956333778e+02
  +2.14334463167412366147e+02
  +1.45215185047832960663e+02
  +7.89786826111373159165e+01
  +1.81082378386299325257e+01
  +5.07644653107206949016e+01
  +1.11481356544019490684e+02
  +1.71778552914952797437e+02
  +2.31511858388845013224e+02
  +2.90883656582852609063e+02
  +3.50129611304458990162e+02
  +4.09485750738836145501e+02
  +4.69184202051888291862e+02
  +5.29454424794576766544e+02
  +5.90525791285539412456e+02
  +6.52630516711256291273e+02
  +7.16006675307314026213e+02
  +7.80901245140587889182e+02
  +8.47573185787178090322e+02
  +9.16296567480611315659e+02
  +9.87363764828376361038e+02
  +1.06108871041609108943e+03
  +1.13781017356057236611e+03
  +1.21789498325916224530e+03
  +1.30174104487350837189e+03
  +1.38977989636084203084e+03
  +1.48247839604853879791e+03
  +1.58033890757858785037e+03
  +1.68389701782885049397e+03
  +1.79371534953832247083e+03
  +1.91037136168017946147e+03
  +2.03443611297292409290e+03
  +2.16643975623188316604e+03
</dep>
<dep Zin_norm frequency>
  +7.54285078590769764162e+00
  +8.51806033117075322991e+00
  +9.48757330466545312220e+00
  +1.04548464422522027206e+01
  +1.14231703602886707216e+01
  +1.23956784152188976833e+01
  +1.33753786488071924055e+01
  +1.43651929586834548047e+01
  +1.53679974978926328077e+01
  +1.63866622997398785344e+01
  +1.74240897979808977425e+01
  +1.84832526262006453521e+01
  +1.95672313888870768039e+01
  +2.06792532388630583284e+01
  +2.18227321787498276251e+01
  +2.30013120787254017330e+01
  +2.42189134950657418699e+01
  +2.54797854994504966442e+01
  +2.67885638999063537824e+01
  +2.81503374627433871069e+01
  +2.95707240455204924956e+01
  +3.10559589427699869191e+01
  +3.26129982539805283182e+01
  +3.42496407409206398142e+01
  +3.59746724944930562629e+01
  +3.77980398422430212690e+01
  +3.97310573818683039349e+01
  +4.17866599416098694064e+01
  +4.39797098094536522694e+01
  +4.63273739700534292751e+01
  +4.88495906672175976837e+01
  +5.15696508361051257907e+01
  +5.45149284934015057047e+01
  +5.77178060102230503503e+01
  +6.12168567501090947758e+01
  +6.50583709449932001689e+01
  +6.92983440476718328682e+01
  +7.40050948358378093417e+01
  +7.92627502688586247359e+01
  +8.51759359261034916244e+01
  +9.18761598884927508379e+01
  +9.95305949085107357632e+01
  +1.08354273383834652122e+02
  +1.18627128955764462148e+02
  +1.30717810990491699386e+02
  +1.45116520482859101548e+02
  +1.62478329304002215849e+02
  +1.83673394692761178248e+02
  +2.09821201038904945335e+02
  +2.42222828696019746531e+02
  +2.81921842307815836648e+02
  +3.28206915616878461606e+02
  +3.75080377000630676321e+02
  +4.07584765870636488216e+02
  +4.08736322251205081102e+02
  +3.78537887357674549094e+02
  +3.33777463049477432833e+02
  +2.89161228284817752865e+02
  +2.50647804424823789304e+02
  +2.19039278717372098981e+02
  +1.93398905635220415888e+02
  +1.72509500286684470893e+02
  +1.55310251926379635279e+02
  +1.40970847257654241957e+02
  +1.28863422373539776800e+02
  +1.18516753051324002399e+02
  +1.09575801244312600602e+02
  +1.01770694535382830281e+02
  +9.48940589428860050702e+01
  +8.87847086442316282273e+01
  +8.33159238289562580349e+01
  +7.83869797339481380050e+01
  +7.39169719812785643853e+01
  +6.98402703487747089639e+01
  +6.61031362480286759364e+01
  +6.26611796866144601381e+01
  +5.94774280023257944094e+01
  +5.65208450360703693605e+01
  +5.37651853226932274765e+01
  +5.11880998912846578719e+01
  +4.87704327950087872523e+01
  +4.64956635023680391328e+01
  +4.43494617776425243960e+01
  +4.23193300153726283952e+01
  +4.03943141005792725196e+01
  +3.85647683837949344365e+01
  +3.68221637346720385153e+01
  +3.51589301848469801826e+01
  +3.35683276144290800858e+01
  +3.20443394393676470600e+01
  +3.05815854384609089323e+01
  +2.91752508088371058648e+01
  +2.78210293272792199559e+01
  +2.65150791788272783833e+01
  +2.52539906434129051149e+01
  +2.40347654529516390198e+01
  +2.28548082940997971946e+01
  +2.17119316902506795941e+01
  +2.06043764142109573356e+01
  +1.95308507361168715022e+01
  +1.84905932854917338659e+01
  +1.74834661861508813274e+01
  +1.65100874538617006237e+01
  +1.55720143463347966417e+01
  +1.46719920089377762196e+01
  +1.38142832047261752138e+01
  +1.30050924609942626375e+01
  +1.22530861232014043338e+01
  +1.15699788749316088143e+01
  +1.09710935801538216339e+01
  +1.04756946773507770843e+01
  +1.01067640868999877313e+01
  +9.88982489078443194330e+00
  +9.85060859137448652234e+00
  +1.00119549770418583279e+01
  +1.03911061962632516043e+01
  +1.09988009515447355824e+01
  +1.18407939736006007081e+01
  +1.29211723017491095789e+01
  +1.42461984772447944891e+01
  +1.58276998964671911097e+01
  +1.76856601031589129036e+01
  +1.98500362558222605003e+01
  +2.23617093292806323745e+01
  +2.52718053129487074671e+01
  +2.86371338753717807890e+01
  +3.25064936686335812510e+01
  +3.68872353631926586104e+01
  +4.16749535472189336360e+01
  +4.65336113484176223665e+01
  +5.07685646597721884632e+01
  +5.33783417949917335932e+01
  +5.35196728352843962284e+01
  +5.11397041213214365030e+01
  +4.70178375935491814630e+01
  +4.21600685786056388338e+01
  +3.72942311811669853228e+01
  +3.27842048371763254977e+01
  +2.87488160458461621261e+01
  +2.51848653971753009273e+01
  +2.20414616195034511748e+01
  +1.92558739852138529614e+01
  +1.67682954475855012788e+01
  +1.45267345807136525337e+01
  +1.24877514859762346333e+01
  +1.06156546988814053378e+01
  +8.88127626168360428949e+00
  +7.26076785964814774843e+00
  +5.73457854119912635582e+00
  +4.28668926334824718083e+00
  +2.90430370095665946195e+00
  +1.57957365222274637162e+00
  +3.62164756772598628309e-01
  +1.01528930621441393356e+00
  +2.22962713088038988474e+00
  +3.43557105829905573557e+00
  +4.63023716777690008684e+00
  +5.81767313165705246547e+00
  +7.00259222608917930586e+00
  +8.18971501477672347846e+00
  +9.38368404103776576619e+00
  +1.05890884958915343361e+01
  +1.18105158257107891728e+01
  +1.30526103342251253991e+01
  +1.43201335061462806664e+01
  +1.56180249028117579257e+01
  +1.69514637157435608117e+01
  +1.83259313496122260290e+01
  +1.97472752965675262260e+01
  +2.12217742083218219307e+01
  +2.27562034712114460433e+01
  +2.43578996651832433429e+01
  +2.60348208974701691432e+01
  +2.77955979272168427485e+01
  +2.96495679209707745372e+01
  +3.16067781515717562968e+01
  +3.36779403565770110163e+01
  +3.58743069907664491325e+01
  +3.82074272336035889452e+01
  +4.06887222594584798685e+01
  +4.33287951246376650261e+01
</dep>
<dep S[2,2] frequency>
  -9.41272766731077958902e-01+j2.90227279541244442829e-01
  -9.31448324532131000097e-01+j3.26598077284510790452e-01
  -9.20137387812401286169e-01+j3.62066466120946950369e-01
  -9.07403521230092824368e-01+j3.96703474195943706082e-01
  -8.93290998137917791055e-01+j4.30566010507835217336e-01
  -8.77828647156811303631e-01+j4.63698218747981005805e-01
  -8.61032797044395836750e-01+j4.96132582527557985941e-01
  -8.42909565772081648127e-01+j5.27890798116150916641e-01
  -8.23456672397598676838e-01+j5.58984436547947938223e-01
  -8.02664903506423721424e-01+j5.89415417959701426476e-01
  -7.80519333276989524251e-01+j6.19176319898370297601e-01
  -7.57000373285872218965e-01+j6.48250539465574648901e-01
  -7.32084712083921562709e-01+j6.76612327293745874357e-01
  -7.05746193334484517301e-01+j7.04226709873464917777e-01
  -6.77956673511322716053e-01+j7.31049315891910467258e-01
  -6.48686894810785563692e-01+j7.57026122128442335857e-01
  -6.17907405306933776856e-01+j7.82093135175434328588e-01
  -5.85589555903160419170e-01+j8.06176026885115248888e-01
  -5.51706601840368904277e-01+j8.29189744055577881987e-01
  -5.16234934988050730986e-01+j8.51038116524448717826e-01
  -4.79155471456894910265e-01+j8.71613492586959859310e-01
  -4.40455216796292181591e-01+j8.90796436515663425659e-01
  -4.00129027701318029653e-01+j9.08455529898396951793e-01
  -3.58181584221103133103e-01+j9.24447326409834291283e-01
  -3.14629579347687704516e-01+j9.38616518242652908555e-01
  -2.69504122943641677423e-01+j9.50796381321517891649e-01
  -2.22853343602523346068e-01+j9.60809574946028588371e-01
  -1.74745154650930684115e-01+j9.68469378702373706602e-01
  -1.25270128672750863386e-01+j9.73581454048086269992e-01
  -7.45443985413263426887e-02+j9.75946218237355389569e-01
  -2.27124723403321210347e-02+j9.75361912187036272925e-01
  +3.00501842015841527656e-02+j9.71628429188152731300e-01
  +8.35349790498364219715e-02+j9.64551945669950061557e-01
  +1.37498653195151532280e-01+j9.53950356395174892121e-01
  +1.91662608742653839400e-01+j9.39659463098525327140e-01
  +2.45713361078688213857e-01+j9.21539797601887977763e-01
  +2.99304366510932062795e-01+j8.99483879810888620199e-01
  +3.52059447707786132842e-01+j8.73423622384722597722e-01
  +4.03577979306782130831e-01+j8.43337505107383700320e-01
  +4.53441901878769426659e-01+j8.09257064080892818403e-01
  +5.01224504745010457363e-01+j7.71272187306937140328e-01
  +5.46500763240636233675e-01+j7.29534693448994353560e-01
  +5.88858846647050682144e-01+j6.84259707487612556243e-01
  +6.27912248115795601500e-01+j6.35724443951258599839e-01
  +6.63311850806987624019e-01+j5.84264166128569462089e-01
  +6.94757159467309426404e-01+j5.30265298921634653517e-01
  +7.22005914429005857258e-01+j4.74155914040596537795e-01
  +7.44881377629401431051e-01+j4.16394050553989869545e-01
  +7.63276737396369031607e-01+j3.57454548296706864363e-01
  +7.77156306017772191552e-01+j2.97815224555725843736e-01
  +7.86553454479499092322e-01+j2.37943291814564999997e-01
  +7.91565507019090675023e-01+j1.78282885064145385501e-01
  +7.92346067466561332360e-01+j1.19244445608088889266e-01
  +7.89095438226190881714e-01+j6.11965132164801403625e-02
  +7.82049900636446415625e-01+j4.46023915605310225518e-03
  +7.71470645658253184607e-01-j5.06933173204201711903e-02
  +7.57633083367591719792e-01-j1.04043275362150494656e-01
  +7.40817136228303807499e-01-j1.55416751539162678597e-01
  +7.21298958322351690953e-01-j2.04684884807656147787e-01
  +6.99344345478662532400e-01-j2.51757600705060091695e-01
  +6.75203931451436645261e-01-j2.96577649723200553744e-01
  +6.49110119233789584214e-01-j3.39114409673130556833e-01
  +6.21275583928753483143e-01-j3.79357864455004967219e-01
  +5.91893107782218153012e-01-j4.17313076736197108296e-01
  +5.61136467474432687474e-01-j4.52995372567951748444e-01
  +5.29162083681642858579e-01-j4.86426361942808749284e-01
  +4.96111156613212034294e-01-j5.17630837441140578825e-01
  +4.62112041610469870268e-01-j5.46634527116062640673e-01
  +4.27282659338947656824e-01-j5.73462628810224694931e-01
  +3.91732779997620794710e-01-j5.98139020552392208785e-01
  +3.55566065916891438370e-01-j6.20686023740028014473e-01
  +3.18881798765645319005e-01-j6.41124590036292407724e-01
  +2.81776254290443950445e-01-j6.59474786633232001876e-01
  +2.44343717946477911873e-01-j6.75756465151888918719e-01
  +2.06677158555320594768e-01-j6.89990014592818501349e-01
  +1.68868594383203035614e-01-j7.02197116374547514184e-01
  +1.31009197294892160146e-01-j7.12401437929472081123e-01
  +9.31891866613854535917e-02-j7.20629219266467169192e-01
  +5.54975663742397484768e-02-j7.26909723409563168772e-01
  +1.80217565782486710546e-02-j7.31275536053992203378e-01
  -1.91528325112097497218e-02-j7.33762711792219635143e-01
  -5.59432432488279618443e-02-j7.34410773730065580267e-01
  -9.22693950351451686043e-02-j7.33262580294364640920e-01
  -1.28054463148456171284e-01-j7.30364077720141002814e-01
  -1.63225191419994419828e-01-j7.25763959378503131781e-01
  -1.97712124667733191163e-01-j7.19513254098873233922e-01
  -2.31449752451278301102e-01-j7.11664865302408466974e-01
  -2.64376560435484964096e-01-j7.02273081441574631434e-01
  -2.96434989397438897196e-01-j6.91393076253118410435e-01
  -3.27571304689671216614e-01-j6.79080414959365552541e-01
  -3.57735380838759442490e-01-j6.65390580033432654794e-01
  -3.86880407000200376988e-01-j6.50378527670751660494e-01
  -4.14962519311317334925e-01-j6.34098283832263187598e-01
  -4.41940365892360853550e-01-j6.16602586757151183150e-01
  -4.67774609445843758682e-01-j5.97942581268492867608e-01
  -4.92427371189307350186e-01-j5.78167569075240583842e-01
  -5.15861618306726388283e-01-j5.57324818657490617113e-01
  -5.38040495282140707189e-01-j5.35459438254900166321e-01
  -5.58926597434272864895e-01-j5.12614316012428350433e-01
  -5.78481182737012100681e-01-j4.88830132542761419678e-01
  -5.96663315612625533291e-01-j4.64145453138269381554e-01
  -6.13428933843181090069e-01-j4.38596909747488883369e-01
  -6.28729827087323389634e-01-j4.12219486819586311555e-01
  -6.42512512760029297354e-01-j3.85046930491944161545e-01
  -6.54716992318548851593e-01-j3.57112307731607847572e-01
  -6.65275368458140170524e-01-j3.28448751458733423370e-01
  -6.74110301639553544106e-01-j2.99090440075829189226e-01
  -6.81133283232995823120e-01-j2.69073876127534195035e-01
  -6.86242703181299540383e-01-j2.38439550239980202484e-01
  -6.89321693785680644773e-01-j2.07234104614934938615e-01
  -6.90235740138322340087e-01-j1.75513147179470890835e-01
  -6.88830065269761759872e-01-j1.43344915466453393105e-01
  -6.84926829604968978593e-01-j1.10815051260585981097e-01
  -6.78322238186490733547e-01-j7.80328259456402745231e-02
  -6.68783738211594314116e-01-j4.51392547070880723048e-02
  -6.56047633337313862434e-01-j1.23176555279501942497e-02
  -6.39817669171550584828e-01+j2.01926587675258784049e-02
  -6.19765498829571881423e-01+j5.20787367042982451970e-02
  -5.95534477394373706893e-01+j8.29314841729673346560e-02
  -5.66749035796499267548e-01+j1.12217424061652137901e-01
  -5.33033033219628693544e-01+j1.39244153318469732206e-01
  -4.94042046023985215175e-01+j1.63119799653165586939e-01
  -4.49516481655285071728e-01+j1.82708677116842549415e-01
  -3.99364390966274185324e-01+j1.96588982772205905780e-01
  -3.43783960319683168372e-01+j2.03024699828865562434e-01
  -2.83433814567866870782e-01+j1.99973710912514757165e-01
  -2.19650619802402358172e-01+j1.85167225417539382804e-01
  -1.54692438705008705746e-01+j1.56308473487749094444e-01
  -9.19477601786582721122e-02+j1.11441043882243545626e-01
  -3.59967532463808803644e-02+j4.95099648619393151172e-02
  +7.63341670267742022915e-03-j2.89412652319502305964e-02
  +3.31594014844779419460e-02-j1.21129671854548759402e-01
  +3.56742924382928844329e-02-j2.21772377074999110791e-01
  +1.24482818993955912656e-02-j3.23529955380271072585e-01
  -3.61207963160408290770e-02-j4.18226166994394854548e-01
  -1.06400737727528560406e-01-j4.98491373481086741393e-01
  -1.92373815906112577423e-01-j5.59182817784920294102e-01
  -2.87059855931139584762e-01-j5.98042758874999580421e-01
  -3.83905445323049709927e-01-j6.15487802887981994004e-01
  -4.77692063445715797698e-01-j6.13828766773036549331e-01
  -5.64855767408645736971e-01-j5.96347629442855575732e-01
  -6.43366144950089702270e-01-j5.66537617488953926248e-01
  -7.12387945995242910513e-01-j5.27619774347862335873e-01
  -7.71901793254066159733e-01-j4.82312285366132409425e-01
  -8.22379094654987596869e-01-j4.32774491458242593911e-01
  -8.64542056228484234737e-01-j3.80647999364191635951e-01
  -8.99204375076763540164e-01-j3.27139000144213654142e-01
  -9.27174877630110416682e-01-j2.73108812096566677674e-01
  -9.49205018396352184773e-01-j2.19156480170055234513e-01
  -9.65964574549610044407e-01-j1.65687460928954977124e-01
  -9.78034251058393810929e-01-j1.12967741633553900304e-01
  -9.85907699177321683592e-01-j6.11650720484425425294e-02
  -9.89998257272313830768e-01-j1.03797091610386225252e-02
  -9.90647630198827511272e-01+j3.93329643333880582534e-02
  -9.88134948238314048119e-01+j8.79459238474196020041e-02
  -9.82685400020170685131e-01+j1.35448471193274688762e-01
  -9.74478080121208178888e-01+j1.81837445805792724540e-01
  -9.63652946193491732885e-01+j2.27110750200803596099e-01
  -9.50316918412848044007e-01+j2.71262506858722163283e-01
  -9.34549223862390809892e-01+j3.14279351054270406074e-01
  -9.16406119750045267125e-01+j3.56137504661251269589e-01
  -8.95925139814358173496e-01+j3.96800381001098267930e-01
  -8.73129008169653997307e-01+j4.36216550051695239887e-01
  -8.48029359850046016156e-01+j4.74317954553840404053e-01
  -8.20630400250899616488e-01+j5.11018316792054116959e-01
  -7.90932627550765765534e-01+j5.46211717705212373986e-01
  -7.58936732836657301782e-01+j5.79771367967190864867e-01
  -7.24647780987072276382e-01+j6.11548627259866695027e-01
  -6.88079759627759468543e-01+j6.41372364731296551454e-01
  -6.49260561314627393514e-01+j6.69048791235944073641e-01
  -6.08237432694433755032e-01+j6.94361931938126009101e-01
  -5.65082880649161567455e-01+j7.17074944417238624439e-01
  -5.19900966319109980596e-01+j7.36932519068160929443e-01
  -4.72833841046534031349e-01+j7.53664619888674280901e-01
  -4.24068282829830445202e-01+j7.66991827072234788609e-01
  -3.73841879671885035652e-01+j7.76632518524478121513e-01
  -3.22448383222979251261e-01+j7.82312064470579326958e-01
  -2.70241633935973446512e-01+j7.83774096805205600091e-01
  -2.17637355840060220391e-01+j7.80793744471639294957e-01
  -1.65112060036344987513e-01+j7.73192495864647777459e-01
  -1.13198311189275618860e-01+j7.60854067474379558433e-01
</dep>
<dep S[2,1] frequency>
  -4.79157299952493800910e-02-j1.55178504123632071687e-01
  -4.93681818941484398811e-02-j1.40585717174860874712e-01
  -4.99728927544457607324e-02-j1.26799954045847790285e-01
  -4.98065754745980887597e-02-j1.13739440041143100024e-01
  -4.89272160560228069892e-02-j1.01335496487557075174e-01
  -4.73779022989867792948e-02-j8.95311067920073200277e-02
  -4.51897462990733037036e-02-j7.82797264034822970480e-02
  -4.23841460243492562654e-02-j6.75443203890755405894e-02
  -3.89745638477765887764e-02-j5.72966066308427876552e-02
  -3.49679530136114899430e-02-j4.75164816779483981102e-02
  -3.03659302106189625536e-02-j3.81916074608929234646e-02
  -2.51657693941308123475e-02-j2.93171390030746194244e-02
  -1.93612758167954548960e-02-j2.08955752084447506089e-02
  -1.29435878868902742161e-02-j1.29367163665295315661e-02
  -5.90194657463588047419e-03-j5.45771298064922846804e-03
  +1.77553336318494472089e-03+j1.51680923490899030245e-03
  +1.01010598038883629007e-02+j7.95456391571494961235e-03
  +1.90862993699221529520e-02+j1.38153753493884100950e-02
  +2.87414271708970985031e-02+j1.90509261088057449407e-02
  +3.90740657449538814072e-02+j2.36045040220115576179e-02
  +5.00880905366124784539e-02+j2.74107759566608842616e-02
  +6.17822815863378477230e-02+j3.03956214414089938292e-02
  +7.41488044831822012970e-02+j3.24760657271183361683e-02
  +8.71715085681298018638e-02+j3.35603593850307482804e-02
  +1.00824037448753955903e-01+j3.35482596980636454953e-02
  +1.15067756711622795618e-01+j3.23315774987772558413e-02
  +1.29849516919903457124e-01+j2.97950610835197512993e-02
  +1.45099287122499864822e-01+j2.58176954344465220403e-02
  +1.60727715582784314030e-01+j2.02744989152880208949e-02
  +1.76623700365191371731e-01+j1.30388992090522404244e-02
  +1.92652082420514819683e-01+j3.98576352019793314629e-03
  +2.08651606806162293051e-01-j7.00485730964665528897e-03
  +2.24433331651622602898e-01-j2.00432374756702794127e-02
  +2.39779696274802028855e-01-j3.52247438059399564647e-02
  +2.54444485052675806180e-01-j5.26239222879899895546e-02
  +2.68153936628522548968e-01-j7.22880318850193520630e-02
  +2.80609242307030160024e-01-j9.42302348107100229413e-02
  +2.91490646384192586549e-01-j1.18422740971339049421e-01
  +3.00463298956533841899e-01-j1.44790292650546187359e-01
  +3.07184915144904702178e-01-j1.73204452621904453347e-01
  +3.11315164423867085652e-01-j2.03479211150359606819e-01
  +3.12526556234754948616e-01-j2.35368440279156682093e-01
  +3.10516416126272731812e-01-j2.68565684404708016064e-01
  +3.05019379377077681781e-01-j3.02706676001605945459e-01
  +2.95819689897495352593e-01-j3.37374803727464811498e-01
  +2.82762505667940811094e-01-j3.72109546224491327671e-01
  +2.65763398911824710869e-01-j4.06417638514631529567e-01
  +2.44815311952339770274e-01-j4.39786487552433380532e-01
  +2.19992388161134366786e-01-j4.71699132497771900230e-01
  +1.91450327389413532675e-01-j5.01649885554917185360e-01
  +1.59423189932390824142e-01-j5.29159715070790959146e-01
  +1.24216857350415738059e-01-j5.53790455431240058459e-01
  +8.61996155725157087168e-02-j5.75157044237878833925e-01
  +4.57905240821121495287e-02-j5.92937177952065241904e-01
  +3.44635389130249283896e-03-j6.06878013910835623079e-01
  -4.03520905492424294958e-02-j6.16799796202561756431e-01
  -8.51134978786686341445e-02-j6.22596514118863075815e-01
  -1.30348767609426263725e-01-j6.24233890618331010991e-01
  -1.75582412363147616352e-01-j6.21745130261561973484e-01
  -2.20362304035131045810e-01-j6.15224927633992169085e-01
  -2.64267584502681118774e-01-j6.04822253393361708440e-01
  -3.06914702009530138138e-01-j5.90732406756272920845e-01
  -3.47961645250589146627e-01-j5.73188764262873351463e-01
  -3.87110525476268896305e-01-j5.52454578836672705044e-01
  -4.24108704378033718463e-01-j5.28815102343222820380e-01
  -4.58748686891260026854e-01-j5.02570227901056543196e-01
  -4.90866999572028728238e-01-j4.74027780721797964425e-01
  -5.20342263220888168185e-01-j4.43497530952424945383e-01
  -5.47092648556584237873e-01-j4.11285959296860015311e-01
  -5.71072880413828087853e-01-j3.77691775024776077441e-01
  -5.92270932266770855357e-01-j3.43002164426023659072e-01
  -6.10704530768910625049e-01-j3.07489733659030484159e-01
  -6.26417570377937216186e-01-j2.71410101199798470262e-01
  -6.39476521225042282559e-01-j2.35000089985666182901e-01
  -6.49966898980337659530e-01-j1.98476466548096669440e-01
  -6.57989853131423108046e-01-j1.62035173046316371970e-01
  -6.63658919351544418497e-01-j1.25850997613343312809e-01
  -6.67096972061657522701e-01-j9.00776285451084651745e-02
  -6.68433404569251710114e-01-j5.48480385192666800021e-02
  -6.67801556101965121393e-01-j2.02751462368215111531e-02
  -6.65336397563524917231e-01+j1.35472953175248839869e-02
  -6.61172480925978467425e-01+j4.65436323682487246289e-02
  -6.55442150891662245193e-01+j7.86551109100381840022e-02
  -6.48274011887991385983e-01+j1.09838586020805970001e-01
  -6.39791638671706741626e-01+j1.40065177498788107080e-01
  -6.30112514867375850258e-01+j1.69318904929212532551e-01
  -6.19347180666154129014e-01+j1.97595330608157149221e-01
  -6.07598568646441017371e-01+j2.24900234008967192523e-01
  -5.94961505195421347381e-01+j2.51248336807363414902e-01
  -5.81522354227506421687e-01+j2.76662093002617015536e-01
  -5.67358779708950544673e-01+j3.01170554475629903557e-01
  -5.52539603790905387015e-01+j3.24808318471525359072e-01
  -5.37124738003469714975e-01+j3.47614560015647278135e-01
  -5.21165165849897804584e-01+j3.69632149168557688768e-01
  -5.04702956147662695763e-01+j3.90906850271060313240e-01
  -4.87771287486154614399e-01+j4.11486597872494586081e-01
  -4.70394465115580640013e-01+j4.31420841799243670600e-01
  -4.52587912367170053241e-01+j4.50759951707404571408e-01
  -4.34358119263452580050e-01+j4.69554669353085762928e-01
  -4.15702531255526197551e-01+j4.87855594558452232423e-01
  -3.96609360982705883014e-01+j5.05712688273133648131e-01
  -3.77057305567936817958e-01+j5.23174773009804527923e-01
  -3.57015151241460049203e-01+j5.40289006997497489593e-01
  -3.36441246061631560327e-01+j5.57100303302805466288e-01
  -3.15282820262305696346e-01+j5.73650658477624308951e-01
  -2.93475132469766863963e-01+j5.89978346434301359480e-01
  -2.70940418996341969571e-01+j6.06116921486177795408e-01
  -2.47586623136972022730e-01+j6.22093958862603102489e-01
  -2.23305882699854796325e-01+j6.37929440267059777447e-01
  -1.97972758240640700489e-01+j6.53633664596050101281e-01
  -1.71442193799000858201e-01+j6.69204527761820489040e-01
  -1.43547219778786872002e-01+j6.84623968203432298196e-01
  -1.14096439344976902097e-01+j6.99853313285029865476e-01
  -8.28713937049799648227e-02+j7.14827183406925859011e-01
  -4.96239907980943334431e-02+j7.29445512915977034574e-01
  -1.40743258419273008231e-02+j7.43563129549600354551e-01
  +2.40905498719580328515e-02+j7.56976202215592475220e-01
  +6.52160011303077741251e-02+j7.69404736786480802913e-01
  +1.09675871208874162188e-01+j7.80470210195363556238e-01
  +1.57862982263150847251e-01+j7.89667465577345906169e-01
  +2.10170672928567420223e-01+j7.96330301450887678705e-01
  +2.66960413578607225205e-01+j7.99591056519334597574e-01
  +3.28508609321133071557e-01+j7.98336388867426083316e-01
  +3.94923715961656152107e-01+j7.91165091439898882086e-01
  +4.66023686326418107306e-01+j7.76360108967936946023e-01
  +5.41165614714335552193e-01+j7.51896759900513966812e-01
  +6.19028089547094428902e-01+j7.15522267258488109398e-01
  +6.97367800441766494401e-01+j6.64954550989845349918e-01
  +7.72810477170361775912e-01+j5.98250659169605736309e-01
  +8.40789609743938792796e-01+j5.14367937308538913932e-01
  +8.95791110842739213282e-01+j4.13861142603548060048e-01
  +9.32044112128062485212e-01+j2.99523529169597790833e-01
  +9.44653572801207985776e-01+j1.76647349973059308859e-01
  +9.30900930311743479706e-01+j5.25805716408742421231e-02
  +8.91194632621418403318e-01-j6.44927921550574878573e-02
  +8.29176861307768797715e-01-j1.67196033271744370907e-01
  +7.50874678551906704627e-01-j2.50379969545082181615e-01
  +6.63276950851520497032e-01-j3.11781023041846738764e-01
  +5.72945136443202329701e-01-j3.51810497773625385776e-01
  +4.85105155192843695566e-01-j3.72774392640649432362e-01
  +4.03327702705901014468e-01-j3.77950304378312951226e-01
  +3.29649297985558531465e-01-j3.70827467337155824989e-01
  +2.64910652778060917711e-01-j3.54623278759649607217e-01
  +2.09135962096235306085e-01-j3.32052581782871059080e-01
  +1.61857993000518868287e-01-j3.05271638646568477249e-01
  +1.22358072917333943197e-01-j2.75919201903010169463e-01
  +8.98253977691842453446e-02-j2.45198795059421437159e-01
  +6.34533946418593675087e-02-j2.13969218635788965832e-01
  +4.24922237226389859499e-02-j1.82827113509399008517e-01
  +2.62730841170403656148e-02-j1.52175610405836797545e-01
  +1.42156088105893571583e-02-j1.22278413903540147945e-01
  +5.82584593007666982911e-03-j9.33009993689370015213e-02
  +6.89517325221646439418e-04-j6.53413228100968579426e-02
  -1.53666174622584276663e-03-j3.84524043103185372838e-02
  -1.13404282054065368851e-03-j1.26588087787160193110e-02
  +1.66932128225557338368e-03+j1.20313583548906834902e-02
  +6.69082702846928757678e-03+j3.56176991554261954120e-02
  +1.37863610025502521250e-02+j5.81010864150059633260e-02
  +2.28441982753587249921e-02+j7.94788594980951335067e-02
  +3.37796557768566749202e-02+j9.97411575302518393915e-02
  +4.65303668730809374954e-02+j1.18868035173741184995e-01
  +6.10520329101331762911e-02+j1.36827111278066293476e-01
  +7.73145076109833656597e-02+j1.53571579946293668151e-01
  +9.52980752244246831495e-02+j1.69038474784258985206e-01
  +1.14989790410630926543e-01+j1.83147126344273103449e-01
  +1.36379755990280016054e-01+j1.95797794658764151565e-01
  +1.59457224074104314537e-01+j2.06870496748488508221e-01
  +1.84206417791282328622e-01+j2.16224085575904279022e-01
  +2.10601986611130609361e-01+j2.23695673687324292356e-01
  +2.38604030453753113150e-01+j2.29100532392663008840e-01
  +2.68152659233999501875e-01+j2.32232635314870206056e-01
  +2.99162098277380772426e-01+j2.32866051694915365822e-01
  +3.31514409212174510078e-01+j2.30757426486093625284e-01
  +3.65052972855136048658e-01+j2.25649805558788330018e-01
  +3.99575976125927656568e-01+j2.17278067647116324146e-01
  +4.34830257303501610533e-01+j2.05376200346594428581e-01
  +4.70505986999023961825e-01+j1.89686594490930643397e-01
  +5.06232784486977505090e-01+j1.69971418681877012302e-01
  +5.41577972238457161502e-01+j1.46025965331751467202e-01
  +5.76047730600743101981e-01+j1.17693629224445581172e-01
  +6.09091899499641820093e-01+j8.48818977471615943031e-02
</dep>
<dep S[1,2] frequency>
  -4.79157299952493245798e-02-j1.55178504123632071687e-01
  -4.93681818941484676366e-02-j1.40585717174860819201e-01
  -4.99728927544454415433e-02-j1.26799954045847929063e-01
  -4.98065754745973116036e-02-j1.13739440041143419213e-01
  -4.89272160560232025062e-02-j1.01335496487556964151e-01
  -4.73779022989860576498e-02-j8.95311067920077086058e-02
  -4.51897462990731788035e-02-j7.82797264034823525591e-02
  -4.23841460243494366766e-02-j6.75443203890754156893e-02
  -3.89745638477769079655e-02-j5.72966066308436411392e-02
  -3.49679530136116495376e-02-j4.75164816779482940268e-02
  -3.03659302106195697069e-02-j3.81916074608942071600e-02
  -2.51657693941311384755e-02-j2.93171390030749559608e-02
  -1.93612758167950906041e-02-j2.08955752084450559203e-02
  -1.29435878868906176914e-02-j1.29367163665305116849e-02
  -5.90194657463578679912e-03-j5.45771298064928050975e-03
  +1.77553336318497291015e-03+j1.51680923490896189636e-03
  +1.01010598038889023997e-02+j7.95456391571594881307e-03
  +1.90862993699219656019e-02+j1.38153753493886390785e-02
  +2.87414271708973032005e-02+j1.90509261088053598321e-02
  +3.90740657449550332636e-02+j2.36045040220118594598e-02
  +5.00880905366123327371e-02+j2.74107759566612069202e-02
  +6.17822815863380697676e-02+j3.03956214414084942288e-02
  +7.41488044831823955860e-02+j3.24760657271178851402e-02
  +8.71715085681309120869e-02+j3.35603593850313103308e-02
  +1.00824037448753803248e-01+j3.35482596980644781626e-02
  +1.15067756711624391563e-01+j3.23315774987786297423e-02
  +1.29849516919903512635e-01+j2.97950610835193245574e-02
  +1.45099287122499892577e-01+j2.58176954344469349045e-02
  +1.60727715582783092785e-01+j2.02744989152883435535e-02
  +1.76623700365190094974e-01+j1.30388992090518414380e-02
  +1.92652082420514680905e-01+j3.98576352019805631166e-03
  +2.08651606806165124119e-01-j7.00485730964709590873e-03
  +2.24433331651621020830e-01-j2.00432374756708622798e-02
  +2.39779696274800585565e-01-j3.52247438059383882747e-02
  +2.54444485052675917203e-01-j5.26239222879898230212e-02
  +2.68153936628522715502e-01-j7.22880318850199765635e-02
  +2.80609242307028716734e-01-j9.42302348107102311081e-02
  +2.91490646384192586549e-01-j1.18422740971338702476e-01
  +3.00463298956533952921e-01-j1.44790292650545576736e-01
  +3.07184915144904424622e-01-j1.73204452621905619081e-01
  +3.11315164423866364007e-01-j2.03479211150357719440e-01
  +3.12526556234755059638e-01-j2.35368440279155655137e-01
  +3.10516416126273231413e-01-j2.68565684404709292821e-01
  +3.05019379377079624671e-01-j3.02706676001605168302e-01
  +2.95819689897493798281e-01-j3.37374803727465533143e-01
  +2.82762505667940478027e-01-j3.72109546224490939093e-01
  +2.65763398911822934512e-01-j4.06417638514631918145e-01
  +2.44815311952340075585e-01-j4.39786487552432159287e-01
  +2.19992388161133839430e-01-j4.71699132497769957340e-01
  +1.91450327389416335988e-01-j5.01649885554917074337e-01
  +1.59423189932392128654e-01-j5.29159715070790515057e-01
  +1.24216857350417361761e-01-j5.53790455431239947437e-01
  +8.61996155725156393279e-02-j5.75157044237878944948e-01
  +4.57905240821102066384e-02-j5.92937177952065908038e-01
  +3.44635389130281116071e-03-j6.06878013910836289213e-01
  -4.03520905492440878914e-02-j6.16799796202562755632e-01
  -8.51134978786686757779e-02-j6.22596514118862853771e-01
  -1.30348767609427762526e-01-j6.24233890618331899169e-01
  -1.75582412363145895506e-01-j6.21745130261561973484e-01
  -2.20362304035131212343e-01-j6.15224927633991947040e-01
  -2.64267584502680619174e-01-j6.04822253393361708440e-01
  -3.06914702009530637739e-01-j5.90732406756272365733e-01
  -3.47961645250589701739e-01-j5.73188764262872685329e-01
  -3.87110525476268563239e-01-j5.52454578836673149134e-01
  -4.24108704378034495619e-01-j5.28815102343222265269e-01
  -4.58748686891259804810e-01-j5.02570227901056210129e-01
  -4.90866999572029560905e-01-j4.74027780721799130159e-01
  -5.20342263220888168185e-01-j4.43497530952426444184e-01
  -5.47092648556584792985e-01-j4.11285959296858960599e-01
  -5.71072880413829198076e-01-j3.77691775024774689662e-01
  -5.92270932266771410468e-01-j3.43002164426024269694e-01
  -6.10704530768909736871e-01-j3.07489733659031261315e-01
  -6.26417570377936883119e-01-j2.71410101199799413951e-01
  -6.39476521225042282559e-01-j2.35000089985666182901e-01
  -6.49966898980338658731e-01-j1.98476466548098140485e-01
  -6.57989853131423663157e-01-j1.62035173046317093615e-01
  -6.63658919351544418497e-01-j1.25850997613343923431e-01
  -6.67096972061657633724e-01-j9.00776285451088121192e-02
  -6.68433404569251155003e-01-j5.48480385192655559012e-02
  -6.67801556101965232415e-01-j2.02751462368216291143e-02
  -6.65336397563525139276e-01+j1.35472953175228109923e-02
  -6.61172480925978356403e-01+j4.65436323682469066387e-02
  -6.55442150891662689283e-01+j7.86551109100386419692e-02
  -6.48274011887991385983e-01+j1.09838586020805054067e-01
  -6.39791638671706852648e-01+j1.40065177498788023813e-01
  -6.30112514867375628214e-01+j1.69318904929212948884e-01
  -6.19347180666155461282e-01+j1.97595330608155650420e-01
  -6.07598568646441017371e-01+j2.24900234008967192523e-01
  -5.94961505195421458403e-01+j2.51248336807363747969e-01
  -5.81522354227506754754e-01+j2.76662093002617792692e-01
  -5.67358779708950877740e-01+j3.01170554475630403157e-01
  -5.52539603790905498037e-01+j3.24808318471525803162e-01
  -5.37124738003469937020e-01+j3.47614560015646556490e-01
  -5.21165165849898137651e-01+j3.69632149168558021834e-01
  -5.04702956147663583941e-01+j3.90906850271059480573e-01
  -4.87771287486155225022e-01+j4.11486597872493975458e-01
  -4.70394465115580751036e-01+j4.31420841799243726111e-01
  -4.52587912367169609151e-01+j4.50759951707404293852e-01
  -4.34358119263453745784e-01+j4.69554669353085429861e-01
  -4.15702531255526142040e-01+j4.87855594558452343446e-01
  -3.96609360982706271592e-01+j5.05712688273133981198e-01
  -3.77057305567936429380e-01+j5.23174773009804860990e-01
  -3.57015151241461325959e-01+j5.40289006997496823459e-01
  -3.36441246061631282771e-01+j5.57100303302805688332e-01
  -3.15282820262305807368e-01+j5.73650658477624308951e-01
  -2.93475132469767807653e-01+j5.89978346434301803569e-01
  -2.70940418996342746727e-01+j6.06116921486177462342e-01
  -2.47586623136972772130e-01+j6.22093958862602547377e-01
  -2.23305882699854268969e-01+j6.37929440267059777447e-01
  -1.97972758240640839267e-01+j6.53633664596050434348e-01
  -1.71442193799002801091e-01+j6.69204527761820378018e-01
  -1.43547219778786455668e-01+j6.84623968203431965129e-01
  -1.14096439344977138020e-01+j6.99853313285030198543e-01
  -8.28713937049799648227e-02+j7.14827183406925859011e-01
  -4.96239907980940975207e-02+j7.29445512915977367641e-01
  -1.40743258419276894011e-02+j7.43563129549600243529e-01
  +2.40905498719580328515e-02+j7.56976202215592475220e-01
  +6.52160011303081904588e-02+j7.69404736786480580868e-01
  +1.09675871208875591600e-01+j7.80470210195363778283e-01
  +1.57862982263150125606e-01+j7.89667465577346017191e-01
  +2.10170672928567781046e-01+j7.96330301450887567682e-01
  +2.66960413578608668494e-01+j7.99591056519333709396e-01
  +3.28508609321132405423e-01+j7.98336388867426416383e-01
  +3.94923715961654930862e-01+j7.91165091439899326176e-01
  +4.66023686326418440373e-01+j7.76360108967936723978e-01
  +5.41165614714335108104e-01+j7.51896759900513633745e-01
  +6.19028089547094984013e-01+j7.15522267258487998376e-01
  +6.97367800441766605424e-01+j6.64954550989845571962e-01
  +7.72810477170361442845e-01+j5.98250659169606291421e-01
  +8.40789609743937904618e-01+j5.14367937308538691887e-01
  +8.95791110842738880216e-01+j4.13861142603549392316e-01
  +9.32044112128062152145e-01+j2.99523529169597069188e-01
  +9.44653572801208096799e-01+j1.76647349973060335815e-01
  +9.30900930311743923795e-01+j5.25805716408734719058e-02
  +8.91194632621418403318e-01-j6.44927921550580568466e-02
  +8.29176861307769241805e-01-j1.67196033271743982329e-01
  +7.50874678551906815649e-01-j2.50379969545082070592e-01
  +6.63276950851520719077e-01-j3.11781023041846905297e-01
  +5.72945136443202551746e-01-j3.51810497773625052709e-01
  +4.85105155192843529033e-01-j3.72774392640649154806e-01
  +4.03327702705901569580e-01-j3.77950304378313561848e-01
  +3.29649297985558198398e-01-j3.70827467337155602944e-01
  +2.64910652778060473622e-01-j3.54623278759649995795e-01
  +2.09135962096235361596e-01-j3.32052581782871336635e-01
  +1.61857993000518646243e-01-j3.05271638646568477249e-01
  +1.22358072917333943197e-01-j2.75919201903009836396e-01
  +8.98253977691844673892e-02-j2.45198795059421631448e-01
  +6.34533946418596311867e-02-j2.13969218635788827054e-01
  +4.24922237226390275833e-02-j1.82827113509398925251e-01
  +2.62730841170402511231e-02-j1.52175610405836825301e-01
  +1.42156088105892790957e-02-j1.22278413903540189578e-01
  +5.82584593007669151316e-03-j9.33009993689370709102e-02
  +6.89517325221646439418e-04-j6.53413228100968579426e-02
  -1.53666174622594077850e-03-j3.84524043103185858561e-02
  -1.13404282054065260431e-03-j1.26588087787158805331e-02
  +1.66932128225539015351e-03+j1.20313583548907997167e-02
  +6.69082702846973773753e-03+j3.56176991554264313344e-02
  +1.37863610025506563156e-02+j5.81010864150057967925e-02
  +2.28441982753586764199e-02+j7.94788594980951057511e-02
  +3.37796557768566471647e-02+j9.97411575302521169473e-02
  +4.65303668730807570841e-02+j1.18868035173741462551e-01
  +6.10520329101329403687e-02+j1.36827111278066571032e-01
  +7.73145076109832546374e-02+j1.53571579946293224062e-01
  +9.52980752244251688721e-02+j1.69038474784258818673e-01
  +1.14989790410630982054e-01+j1.83147126344273325493e-01
  +1.36379755990280265854e-01+j1.95797794658763985032e-01
  +1.59457224074104370048e-01+j2.06870496748488202909e-01
  +1.84206417791282273111e-01+j2.16224085575904251266e-01
  +2.10601986611130609361e-01+j2.23695673687324375623e-01
  +2.38604030453753029883e-01+j2.29100532392662564751e-01
  +2.68152659233999390853e-01+j2.32232635314870511367e-01
  +2.99162098277380716915e-01+j2.32866051694914338865e-01
  +3.31514409212174232522e-01+j2.30757426486093653040e-01
  +3.65052972855136326213e-01+j2.25649805558788413284e-01
  +3.99575976125927156968e-01+j2.17278067647116657213e-01
  +4.34830257303502054622e-01+j2.05376200346594928181e-01
  +4.70505986999023906314e-01+j1.89686594490930449108e-01
  +5.06232784486977949179e-01+j1.69971418681877234347e-01
  +5.41577972238457161502e-01+j1.46025965331751494958e-01
  +5.76047730600743213003e-01+j1.17693629224445150960e-01
  +6.09091899499641931115e-01+j8.48818977471610530694e-02
</dep>
<dep S[1,1] frequency>
  -9.41272766731078514013e-01+j2.90227279541244498340e-01
  -9.31448324532131000097e-01+j3.26598077284510845963e-01
  -9.20137387812400842080e-01+j3.62066466120946839347e-01
  -9.07403521230092158234e-01+j3.96703474195943539549e-01
  -8.93290998137917680033e-01+j4.30566010507834995291e-01
  -8.77828647156810859542e-01+j4.63698218747980839272e-01
  -8.61032797044395281638e-01+j4.96132582527557763896e-01
  -8.42909565772081648127e-01+j5.27890798116150916641e-01
  -8.23456672397598010704e-01+j5.58984436547948493335e-01
  -8.02664903506423721424e-01+j5.89415417959701315453e-01
  -7.80519333276988747095e-01+j6.19176319898371185779e-01
  -7.57000373285871885898e-01+j6.48250539465575092990e-01
  -7.32084712083921118619e-01+j6.76612327293745541290e-01
  -7.05746193334485516502e-01+j7.04226709873464362666e-01
  -6.77956673511322605030e-01+j7.31049315891910467258e-01
  -6.48686894810785341647e-01+j7.57026122128442113812e-01
  -6.17907405306933998901e-01+j7.82093135175434439610e-01
  -5.85589555903160308148e-01+j8.06176026885115248888e-01
  -5.51706601840368904277e-01+j8.29189744055577993009e-01
  -5.16234934988049731786e-01+j8.51038116524448717826e-01
  -4.79155471456894299642e-01+j8.71613492586960414421e-01
  -4.40455216796291848524e-01+j8.90796436515662648503e-01
  -4.00129027701317863119e-01+j9.08455529898396840771e-01
  -3.58181584221101800836e-01+j9.24447326409834291283e-01
  -3.14629579347687593494e-01+j9.38616518242653352644e-01
  -2.69504122943640012089e-01+j9.50796381321519001872e-01
  -2.22853343602523318312e-01+j9.60809574946028366327e-01
  -1.74745154650930406559e-01+j9.68469378702373817625e-01
  -1.25270128672750696852e-01+j9.73581454048085825903e-01
  -7.45443985413262177886e-02+j9.75946218237355611613e-01
  -2.27124723403308026448e-02+j9.75361912187036605992e-01
  +3.00501842015854503387e-02+j9.71628429188152509255e-01
  +8.35349790498350341927e-02+j9.64551945669949395423e-01
  +1.37498653195149866946e-01+j9.53950356395175558255e-01
  +1.91662608742654061444e-01+j9.39659463098526548386e-01
  +2.45713361078687964056e-01+j9.21539797601887644696e-01
  +2.99304366510933839152e-01+j8.99483879810887843043e-01
  +3.52059447707784523018e-01+j8.73423622384723152834e-01
  +4.03577979306782685942e-01+j8.43337505107384033387e-01
  +4.53441901878770869949e-01+j8.09257064080891486135e-01
  +5.01224504745010124296e-01+j7.71272187306939027707e-01
  +5.46500763240636677764e-01+j7.29534693448993465381e-01
  +5.88858846647052458501e-01+j6.84259707487611334997e-01
  +6.27912248115797488879e-01+j6.35724443951259488017e-01
  +6.63311850806985514595e-01+j5.84264166128567796754e-01
  +6.94757159467310092538e-01+j5.30265298921634542495e-01
  +7.22005914429003636812e-01+j4.74155914040595094505e-01
  +7.44881377629402208207e-01+j4.16394050553991368346e-01
  +7.63276737396368587518e-01+j3.57454548296708418675e-01
  +7.77156306017774634043e-01+j2.97815224555726787425e-01
  +7.86553454479500091523e-01+j2.37943291814565027753e-01
  +7.91565507019093117513e-01+j1.78282885064144719367e-01
  +7.92346067466561443382e-01+j1.19244445608089166821e-01
  +7.89095438226189216380e-01+j6.11965132164785791113e-02
  +7.82049900636446304603e-01+j4.46023915605207876833e-03
  +7.71470645658252074384e-01-j5.06933173204205805851e-02
  +7.57633083367591275703e-01-j1.04043275362150119956e-01
  +7.40817136228301920120e-01-j1.55416751539163844331e-01
  +7.21298958322353467310e-01-j2.04684884807657840877e-01
  +6.99344345478662088311e-01-j2.51757600705059370050e-01
  +6.75203931451436645261e-01-j2.96577649723200553744e-01
  +6.49110119233789140125e-01-j3.39114409673129779677e-01
  +6.21275583928753594165e-01-j3.79357864455004634152e-01
  +5.91893107782218486079e-01-j4.17313076736197885452e-01
  +5.61136467474432021341e-01-j4.52995372567951526399e-01
  +5.29162083681642969601e-01-j4.86426361942808360705e-01
  +4.96111156613212256339e-01-j5.17630837441141911093e-01
  +4.62112041610469537201e-01-j5.46634527116063750896e-01
  +4.27282659338947545802e-01-j5.73462628810223695730e-01
  +3.91732779997620350620e-01-j5.98139020552390765495e-01
  +3.55566065916890938770e-01-j6.20686023740028902651e-01
  +3.18881798765646262694e-01-j6.41124590036293295903e-01
  +2.81776254290444450046e-01-j6.59474786633233889255e-01
  +2.44343717946478189429e-01-j6.75756465151888696674e-01
  +2.06677158555319762101e-01-j6.89990014592819278505e-01
  +1.68868594383202952347e-01-j7.02197116374548180318e-01
  +1.31009197294891743812e-01-j7.12401437929473857480e-01
  +9.31891866613851482803e-02-j7.20629219266467502258e-01
  +5.54975663742398594991e-02-j7.26909723409562724683e-01
  +1.80217565782486155435e-02-j7.31275536053992536445e-01
  -1.91528325112106934114e-02-j7.33762711792221078433e-01
  -5.59432432488269903992e-02-j7.34410773730067467646e-01
  -9.22693950351445857372e-02-j7.33262580294363086608e-01
  -1.28054463148456254551e-01-j7.30364077720141779970e-01
  -1.63225191419994586361e-01-j7.25763959378503686892e-01
  -1.97712124667732774830e-01-j7.19513254098873122899e-01
  -2.31449752451279466836e-01-j7.11664865302410354353e-01
  -2.64376560435484742051e-01-j7.02273081441574520412e-01
  -2.96434989397438619640e-01-j6.91393076253118410435e-01
  -3.27571304689671383148e-01-j6.79080414959364886407e-01
  -3.57735380838759498001e-01-j6.65390580033431544571e-01
  -3.86880407000200376988e-01-j6.50378527670750994361e-01
  -4.14962519311316890835e-01-j6.34098283832264408844e-01
  -4.41940365892361242128e-01-j6.16602586757150961105e-01
  -4.67774609445844480327e-01-j5.97942581268493422719e-01
  -4.92427371189308016319e-01-j5.78167569075240805887e-01
  -5.15861618306726388283e-01-j5.57324818657490617113e-01
  -5.38040495282140485145e-01-j5.35459438254900277343e-01
  -5.58926597434273086940e-01-j5.12614316012429016567e-01
  -5.78481182737011989659e-01-j4.88830132542761308656e-01
  -5.96663315612625755335e-01-j4.64145453138269270532e-01
  -6.13428933843180090868e-01-j4.38596909747488050701e-01
  -6.28729827087324055768e-01-j4.12219486819586866666e-01
  -6.42512512760028631220e-01-j3.85046930491943717456e-01
  -6.54716992318549184660e-01-j3.57112307731607958594e-01
  -6.65275368458140947681e-01-j3.28448751458732979280e-01
  -6.74110301639553988196e-01-j2.99090440075829300248e-01
  -6.81133283232996711298e-01-j2.69073876127534694636e-01
  -6.86242703181298985271e-01-j2.38439550239980230240e-01
  -6.89321693785680755795e-01-j2.07234104614934661059e-01
  -6.90235740138324338488e-01-j1.75513147179471001857e-01
  -6.88830065269761426805e-01-j1.43344915466453420860e-01
  -6.84926829604969089615e-01-j1.10815051260585772930e-01
  -6.78322238186490733547e-01-j7.80328259456402328897e-02
  -6.68783738211594647183e-01-j4.51392547070881278160e-02
  -6.56047633337314195501e-01-j1.23176555279504162943e-02
  -6.39817669171550584828e-01+j2.01926587675255175824e-02
  -6.19765498829571326311e-01+j5.20787367042981896859e-02
  -5.95534477394372374626e-01+j8.29314841729673069004e-02
  -5.66749035796499489592e-01+j1.12217424061652568112e-01
  -5.33033033219628582522e-01+j1.39244153318469621183e-01
  -4.94042046023983938419e-01+j1.63119799653164837538e-01
  -4.49516481655285571328e-01+j1.82708677116842910237e-01
  -3.99364390966275184525e-01+j1.96588982772206433136e-01
  -3.43783960319682724283e-01+j2.03024699828865284879e-01
  -2.83433814567867203849e-01+j1.99973710912514507365e-01
  -2.19650619802401719793e-01+j1.85167225417538827692e-01
  -1.54692438705008039612e-01+j1.56308473487748733621e-01
  -9.19477601786588549793e-02+j1.11441043882243920327e-01
  -3.59967532463807693421e-02+j4.95099648619397036953e-02
  +7.63341670267675409534e-03-j2.89412652319494811959e-02
  +3.31594014844780460294e-02-j1.21129671854549675336e-01
  +3.56742924382928427995e-02-j2.21772377074998638946e-01
  +1.24482818993959243326e-02-j3.23529955380271738719e-01
  -3.61207963160408013215e-02-j4.18226166994395909260e-01
  -1.06400737727528407750e-01-j4.98491373481086519348e-01
  -1.92373815906112355378e-01-j5.59182817784920294102e-01
  -2.87059855931139251695e-01-j5.98042758874999358376e-01
  -3.83905445323049043793e-01-j6.15487802887981882982e-01
  -4.77692063445716019743e-01-j6.13828766773036105242e-01
  -5.64855767408645736971e-01-j5.96347629442855464710e-01
  -6.43366144950089702270e-01-j5.66537617488954259315e-01
  -7.12387945995242799491e-01-j5.27619774347862557917e-01
  -7.71901793254066603822e-01-j4.82312285366132798003e-01
  -8.22379094654987485846e-01-j4.32774491458242649422e-01
  -8.64542056228484456781e-01-j3.80647999364191802485e-01
  -8.99204375076763207097e-01-j3.27139000144213654142e-01
  -9.27174877630110749749e-01-j2.73108812096566455629e-01
  -9.49205018396352073751e-01-j2.19156480170055095735e-01
  -9.65964574549610266452e-01-j1.65687460928954977124e-01
  -9.78034251058393699907e-01-j1.12967741633553872549e-01
  -9.85907699177322016659e-01-j6.11650720484427506962e-02
  -9.89998257272313941790e-01-j1.03797091610386277294e-02
  -9.90647630198827622294e-01+j3.93329643333878986589e-02
  -9.88134948238313604030e-01+j8.79459238474197407820e-02
  -9.82685400020170463087e-01+j1.35448471193274855295e-01
  -9.74478080121208178888e-01+j1.81837445805792946585e-01
  -9.63652946193491732885e-01+j2.27110750200803540588e-01
  -9.50316918412848044007e-01+j2.71262506858722385328e-01
  -9.34549223862390920914e-01+j3.14279351054271072208e-01
  -9.16406119750045822236e-01+j3.56137504661251824700e-01
  -8.95925139814358395540e-01+j3.96800381001098212419e-01
  -8.73129008169654663440e-01+j4.36216550051695184376e-01
  -8.48029359850045683089e-01+j4.74317954553840293030e-01
  -8.20630400250899505465e-01+j5.11018316792054005937e-01
  -7.90932627550765987579e-01+j5.46211717705212485008e-01
  -7.58936732836657079737e-01+j5.79771367967189976689e-01
  -7.24647780987072165360e-01+j6.11548627259866806050e-01
  -6.88079759627759024454e-01+j6.41372364731296329410e-01
  -6.49260561314627615559e-01+j6.69048791235944850797e-01
  -6.08237432694433310942e-01+j6.94361931938125565011e-01
  -5.65082880649161678477e-01+j7.17074944417238291372e-01
  -5.19900966319109869573e-01+j7.36932519068160929443e-01
  -4.72833841046534253394e-01+j7.53664619888673725789e-01
  -4.24068282829830833780e-01+j7.66991827072235010654e-01
  -3.73841879671884591563e-01+j7.76632518524478787647e-01
  -3.22448383222979251261e-01+j7.82312064470579215936e-01
  -2.70241633935973502023e-01+j7.83774096805205822136e-01
  -2.17637355840060386925e-01+j7.80793744471639517002e-01
  -1.65112060036345181802e-01+j7.73192495864647000303e-01
  -1.13198311189275452326e-01+j7.60854067474379225366e-01
</dep>
