<Qucs Dataset 1.0.7>
<indep frequency 181>
  +1.00000000000000000000e+09
  +1.05000000000000000000e+09
  +1.10000000000000000000e+09
  +1.15000000000000000000e+09
  +1.20000000000000000000e+09
  +1.25000000000000000000e+09
  +1.30000000000000000000e+09
  +1.35000000000000000000e+09
  +1.40000000000000000000e+09
  +1.45000000000000000000e+09
  +1.50000000000000000000e+09
  +1.55000000000000000000e+09
  +1.60000000000000000000e+09
  +1.65000000000000000000e+09
  +1.70000000000000000000e+09
  +1.75000000000000000000e+09
  +1.80000000000000000000e+09
  +1.85000000000000000000e+09
  +1.90000000000000000000e+09
  +1.95000000000000000000e+09
  +2.00000000000000000000e+09
  +2.05000000000000000000e+09
  +2.10000000000000000000e+09
  +2.15000000000000000000e+09
  +2.20000000000000000000e+09
  +2.25000000000000000000e+09
  +2.30000000000000000000e+09
  +2.35000000000000000000e+09
  +2.40000000000000000000e+09
  +2.45000000000000000000e+09
  +2.50000000000000000000e+09
  +2.55000000000000000000e+09
  +2.60000000000000000000e+09
  +2.65000000000000000000e+09
  +2.70000000000000000000e+09
  +2.75000000000000000000e+09
  +2.80000000000000000000e+09
  +2.85000000000000000000e+09
  +2.90000000000000000000e+09
  +2.95000000000000000000e+09
  +3.00000000000000000000e+09
  +3.05000000000000000000e+09
  +3.10000000000000000000e+09
  +3.15000000000000000000e+09
  +3.20000000000000000000e+09
  +3.25000000000000000000e+09
  +3.30000000000000000000e+09
  +3.35000000000000000000e+09
  +3.40000000000000000000e+09
  +3.45000000000000000000e+09
  +3.50000000000000000000e+09
  +3.55000000000000000000e+09
  +3.60000000000000000000e+09
  +3.65000000000000000000e+09
  +3.70000000000000000000e+09
  +3.75000000000000000000e+09
  +3.80000000000000000000e+09
  +3.85000000000000000000e+09
  +3.90000000000000000000e+09
  +3.95000000000000000000e+09
  +4.00000000000000000000e+09
  +4.05000000000000000000e+09
  +4.10000000000000000000e+09
  +4.15000000000000000000e+09
  +4.20000000000000000000e+09
  +4.25000000000000000000e+09
  +4.30000000000000000000e+09
  +4.35000000000000000000e+09
  +4.40000000000000000000e+09
  +4.45000000000000000000e+09
  +4.50000000000000000000e+09
  +4.55000000000000000000e+09
  +4.60000000000000000000e+09
  +4.65000000000000000000e+09
  +4.70000000000000000000e+09
  +4.75000000000000000000e+09
  +4.80000000000000000000e+09
  +4.85000000000000000000e+09
  +4.90000000000000000000e+09
  +4.95000000000000000000e+09
  +5.00000000000000000000e+09
  +5.05000000000000000000e+09
  +5.10000000000000000000e+09
  +5.15000000000000000000e+09
  +5.20000000000000000000e+09
  +5.25000000000000000000e+09
  +5.30000000000000000000e+09
  +5.35000000000000000000e+09
  +5.40000000000000000000e+09
  +5.45000000000000000000e+09
  +5.50000000000000000000e+09
  +5.55000000000000000000e+09
  +5.60000000000000000000e+09
  +5.65000000000000000000e+09
  +5.70000000000000000000e+09
  +5.75000000000000000000e+09
  +5.80000000000000000000e+09
  +5.85000000000000000000e+09
  +5.90000000000000000000e+09
  +5.95000000000000000000e+09
  +6.00000000000000000000e+09
  +6.05000000000000000000e+09
  +6.10000000000000000000e+09
  +6.15000000000000000000e+09
  +6.20000000000000000000e+09
  +6.25000000000000000000e+09
  +6.30000000000000000000e+09
  +6.35000000000000000000e+09
  +6.40000000000000000000e+09
  +6.45000000000000000000e+09
  +6.50000000000000000000e+09
  +6.55000000000000000000e+09
  +6.60000000000000000000e+09
  +6.65000000000000000000e+09
  +6.70000000000000000000e+09
  +6.75000000000000000000e+09
  +6.80000000000000000000e+09
  +6.85000000000000000000e+09
  +6.90000000000000000000e+09
  +6.95000000000000000000e+09
  +7.00000000000000000000e+09
  +7.05000000000000000000e+09
  +7.10000000000000000000e+09
  +7.15000000000000000000e+09
  +7.20000000000000000000e+09
  +7.25000000000000000000e+09
  +7.30000000000000000000e+09
  +7.35000000000000000000e+09
  +7.40000000000000000000e+09
  +7.45000000000000000000e+09
  +7.50000000000000000000e+09
  +7.55000000000000000000e+09
  +7.60000000000000000000e+09
  +7.65000000000000000000e+09
  +7.70000000000000000000e+09
  +7.75000000000000000000e+09
  +7.80000000000000000000e+09
  +7.85000000000000000000e+09
  +7.90000000000000000000e+09
  +7.95000000000000000000e+09
  +8.00000000000000000000e+09
  +8.05000000000000000000e+09
  +8.10000000000000000000e+09
  +8.15000000000000000000e+09
  +8.20000000000000000000e+09
  +8.25000000000000000000e+09
  +8.30000000000000000000e+09
  +8.35000000000000000000e+09
  +8.40000000000000000000e+09
  +8.45000000000000000000e+09
  +8.50000000000000000000e+09
  +8.55000000000000000000e+09
  +8.60000000000000000000e+09
  +8.65000000000000000000e+09
  +8.70000000000000000000e+09
  +8.75000000000000000000e+09
  +8.80000000000000000000e+09
  +8.85000000000000000000e+09
  +8.90000000000000000000e+09
  +8.95000000000000000000e+09
  +9.00000000000000000000e+09
  +9.05000000000000000000e+09
  +9.10000000000000000000e+09
  +9.15000000000000000000e+09
  +9.20000000000000000000e+09
  +9.25000000000000000000e+09
  +9.30000000000000000000e+09
  +9.35000000000000000000e+09
  +9.40000000000000000000e+09
  +9.45000000000000000000e+09
  +9.50000000000000000000e+09
  +9.55000000000000000000e+09
  +9.60000000000000000000e+09
  +9.65000000000000000000e+09
  +9.70000000000000000000e+09
  +9.75000000000000000000e+09
  +9.80000000000000000000e+09
  +9.85000000000000000000e+09
  +9.90000000000000000000e+09
  +9.95000000000000000000e+09
  +1.00000000000000000000e+10
</indep>
<dep S21_phase frequency>
  -7.13373390760686305612e+01
  -7.39750207800825165805e+01
  -7.65392777256373335604e+01
  -7.90338446380754220399e+01
  -8.14623401774421296295e+01
  -8.38282429645458506684e+01
  -8.61348758181265736766e+01
  -8.83853964887507999038e+01
  -9.05827934431481907041e+01
  -9.27298855005481783564e+01
  -9.48293243431221952733e+01
  -9.68835991134717886553e+01
  -9.88950424737830786626e+01
  -1.00865837635859719512e+02
  -1.02798025981749319158e+02
  -1.04693514984337127771e+02
  -1.06554086209227236282e+02
  -1.08381403236438316640e+02
  -1.10177019385496805626e+02
  -1.11942385162685923206e+02
  -1.13678855376403930677e+02
  -1.15387695887406081852e+02
  -1.17070089976446581659e+02
  -1.18727144323600555254e+02
  -1.20359894602147477372e+02
  -1.21969310696100308178e+02
  -1.23556301554740045390e+02
  -1.25121719700386933027e+02
  -1.26666365407385839603e+02
  -1.28190990571213376370e+02
  -1.29696302286936884229e+02
  -1.31182966156125615953e+02
  -1.32651609340865661579e+02
  -1.34102823382859526191e+02
  -1.35537166804778252072e+02
  -1.36955167510135709108e+02
  -1.38357324996988097610e+02
  -1.39744112399811086789e+02
  -1.41115978372939224528e+02
  -1.42473348828012575495e+02
  -1.43816628536986456766e+02
  -1.45146202611381880843e+02
  -1.46462437867662146118e+02
  -1.47765684087834245020e+02
  -1.49056275183676859797e+02
  -1.50334530272317380195e+02
  -1.51600754670267434676e+02
  -1.52855240812452137789e+02
  -1.54098269102231654415e+02
  -1.55330108697943387597e+02
  -1.56551018241015128751e+02
  -1.57761246530309904301e+02
  -1.58961033146973903740e+02
  -1.60150609033705848105e+02
  -1.61330197032045163041e+02
  -1.62500012381000288997e+02
  -1.63660263180038839437e+02
  -1.64811150819232437925e+02
  -1.65952870379127944034e+02
  -1.67085611002716518669e+02
  -1.68209556241509602614e+02
  +1.06751156215333118382e+01
  +9.56823127247128368822e+00
  +8.46962208514283609873e+00
  +7.37912386009571275025e+00
  +6.29657658017868993028e+00
  +5.22182418218506505525e+00
  +4.15471434322038479792e+00
  +3.09509828070027248614e+00
  +2.04283056491568126845e+00
  +9.97768943242732020416e-01
  -4.02258249061247102896e-02
  -1.07129012317208016647e+00
  -2.09555762416374946611e+00
  -3.11315942685609936547e+00
  -4.12422418614045493968e+00
  -5.12887823509685514267e+00
  -6.12724570055791861733e+00
  -7.11944861245507887304e+00
  -8.10560700743026707471e+00
  -9.08583902714232038988e+00
  -1.00602610116847053234e+01
  -1.10289875884769834613e+01
  -1.19921317569952226023e+01
  -1.29498049696569363931e+01
  -1.39021172091728590914e+01
  -1.48491770626419032908e+01
  -1.57910917926583120874e+01
  -1.67279674056818592476e+01
  -1.76599087178936713372e+01
  -1.85870194187626047722e+01
  -1.95094021325261657296e+01
  -2.04271584777698045343e+01
  -2.13403891252992714556e+01
  -2.22491938544630549757e+01
  -2.31536716080941538110e+01
  -2.40539205462265854862e+01
  -2.49500380987239012143e+01
  -2.58421210169692976422e+01
  -2.67302654247431696888e+01
  -2.76145668684185885411e+01
  -2.84951203665994228231e+01
  -2.93720204593175431285e+01
  -3.02453612569054541837e+01
  -3.11152364886579633207e+01
  -3.19817395513912856586e+01
  -3.28449635580077057284e+01
  -3.37050013861747643773e+01
  -3.45619457272190615527e+01
  -3.54158891353439884142e+01
  -3.62669240772751280133e+01
  -3.71151429824354721632e+01
  -3.79606382937584356796e+01
  -3.88035025192456402010e+01
  -3.96438282843746563344e+01
  -4.04817083854708599233e+01
  -4.13172358441522362682e+01
  -4.21505039629654802980e+01
  -4.29816063823325720250e+01
  -4.38106371389260402793e+01
  -4.46376907256083512721e+01
  -4.54628621530592624822e+01
  -4.62862470132335417361e+01
  -4.71079415447914442439e+01
  -4.79280427006517939503e+01
  -4.87466482178231785838e+01
  -4.95638566896846555210e+01
  -5.03797676408803027925e+01
  -5.11944816050186375378e+01
  -5.20081002053668299823e+01
  -5.28207262387427221029e+01
  -5.36324637628230149744e+01
  -5.44434181870936839687e+01
  -5.52536963676880432672e+01
  -5.60634067063670400444e+01
  -5.68726592539170354712e+01
  -5.76815658182551800337e+01
  -5.84902400775505952879e+01
  -5.92987976986961982107e+01
  -6.01073564614753408364e+01
  -6.09160363888037750257e+01
  -6.17249598834451234097e+01
  -6.25342518716279727187e+01
  -6.33440399540196494854e+01
  -6.41544545645507753306e+01
  -6.49656291376048642405e+01
  -6.57777002841410620704e+01
  -6.65908079773446530680e+01
  -6.74050957484494830396e+01
  -6.82207108934199482064e+01
  -6.90378046912323526385e+01
  -6.98565326345474346681e+01
  -7.06770546736239992924e+01
  -7.14995354743878692716e+01
  -7.23241446916354533414e+01
  -7.31510572584279827879e+01
  -7.39804536928058098511e+01
  -7.48125204230400271399e+01
  -7.56474501327333399558e+01
  -7.64854421271722486608e+01
  -7.73267027224455745227e+01
  -7.81714456589580208856e+01
  -7.90198925410846726436e+01
  -7.98722733048519586418e+01
  -8.07288267156679779646e+01
  -8.15898008982748592643e+01
  -8.24554539012697205180e+01
  -8.33260542986975707436e+01
  -8.42018818314246288992e+01
  -8.50832280911858163108e+01
  -8.59703972504145070843e+01
  -8.68637068411904351706e+01
  -8.77634885868701388745e+01
  -8.86700892902190247469e+01
  -8.95838717821157928256e+01
  -9.05052159351774179186e+01
  -9.14345197469206283358e+01
  -9.23722004973646448889e+01
  -9.33186959862614173744e+01
  -9.42744658554170200659e+01
  -9.52399930018427767209e+01
</dep>
<dep S11_phase frequency>
  -1.61327747934973842803e+02
  -1.63966682717816013337e+02
  -1.66532186259985479637e+02
  -1.69027995131462034806e+02
  -1.71457729423046572492e+02
  -1.73824868849137885718e+02
  -1.76132737045295471034e+02
  -1.78384492350180295261e+02
  +1.79416876371487092001e+02
  +1.77268550061269337448e+02
  +1.75167876930941616820e+02
  +1.73112367843856816307e+02
  +1.71099690238217164051e+02
  +1.69127661082322504171e+02
  +1.67194239241537360385e+02
  +1.65297517547171423757e+02
  +1.63435714785612361766e+02
  +1.61607167768921215156e+02
  +1.59810323603085493005e+02
  +1.58043732235003943742e+02
  +1.56306039332105939366e+02
  +1.54595979527720629676e+02
  +1.52912370049583870468e+02
  +1.51254104737125629754e+02
  +1.49620148444594860848e+02
  +1.48009531820884092213e+02
  +1.46421346452648293734e+02
  +1.44854740354450569839e+02
  +1.43308913787926854866e+02
  +1.41783115391034897357e+02
  +1.40276638598130290347e+02
  +1.38788818331757767055e+02
  +1.37319027947483021990e+02
  +1.35866676413771983789e+02
  +1.34431205709735365872e+02
  +1.33012088424459932412e+02
  +1.31608825542613061543e+02
  +1.30220944401956842285e+02
  +1.28847996809384511607e+02
  +1.27489557303021044277e+02
  +1.26145221548831770519e+02
  +1.24814604861051151374e+02
  +1.23497340836545646425e+02
  +1.22193080094001899738e+02
  +1.20901489109539994615e+02
  +1.19622249141021271157e+02
  +1.18355055233939879145e+02
  +1.17099615302358898816e+02
  +1.15855649278887284481e+02
  +1.14622888328172479078e+02
  +1.13401074118849464867e+02
  +1.12189958149282361433e+02
  +1.10989301122834589819e+02
  +1.09798872368736439853e+02
  +1.08618449304950331680e+02
  +1.07447816939725470320e+02
  +1.06286767408800557178e+02
  +1.05135099545463262416e+02
  +1.03992618480901583666e+02
  +1.02859135272487890234e+02
  +1.01734466557828952205e+02
  +1.00618434232589137878e+02
  +9.95108651502502965513e+01
  +9.84115908421241272208e+01
  +9.73204472560630904354e+01
  +9.62372745124379207482e+01
  +9.51619166760669656924e+01
  +9.40942215428818116152e+01
  +9.30340404402100489278e+01
  +9.19812280396441082075e+01
  +9.09356421815438551448e+01
  +8.98971437102918287110e+01
  +8.88655963194937044136e+01
  +8.78408664063692299351e+01
  +8.68228229346446624959e+01
  +8.58113373053026009529e+01
  +8.48062832345988226734e+01
  +8.38075366387935787316e+01
  +8.28149755250919241689e+01
  +8.18284798883191655250e+01
  +8.08479316128948255482e+01
  +7.98732143796986093776e+01
  +7.89042135774515571711e+01
  +7.79408162182599255630e+01
  +7.69829108569979467802e+01
  +7.60303875142225820127e+01
  +7.50831376023374446049e+01
  +7.41410538547422532929e+01
  +7.32040302577178181309e+01
  +7.22719619848167980081e+01
  +7.13447453335419794485e+01
  +7.04222776641077388149e+01
  +6.95044573400941061436e+01
  +6.85911836708103948013e+01
  +6.76823568551998135945e+01
  +6.67778779271220059854e+01
  +6.58776487018601955015e+01
  +6.49815717237082139945e+01
  +6.40895502144963558067e+01
  +6.32014880229249271792e+01
  +6.23172895745761792341e+01
  +6.14368598224828517118e+01
  +6.05601041981333949593e+01
  +5.96869285627990890930e+01
  +5.88172391590712138054e+01
  +5.79509425624981986402e+01
  +5.70879456332145309716e+01
  +5.62281554674561476759e+01
  +5.53714793488573349123e+01
  +5.45178246994241391121e+01
  +5.36670990300802372985e+01
  +5.28192098906809590630e+01
  +5.19740648193908896246e+01
  +5.11315712913174849064e+01
  +5.02916366662939537946e+01
  +4.94541681357010389775e+01
  +4.86190726682165248462e+01
  +4.77862569543747071066e+01
  +4.69556273498208938122e+01
  +4.61270898171355980821e+01
  +4.53005498661027772300e+01
  +4.44759124922911226463e+01
  +4.36530821138105125101e+01
  +4.28319625061010853528e+01
  +4.20124567346052515404e+01
  +4.11944670851670551315e+01
  +4.03778949919920719935e+01
  +3.95626409629979534088e+01
  +3.87486045023706466850e+01
  +3.79356840301357109979e+01
  +3.71237767985408169125e+01
  +3.63127788050348598858e+01
  +3.55025847016160724934e+01
  +3.46930877003073234732e+01
  +3.38841794745029503133e+01
  +3.30757500559143053920e+01
  +3.22676877268258479603e+01
  +3.14598789073516584835e+01
  +3.06522080373661225394e+01
  +2.98445574527578685320e+01
  +2.90368072556338319146e+01
  +2.82288351780766433308e+01
  +2.74205164390272457808e+01
  +2.66117235938406757612e+01
  +2.58023263760273309231e+01
  +2.49921915306607509422e+01
  +2.41811826388939081767e+01
  +2.33691599329885519865e+01
  +2.25559801012189673486e+01
  +2.17414960819649643042e+01
  +2.09255568462598624535e+01
  +2.01080071680056704508e+01
  +1.92886873810104937377e+01
  +1.84674331219404450621e+01
  +1.76440750582114311840e+01
  +1.68184385997734580087e+01
  +1.59903435936645905713e+01
  +1.51596040001238545614e+01
  +1.43260275489646105029e+01
  +1.34894153748114096203e+01
  +1.26495616297006439055e+01
  +1.18062530714257043485e+01
  +1.09592686258963745161e+01
  +1.01083789216411084055e+01
  +9.25334579444782256985e+00
  +8.39392175998642109391e+00
  +7.52984945209243683450e+00
  +6.66086102422755477193e+00
  +5.78667751143841080363e+00
  +4.90700814994777800848e+00
  +4.02154965130541608431e+00
  +3.12998542779864319385e+00
  +2.23198476560329117646e+00
  +1.32720194190178597538e+00
  +4.15275281954330555134e-01
  -5.04173848163552706936e-01
  -1.43154211770263506409e+00
  -2.36724538108442450479e+00
  -3.31171990654230352646e+00
  -4.26542368891931200636e+00
  -5.22883785223753339011e+00
</dep>
<dep S21_dB frequency>
  -3.93417321535207875627e+00
  -4.23792440954692750665e+00
  -4.54493963275632051335e+00
  -4.85485238800345708654e+00
  -5.16736961372687630956e+00
  -5.48226364781368147305e+00
  -5.79936492221921984225e+00
  -6.11855542248738260014e+00
  -6.43976291049703064573e+00
  -6.76295588514671841551e+00
  -7.08813924143601692407e+00
  -7.41535058098959432016e+00
  -7.74465712455878296794e+00
  -8.07615317792377318540e+00
  -8.40995810579017444297e+00
  -8.74621477294533811175e+00
  -9.08508841755454099598e+00
  -9.42676592766553156366e+00
  -9.77145549855845807485e+00
  -1.01193866554043427897e+01
  -1.04708106327815677616e+01
  -1.08260011099978044058e+01
  -1.11852553090061022090e+01
  -1.15488954701712707163e+01
  -1.19172707304824427865e+01
  -1.22907594393678731848e+01
  -1.26697719594365914020e+01
  -1.30547540138256135123e+01
  -1.34461906590400985806e+01
  -1.38446109831574624138e+01
  -1.42505936552381999860e+01
  -1.46647734843032644392e+01
  -1.50878491874882740831e+01
  -1.55205926198372452518e+01
  -1.59638597866894649258e+01
  -1.64186040492859568474e+01
  -1.68858920528949632001e+01
  -1.73669230656081943209e+01
  -1.78630526310429047498e+01
  -1.83758217331013824491e+01
  -1.89069930807520663052e+01
  -1.94585966985306093591e+01
  -2.00329878358617996525e+01
  -2.06329214137607621637e+01
  -2.12616490172778647150e+01
  -2.19230471555990220622e+01
  -2.26217897226676143418e+01
  -2.33635842985177717424e+01
  -2.41555029344022322846e+01
  -2.50064567296365041216e+01
  -2.59278964143745866977e+01
  -2.69348818263759248737e+01
  -2.80477811125948406357e+01
  -2.92951047449180244087e+01
  -3.07185260665510568856e+01
  -3.23824885850375210339e+01
  -3.43945774798311845188e+01
  -3.69554309202109152466e+01
  -4.05115261900915228921e+01
  -4.64597354008921428203e+01
  -7.53292337785947694329e+01
  -4.72868743664242003888e+01
  -4.11815482560022445568e+01
  -3.76871994582006806240e+01
  -3.52427951799781382647e+01
  -3.33690634264115857377e+01
  -3.18544445282359554028e+01
  -3.05866797355459496544e+01
  -2.94989947997470061125e+01
  -2.85484269705296185293e+01
  -2.77056971648813004094e+01
  -2.69499528415380140700e+01
  -2.62658157152596025696e+01
  -2.56416188869832595287e+01
  -2.50683009984813907067e+01
  -2.45386838399532578592e+01
  -2.40469841521792240258e+01
  -2.35884740363574678668e+01
  -2.31592387898680840408e+01
  -2.27560004398097674994e+01
  -2.23759866828418054752e+01
  -2.20168318950207648754e+01
  -2.16765012326587935831e+01
  -2.13532316478328176856e+01
  -2.10454854875679302495e+01
  -2.07519135866778405841e+01
  -2.04713256147739244284e+01
  -2.02026660310235328666e+01
  -1.99449944203262710118e+01
  -1.96974692864788849533e+01
  -1.94593345977231919619e+01
  -1.92299085421247468730e+01
  -1.90085740710339834436e+01
  -1.87947708998901532595e+01
  -1.85879887048678753558e+01
  -1.83877613070134060536e+01
  -1.81936616766723382455e+01
  -1.80052976231283565767e+01
  -1.78223080596263976361e+01
  -1.76443597539527914364e+01
  -1.74711444906879798111e+01
  -1.73023765840346648304e+01
  -1.71377906904445183045e+01
  -1.69771398786416973792e+01
  -1.68201939214727893557e+01
  -1.66667377796159783543e+01
  -1.65165702517970736096e+01
  -1.63695027699826169965e+01
  -1.62253583211960474841e+01
  -1.60839704802542655671e+01
  -1.59451825399454527599e+01
  -1.58088467270396630937e+01
  -1.56748234941028457001e+01
  -1.55429808784218543849e+01
  -1.54131939204894159445e+01
  -1.52853441354647365813e+01
  -1.51593190318611465983e+01
  -1.50350116724186460004e+01
  -1.49123202727401054091e+01
  -1.47911478337934525484e+01
  -1.46714018048441623421e+01
  -1.45529937737785104446e+01
  -1.44358391821245053421e+01
  -1.43198570623784338096e+01
  -1.42049697955091698276e+01
  -1.40911028867429699574e+01
  -1.39781847579334339571e+01
  -1.38661465550009843639e+01
  -1.37549219690816393324e+01
  -1.36444470701652402767e+01
  -1.35346601521246938660e+01
  -1.34255015881479522477e+01
  -1.33169136956802507399e+01
  -1.32088406100707516089e+01
  -1.31012281661943852384e+01
  -1.29940237873886275111e+01
  -1.28871763811064461436e+01
  -1.27806362407406375326e+01
  -1.26743549531265937702e+01
  -1.25682853112731169887e+01
  -1.24623812319121327619e+01
  -1.23565976774957082540e+01
  -1.22508905822992542056e+01
  -1.21452167823234535859e+01
  -1.20395339487121937339e+01
  -1.19338005244313976050e+01
  -1.18279756639750548430e+01
  -1.17220191758878478083e+01
  -1.16158914679137907910e+01
  -1.15095534945984745434e+01
  -1.14029667071912079734e+01
  -1.12960930057098689616e+01
  -1.11888946930481036901e+01
  -1.10813344310204815457e+01
  -1.09733751982559439853e+01
  -1.08649802498665337680e+01
  -1.07561130788338203956e+01
  -1.06467373790706716363e+01
  -1.05368170101324327703e+01
  -1.04263159635690971783e+01
  -1.03151983309287906820e+01
  -1.02034282734379484481e+01
  -1.00909699934102441432e+01
  -9.97778770745247989282e+00
  -9.86384562156314359527e+00
  -9.74910790824571193980e+00
  -9.63353868578523275801e+00
  -9.51710199987411620270e+00
  -9.39976180780370640377e+00
  -9.28148196548256620986e+00
  -9.16222621758761057720e+00
  -9.04195819120218757803e+00
  -8.92064139335782080309e+00
  -8.79823921295614752580e+00
  -8.67471492762640750129e+00
  -8.55003171615293489083e+00
  -8.42415267720461180545e+00
  -8.29704085520429401868e+00
  -8.16865927429792293424e+00
  -8.03897098152227940204e+00
  -7.90793910042689240925e+00
</dep>
<dep S11_dB frequency>
  -2.27274177025973900257e+00
  -2.07796025150027441342e+00
  -1.90214706473348327265e+00
  -1.74312202888486811325e+00
  -1.59899770108799899049e+00
  -1.46813441472658512410e+00
  -1.34910319948112333854e+00
  -1.24065498652232086840e+00
  -1.14169488031973842546e+00
  -1.05126055263038398202e+00
  -9.68504016631998254638e-01
  -8.92676191280566078134e-01
  -8.23113782132077642650e-01
  -7.59228094854324964125e-01
  -7.00495468239120011589e-01
  -6.46449069503080564481e-01
  -5.96671839478373211563e-01
  -5.50790411464539220177e-01
  -5.08469856909085526908e-01
  -4.69409135121603982022e-01
  -4.33337143983697270500e-01
  -4.00009284931131525731e-01
  -3.69204469010196101308e-01
  -3.40722502063770804615e-01
  -3.14381796497263998891e-01
  -2.90017364938968569277e-01
  -2.67479057713053469669e-01
  -2.46630011600335208310e-01
  -2.27345282050964159204e-01
  -2.09510634978477772172e-01
  -1.93021477624353704483e-01
  -1.77781910836122686304e-01
  -1.63703887530412511842e-01
  -1.50706464182746274760e-01
  -1.38715133954798952587e-01
  -1.27661231583256984390e-01
  -1.17481401453038578064e-01
  -1.08117121391935411268e-01
  -9.95142756833543307149e-02
  -9.16227716207512893343e-02
  -8.43961946409419183635e-02
  -7.77914976912943284537e-02
  -7.17687210199784431097e-02
  -6.62907390430916149127e-02
  -6.13230313449257546932e-02
  -5.68334752190099851132e-02
  -5.27921574629262313483e-02
  -4.91712034071119519218e-02
  -4.59446213909384670870e-02
  -4.30881611034748257527e-02
  -4.05791843857785938798e-02
  -3.83965472481220260192e-02
  -3.65204919940711400517e-02
  -3.49325484647216577550e-02
  -3.36154435235125476078e-02
  -3.25530179966026650407e-02
  -3.17301503671672674445e-02
  -3.11326865961552567974e-02
  -3.07473755069869285339e-02
  -3.05618092300668428574e-02
  -3.05643682544254752242e-02
  -3.07441706793125241193e-02
  -3.10910252996966854355e-02
  -3.15953881954124382592e-02
  -3.22483225267064799180e-02
  -3.30414612669943999479e-02
  -3.39669726303278018964e-02
  -3.50175279734075417526e-02
  -3.61862719732562385100e-02
  -3.74667948998989447373e-02
  -3.88531068200927837131e-02
  -4.03396135832864849435e-02
  -4.19210944542536614876e-02
  -4.35926812691472750916e-02
  -4.53498390025104114454e-02
  -4.71883476428663628521e-02
  -4.91042852831096304778e-02
  -5.10940123404043655686e-02
  -5.31541568273002085210e-02
  -5.52816006024281353382e-02
  -5.74734665354308532637e-02
  -5.97271065260080863402e-02
  -6.20400903218656790683e-02
  -6.44101950853803867370e-02
  -6.68353956622595862802e-02
  -6.93138555099865327769e-02
  -7.18439182466166087471e-02
  -7.44240997843519797028e-02
  -7.70530810147594530379e-02
  -7.97297010153503737939e-02
  -8.24529507498719671510e-02
  -8.52219672367639236032e-02
  -8.80360281623865092993e-02
  -9.08945469178385756504e-02
  -9.37970680396404687951e-02
  -9.67432630366334284089e-02
  -9.97329265868674430529e-02
  -1.02765973089789727779e-01
  -1.05842433560547621862e-01
  -1.08962452854450164708e-01
  -1.12126287211020123080e-01
  -1.15334302108270628229e-01
  -1.18586970418961240581e-01
  -1.21884870861714816881e-01
  -1.25228686741150341266e-01
  -1.28619204971881728738e-01
  -1.32057315382676898619e-01
  -1.35544010297829364831e-01
  -1.39080384393846484548e-01
  -1.42667634830612427566e-01
  -1.46307061657232284624e-01
  -1.50000068493501476086e-01
  -1.53748163489421801886e-01
  -1.57552960565737892873e-01
  -1.61416180939809333905e-01
  -1.65339654942237845869e-01
  -1.69325324130561061242e-01
  -1.73375243707699466800e-01
  -1.77491585254056838394e-01
  -1.81676639783155985386e-01
  -1.85932821132514081164e-01
  -1.90262669702365994073e-01
  -1.94668856556629715771e-01
  -1.99154187902033319446e-01
  -2.03721609962926625270e-01
  -2.08374214271100366425e-01
  -2.13115243392008851808e-01
  -2.17948097110569755097e-01
  -2.22876339102157372540e-01
  -2.27903704116696637083e-01
  -2.33034105706249161649e-01
  -2.38271644529418846759e-01
  -2.43620617268717754023e-01
  -2.49085526200482576531e-01
  -2.54671089460194677301e-01
  -2.60382252050141538291e-01
  -2.66224197640443638324e-01
  -2.72202361218749688820e-01
  -2.78322442649521717417e-01
  -2.84590421208343824500e-01
  -2.91012571163354216708e-01
  -2.97595478482008457544e-01
  -3.04346058748515113646e-01
  -3.11271576385058368341e-01
  -3.18379665278612500323e-01
  -3.25678350924137327560e-01
  -3.33176074205748851131e-01
  -3.40881716948400415035e-01
  -3.48804629385318365475e-01
  -3.56954659700132403977e-01
  -3.65342185817940034998e-01
  -3.73978149636326973049e-01
  -3.82874093905909651525e-01
  -3.92042201990751071339e-01
  -4.01495340761580110645e-01
  -4.11247106900410219765e-01
  -4.21311876922935202305e-01
  -4.31704861256594796259e-01
  -4.42442162747081257912e-01
  -4.53540840004536760510e-01
  -4.65018976044254461755e-01
  -4.76895752724893762231e-01
  -4.89191531541006141559e-01
  -5.01927941387384390914e-01
  -5.15127973980134878929e-01
  -5.28816087695135550462e-01
  -5.43018320670265564054e-01
  -5.57762414112491500262e-01
  -5.73077946859745668284e-01
  -5.88996482367957097104e-01
  -6.05551729431023644246e-01
  -6.22779718095938128464e-01
  -6.40718992410167276219e-01
  -6.59410821836542204721e-01
  -6.78899433395174334294e-01
  -6.99232266847386485509e-01
  -7.20460255525952053546e-01
  -7.42638135746645833279e-01
  -7.65824788112231646942e-01
  -7.90083614449789362055e-01
  -8.15482954614224375689e-01
</dep>
<dep Zin_ohm frequency>
  +5.23995690046323261413e+02
  +4.60966656424714187779e+02
  +4.01802372651653797675e+02
  +3.46624223443856465110e+02
  +2.95822931351230295149e+02
  +2.50223273468601234981e+02
  +2.11346350536873870851e+02
  +1.81693221360632719552e+02
  +1.64559436631054779809e+02
  +1.62434110453666278318e+02
  +1.74679188297793558604e+02
  +1.97758064870594438389e+02
  +2.27741066694014364202e+02
  +2.61770613843230421480e+02
  +2.98087971946449954430e+02
  +3.35663498894297333663e+02
  +3.73895748286571233621e+02
  +4.12429119754241582996e+02
  +4.51051018834097760646e+02
  +4.89634094381477495972e+02
  +5.28103149237748652922e+02
  +5.66415661731464979312e+02
  +6.04549991351990342991e+02
  +6.42498045533239178440e+02
  +6.80260610823790216273e+02
  +7.17844318725480547982e+02
  +7.55259639519241432026e+02
  +7.92519537113976070941e+02
  +8.29638557464056134449e+02
  +8.66632206382607819251e+02
  +9.03516523489029168559e+02
  +9.40307790843422367288e+02
  +9.77022335108432571360e+02
  +1.01367639525767731357e+03
  +1.05028603655779852488e+03
  +1.08686709739422121856e+03
  +1.12343515948691992890e+03
  +1.16000553478399865526e+03
  +1.19659326423212792179e+03
  +1.23321312497025587618e+03
  +1.26987964345152931855e+03
  +1.30660711268590034706e+03
  +1.34340961229343179184e+03
  +1.38030103041988672885e+03
  +1.41729508683132871738e+03
  +1.45440535669932683049e+03
  +1.49164529473236734702e+03
  +1.52902825941596529447e+03
  +1.56656753720318397427e+03
  +1.60427636655679384603e+03
  +1.64216796178796084860e+03
  +1.68025553666993914703e+03
  +1.71855232782930511348e+03
  +1.75707161793629575186e+03
  +1.79582675872928234639e+03
  +1.83483119391897321293e+03
  +1.87409848202589023458e+03
  +1.91364231921064833841e+03
  +1.95347656216131849760e+03
  +1.99361525110597108323e+03
  +2.03407263302169212693e+03
  +2.07486318511411491272e+03
  +2.11600163864428031957e+03
  +2.15750300318202562266e+03
  +2.19938259136784108705e+03
  +2.24165604426803520255e+03
  +2.28433935741096456695e+03
  +2.32744890759560530569e+03
  +2.37100148056754505888e+03
  +2.41501429966160776530e+03
  +2.45950505551516653213e+03
  +2.50449193696157817612e+03
  +2.54999366321882234843e+03
  +2.59602951749543854021e+03
  +2.64261938214280598913e+03
  +2.68978377549128299506e+03
  +2.73754389051652151466e+03
  +2.78592163549255747057e+03
  +2.83493967679904108081e+03
  +2.88462148406250116750e+03
  +2.93499137782490879545e+03
  +2.98607457994774495091e+03
  +3.03789726697631022034e+03
  +3.09048662670721842005e+03
  +3.14387091822194997803e+03
  +3.19807953567176173237e+03
  +3.25314307612355241872e+03
  +3.30909341180339288258e+03
  +3.36596376710450203973e+03
  +3.42378880075936694993e+03
  +3.48260469361262676102e+03
  +3.54244924247183507759e+03
  +3.60336196055842583519e+03
  +3.66538418513136275578e+03
  +3.72855919291149302808e+03
  +3.79293232399677162903e+03
  +3.85855111502754652975e+03
  +3.92546544243796006413e+03
  +3.99372767671580459137e+03
  +4.06339284868905087933e+03
  +4.13451882896515871835e+03
  +4.20716652176980915101e+03
  +4.28140007456736202585e+03
  +4.35728710499758108199e+03
  +4.43489894683467628056e+03
  +4.51431091686823492637e+03
  +4.59560260482402372872e+03
  +4.67885818868962996930e+03
  +4.76416677809004704613e+03
  +4.85162278867596342025e+03
  +4.94132635084896082844e+03
  +5.03338375655915751850e+03
  +5.12790794838053261628e+03
  +5.22501905560612249246e+03
  +5.32484498272011842346e+03
  +5.42752205630992102670e+03
  +5.53319573729292005737e+03
  +5.64202140626909022103e+03
  +5.75416523089074507880e+03
  +5.86980512539317805931e+03
  +5.98913181388178418274e+03
  +6.11235001066083714250e+03
  +6.23967973285921561910e+03
  +6.37135776291148158634e+03
  +6.50763928115220369364e+03
  +6.64879969195397825388e+03
  +6.79513667057954353368e+03
  +6.94697246233708210639e+03
  +7.10465647086842182034e+03
  +7.26856817862926072848e+03
  +7.43912045005322579527e+03
  +7.61676327678565303358e+03
  +7.80198803505394243984e+03
  +7.99533233811156787851e+03
  +8.19738558225720771588e+03
  +8.40879530382334996830e+03
  +8.63027448754856595770e+03
  +8.86260999490899848752e+03
  +9.10667231557190825697e+03
  +9.36342688779666968912e+03
  +9.63394728645309805870e+03
  +9.91943064307434542570e+03
  +1.02212157445318953251e+04
  +1.05408043600814562524e+04
  +1.08798864766521091951e+04
  +1.12403702871441073512e+04
  +1.16244179864328489202e+04
  +1.20344886982678308414e+04
  +1.24733902011573663913e+04
  +1.29443415662039988092e+04
  +1.34510493957530343323e+04
  +1.39978010993501520716e+04
  +1.45895796157122931618e+04
  +1.52322052534936065058e+04
  +1.59325119623726241116e+04
  +1.66985674546943373571e+04
  +1.75399492710022859683e+04
  +1.84680921761590398091e+04
  +1.94967261109615064925e+04
  +2.06424278860511076346e+04
  +2.19253126416576560587e+04
  +2.33698896647953406500e+04
  +2.50060940719716018066e+04
  +2.68704643866191690904e+04
  +2.90073289904492230562e+04
  +3.14696108207860779657e+04
  +3.43182880164892121684e+04
  +3.76183153060509430361e+04
  +4.14263160457080375636e+04
  +4.57609139406224057893e+04
  +5.05410184205223922618e+04
  +5.54793485371840797598e+04
  +5.99573483357522345614e+04
  +6.30213380214194767177e+04
  +6.37292393636073611560e+04
  +6.17753725443653966067e+04
  +5.77485593034152116161e+04
  +5.26790105985038753715e+04
  +4.74441935983982039033e+04
  +4.25475904304009964108e+04
  +3.81895308926156722009e+04
</dep>
<dep Zin_norm frequency>
  +1.04799138009264662941e+01
  +9.21933312849428432401e+00
  +8.03604745303307588244e+00
  +6.93248446887712965747e+00
  +5.91645862702460600957e+00
  +5.00446546937202452199e+00
  +4.22692701073747745255e+00
  +3.63386442721265412459e+00
  +3.29118873262109579159e+00
  +3.24868220907332583280e+00
  +3.49358376595587127866e+00
  +3.95516129741188882107e+00
  +4.55482133388028742615e+00
  +5.23541227686460786117e+00
  +5.96175943892899962151e+00
  +6.71326997788594681538e+00
  +7.47791496573142477899e+00
  +8.24858239508483137570e+00
  +9.02102037668195499975e+00
  +9.79268188762955027471e+00
  +1.05620629847549736269e+01
  +1.13283132346292987336e+01
  +1.20909998270398073572e+01
  +1.28499609106647838530e+01
  +1.36052122164758042544e+01
  +1.43568863745096102491e+01
  +1.51051927903848284274e+01
  +1.58503907422795222715e+01
  +1.65927711492811233995e+01
  +1.73326441276521556745e+01
  +1.80703304697805826606e+01
  +1.88061558168684470616e+01
  +1.95404467021686514272e+01
  +2.02735279051535464134e+01
  +2.10057207311559714924e+01
  +2.17373419478844240871e+01
  +2.24687031897383988621e+01
  +2.32001106956799709735e+01
  +2.39318652846425585778e+01
  +2.46642624994051189447e+01
  +2.53975928690305856605e+01
  +2.61321422537180048096e+01
  +2.68681922458686344157e+01
  +2.76060206083977348612e+01
  +2.83459017366265726423e+01
  +2.90881071339865364678e+01
  +2.98329058946473466563e+01
  +3.05805651883193050367e+01
  +3.13313507440636804802e+01
  +3.20855273311358786259e+01
  +3.28433592357592161193e+01
  +3.36051107333987815196e+01
  +3.43710465565861014170e+01
  +3.51414323587259147530e+01
  +3.59165351745856469279e+01
  +3.66966238783794622691e+01
  +3.74819696405178035548e+01
  +3.82728463842129684735e+01
  +3.90695312432263719415e+01
  +3.98723050221194199594e+01
  +4.06814526604338411175e+01
  +4.14972637022822965491e+01
  +4.23200327728856109388e+01
  +4.31500600636405167165e+01
  +4.39876518273568208883e+01
  +4.48331208853607066089e+01
  +4.56867871482192882127e+01
  +4.65489781519121095243e+01
  +4.74200296113509054408e+01
  +4.83002859932321584324e+01
  +4.91901011103033312111e+01
  +5.00898387392315669331e+01
  +5.09998732643764469685e+01
  +5.19205903499087710884e+01
  +5.28523876428561152352e+01
  +5.37956755098256564906e+01
  +5.47508778103304294405e+01
  +5.57184327098511502641e+01
  +5.66987935359808190583e+01
  +5.76924296812500259080e+01
  +5.86998275564981781827e+01
  +5.97214915989548984498e+01
  +6.07579453395262021331e+01
  +6.18097325341443664115e+01
  +6.28774183644390021186e+01
  +6.39615907134352355001e+01
  +6.50628615224710529219e+01
  +6.61818682360678565146e+01
  +6.73192753420900373840e+01
  +6.84757760151873355881e+01
  +6.96520938722525357889e+01
  +7.08489848494367038256e+01
  +7.20672392111685127247e+01
  +7.33076837026272585263e+01
  +7.45711838582298582878e+01
  +7.58586464799354303068e+01
  +7.71710223005509305949e+01
  +7.85093088487592041247e+01
  +7.98745535343160923958e+01
  +8.12678569737810221341e+01
  +8.26903765793031766407e+01
  +8.41433304353961801780e+01
  +8.56280014913472342641e+01
  +8.71457420999516187976e+01
  +8.86979789366935307271e+01
  +9.02862183373647013696e+01
  +9.19120520964804654795e+01
  +9.35771637737926056388e+01
  +9.52833355618009392174e+01
  +9.70324557735192740893e+01
  +9.88265270169792131583e+01
  +1.00667675131183145254e+02
  +1.02558158967610651757e+02
  +1.04500381112122454397e+02
  +1.06496899654402369606e+02
  +1.08550441126198421671e+02
  +1.10663914745858406263e+02
  +1.12840428125381805557e+02
  +1.15083304617814903281e+02
  +1.17396102507863560049e+02
  +1.19782636277635688771e+02
  +1.22247000213216750808e+02
  +1.24793594657184314656e+02
  +1.27427155258229632295e+02
  +1.30152785623044081831e+02
  +1.32975993839079563941e+02
  +1.35902733411590872947e+02
  +1.38939449246741645538e+02
  +1.42093129417368430722e+02
  +1.45371363572585210022e+02
  +1.48782409001064507947e+02
  +1.52335265535713062945e+02
  +1.56039760701078847660e+02
  +1.59906646762231360981e+02
  +1.63947711645144153181e+02
  +1.68175906076466986860e+02
  +1.72605489750971315743e+02
  +1.77252199898179952697e+02
  +1.82133446311438149223e+02
  +1.87268537755933380140e+02
  +1.92678945729061950942e+02
  +1.98388612861486905103e+02
  +2.04424314890637901954e+02
  +2.10816087201629130732e+02
  +2.17597729533042183903e+02
  +2.24807405742882139066e+02
  +2.32488359728656973857e+02
  +2.40689773965356607732e+02
  +2.49467804023147323278e+02
  +2.58886831324079992100e+02
  +2.69020987915060686646e+02
  +2.79956021987003055074e+02
  +2.91791592314245860962e+02
  +3.04644105069872125569e+02
  +3.18650239247452475411e+02
  +3.33971349093886772152e+02
  +3.50798985420045710271e+02
  +3.69361843523180823468e+02
  +3.89934522219230132123e+02
  +4.12848557721022132228e+02
  +4.38506252833153155279e+02
  +4.67397793295906808453e+02
  +5.00121881439432058869e+02
  +5.37409287732383404546e+02
  +5.80146579808984483861e+02
  +6.29392216415721577505e+02
  +6.86365760329784279747e+02
  +7.52366306121018851627e+02
  +8.28526320914160805842e+02
  +9.15218278812448147619e+02
  +1.01082036841044782705e+03
  +1.10958697074368160429e+03
  +1.19914696671504475489e+03
  +1.26042676042838957073e+03
  +1.27458478727214719584e+03
  +1.23550745088730786847e+03
  +1.15497118606830417775e+03
  +1.05358021197007747105e+03
  +9.48883871967964068972e+02
  +8.50951808608019973690e+02
  +7.63790617852313403091e+02
</dep>
<dep S[2,2] frequency>
  -7.29256733451171812455e-01-j2.46446213655170359713e-01
  -7.56608350384991079629e-01-j2.17430172893732370776e-01
  -7.81236744348729472698e-01-j1.87094250885623869518e-01
  -8.03214737953200419440e-01-j1.55721882733203031979e-01
  -8.22631559373146692415e-01-j1.23563639687515672283e-01
  -8.39587673414790125470e-01-j9.08397083403862937168e-02
  -8.54190651891470920098e-01-j5.77425690789667364622e-02
  -8.66551929257569408804e-01-j2.44397123933436689891e-02
  -8.76784297768635312309e-01+j8.92371652490759129095e-03
  -8.85000010386572943943e-01+j4.22224149554837058229e-02
  -8.91309376031077404967e-01+j7.53486024476413551731e-02
  -8.95819748536534343764e-01+j1.08209903138776958320e-01
  -8.98634826581236945131e-01+j1.40727435939437400814e-01
  -8.99854196257501293132e-01+j1.72834108232150757134e-01
  -8.99573060570278970616e-01+j2.04473102612571289161e-01
  -8.97882110945736555685e-01+j2.35596542663348562652e-01
  -8.94867504895640597518e-01+j2.66164322024514454768e-01
  -8.90610921484837114726e-01+j2.96143080532587699150e-01
  -8.85189672383500769648e-01+j3.25505311519628526273e-01
  -8.78676851252273682924e-01+j3.54228585186088740233e-01
  -8.71141508194463787262e-01+j3.82294874071422707829e-01
  -8.62648839184048665807e-01+j4.09689967894089679401e-01
  -8.53260382888449964156e-01+j4.36402966317419815923e-01
  -8.43034219276354912509e-01+j4.62425839455022968938e-01
  -8.32025165938528377119e-01+j4.87753047118496263490e-01
  -8.20284969240257622047e-01+j5.12381208910068441931e-01
  -8.07862488339253559388e-01+j5.36308818261656772286e-01
  -7.94803870800035672239e-01+j5.59535994418689286434e-01
  -7.81152719061756539709e-01+j5.82064267163455606457e-01
  -7.66950247408281104988e-01+j6.03896389775115283172e-01
  -7.52235429376836073345e-01+j6.25036176339083371367e-01
  -7.37045135748489510519e-01+j6.45488360055021859196e-01
  -7.21414263408366451813e-01+j6.65258469659086082437e-01
  -7.05375855460970035971e-01+j6.84352721479589032327e-01
  -6.88961213047388998376e-01+j7.02777924994016811588e-01
  -6.72199999345718612886e-01+j7.20541400055852210293e-01
  -6.55120336250761048369e-01+j7.37650904218076663987e-01
  -6.37748894229018370439e-01+j7.54114568802676465964e-01
  -6.20110975834900712833e-01+j7.69940842556014470865e-01
  -6.02230593356619992029e-01+j7.85138441893627248014e-01
  -5.84130541038084816208e-01+j7.99716306878259119983e-01
  -5.65832462298187288674e-01+j8.13683562194987053395e-01
  -5.47356912342169876773e-01+j8.27049482490361032028e-01
  -5.28723416532790646549e-01+j8.39823461530415427134e-01
  -5.09950524862050724728e-01+j8.52014984707999412095e-01
  -4.91055862838069845377e-01+j8.63633604494389306439e-01
  -4.72056179076606019507e-01+j8.74688918485487909571e-01
  -4.52967389862847957804e-01+j8.85190549740285770319e-01
  -4.33804620926811879134e-01+j8.95148129149802351812e-01
  -4.14582246654603525648e-01+j9.04571279609594713911e-01
  -3.95313926938667181687e-01+j9.13469601798557073735e-01
  -3.76012641851947160276e-01+j9.21852661392510874805e-01
  -3.56690724314736973266e-01+j9.29729977562823384218e-01
  -3.37359890907635073809e-01+j9.37111012629282980058e-01
  -3.18031270970437429657e-01+j9.44005162752563520279e-01
  -2.98715434114171340951e-01+j9.50421749565554252470e-01
  -2.79422416262043338264e-01+j9.56370012654855217171e-01
  -2.60161744324708621434e-01+j9.61859102814019872874e-01
  -2.40942459605904740760e-01+j9.66898075999102601941e-01
  -2.21773140025932069541e-01+j9.71495887924739842667e-01
  -2.02661921242798609422e-01+j9.75661389245690457983e-01
  -1.83616516743896590613e-01+j9.79403321274549543141e-01
  -1.64644236974730989731e-01+j9.82730312191377519682e-01
  -1.45752007565645658183e-01+j9.85650873705392949198e-01
  -1.26946386712310260725e-01+j9.88173398132654923209e-01
  -1.08233581761111627428e-01+j9.90306155857091585659e-01
  -8.96194650464752634589e-02+j9.92057293145086172004e-01
  -7.11095890233442023964e-02+j9.93434830286509362729e-01
  -5.27092007346525726064e-02+j9.94446660037302865298e-01
  -3.44232556506126469165e-02+j9.95100546340798475242e-01
  -1.62564309138332439841e-02+j9.95404123306753541023e-01
  +1.78686197823911020743e-03+j9.95364894428682145389e-01
  +1.97024650242003211698e-02+j9.94990232021528586692e-01
  +3.74864620757593969280e-02+j9.94287376863014382700e-01
  +5.51351676755324135448e-02+j9.93263438023198497184e-01
  +7.26451163519199472063e-02+j9.91925392867802457886e-01
  +9.00130523488346101502e-02+j9.90280087221908633666e-01
  +1.07235919769542192848e-01+j9.88334235681434636334e-01
  +1.24310853115016925474e-01+j9.86094422060681430331e-01
  +1.41235168198460686595e-01+j9.83567099964971158776e-01
  +1.58006353418629397201e-01+j9.80758593478077811412e-01
  +1.74622061375577924958e-01+j9.77675097954815885970e-01
  +1.91080100813313197294e-01+j9.74322680909761706936e-01
  +2.07378428874662679160e-01+j9.70707282993583442376e-01
  +2.23515143654353903857e-01+j9.66834719049076252162e-01
  +2.39488477037052449603e-01+j9.62710679239376476701e-01
  +2.55296787807677283411e-01+j9.58340730241383664811e-01
  +2.70938555021887961249e-01+j9.53730316497789609720e-01
  +2.86412371625223427518e-01+j9.48884761521541775231e-01
  +3.01716938309802895635e-01+j9.43809269246969839706e-01
  +3.16851057597995700021e-01+j9.38508925422129380856e-01
  +3.31813628142890337802e-01+j9.32988699037290647453e-01
  +3.46603639235755767167e-01+j9.27253443784822994900e-01
  +3.61220165511114299495e-01+j9.21307899546006003888e-01
  +3.75662361840312375438e-01+j9.15156693900631701410e-01
  +3.89929458404860318499e-01+j9.08804343655515101119e-01
  +4.04020755941072451378e-01+j9.02255256388286186464e-01
  +4.17935621147812852438e-01+j8.95513732003122231440e-01
  +4.31673482249436524238e-01+j8.88583964295277528578e-01
  +4.45233824706220138179e-01+j8.81470042521529717483e-01
  +4.58616187064825153730e-01+j8.74175952973856973394e-01
  +4.71820156941518464855e-01+j8.66705580553878474070e-01
  +4.84845367131092497281e-01+j8.59062710345785629507e-01
  +4.97691491834581112297e-01+j8.51251029185686292067e-01
  +5.10358242999023214992e-01+j8.43274127225455472079e-01
  +5.22845366762697216778e-01+j8.35135499489383703597e-01
  +5.35152639999373458402e-01+j8.26838547422045766488e-01
  +5.47279866955229232772e-01+j8.18386580426014087486e-01
  +5.59226875972208659071e-01+j8.09782817388179365636e-01
  +5.70993516291687375208e-01+j8.01030388193595732638e-01
  +5.82579654932388169009e-01+j7.92132335225903982945e-01
  +5.93985173636558339005e-01+j7.83091614853567707932e-01
  +6.05209965878461653155e-01+j7.73911098901261307326e-01
  +6.16253933929315156348e-01+j7.64593576105907613005e-01
  +6.27116985972786755710e-01+j7.55141753557006967235e-01
  +6.37799033265210368882e-01+j7.45558258121021610876e-01
  +6.48299987334653993187e-01+j7.35845637849750877635e-01
  +6.58619757213005252439e-01+j7.26006363372720731064e-01
  +6.68758246695135394333e-01+j7.16042829273819125824e-01
  +6.78715351619239459779e-01+j7.05957355452505153082e-01
  +6.88490957162331884689e-01+j6.95752188470080912275e-01
  +6.98084935144821283615e-01+j6.85429502881699015404e-01
  +7.07497141337995349986e-01+j6.74991402554898978217e-01
  +7.16727412768129457099e-01+j6.64439921975668035259e-01
  +7.25775565010801648747e-01+j6.53777027543177791102e-01
  +7.34641389468842720412e-01+j6.43004618854574605535e-01
  +7.43324650627189331686e-01+j6.32124529981335281370e-01
  +7.51825083277690708883e-01+j6.21138530739013039472e-01
  +7.60142389706739085575e-01+j6.10048327952334656921e-01
  +7.68276236838305814913e-01+j5.98855566717932941145e-01
  +7.76226253324745485429e-01+j5.87561831667235079379e-01
  +7.83992026577393197329e-01+j5.76168648232333602266e-01
  +7.91573099728687612497e-01+j5.64677483917998768170e-01
  +7.98968968517178801392e-01+j5.53089749583319578718e-01
  +8.06179078086407430170e-01+j5.41406800736884852299e-01
  +8.13202819688206735016e-01+j5.29629938849806358725e-01
  +8.20039527280517099861e-01+j5.17760412691385618622e-01
  +8.26688474009352747274e-01+j5.05799419692711471619e-01
  +8.33148868563924116515e-01+j4.93748107344063269508e-01
  +8.39419851393461313727e-01+j4.81607574632631207923e-01
  +8.45500490773553492474e-01+j4.69378873527731610427e-01
  +8.51389778709189970485e-01+j4.57063010521516044360e-01
  +8.57086626660962469515e-01+j4.44660948233954744779e-01
  +8.62589861080085729128e-01+j4.32173607091908440481e-01
  +8.67898218737056303951e-01+j4.19601867093082447902e-01
  +8.73010341827885838484e-01+j4.06946569666888413597e-01
  +8.77924772840855904832e-01+j3.94208519645485588878e-01
  +8.82639949165725634650e-01+j3.81388487359763550533e-01
  +8.87154197426210711086e-01+j3.68487210876634718737e-01
  +8.91465727515393990821e-01+j3.55505398395791982757e-01
  +8.95572626312463593301e-01+j3.42443730826101300213e-01
  +8.99472851057863009849e-01+j3.29302864564034125650e-01
  +9.03164222362531243782e-01+j3.16083434499053739231e-01
  +9.06644416825424404038e-01+j3.02786057273647379873e-01
  +9.09910959231976845807e-01+j2.89411334828819311049e-01
  +9.12961214304487733706e-01+j2.75959858269335001069e-01
  +9.15792377973754012643e-01+j2.62432212086950999996e-01
  +9.18401468139473431407e-01+j2.48828978784167070826e-01
  +9.20785314885108507887e-01+j2.35150743945957280134e-01
  +9.22940550111048585435e-01+j2.21398101812413011791e-01
  +9.24863596547959354588e-01+j2.07571661411380892215e-01
  +9.26550656110324499792e-01+j1.93672053316957387681e-01
  +9.27997697548256672562e-01+j1.79699937107580615114e-01
  +9.29200443353808580582e-01+j1.65656009605931353601e-01
  +9.30154355876241623058e-01+j1.51541013992675249744e-01
  +9.30854622599144199135e-01+j1.37355749896943213351e-01
  +9.31296140530810334646e-01+j1.23101084578606231879e-01
  +9.31473499658323600414e-01+j1.08777965331288778428e-01
  +9.31380965415006811803e-01+j9.43874332502827317892e-02
  +9.31012460110843820260e-01+j7.99306385269837882390e-02
  +9.30361543276032709748e-01+j6.54088574509096160048e-02
  +9.29421390869316521588e-01+j5.08235113220774498144e-02
  +9.28184773305393728826e-01+j3.61761875012097181004e-02
  +9.26644032259784533601e-01+j2.14686628525687893398e-02
  +9.24791056215469198243e-01+j6.70292986527657591589e-03
  +9.22617254723736346378e-01-j8.11877422659159839191e-03
  +9.20113531362703573890e-01-j2.29939349659257045999e-02
  +9.17270255391336664097e-01-j3.79197244339836148086e-02
  +9.14077232115479865193e-01-j5.28929608001938306172e-02
  +9.10523672006273709911e-01-j6.79100631550901834288e-02
  +9.06598158641527707147e-01-j8.29670010607450880702e-02
</dep>
<dep S[2,1] frequency>
  +2.03439553411314699716e-01-j6.02328533388706954810e-01
  +1.69473428789783275850e-01-j5.90053077372211798313e-01
  +1.37941931439819448491e-01-j5.76309664324084924836e-01
  +1.08776321236708939377e-01-j5.61375874183817846763e-01
  +8.18916004306499134557e-02-j5.45496563745438423076e-01
  +5.71916760031188770030e-02-j5.28886350018089701486e-01
  +3.45734827352927945321e-02-j5.11732292556352108548e-01
  +1.39302210225737393284e-02-j4.94196613351412183945e-01
  -4.84614484115830374683e-03-j4.76419344721383863916e-01
  -2.18629961316509358049e-02-j4.58520835139195059860e-01
  -3.72256615153525524664e-02-j4.40604072144907599196e-01
  -5.10364125792558687156e-02-j4.22756802449143265221e-01
  -6.33937703308711936190e-02-j4.05053443883441388618e-01
  -7.43920543300120445940e-02-j3.87556793552668643610e-01
  -8.41211187318918474087e-02-j3.70319542663927858683e-01
  -9.26662303143341165024e-02-j3.53385612045235664169e-01
  -1.00108052625647619971e-01-j3.36791324094183275317e-01
  -1.06522707890998713509e-01-j3.20566427389090857769e-01
  -1.11981894449332361474e-01-j3.04734989876580986135e-01
  -1.16553042459388453422e-01-j2.89316175727387381311e-01
  -1.20299494599517942106e-01-j2.74324919842578285323e-01
  -1.23280701660810190767e-01-j2.59772512745178651983e-01
  -1.25552425443501119995e-01-j2.45667107307683929562e-01
  -1.27166943338349991421e-01-j2.32014157509252555434e-01
  -1.28173250512650799271e-01-j2.18816798227503689356e-01
  -1.28617256811702107555e-01-j2.06076173970394183055e-01
  -1.28541976402196334028e-01-j1.93791723455035952428e-01
  -1.27987708881655115611e-01-j1.81961426043726337554e-01
  -1.26992211104436286684e-01-j1.70582015251198759742e-01
  -1.25590859367269713776e-01-j1.59649163835019453073e-01
  -1.23816801885208743750e-01-j1.49157644365512348505e-01
  -1.21701101696417596232e-01-j1.39101468635246833250e-01
  -1.19272870279333517707e-01-j1.29474008801769319144e-01
  -1.16559392263757569119e-01-j1.20268102753791447657e-01
  -1.13586241679332455856e-01-j1.11476145842293511423e-01
  -1.10377390219929108484e-01-j1.03090170817459261809e-01
  -1.06955308017684158628e-01-j9.51019175538909550260e-02
  -1.03341057420900536701e-01-j8.75028939240709707770e-02
  -9.95543802603571642562e-02-j8.02844289893316354068e-02
  -9.56137790716244384548e-02-j7.34377195138561922327e-02
  -9.15365927192554468261e-02-j6.69538706667791860827e-02
  -8.73390668441922229936e-02-j6.08239316572598762156e-02
  -8.30364195295093115989e-02-j5.50389269441991374476e-02
  -7.86429025529539887929e-02-j4.95898835740492191504e-02
  -7.41718585682038938911e-02-j4.44678551244372596840e-02
  -6.96357745309494624575e-02-j3.96639426665428493357e-02
  -6.50463316610870728729e-02-j3.51693131035715547683e-02
  -6.04144522088378502223e-02-j3.09752151950715148843e-02
  -5.57503432705145282600e-02-j2.70729935360092786867e-02
  -5.10635378789183747017e-02-j2.34541007243921281744e-02
  -4.63629335744390469465e-02-j2.01101079212950388519e-02
  -4.16568286449280414385e-02-j1.70327139810996126823e-02
  -3.69529562065474687094e-02-j1.42137533077240727636e-02
  -3.22585162825430801781e-02-j1.16452025733249850403e-02
  -2.75802060235413558364e-02-j9.31918641958556955018e-03
  -2.29242482004387120031e-02-j7.22798224741491666251e-03
  -1.82964180896907739615e-02-j5.36402418863485535433e-03
  -1.37020688605411951333e-02-j3.71990634258019233285e-03
  -9.14615556444259118762e-03-j2.28838535133414535533e-03
  -4.63325781848127060680e-03-j1.06238237932343589608e-03
  -1.67601266977651381773e-04-j3.49845560464884242080e-05
  +4.24692210144986259657e-03+j8.00554065387444353102e-04
  +8.60673471038110940445e-03+j1.45081198651117937101e-03
  +1.29085551602452948405e-02+j1.92220013580989956131e-03
  +1.71493809408863745469e-02+j2.22096209643861961305e-03
  +2.13264720364085107185e-02+j2.35317465430529351722e-03
  +2.54373353708626445679e-02+j2.32474863466571122356e-03
  +2.94797100470862612209e-02+j2.14142999819671173492e-03
  +3.34515533344893825629e-02+j1.80880117005419172038e-03
  +3.73510273646290025251e-02+j1.33228257764437542886e-03
  +4.11764864962748874944e-02+j7.17134374887146630248e-04
  +4.49264653142417078047e-02-j3.15416674608086911838e-05
  +4.85996672285088290866e-02-j9.08800124183071350581e-04
  +5.21949536424030219317e-02-j1.90984974799048717875e-03
  +5.57113336604145789610e-02-j3.03005118783106035252e-03
  +5.91479543080846090208e-02-j4.26491460784075675228e-03
  +6.25040912379615370975e-02-j5.61009722048302732211e-03
  +6.57791398971422913711e-02-j7.06140074642436048336e-03
  +6.89726071332291829075e-02-j8.61476881269616912018e-03
  +7.20841032168350326348e-02-j1.02662842998411298762e-02
  +7.51133342598886283303e-02-j1.20121666479002450756e-02
  +7.80600950100575480262e-02-j1.38487691303576555824e-02
  +8.09242620026199843686e-02-j1.57725761044256208854e-02
  +8.37057870520080127275e-02-j1.77802002454287774724e-02
  +8.64046910660736106058e-02-j1.98683797723940534785e-02
  +8.90210581669783201919e-02-j2.20339756714158160888e-02
  +9.15550301033052349453e-02-j2.42739689228010022126e-02
  +9.40068009386502700941e-02-j2.65854577375035892872e-02
  +9.63766120026875033888e-02-j2.89656548079103917659e-02
  +9.86647470911951179895e-02-j3.14118845775488708671e-02
  +1.00871527902191199244e-01-j3.39215805339263820617e-02
  +1.02997309695795014051e-01-j3.64922825282923621315e-02
  +1.05042477165958880736e-01-j3.91216341257403579790e-02
  +1.07007440512696130885e-01-j4.18073799887713412615e-02
  +1.08892631703839504187e-01-j4.45473632970514801799e-02
  +1.10698500915819633694e-01-j4.73395232058496581717e-02
  +1.12425513143323829723e-01-j5.01818923453390894340e-02
  +1.14074144968075621986e-01-j5.30725943626587232105e-02
  +1.15644881477319619312e-01-j5.60098415084200607073e-02
  +1.17138213322936085570e-01-j5.89919322690745095983e-02
  +1.18554633912401466422e-01-j6.20172490463490738710e-02
  +1.19894636723116704280e-01-j6.50842558847550267664e-02
  +1.21158712731896794912e-01-j6.81914962479677894125e-02
  +1.22347347951657983711e-01-j7.13375908446938628016e-02
  +1.23461021067587578548e-01-j7.45212355044727325915e-02
  +1.24500201165296323080e-01-j7.77411991036867089377e-02
  +1.25465345543671197293e-01-j8.09963215419082366298e-02
  +1.26356897605310880550e-01-j8.42855117685601257227e-02
  +1.27175284817617806343e-01-j8.76077458597099012483e-02
  +1.27920916737776446670e-01-j9.09620651447157202441e-02
  +1.28594183094982883464e-01-j9.43475743822926454785e-02
  +1.29195451923416748663e-01-j9.77634399854388908002e-02
  +1.29725067739551308543e-01-j1.01208888294551685449e-01
  +1.30183349757516830802e-01-j1.04683203897961443762e-01
  +1.30570590136269065740e-01-j1.08185727998952499473e-01
  +1.30887052252423502496e-01-j1.11715856828287427027e-01
  +1.31132968992601434133e-01-j1.15273040101062776430e-01
  +1.31308541059249245242e-01-j1.18856779516704785804e-01
  +1.31413935283796440290e-01-j1.22466627300701735859e-01
  +1.31449282941117184809e-01-j1.26102184786618332080e-01
  +1.31414678059150885625e-01-j1.29763101036797584564e-01
  +1.31310175717553795360e-01-j1.33449071500011201552e-01
  +1.31135790329155760281e-01-j1.37159836704209170399e-01
  +1.30891493897933447466e-01-j1.40895180982371526213e-01
  +1.30577214247097117550e-01-j1.44654931229309113849e-01
  +1.30192833210772768160e-01-j1.48438955687096862945e-01
  +1.29738184782601823075e-01-j1.52247162756681209128e-01
  +1.29213053214428719162e-01-j1.56079499832954493588e-01
  +1.28617171058032886410e-01-j1.59935952160453781490e-01
  +1.27950217142643873913e-01-j1.63816541706564067216e-01
  +1.27211814480744922484e-01-j1.67721326048892005467e-01
  +1.26401528094365972477e-01-j1.71650397273192062420e-01
  +1.25518862753785875874e-01-j1.75603880877937629235e-01
  +1.24563260620202259643e-01-j1.79581934681306149004e-01
  +1.23534098783571286151e-01-j1.83584747725978714161e-01
  +1.22430686686394549212e-01-j1.87612539176755965808e-01
  +1.21252263423788878005e-01-j1.91665557205547482100e-01
  +1.19997994909707694777e-01-j1.95744077857821857647e-01
  +1.18666970898599677398e-01-j1.99848403894026832583e-01
  +1.17258201851288643147e-01-j2.03978863598903353838e-01
  +1.15770615633180723458e-01-j2.08135809550953898572e-01
  +1.14203054032248937921e-01-j2.12319617343534911003e-01
  +1.12554269083546168440e-01-j2.16530684248285587579e-01
  +1.10822919186184629114e-01-j2.20769427810585949778e-01
  +1.09007564997892117398e-01-j2.25036284365796313001e-01
  +1.07106665091381558774e-01-j2.29331707463791056867e-01
  +1.05118571355767770337e-01-j2.33656166188106195758e-01
  +1.03041524125267180967e-01-j2.38010143354523112658e-01
  +1.00873647016295003853e-01-j2.42394133572338160709e-01
  +9.86129414529191977712e-02-j2.46808641149796670344e-01
  +9.62572808593670364852e-02-j2.51254177823169611017e-01
  +9.38044044969670726131e-02-j2.55731260286738371068e-01
  +9.12519109215037121929e-02-j2.60240407498461112645e-01
  +8.85972510354725156789e-02-j2.64782137733321765172e-01
  +8.58377207081869875172e-02-j2.69356965353280020103e-01
  +8.29704529350203806581e-02-j2.73965397259247067652e-01
  +7.99924095053886619056e-02-j2.78607928986618236245e-01
  +7.69003721472923396085e-02-j2.83285040401571264201e-01
  +7.36909331143885543147e-02-j2.87997190950466386283e-01
  +7.03604851797136610081e-02-j2.92744814409198861327e-01
  +6.69052109982254672449e-02-j2.97528313073211814199e-01
  +6.33210717984451637586e-02-j3.02348051322147259867e-01
  +5.96037953615425539211e-02-j3.07204348485202061170e-01
  +5.57488632443666407013e-02-j3.12097470924822095739e-01
  +5.17514972011452675793e-02-j3.17027623246563250436e-01
  +4.76066447569877676527e-02-j3.21994938532061181213e-01
  +4.33089638848807370608e-02-j3.26999467479947569792e-01
  +3.88528067368453383645e-02-j3.32041166325637904233e-01
  +3.42322023791792676151e-02-j3.37119883395723685116e-01
  +2.94408384816190749067e-02-j3.42235344135245700414e-01
  +2.44720419108220219040e-02-j3.47387134426698385159e-01
  +1.93187581800407341681e-02-j3.52574681997911643094e-01
  +1.39735297095167788212e-02-j3.57797235691253379120e-01
  +8.42847285619130644208e-03-j3.63053842339301435782e-01
  +2.67525367726004995733e-03-j3.68343320961063036556e-01
  -3.29493759977624164556e-03-j3.73664233958392488777e-01
  -9.49141341690769996253e-03-j3.79014854953370228241e-01
  -1.59240170372215265882e-02-j3.84393132864053188591e-01
  -2.26031519916232472023e-02-j3.89796651767500279551e-01
  -2.95398127801023147043e-02-j3.95222586044764012669e-01
  -3.67456167567975014454e-02-j4.00667650242210127143e-01
</dep>
<dep S[1,2] frequency>
  +2.03439553411314699716e-01-j6.02328533388706954810e-01
  +1.69473428789783275850e-01-j5.90053077372211798313e-01
  +1.37941931439819448491e-01-j5.76309664324084924836e-01
  +1.08776321236708939377e-01-j5.61375874183817846763e-01
  +8.18916004306499134557e-02-j5.45496563745438423076e-01
  +5.71916760031188770030e-02-j5.28886350018089701486e-01
  +3.45734827352927945321e-02-j5.11732292556352108548e-01
  +1.39302210225737393284e-02-j4.94196613351412183945e-01
  -4.84614484115830374683e-03-j4.76419344721383863916e-01
  -2.18629961316509358049e-02-j4.58520835139195059860e-01
  -3.72256615153525524664e-02-j4.40604072144907599196e-01
  -5.10364125792558687156e-02-j4.22756802449143265221e-01
  -6.33937703308711936190e-02-j4.05053443883441388618e-01
  -7.43920543300120445940e-02-j3.87556793552668643610e-01
  -8.41211187318918474087e-02-j3.70319542663927858683e-01
  -9.26662303143341165024e-02-j3.53385612045235664169e-01
  -1.00108052625647619971e-01-j3.36791324094183275317e-01
  -1.06522707890998713509e-01-j3.20566427389090857769e-01
  -1.11981894449332361474e-01-j3.04734989876580986135e-01
  -1.16553042459388453422e-01-j2.89316175727387381311e-01
  -1.20299494599517942106e-01-j2.74324919842578285323e-01
  -1.23280701660810190767e-01-j2.59772512745178651983e-01
  -1.25552425443501119995e-01-j2.45667107307683929562e-01
  -1.27166943338349991421e-01-j2.32014157509252555434e-01
  -1.28173250512650799271e-01-j2.18816798227503689356e-01
  -1.28617256811702107555e-01-j2.06076173970394183055e-01
  -1.28541976402196334028e-01-j1.93791723455035952428e-01
  -1.27987708881655115611e-01-j1.81961426043726337554e-01
  -1.26992211104436286684e-01-j1.70582015251198759742e-01
  -1.25590859367269713776e-01-j1.59649163835019453073e-01
  -1.23816801885208743750e-01-j1.49157644365512348505e-01
  -1.21701101696417596232e-01-j1.39101468635246833250e-01
  -1.19272870279333517707e-01-j1.29474008801769319144e-01
  -1.16559392263757569119e-01-j1.20268102753791447657e-01
  -1.13586241679332455856e-01-j1.11476145842293511423e-01
  -1.10377390219929108484e-01-j1.03090170817459261809e-01
  -1.06955308017684158628e-01-j9.51019175538909550260e-02
  -1.03341057420900536701e-01-j8.75028939240709707770e-02
  -9.95543802603571642562e-02-j8.02844289893316354068e-02
  -9.56137790716244384548e-02-j7.34377195138561922327e-02
  -9.15365927192554468261e-02-j6.69538706667791860827e-02
  -8.73390668441922229936e-02-j6.08239316572598762156e-02
  -8.30364195295093115989e-02-j5.50389269441991374476e-02
  -7.86429025529539887929e-02-j4.95898835740492191504e-02
  -7.41718585682038938911e-02-j4.44678551244372596840e-02
  -6.96357745309494624575e-02-j3.96639426665428493357e-02
  -6.50463316610870728729e-02-j3.51693131035715547683e-02
  -6.04144522088378502223e-02-j3.09752151950715148843e-02
  -5.57503432705145282600e-02-j2.70729935360092786867e-02
  -5.10635378789183747017e-02-j2.34541007243921281744e-02
  -4.63629335744390469465e-02-j2.01101079212950388519e-02
  -4.16568286449280414385e-02-j1.70327139810996126823e-02
  -3.69529562065474687094e-02-j1.42137533077240727636e-02
  -3.22585162825430801781e-02-j1.16452025733249850403e-02
  -2.75802060235413558364e-02-j9.31918641958556955018e-03
  -2.29242482004387120031e-02-j7.22798224741491666251e-03
  -1.82964180896907739615e-02-j5.36402418863485535433e-03
  -1.37020688605411951333e-02-j3.71990634258019233285e-03
  -9.14615556444259118762e-03-j2.28838535133414535533e-03
  -4.63325781848127060680e-03-j1.06238237932343589608e-03
  -1.67601266977651381773e-04-j3.49845560464884242080e-05
  +4.24692210144986259657e-03+j8.00554065387444353102e-04
  +8.60673471038110940445e-03+j1.45081198651117937101e-03
  +1.29085551602452948405e-02+j1.92220013580989956131e-03
  +1.71493809408863745469e-02+j2.22096209643861961305e-03
  +2.13264720364085107185e-02+j2.35317465430529351722e-03
  +2.54373353708626445679e-02+j2.32474863466571122356e-03
  +2.94797100470862612209e-02+j2.14142999819671173492e-03
  +3.34515533344893825629e-02+j1.80880117005419172038e-03
  +3.73510273646290025251e-02+j1.33228257764437542886e-03
  +4.11764864962748874944e-02+j7.17134374887146630248e-04
  +4.49264653142417078047e-02-j3.15416674608086911838e-05
  +4.85996672285088290866e-02-j9.08800124183071350581e-04
  +5.21949536424030219317e-02-j1.90984974799048717875e-03
  +5.57113336604145789610e-02-j3.03005118783106035252e-03
  +5.91479543080846090208e-02-j4.26491460784075675228e-03
  +6.25040912379615370975e-02-j5.61009722048302732211e-03
  +6.57791398971422913711e-02-j7.06140074642436048336e-03
  +6.89726071332291829075e-02-j8.61476881269616912018e-03
  +7.20841032168350326348e-02-j1.02662842998411298762e-02
  +7.51133342598886283303e-02-j1.20121666479002450756e-02
  +7.80600950100575480262e-02-j1.38487691303576555824e-02
  +8.09242620026199843686e-02-j1.57725761044256208854e-02
  +8.37057870520080127275e-02-j1.77802002454287774724e-02
  +8.64046910660736106058e-02-j1.98683797723940534785e-02
  +8.90210581669783201919e-02-j2.20339756714158160888e-02
  +9.15550301033052349453e-02-j2.42739689228010022126e-02
  +9.40068009386502700941e-02-j2.65854577375035892872e-02
  +9.63766120026875033888e-02-j2.89656548079103917659e-02
  +9.86647470911951179895e-02-j3.14118845775488708671e-02
  +1.00871527902191199244e-01-j3.39215805339263820617e-02
  +1.02997309695795014051e-01-j3.64922825282923621315e-02
  +1.05042477165958880736e-01-j3.91216341257403579790e-02
  +1.07007440512696130885e-01-j4.18073799887713412615e-02
  +1.08892631703839504187e-01-j4.45473632970514801799e-02
  +1.10698500915819633694e-01-j4.73395232058496581717e-02
  +1.12425513143323829723e-01-j5.01818923453390894340e-02
  +1.14074144968075621986e-01-j5.30725943626587232105e-02
  +1.15644881477319619312e-01-j5.60098415084200607073e-02
  +1.17138213322936085570e-01-j5.89919322690745095983e-02
  +1.18554633912401466422e-01-j6.20172490463490738710e-02
  +1.19894636723116704280e-01-j6.50842558847550267664e-02
  +1.21158712731896794912e-01-j6.81914962479677894125e-02
  +1.22347347951657983711e-01-j7.13375908446938628016e-02
  +1.23461021067587578548e-01-j7.45212355044727325915e-02
  +1.24500201165296323080e-01-j7.77411991036867089377e-02
  +1.25465345543671197293e-01-j8.09963215419082366298e-02
  +1.26356897605310880550e-01-j8.42855117685601257227e-02
  +1.27175284817617806343e-01-j8.76077458597099012483e-02
  +1.27920916737776446670e-01-j9.09620651447157202441e-02
  +1.28594183094982883464e-01-j9.43475743822926454785e-02
  +1.29195451923416748663e-01-j9.77634399854388908002e-02
  +1.29725067739551308543e-01-j1.01208888294551685449e-01
  +1.30183349757516830802e-01-j1.04683203897961443762e-01
  +1.30570590136269065740e-01-j1.08185727998952499473e-01
  +1.30887052252423502496e-01-j1.11715856828287427027e-01
  +1.31132968992601434133e-01-j1.15273040101062776430e-01
  +1.31308541059249245242e-01-j1.18856779516704785804e-01
  +1.31413935283796440290e-01-j1.22466627300701735859e-01
  +1.31449282941117184809e-01-j1.26102184786618332080e-01
  +1.31414678059150885625e-01-j1.29763101036797584564e-01
  +1.31310175717553795360e-01-j1.33449071500011201552e-01
  +1.31135790329155760281e-01-j1.37159836704209170399e-01
  +1.30891493897933447466e-01-j1.40895180982371526213e-01
  +1.30577214247097117550e-01-j1.44654931229309113849e-01
  +1.30192833210772768160e-01-j1.48438955687096862945e-01
  +1.29738184782601823075e-01-j1.52247162756681209128e-01
  +1.29213053214428719162e-01-j1.56079499832954493588e-01
  +1.28617171058032886410e-01-j1.59935952160453781490e-01
  +1.27950217142643873913e-01-j1.63816541706564067216e-01
  +1.27211814480744922484e-01-j1.67721326048892005467e-01
  +1.26401528094365972477e-01-j1.71650397273192062420e-01
  +1.25518862753785875874e-01-j1.75603880877937629235e-01
  +1.24563260620202259643e-01-j1.79581934681306149004e-01
  +1.23534098783571286151e-01-j1.83584747725978714161e-01
  +1.22430686686394549212e-01-j1.87612539176755965808e-01
  +1.21252263423788878005e-01-j1.91665557205547482100e-01
  +1.19997994909707694777e-01-j1.95744077857821857647e-01
  +1.18666970898599677398e-01-j1.99848403894026832583e-01
  +1.17258201851288643147e-01-j2.03978863598903353838e-01
  +1.15770615633180723458e-01-j2.08135809550953898572e-01
  +1.14203054032248937921e-01-j2.12319617343534911003e-01
  +1.12554269083546168440e-01-j2.16530684248285587579e-01
  +1.10822919186184629114e-01-j2.20769427810585949778e-01
  +1.09007564997892117398e-01-j2.25036284365796313001e-01
  +1.07106665091381558774e-01-j2.29331707463791056867e-01
  +1.05118571355767770337e-01-j2.33656166188106195758e-01
  +1.03041524125267180967e-01-j2.38010143354523112658e-01
  +1.00873647016295003853e-01-j2.42394133572338160709e-01
  +9.86129414529191977712e-02-j2.46808641149796670344e-01
  +9.62572808593670364852e-02-j2.51254177823169611017e-01
  +9.38044044969670726131e-02-j2.55731260286738371068e-01
  +9.12519109215037121929e-02-j2.60240407498461112645e-01
  +8.85972510354725156789e-02-j2.64782137733321765172e-01
  +8.58377207081869875172e-02-j2.69356965353280020103e-01
  +8.29704529350203806581e-02-j2.73965397259247067652e-01
  +7.99924095053886619056e-02-j2.78607928986618236245e-01
  +7.69003721472923396085e-02-j2.83285040401571264201e-01
  +7.36909331143885543147e-02-j2.87997190950466386283e-01
  +7.03604851797136610081e-02-j2.92744814409198861327e-01
  +6.69052109982254672449e-02-j2.97528313073211814199e-01
  +6.33210717984451637586e-02-j3.02348051322147259867e-01
  +5.96037953615425539211e-02-j3.07204348485202061170e-01
  +5.57488632443666407013e-02-j3.12097470924822095739e-01
  +5.17514972011452675793e-02-j3.17027623246563250436e-01
  +4.76066447569877676527e-02-j3.21994938532061181213e-01
  +4.33089638848807370608e-02-j3.26999467479947569792e-01
  +3.88528067368453383645e-02-j3.32041166325637904233e-01
  +3.42322023791792676151e-02-j3.37119883395723685116e-01
  +2.94408384816190749067e-02-j3.42235344135245700414e-01
  +2.44720419108220219040e-02-j3.47387134426698385159e-01
  +1.93187581800407341681e-02-j3.52574681997911643094e-01
  +1.39735297095167788212e-02-j3.57797235691253379120e-01
  +8.42847285619130644208e-03-j3.63053842339301435782e-01
  +2.67525367726004995733e-03-j3.68343320961063036556e-01
  -3.29493759977624164556e-03-j3.73664233958392488777e-01
  -9.49141341690769996253e-03-j3.79014854953370228241e-01
  -1.59240170372215265882e-02-j3.84393132864053188591e-01
  -2.26031519916232472023e-02-j3.89796651767500279551e-01
  -2.95398127801023147043e-02-j3.95222586044764012669e-01
  -3.67456167567975014454e-02-j4.00667650242210127143e-01
</dep>
<dep S[1,1] frequency>
  -7.29256733451171701432e-01-j2.46446213655170415224e-01
  -7.56608350384991412696e-01-j2.17430172893732287509e-01
  -7.81236744348729472698e-01-j1.87094250885623758496e-01
  -8.03214737953200419440e-01-j1.55721882733202920956e-01
  -8.22631559373146692415e-01-j1.23563639687515658405e-01
  -8.39587673414790236492e-01-j9.08397083403863492279e-02
  -8.54190651891470809076e-01-j5.77425690789667850344e-02
  -8.66551929257569408804e-01-j2.44397123933436447030e-02
  -8.76784297768635312309e-01+j8.92371652490763639376e-03
  -8.85000010386572721899e-01+j4.22224149554836364340e-02
  -8.91309376031077404967e-01+j7.53486024476413412954e-02
  -8.95819748536534565808e-01+j1.08209903138776930565e-01
  -8.98634826581236945131e-01+j1.40727435939437373058e-01
  -8.99854196257500849043e-01+j1.72834108232150729378e-01
  -8.99573060570278970616e-01+j2.04473102612571289161e-01
  -8.97882110945736666707e-01+j2.35596542663348618163e-01
  -8.94867504895640375473e-01+j2.66164322024514399256e-01
  -8.90610921484836892681e-01+j2.96143080532587643638e-01
  -8.85189672383500991693e-01+j3.25505311519628581785e-01
  -8.78676851252273904969e-01+j3.54228585186088795744e-01
  -8.71141508194463676240e-01+j3.82294874071422596806e-01
  -8.62648839184048332740e-01+j4.09689967894089568379e-01
  -8.53260382888450075178e-01+j4.36402966317419871434e-01
  -8.43034219276354690464e-01+j4.62425839455022857916e-01
  -8.32025165938528488141e-01+j4.87753047118496263490e-01
  -8.20284969240257400003e-01+j5.12381208910068330908e-01
  -8.07862488339253670411e-01+j5.36308818261656994331e-01
  -7.94803870800035672239e-01+j5.59535994418689286434e-01
  -7.81152719061756206642e-01+j5.82064267163455495435e-01
  -7.66950247408281216011e-01+j6.03896389775115283172e-01
  -7.52235429376835962323e-01+j6.25036176339083371367e-01
  -7.37045135748489510519e-01+j6.45488360055021970219e-01
  -7.21414263408366229768e-01+j6.65258469659085971415e-01
  -7.05375855460970146993e-01+j6.84352721479589032327e-01
  -6.88961213047388998376e-01+j7.02777924994016922611e-01
  -6.72199999345718279820e-01+j7.20541400055852210293e-01
  -6.55120336250761048369e-01+j7.37650904218076886032e-01
  -6.37748894229018259416e-01+j7.54114568802676354942e-01
  -6.20110975834900823855e-01+j7.69940842556014470865e-01
  -6.02230593356619881007e-01+j7.85138441893627136992e-01
  -5.84130541038084594163e-01+j7.99716306878259008961e-01
  -5.65832462298187288674e-01+j8.13683562194987053395e-01
  -5.47356912342169876773e-01+j8.27049482490361032028e-01
  -5.28723416532790535527e-01+j8.39823461530415316112e-01
  -5.09950524862050835750e-01+j8.52014984707999523117e-01
  -4.91055862838069789866e-01+j8.63633604494389417461e-01
  -4.72056179076605797462e-01+j8.74688918485487687526e-01
  -4.52967389862847957804e-01+j8.85190549740285548275e-01
  -4.33804620926811823622e-01+j8.95148129149802351812e-01
  -4.14582246654603414626e-01+j9.04571279609594713911e-01
  -3.95313926938667292710e-01+j9.13469601798557073735e-01
  -3.76012641851947160276e-01+j9.21852661392510985827e-01
  -3.56690724314736917755e-01+j9.29729977562823384218e-01
  -3.37359890907635240342e-01+j9.37111012629283091080e-01
  -3.18031270970437263124e-01+j9.44005162752563520279e-01
  -2.98715434114171229929e-01+j9.50421749565554030426e-01
  -2.79422416262043338264e-01+j9.56370012654855106149e-01
  -2.60161744324708787968e-01+j9.61859102814020205940e-01
  -2.40942459605904713005e-01+j9.66898075999102490918e-01
  -2.21773140025932014030e-01+j9.71495887924739842667e-01
  -2.02661921242798581666e-01+j9.75661389245690680028e-01
  -1.83616516743896646124e-01+j9.79403321274549765185e-01
  -1.64644236974731128509e-01+j9.82730312191377408659e-01
  -1.45752007565645769205e-01+j9.85650873705393060220e-01
  -1.26946386712310177458e-01+j9.88173398132655034232e-01
  -1.08233581761111571917e-01+j9.90306155857091474637e-01
  -8.96194650464753883590e-02+j9.92057293145086283026e-01
  -7.11095890233442162742e-02+j9.93434830286509473751e-01
  -5.27092007346524615841e-02+j9.94446660037302754276e-01
  -3.44232556506126052831e-02+j9.95100546340798142175e-01
  -1.62564309138332335758e-02+j9.95404123306753318978e-01
  +1.78686197823910153382e-03+j9.95364894428682367433e-01
  +1.97024650242003801504e-02+j9.94990232021528475670e-01
  +3.74864620757594246836e-02+j9.94287376863014604744e-01
  +5.51351676755324066059e-02+j9.93263438023198275140e-01
  +7.26451163519200304730e-02+j9.91925392867802346863e-01
  +9.00130523488346101502e-02+j9.90280087221908411621e-01
  +1.07235919769542220603e-01+j9.88334235681434747356e-01
  +1.24310853115016967108e-01+j9.86094422060681430331e-01
  +1.41235168198460603328e-01+j9.83567099964970936732e-01
  +1.58006353418629286178e-01+j9.80758593478077811412e-01
  +1.74622061375578008224e-01+j9.77675097954816330059e-01
  +1.91080100813313225050e-01+j9.74322680909761817958e-01
  +2.07378428874662512627e-01+j9.70707282993583331354e-01
  +2.23515143654353820590e-01+j9.66834719049076474207e-01
  +2.39488477037052394092e-01+j9.62710679239376476701e-01
  +2.55296787807677283411e-01+j9.58340730241383775834e-01
  +2.70938555021887961249e-01+j9.53730316497789720742e-01
  +2.86412371625223538540e-01+j9.48884761521541886253e-01
  +3.01716938309802840124e-01+j9.43809269246969950728e-01
  +3.16851057597995811044e-01+j9.38508925422129602900e-01
  +3.31813628142890282291e-01+j9.32988699037290647453e-01
  +3.46603639235755767167e-01+j9.27253443784823327967e-01
  +3.61220165511114243984e-01+j9.21307899546006003888e-01
  +3.75662361840312430949e-01+j9.15156693900631923455e-01
  +3.89929458404860262988e-01+j9.08804343655515323164e-01
  +4.04020755941072451378e-01+j9.02255256388286186464e-01
  +4.17935621147812741416e-01+j8.95513732003122231440e-01
  +4.31673482249436579750e-01+j8.88583964295277528578e-01
  +4.45233824706220138179e-01+j8.81470042521529828505e-01
  +4.58616187064824987196e-01+j8.74175952973856973394e-01
  +4.71820156941518353833e-01+j8.66705580553878474070e-01
  +4.84845367131092386259e-01+j8.59062710345785518484e-01
  +4.97691491834581112297e-01+j8.51251029185686292067e-01
  +5.10358242999023214992e-01+j8.43274127225455583101e-01
  +5.22845366762697327800e-01+j8.35135499489383814620e-01
  +5.35152639999373458402e-01+j8.26838547422045877511e-01
  +5.47279866955229232772e-01+j8.18386580426013976464e-01
  +5.59226875972208548049e-01+j8.09782817388179365636e-01
  +5.70993516291687486230e-01+j8.01030388193595954682e-01
  +5.82579654932388057986e-01+j7.92132335225903982945e-01
  +5.93985173636558227983e-01+j7.83091614853567707932e-01
  +6.05209965878461764177e-01+j7.73911098901261307326e-01
  +6.16253933929314934304e-01+j7.64593576105907501983e-01
  +6.27116985972786533665e-01+j7.55141753557006856212e-01
  +6.37799033265210257859e-01+j7.45558258121021499853e-01
  +6.48299987334653660120e-01+j7.35845637849750766613e-01
  +6.58619757213005363461e-01+j7.26006363372720731064e-01
  +6.68758246695135394333e-01+j7.16042829273819014801e-01
  +6.78715351619239459779e-01+j7.05957355452504931037e-01
  +6.88490957162331995711e-01+j6.95752188470081023297e-01
  +6.98084935144821283615e-01+j6.85429502881698904382e-01
  +7.07497141337995349986e-01+j6.74991402554898978217e-01
  +7.16727412768129235054e-01+j6.64439921975668035259e-01
  +7.25775565010801759769e-01+j6.53777027543177791102e-01
  +7.34641389468842831434e-01+j6.43004618854574605535e-01
  +7.43324650627189220664e-01+j6.32124529981335392392e-01
  +7.51825083277690708883e-01+j6.21138530739012928450e-01
  +7.60142389706738974553e-01+j6.10048327952334545898e-01
  +7.68276236838305814913e-01+j5.98855566717932941145e-01
  +7.76226253324745485429e-01+j5.87561831667235079379e-01
  +7.83992026577393197329e-01+j5.76168648232333602266e-01
  +7.91573099728687612497e-01+j5.64677483917998768170e-01
  +7.98968968517178912414e-01+j5.53089749583319578718e-01
  +8.06179078086407319148e-01+j5.41406800736884852299e-01
  +8.13202819688206623994e-01+j5.29629938849806469747e-01
  +8.20039527280517210883e-01+j5.17760412691385729644e-01
  +8.26688474009352636251e-01+j5.05799419692711471619e-01
  +8.33148868563924116515e-01+j4.93748107344063380530e-01
  +8.39419851393460980660e-01+j4.81607574632631152411e-01
  +8.45500490773553492474e-01+j4.69378873527731610427e-01
  +8.51389778709190081507e-01+j4.57063010521516044360e-01
  +8.57086626660962580537e-01+j4.44660948233954744779e-01
  +8.62589861080085840150e-01+j4.32173607091908551503e-01
  +8.67898218737056192928e-01+j4.19601867093082336879e-01
  +8.73010341827885616439e-01+j4.06946569666888358086e-01
  +8.77924772840855793810e-01+j3.94208519645485533367e-01
  +8.82639949165725523628e-01+j3.81388487359763550533e-01
  +8.87154197426210711086e-01+j3.68487210876634663226e-01
  +8.91465727515393879798e-01+j3.55505398395791982757e-01
  +8.95572626312463593301e-01+j3.42443730826101355724e-01
  +8.99472851057863009849e-01+j3.29302864564034070138e-01
  +9.03164222362531132759e-01+j3.16083434499053739231e-01
  +9.06644416825424404038e-01+j3.02786057273647324362e-01
  +9.09910959231976623762e-01+j2.89411334828819311049e-01
  +9.12961214304487733706e-01+j2.75959858269334945557e-01
  +9.15792377973754012643e-01+j2.62432212086950999996e-01
  +9.18401468139473320385e-01+j2.48828978784166987559e-01
  +9.20785314885108396865e-01+j2.35150743945957307890e-01
  +9.22940550111048585435e-01+j2.21398101812413095058e-01
  +9.24863596547959354588e-01+j2.07571661411380892215e-01
  +9.26550656110324499792e-01+j1.93672053316957304414e-01
  +9.27997697548257116651e-01+j1.79699937107580698381e-01
  +9.29200443353808580582e-01+j1.65656009605931409112e-01
  +9.30154355876241845102e-01+j1.51541013992675333011e-01
  +9.30854622599144199135e-01+j1.37355749896943296617e-01
  +9.31296140530810112601e-01+j1.23101084578606190245e-01
  +9.31473499658323822459e-01+j1.08777965331288625772e-01
  +9.31380965415006700781e-01+j9.43874332502827873004e-02
  +9.31012460110844042305e-01+j7.99306385269838021168e-02
  +9.30361543276032931793e-01+j6.54088574509096437604e-02
  +9.29421390869316632610e-01+j5.08235113220774567533e-02
  +9.28184773305393617804e-01+j3.61761875012097944282e-02
  +9.26644032259784422578e-01+j2.14686628525687095426e-02
  +9.24791056215469309265e-01+j6.70292986527656897700e-03
  +9.22617254723736346378e-01-j8.11877422659158798357e-03
  +9.20113531362703351846e-01-j2.29939349659257080694e-02
  +9.17270255391336553075e-01-j3.79197244339835592974e-02
  +9.14077232115479754171e-01-j5.28929608001938028616e-02
  +9.10523672006273487867e-01-j6.79100631550902389399e-02
  +9.06598158641527818169e-01-j8.29670010607451158258e-02
</dep>
