<Qucs Dataset 1.0.7>
<indep frequency 181>
  +1.00000000000000000000e+09
  +1.05000000000000000000e+09
  +1.10000000000000000000e+09
  +1.15000000000000000000e+09
  +1.20000000000000000000e+09
  +1.25000000000000000000e+09
  +1.30000000000000000000e+09
  +1.35000000000000000000e+09
  +1.40000000000000000000e+09
  +1.45000000000000000000e+09
  +1.50000000000000000000e+09
  +1.55000000000000000000e+09
  +1.60000000000000000000e+09
  +1.65000000000000000000e+09
  +1.70000000000000000000e+09
  +1.75000000000000000000e+09
  +1.80000000000000000000e+09
  +1.85000000000000000000e+09
  +1.90000000000000000000e+09
  +1.95000000000000000000e+09
  +2.00000000000000000000e+09
  +2.05000000000000000000e+09
  +2.10000000000000000000e+09
  +2.15000000000000000000e+09
  +2.20000000000000000000e+09
  +2.25000000000000000000e+09
  +2.30000000000000000000e+09
  +2.35000000000000000000e+09
  +2.40000000000000000000e+09
  +2.45000000000000000000e+09
  +2.50000000000000000000e+09
  +2.55000000000000000000e+09
  +2.60000000000000000000e+09
  +2.65000000000000000000e+09
  +2.70000000000000000000e+09
  +2.75000000000000000000e+09
  +2.80000000000000000000e+09
  +2.85000000000000000000e+09
  +2.90000000000000000000e+09
  +2.95000000000000000000e+09
  +3.00000000000000000000e+09
  +3.05000000000000000000e+09
  +3.10000000000000000000e+09
  +3.15000000000000000000e+09
  +3.20000000000000000000e+09
  +3.25000000000000000000e+09
  +3.30000000000000000000e+09
  +3.35000000000000000000e+09
  +3.40000000000000000000e+09
  +3.45000000000000000000e+09
  +3.50000000000000000000e+09
  +3.55000000000000000000e+09
  +3.60000000000000000000e+09
  +3.65000000000000000000e+09
  +3.70000000000000000000e+09
  +3.75000000000000000000e+09
  +3.80000000000000000000e+09
  +3.85000000000000000000e+09
  +3.90000000000000000000e+09
  +3.95000000000000000000e+09
  +4.00000000000000000000e+09
  +4.05000000000000000000e+09
  +4.10000000000000000000e+09
  +4.15000000000000000000e+09
  +4.20000000000000000000e+09
  +4.25000000000000000000e+09
  +4.30000000000000000000e+09
  +4.35000000000000000000e+09
  +4.40000000000000000000e+09
  +4.45000000000000000000e+09
  +4.50000000000000000000e+09
  +4.55000000000000000000e+09
  +4.60000000000000000000e+09
  +4.65000000000000000000e+09
  +4.70000000000000000000e+09
  +4.75000000000000000000e+09
  +4.80000000000000000000e+09
  +4.85000000000000000000e+09
  +4.90000000000000000000e+09
  +4.95000000000000000000e+09
  +5.00000000000000000000e+09
  +5.05000000000000000000e+09
  +5.10000000000000000000e+09
  +5.15000000000000000000e+09
  +5.20000000000000000000e+09
  +5.25000000000000000000e+09
  +5.30000000000000000000e+09
  +5.35000000000000000000e+09
  +5.40000000000000000000e+09
  +5.45000000000000000000e+09
  +5.50000000000000000000e+09
  +5.55000000000000000000e+09
  +5.60000000000000000000e+09
  +5.65000000000000000000e+09
  +5.70000000000000000000e+09
  +5.75000000000000000000e+09
  +5.80000000000000000000e+09
  +5.85000000000000000000e+09
  +5.90000000000000000000e+09
  +5.95000000000000000000e+09
  +6.00000000000000000000e+09
  +6.05000000000000000000e+09
  +6.10000000000000000000e+09
  +6.15000000000000000000e+09
  +6.20000000000000000000e+09
  +6.25000000000000000000e+09
  +6.30000000000000000000e+09
  +6.35000000000000000000e+09
  +6.40000000000000000000e+09
  +6.45000000000000000000e+09
  +6.50000000000000000000e+09
  +6.55000000000000000000e+09
  +6.60000000000000000000e+09
  +6.65000000000000000000e+09
  +6.70000000000000000000e+09
  +6.75000000000000000000e+09
  +6.80000000000000000000e+09
  +6.85000000000000000000e+09
  +6.90000000000000000000e+09
  +6.95000000000000000000e+09
  +7.00000000000000000000e+09
  +7.05000000000000000000e+09
  +7.10000000000000000000e+09
  +7.15000000000000000000e+09
  +7.20000000000000000000e+09
  +7.25000000000000000000e+09
  +7.30000000000000000000e+09
  +7.35000000000000000000e+09
  +7.40000000000000000000e+09
  +7.45000000000000000000e+09
  +7.50000000000000000000e+09
  +7.55000000000000000000e+09
  +7.60000000000000000000e+09
  +7.65000000000000000000e+09
  +7.70000000000000000000e+09
  +7.75000000000000000000e+09
  +7.80000000000000000000e+09
  +7.85000000000000000000e+09
  +7.90000000000000000000e+09
  +7.95000000000000000000e+09
  +8.00000000000000000000e+09
  +8.05000000000000000000e+09
  +8.10000000000000000000e+09
  +8.15000000000000000000e+09
  +8.20000000000000000000e+09
  +8.25000000000000000000e+09
  +8.30000000000000000000e+09
  +8.35000000000000000000e+09
  +8.40000000000000000000e+09
  +8.45000000000000000000e+09
  +8.50000000000000000000e+09
  +8.55000000000000000000e+09
  +8.60000000000000000000e+09
  +8.65000000000000000000e+09
  +8.70000000000000000000e+09
  +8.75000000000000000000e+09
  +8.80000000000000000000e+09
  +8.85000000000000000000e+09
  +8.90000000000000000000e+09
  +8.95000000000000000000e+09
  +9.00000000000000000000e+09
  +9.05000000000000000000e+09
  +9.10000000000000000000e+09
  +9.15000000000000000000e+09
  +9.20000000000000000000e+09
  +9.25000000000000000000e+09
  +9.30000000000000000000e+09
  +9.35000000000000000000e+09
  +9.40000000000000000000e+09
  +9.45000000000000000000e+09
  +9.50000000000000000000e+09
  +9.55000000000000000000e+09
  +9.60000000000000000000e+09
  +9.65000000000000000000e+09
  +9.70000000000000000000e+09
  +9.75000000000000000000e+09
  +9.80000000000000000000e+09
  +9.85000000000000000000e+09
  +9.90000000000000000000e+09
  +9.95000000000000000000e+09
  +1.00000000000000000000e+10
</indep>
<dep S21_phase frequency>
  -6.56801032522842263006e+01
  -6.82222698286077928742e+01
  -7.07065153629844331817e+01
  -7.31363650136476337593e+01
  -7.55153090576910557274e+01
  -7.78467746385308316803e+01
  -8.01341048417605037457e+01
  -8.23805438422802609466e+01
  -8.45892270054771842069e+01
  -8.67631749712293185439e+01
  -8.89052908913877644181e+01
  -9.10183601231851042712e+01
  -9.31050517994090682805e+01
  -9.51679218000028441793e+01
  -9.72094167391224885932e+01
  -9.92318786573233637682e+01
  -1.01237550171870651639e+02
  -1.03228579890491388937e+02
  -1.05207027936760496800e+02
  -1.07174871470099461135e+02
  -1.09134010111365128637e+02
  -1.11086271207321317434e+02
  -1.13033414884957210234e+02
  -1.14977138860443020008e+02
  -1.16919082978230946424e+02
  -1.18860833464017886740e+02
  -1.20803926881478716382e+02
  -1.22749853787250572168e+02
  -1.24700062081972703254e+02
  -1.26655960057494880289e+02
  -1.28618919141918183868e+02
  -1.30590276345087715981e+02
  -1.32571336407690296255e+02
  -1.34563373657311387888e+02
  -1.36567633574811281960e+02
  -1.38585334074251704806e+02
  -1.40617666499409239123e+02
  -1.42665796339719037178e+02
  -1.44730863668350650642e+02
  -1.46813983305048452621e+02
  -1.48916244706421025512e+02
  -1.51038711586571679391e+02
  -1.53182421271311824285e+02
  -1.55348383789743252237e+02
  -1.57537580707716415418e+02
  -1.59750963708572953692e+02
  -1.61989452927668480697e+02
  -1.64253935048389593021e+02
  -1.66545261168766359106e+02
  -1.68864244449217068222e+02
  -1.71211657553481273908e+02
  -1.73588229896283905873e+02
  -1.75994644712686124421e+02
  -1.78431535965369107544e+02
  +1.79100514892865305683e+02
  +1.76600982283318842292e+02
  +1.74069399973880507559e+02
  +1.71505364641306641715e+02
  +1.68908539505278923798e+02
  +1.66278658017097114907e+02
  +1.63615527587169793833e+02
  +1.60919033337066252898e+02
  +1.58189141863708471192e+02
  +1.55425905005068102582e+02
  +1.52629463598270291413e+02
  +1.49800051221952742253e+02
  +1.46937997914743220917e+02
  +1.44043733860388471157e+02
  +1.41117793026997532024e+02
  +1.38160816742668401957e+02
  +1.35173557182106037544e+02
  +1.32156880728535497838e+02
  +1.29111771162142332514e+02
  +1.26039332610640045118e+02
  +1.22940792179698718201e+02
  +1.19817502161594745758e+02
  +1.16670941700498261184e+02
  +1.13502717773607912477e+02
  +1.10314565330399531717e+02
  +1.07108346419334580446e+02
  +1.03886048124326450193e+02
  +1.00649779133897183669e+02
  +9.74017647758990108287e+01
  +9.41443403711621868979e+01
  +9.08799427911476698227e+01
  +8.76111001475889850099e+01
  +8.43404195953209949721e+01
  +8.10705732912403362889e+01
  +7.78042826199692143518e+01
  +7.45443008668977142861e+01
  +7.12933945879018153846e+01
  +6.80543239879905570433e+01
  +6.48298226742692662583e+01
  +6.16225771882878632368e+01
  +5.84352067461671396131e+01
  +5.52702436200333266925e+01
  +5.21301145807128349929e+01
  +4.90171237900030831725e+01
  +4.59334374831362879377e+01
  +4.28810707212477808525e+01
  +3.98618764234820375236e+01
  +3.68775368129655802818e+01
  +3.39295573344607461763e+01
  +3.10192630279865610987e+01
  +2.81477972754979290926e+01
  +2.53161227794507510680e+01
  +2.25250245846005938688e+01
  +1.97751149186392432000e+01
  +1.70668396033998419625e+01
  +1.44004857758661657385e+01
  +1.17761906559971532005e+01
  +9.19395110500880008431e+00
  +6.65363373157526005741e+00
  +4.15498532267321163403e+00
  +1.69764339886344139963e+00
  -7.18853280916911918652e-01
  -3.09505441378704615474e+00
  -5.43158816934646271335e+00
  -7.72915162599407867816e+00
  -9.98850170190376296375e+00
  -1.22104466344567317293e+01
  -1.43958380433879096216e+01
  -1.65455635968693002269e+01
  -1.86605402862247196083e+01
  -2.07417083038083553959e+01
  -2.27900255096557700085e+01
  -2.48064624655619958560e+01
  -2.67919980100804515644e+01
  -2.87476153442904021063e+01
  -3.06742985958451974682e+01
  -3.25730298275538885378e+01
  -3.44447864563710197672e+01
  -3.62905390489940771204e+01
  -3.81112494611315355542e+01
  -3.99078692887902732878e+01
  -4.16813386014845121963e+01
  -4.34325849290434717886e+01
  -4.51625224755797702869e+01
  -4.68720515361092751050e+01
  -4.85620580932661098927e+01
  -5.02334135734705142795e+01
  -5.18869747437544077684e+01
  -5.35235837322177232522e+01
  -5.51440681567785517814e+01
  -5.67492413484314752736e+01
  -5.83399026567102083618e+01
  -5.99168378263888428137e+01
  -6.14808194357170165745e+01
  -6.30326073876071504287e+01
  -6.45729494462377857644e+01
  -6.61025818124866759717e+01
  -6.76222297324436283361e+01
  -6.91326081340262419417e+01
  -7.06344222874215432739e+01
  -7.21283684856753382064e+01
  -7.36151347423110848922e+01
  -7.50954015033548643032e+01
  -7.65698423715610516638e+01
  -7.80391248410352176279e+01
  -7.95039110407590925433e+01
  -8.09648584858588975521e+01
  -8.24226208356601262039e+01
  -8.38778486578431170528e+01
  -8.53311901981372074033e+01
  -8.67832921552240748042e+01
  -8.82348004605586311300e+01
  -8.96863610629931855556e+01
  -9.11386207180817251583e+01
  +8.74077722178442968470e+01
  +8.59521669894174209503e+01
  +8.44939096383499617104e+01
  +8.30323421962203696012e+01
  +8.15668018720271419397e+01
  +8.00966202358101782011e+01
  +7.86211223984014964117e+01
  +7.71396261878146276558e+01
  +7.56514413230031976809e+01
  +7.41558685859103690063e+01
  +7.26521989930301970162e+01
  +7.11397129680626960635e+01
  +6.96176795175705080965e+01
</dep>
<dep S11_phase frequency>
  -1.55719189328690561069e+02
  -1.58257757576283296430e+02
  -1.60738396731570020393e+02
  -1.63164624146229215285e+02
  -1.65539923526302942491e+02
  -1.67867716461482444856e+02
  -1.70151341331342308649e+02
  -1.72394038319689030914e+02
  -1.74598939411274471922e+02
  -1.76769062393363185492e+02
  -1.78907308028132661093e+02
  +1.78983540305161938022e+02
  +1.76900815080091803111e+02
  +1.74841961682401915823e+02
  +1.72804534446334315589e+02
  +1.70786191979479951897e+02
  +1.68784692024086098172e+02
  +1.66797886050248365564e+02
  +1.64823713733349336508e+02
  +1.62860197433211965290e+02
  +1.60905436764329152766e+02
  +1.58957603324136073297e+02
  +1.57014935628561460135e+02
  +1.55075734290214171551e+02
  +1.53138357463809541059e+02
  +1.51201216575199680392e+02
  +1.49262772344155763449e+02
  +1.47321531106467830341e+02
  +1.45376041437591908334e+02
  +1.43424891077764044667e+02
  +1.41466704156953767324e+02
  +1.39500138717083018491e+02
  +1.37523884528421319828e+02
  +1.35536661196887763481e+02
  +1.33537216559016741257e+02
  +1.31524325361514883070e+02
  +1.29496788222580818228e+02
  +1.27453430872405519381e+02
  +1.25393103670491584012e+02
  +1.23314681397581153988e+02
  +1.21217063320017544470e+02
  +1.19099173524283500569e+02
  +1.16959961519217017667e+02
  +1.14798403103016468663e+02
  +1.12613501491570715984e+02
  +1.10404288703919206682e+02
  +1.08169827199746904967e+02
  +1.05909211762781410471e+02
  +1.03621571622783704925e+02
  +1.01306072807577834283e+02
  +9.89619207152465492072e+01
  +9.65883628953172177489e+01
  +9.41846920264950142609e+01
  +9.17502490773464671747e+01
  +8.92844266353541797798e+01
  +8.67866723889879523313e+01
  +8.42564927469455540177e+01
  +8.16934565785092416945e+01
  +7.90971990590763880391e+01
  +7.64674256053188088345e+01
  +7.38039158850652228239e+01
  +7.11065278877715343242e+01
  +6.83752020422192146043e+01
  +6.56099653686507480188e+01
  +6.28109356526852877778e+01
  +5.99783256277561562797e+01
  +5.71124471511725673167e+01
  +5.42137153558766229366e+01
  +5.12826527552374358265e+01
  +4.83198932714942159805e+01
  +4.53261861495092048813e+01
  +4.23023997062426531102e+01
  +3.92495248528285500811e+01
  +3.61686783105875520050e+01
  +3.30611054252171143730e+01
  +2.99281824654822017351e+01
  +2.67714182749718894172e+01
  +2.35924551291439996703e+01
  +2.03930686363793469695e+01
  +1.71751665127418853274e+01
  +1.39407860572322483961e+01
  +1.06920901591278969534e+01
  +7.43136168290332310704e+00
  +4.16099610021909871449e+00
  +8.83492273012826956347e-01
  -2.39855866337249379328e+00
  -5.68248631386159885892e+00
  -8.96555586919955160852e+00
  -1.22449846518380756066e+01
  -1.55179601624019571915e+01
  -1.87816593610284137128e+01
  -2.20332688581571112252e+01
  -2.52700056398144532466e+01
  -2.84891379164860261142e+01
  -3.16880056650209134261e+01
  -3.48640404312697000933e+01
  -3.80147839777569416242e+01
  -4.11379053948088255765e+01
  -4.42312163432011544728e+01
  -4.72926841585413697544e+01
  -5.03204426185633835189e+01
  -5.33128002501922182432e+01
  -5.62682461294751874448e+01
  -5.91854532004637334808e+01
  -6.20632792055095379169e+01
  -6.49007653766917940175e+01
  -6.76971330844397698456e+01
  -7.04517786739919245065e+01
  -7.31642667430251094629e+01
  -7.58343221251816004269e+01
  -7.84618208454005525709e+01
  -8.10467803054150692788e+01
  -8.35893489431409051349e+01
  -8.60897955897317075369e+01
  -8.85484987244483505719e+01
  -9.09659358017425461185e+01
  -9.33426727984210913291e+01
  -9.56793541025315192883e+01
  -9.79766928405561259297e+01
  -1.00235461716263486665e+02
  -1.02456484413542170842e+02
  -1.04640627596988764481e+02
  -1.06788793528019510859e+02
  -1.08901913300791207462e+02
  -1.10980940691139011278e+02
  -1.13026846602886863025e+02
  -1.15040614089035457823e+02
  -1.17023233920266292785e+02
  -1.18975700669651232033e+02
  -1.20899009280219488005e+02
  -1.22794152080865472954e+02
  -1.24662116215793204788e+02
  -1.26503881453094521703e+02
  -1.28320418339008966768e+02
  -1.30112686665751425608e+02
  -1.31881634222428260728e+02
  -1.33628195800382314928e+02
  -1.35353292426244394164e+02
  -1.37057830797950373380e+02
  -1.38742702900968708946e+02
  -1.40408785783931875812e+02
  -1.42056941474748413157e+02
  -1.43688017020067775320e+02
  -1.45302844632672361058e+02
  -1.46902241932960208715e+02
  -1.48487012272163866555e+02
  -1.50057945126318543316e+02
  -1.51615816551251157307e+02
  -1.53161389690011333187e+02
  -1.54695415325211541813e+02
  -1.56218632469697240595e+02
  -1.57731768989820096749e+02
  -1.59235542256365704361e+02
  -1.60730659818878763190e+02
  -1.62217820099747115137e+02
  -1.63697713104965487219e+02
  -1.65171021148985289528e+02
  -1.66638419591499143735e+02
  -1.68100577584389100139e+02
  -1.69558158827408078650e+02
  -1.71011822331459740099e+02
  -1.72462223188595203283e+02
  -1.73910013348069128369e+02
  -1.75355842397980694614e+02
  -1.76800358352184787236e+02
  -1.78244208442280239524e+02
  -1.79688039914586823897e+02
  +1.78867499167910750657e+02
  +1.77421759118622077267e+02
  +1.75974087815367482790e+02
  +1.74523829883308593480e+02
  +1.73070325872782717624e+02
  +1.71612911432092147379e+02
  +1.70150916475386310367e+02
  +1.68683664345897483372e+02
  +1.67210470974946019851e+02
  +1.65730644037319848394e+02
  +1.64243482103871713207e+02
  +1.62748273792448856057e+02
  +1.61244296918604248958e+02
  +1.59730817647921242042e+02
</dep>
<dep S21_dB frequency>
  -2.34037581410498818357e+00
  -2.49687868793778733334e+00
  -2.65081150923104358341e+00
  -2.80174476224068857988e+00
  -2.94931060734992644967e+00
  -3.09319666261660630724e+00
  -3.23314010848344368654e+00
  -3.36892219369797896178e+00
  -3.50036318455720296683e+00
  -3.62731777306952674067e+00
  -3.74967094072599094190e+00
  -3.86733426169036142994e+00
  -3.98024262094365655074e+00
  -4.08835131809809215753e+00
  -4.19163352530387811612e+00
  -4.29007806714673378679e+00
  -4.38368749114749967077e+00
  -4.47247639895976689672e+00
  -4.55647001033818721538e+00
  -4.63570293416507617223e+00
  -4.71021812313287924212e+00
  -4.78006599096357920331e+00
  -4.84530367323852129147e+00
  -4.90599441496753030378e+00
  -4.96220706991300186672e+00
  -5.01401569840235428188e+00
  -5.06149925190228611172e+00
  -5.10474133399228513497e+00
  -5.14383002858294346993e+00
  -5.17885778727300571944e+00
  -5.20992136865036847837e+00
  -5.23712182312265461803e+00
  -5.26056451752767628705e+00
  -5.28035919433122113986e+00
  -5.29662006068394575209e+00
  -5.30946590298803311470e+00
  -5.31902022292744991461e+00
  -5.32541139115545458793e+00
  -5.32877281501294230992e+00
  -5.32924311678464324160e+00
  -5.32696631909117002124e+00
  -5.32209203407448949719e+00
  -5.31477565306809474066e+00
  -5.30517853345936885034e+00
  -5.29346817945994096988e+00
  -5.27981841350412572922e+00
  -5.26440953500904385010e+00
  -5.24742846325193834645e+00
  -5.22906886116781155494e+00
  -5.20953123693983322084e+00
  -5.18902302035647089440e+00
  -5.16775861104752642916e+00
  -5.14595939588025519384e+00
  -5.12385373300795610163e+00
  -5.10167690029693865483e+00
  -5.07967100612340693999e+00
  -5.05808486080433183929e+00
  -5.03717380720055007970e+00
  -5.01719950928397029344e+00
  -4.99842969767335976172e+00
  -4.98113787129031848622e+00
  -4.96560295434530196701e+00
  -4.95210890780703216763e+00
  -4.94094429431569803768e+00
  -4.93240179515646826047e+00
  -4.92677767740531979967e+00
  -4.92437120869980127225e+00
  -4.92548401629218268738e+00
  -4.93041938614814245767e+00
  -4.93948149691947335782e+00
  -4.95297458272450352723e+00
  -4.97120201791213744968e+00
  -4.99446531649047109624e+00
  -5.02306303879531146350e+00
  -5.05728959840737868348e+00
  -5.09743396342771415419e+00
  -5.14377824812237260943e+00
  -5.19659619373287817723e+00
  -5.25615154097391990007e+00
  -5.32269630138816651765e+00
  -5.39646894021489842430e+00
  -5.47769248958675092354e+00
  -5.56657261744276432580e+00
  -5.66329568419699747039e+00
  -5.76802682552879275590e+00
  -5.88090810520350260049e+00
  -6.00205678613287929579e+00
  -6.13156377048797462948e+00
  -6.26949226021132144382e+00
  -6.41587668746517625351e+00
  -6.57072196027057664480e+00
  -6.73400306187197017493e+00
  -6.90566503343606541421e+00
  -7.08562335893701877865e+00
  -7.27376475905082564566e+00
  -7.46994838822054063598e+00
  -7.67400741646636408433e+00
  -7.88575096571029376946e+00
  -8.10496635999640346881e+00
  -8.33142164055233180875e+00
  -8.56486829052628628745e+00
  -8.80504411066254455420e+00
  -9.05167618616415659005e+00
  -9.30448388641812051958e+00
  -9.56318184283372829668e+00
  -9.82748285541250510278e+00
  -1.00971006853813989323e+01
  -1.03717526988232737750e+01
  -1.06511623342837467021e+01
  -1.09350613754193624061e+01
  -1.12231920175296231434e+01
  -1.15153087240273848124e+01
  -1.18111798753449193100e+01
  -1.21105892183484780134e+01
  -1.24133371289812437510e+01
  -1.27192417045946406517e+01
  -1.30281397053162439903e+01
  -1.33398873659275984949e+01
  -1.36543611012035448482e+01
  -1.39714581286229453383e+01
  -1.42910970329283788516e+01
  -1.46132182973245878799e+01
  -1.49377848262897714449e+01
  -1.52647824851514695155e+01
  -1.55942206818707767013e+01
  -1.59261330170004615780e+01
  -1.62605780286399763668e+01
  -1.65976400605364702301e+01
  -1.69374302833822589776e+01
  -1.72800879019943991466e+01
  -1.76257815845871377292e+01
  -1.79747111549642326622e+01
  -1.83271095944153508128e+01
  -1.86832454077138194748e+01
  -1.90434254172775823122e+01
  -1.94079980618028216099e+01
  -1.97773572911850763489e+01
  -2.01519471692133578244e+01
  -2.05322673205592352019e+01
  -2.09188793905937195916e+01
  -2.13124147277391138289e+01
  -2.17135835513790382834e+01
  -2.21231859379210717975e+01
  -2.25421250491762350521e+01
  -2.29714231488735123321e+01
  -2.34122411164234378589e+01
  -2.38659023886881556109e+01
  -2.43339225650420765135e+01
  -2.48180463349480149304e+01
  -2.53202939860402835848e+01
  -2.58430206097944292765e+01
  -2.63889923759458575603e+01
  -2.69614861127288065745e+01
  -2.75644212654647517979e+01
  -2.82025377174177194206e+01
  -2.88816400035812819169e+01
  -2.96089400452927300478e+01
  -3.03935502796870977704e+01
  -3.12472140201824331029e+01
  -3.21854246729903294977e+01
  -3.32292121301680580814e+01
  -3.44081389474629233405e+01
  -3.57656456883078561759e+01
  -3.73693739873051242739e+01
  -3.93333314950066750271e+01
  -4.18732013150738566765e+01
  -4.54808437096931044152e+01
  -5.17829596450003890595e+01
  -7.49413524034184916900e+01
  -5.06134346513233026599e+01
  -4.48350519727135861103e+01
  -4.13742740595052183039e+01
  -3.88872562958667344901e+01
  -3.69385642779989353812e+01
  -3.53313105886580629544e+01
  -3.39595405441472308894e+01
  -3.27596385859602960977e+01
  -3.16904010543719216741e+01
  -3.07236080403572060504e+01
  -2.98390847964296455075e+01
  -2.90219089495955984148e+01
</dep>
<dep S11_dB frequency>
  -3.84538113694945904442e+00
  -3.63402914377712260574e+00
  -3.44256492138930614288e+00
  -3.26880504832473572918e+00
  -3.11085141117100549835e+00
  -2.96704833056069183783e+00
  -2.83594718875530382718e+00
  -2.71627700870590027549e+00
  -2.60691981330797561967e+00
  -2.50688986524267809486e+00
  -2.41531608614683435121e+00
  -2.33142710116789775299e+00
  -2.25453846615921182917e+00
  -2.18404171998865370696e+00
  -2.11939497063505655206e+00
  -2.06011477584452018519e+00
  -2.00576912054459821633e+00
  -1.95597132651061067499e+00
  -1.91037475674111689727e+00
  -1.86866819902085312677e+00
  -1.83057183123235023281e+00
  -1.79583368592314274181e+00
  -1.76422654403809198165e+00
  -1.73554519807021079281e+00
  -1.70960403353524825754e+00
  -1.68623488494193463083e+00
  -1.66528512854553767397e+00
  -1.64661597933972547736e+00
  -1.63010096411371252501e+00
  -1.61562454611523054204e+00
  -1.60308088002098569902e+00
  -1.59237267861769904442e+00
  -1.58341017491283242435e+00
  -1.57611016539281201254e+00
  -1.57039512187992191805e+00
  -1.56619236095779457152e+00
  -1.56343326127951964821e+00
  -1.56205252027909580192e+00
  -1.56198744291129121287e+00
  -1.56317725607284407907e+00
  -1.56556244334126293261e+00
  -1.56908409562803052850e+00
  -1.57368327430552867874e+00
  -1.57930038435316300038e+00
  -1.58587455609670713308e+00
  -1.59334303520327735804e+00
  -1.60164058175760737335e+00
  -1.61069888049451237499e+00
  -1.62044596560357545556e+00
  -1.63080566495838219510e+00
  -1.64169707014753063490e+00
  -1.65303404028560607664e+00
  -1.66472474923746638353e+00
  -1.67667128756165784154e+00
  -1.68876933212670321538e+00
  -1.70090789791145091669e+00
  -1.71296918789669327943e+00
  -1.72482855809684365589e+00
  -1.73635461556463810417e+00
  -1.74740946751040771012e+00
  -1.75784913938599496319e+00
  -1.76752417876070211378e+00
  -1.77628045993650651724e+00
  -1.78396020139764344137e+00
  -1.79040320427135335457e+00
  -1.79544831493672107925e+00
  -1.79893510874674955602e+00
  -1.80070578457578123199e+00
  -1.80060725170019009234e+00
  -1.79849338156966331859e+00
  -1.79422738763330480438e+00
  -1.78768428693529912721e+00
  -1.77875338815975037043e+00
  -1.76734074272250540893e+00
  -1.75337148895067795884e+00
  -1.73679201494912627268e+00
  -1.71757186396501082548e+00
  -1.69570530739984159929e+00
  -1.67121251540848203554e+00
  -1.64414026342665886560e+00
  -1.61456212492072159748e+00
  -1.58257811585811403177e+00
  -1.54831377431217553919e+00
  -1.51191867846460792357e+00
  -1.47356442708760604354e+00
  -1.43344212727083397674e+00
  -1.39175945354297292411e+00
  -1.34873735948644490890e+00
  -1.30460653643730251083e+00
  -1.25960372308146495435e+00
  -1.21396797415621993110e+00
  -1.16793699581671872600e+00
  -1.12174364964033923542e+00
  -1.07561271715913542302e+00
  -1.02975800295882713442e+00
  -9.84379837707750393605e-01
  -9.39663024071959562811e-01
  -8.95775249459005551422e-01
  -8.52865971003275880058e-01
  -8.11065761119555750369e-01
  -7.70486087082800974457e-01
  -7.31219485989912376667e-01
  -6.93340087431483786951e-01
  -6.56904430321634369427e-01
  -6.21952517473574162388e-01
  -5.88509051370896596467e-01
  -5.56584796755713928640e-01
  -5.26178019656568074502e-01
  -4.97275957804498180970e-01
  -4.69856283550590392295e-01
  -4.43888526960705465108e-01
  -4.19335433346242236752e-01
  -3.96154235796714104811e-01
  -3.74297829085488087397e-01
  -3.53715836480724188373e-01
  -3.34355565425017653425e-01
  -3.16162851723931326298e-01
  -2.99082794822920661204e-01
  -2.83060389000049150710e-01
  -2.68041056929410326237e-01
  -2.53971093155515303952e-01
  -2.40798025648910646312e-01
  -2.28470903869175817613e-01
  -2.16940521724407586746e-01
  -2.06159583554778896852e-01
  -1.96082820844520361314e-01
  -1.86667066834847211743e-01
  -1.77871295611689739236e-01
  -1.69656631611794950221e-01
  -1.61986334856052432984e-01
  -1.54825766598253283801e-01
  -1.48142339486861507325e-01
  -1.41905455785263673318e-01
  -1.36086436687964301706e-01
  -1.30658445310450066490e-01
  -1.25596405517789361239e-01
  -1.20876918392060897500e-01
  -1.16478177817895822699e-01
  -1.12379886387125649261e-01
  -1.08563172583145184369e-01
  -1.05010510000344475801e-01
  -1.01705639180398960120e-01
  -9.86334925005781376628e-02
  -9.57801224280993290794e-02
  -9.31326333537316752853e-02
  -9.06791171363893894197e-02
  -8.84085924243210308227e-02
  -8.63109477659291385310e-02
  -8.43768884828983850577e-02
  -8.25978872467092589682e-02
  -8.09661382769978482665e-02
  -7.94745150640967790157e-02
  -7.81165315076750021994e-02
  -7.68863063576289001988e-02
  -7.57785308416180358737e-02
  -7.47884393649518031122e-02
  -7.39117831722030937946e-02
  -7.31448068661842004667e-02
  -7.24842276872245949715e-02
  -7.19272174650502221782e-02
  -7.14713871651607574043e-02
  -7.11147739632342207328e-02
  -7.08558307921462182666e-02
  -7.06934183193137916090e-02
  -7.06267993240984187642e-02
  -7.06556354592239033163e-02
  -7.07799863933920442305e-02
  -7.10003113467779917167e-02
  -7.13174730455686800568e-02
  -7.17327441369248752778e-02
  -7.22478161209383629160e-02
  -7.28648108721987319836e-02
  -7.35862948397260213662e-02
  -7.44152960306955352232e-02
  -7.53553239004961239456e-02
  -7.64103922889235731564e-02
  -7.75850455600268357204e-02
  -7.88843881210858632880e-02
  -8.03141175140130447740e-02
  -8.18805612901694207517e-02
  -8.35907178973329667571e-02
</dep>
<dep Zin_ohm frequency>
  +7.64497360922862640109e+02
  +7.03886968280142014009e+02
  +6.47044275301674701950e+02
  +5.93947698498138265677e+02
  +5.44658960506449716377e+02
  +4.99338847304636885838e+02
  +4.58263441614068710805e+02
  +4.21836662282252632394e+02
  +3.90590132419896747251e+02
  +3.65155403600993906821e+02
  +3.46190818436288964222e+02
  +3.34255535968240621969e+02
  +3.29654583880099210091e+02
  +3.32317821777846233999e+02
  +3.41780614313851572206e+02
  +3.57280537679943165585e+02
  +3.77915802902291432019e+02
  +4.02791488007607767940e+02
  +4.31112196311637319468e+02
  +4.62219991511278863072e+02
  +4.95595797026395075591e+02
  +5.30843033315063848931e+02
  +5.67665858412493435026e+02
  +6.05848248137468999630e+02
  +6.45236288833753405925e+02
  +6.85724110696658726738e+02
  +7.27243090978219697718e+02
  +7.69753726349954604302e+02
  +8.13239585326266706033e+02
  +8.57702845374878961593e+02
  +9.03161026272953449734e+02
  +9.49644626013852985125e+02
  +9.97195441687702214040e+02
  +1.04586541614450743509e+03
  +1.09571589505149131583e+03
  +1.14681721154601655144e+03
  +1.19924853996212095808e+03
  +1.25309797836223287959e+03
  +1.30846283357213428644e+03
  +1.36545009339345256194e+03
  +1.42417707962221766138e+03
  +1.48477228316656623974e+03
  +1.54737638950405016658e+03
  +1.61214350941612997303e+03
  +1.67924263679360524293e+03
  +1.74885936270648721802e+03
  +1.82119788327071569256e+03
  +1.89648334855691086887e+03
  +1.97496461138268705326e+03
  +2.05691744893020040763e+03
  +2.14264834751776288613e+03
  +2.23249896253267706925e+03
  +2.32685139281619285612e+03
  +2.42613444341658259873e+03
  +2.53083109491296818305e+03
  +2.64148745459165911598e+03
  +2.75872353888795669263e+03
  +2.88324633354375464478e+03
  +3.01586570598742127913e+03
  +3.15751391487264982061e+03
  +3.30926969056240159262e+03
  +3.47238817052097328997e+03
  +3.64833839813083341141e+03
  +3.83885068059264176554e+03
  +4.04597692242291986986e+03
  +4.27216821180297938554e+03
  +4.52037559801255611092e+03
  +4.79418240449090990296e+03
  +5.09797995257750426390e+03
  +5.43720381745645590854e+03
  +5.81865563205084617948e+03
  +6.25094746931099689391e+03
  +6.74512428529682347289e+03
  +7.31554835912846465362e+03
  +7.98117326951912673394e+03
  +8.76739986000281714951e+03
  +9.70879521140471297258e+03
  +1.08530449239911486075e+04
  +1.22664675916090891405e+04
  +1.40407008248836755229e+04
  +1.62967104617623499507e+04
  +1.91689510015587766247e+04
  +2.27094605159461134463e+04
  +2.65653043801975618408e+04
  +2.94211733036880723375e+04
  +2.94295723483796173241e+04
  +2.65684009653303219238e+04
  +2.26806866222716234915e+04
  +1.91047495527054634294e+04
  +1.62044553811206787941e+04
  +1.39286408792215552239e+04
  +1.21410406158951664111e+04
  +1.07188579004719958903e+04
  +9.56910399486062124197e+03
  +8.62453670624881488038e+03
  +7.83684682667110610055e+03
  +7.17104136612349793722e+03
  +6.60142233352766561438e+03
  +6.10882351801398999669e+03
  +5.67872638701693722396e+03
  +5.29996810572550839424e+03
  +4.96384542938677805068e+03
  +4.66348458153068077081e+03
  +4.39339173458412187756e+03
  +4.14912771085107760882e+03
  +3.92706930732239743520e+03
  +3.72423186732364047202e+03
  +3.53813574365655313159e+03
  +3.36670462477996306916e+03
  +3.20818727758848899612e+03
  +3.06109670011297976089e+03
  +2.92416236046655785685e+03
  +2.79629237376296032380e+03
  +2.67654329945095514631e+03
  +2.56409583533422210166e+03
  +2.45823511365465810741e+03
  +2.35833461790471437780e+03
  +2.26384297000671449496e+03
  +2.17427300936574965817e+03
  +2.08919271431893321278e+03
  +2.00821761416263848332e+03
  +1.93100441444786906686e+03
  +1.85724561550867156257e+03
  +1.78666494853065455573e+03
  +1.71901348803014639088e+03
  +1.65406632673031026570e+03
  +1.59161972022517488767e+03
  +1.53148862581792741366e+03
  +1.47350457349077282743e+03
  +1.41751381785782041334e+03
  +1.36337572874314992077e+03
  +1.31096138515431721316e+03
  +1.26015234322885385154e+03
  +1.21083955348366748694e+03
  +1.16292240660366087468e+03
  +1.11630789022981093694e+03
  +1.07090984187875983480e+03
  +1.02664828534848857089e+03
  +9.83448839820739635798e+02
  +9.41242192426525434712e+02
  +8.99963626349725359432e+02
  +8.59552597649022231963e+02
  +8.19952354915561500093e+02
  +7.81109596681808511676e+02
  +7.42974162180817188528e+02
  +7.05498751644911294534e+02
  +6.68638672847110683506e+02
  +6.32351611044255832894e+02
  +5.96597419894939093865e+02
  +5.61337931317124684938e+02
  +5.26536782644447725943e+02
  +4.92159259872748066300e+02
  +4.58172156316812447585e+02
  +4.24543646722674168359e+02
  +3.91243177989433661423e+02
  +3.58241379511233560606e+02
  +3.25509999508356429487e+02
  +2.93021880222307174790e+02
  +2.60750998344833760711e+02
  +2.28672627206114810861e+02
  +1.96763750766237933476e+02
  +1.65004058996238200052e+02
  +1.33378476218350897398e+02
  +1.01884514946201633734e+02
  +7.05593860522587021933e+01
  +3.96349090604056328857e+01
  +1.22505237027370412761e+01
  +2.67374971642149255047e+01
  +5.71865114494033974779e+01
  +8.84722571287205710178e+01
  +1.20013750973372765429e+02
  +1.51729369798432657035e+02
  +1.83610956708522252256e+02
  +2.15670382866358607998e+02
  +2.47927110851460724916e+02
  +2.80404279561658938746e+02
  +3.13127241760955143945e+02
  +3.46122970573042039177e+02
  +3.79419823750330465373e+02
  +4.13047474237338008152e+02
  +4.47036927040334944650e+02
</dep>
<dep Zin_norm frequency>
  +1.52899472184572537969e+01
  +1.40777393656028397828e+01
  +1.29408855060334939679e+01
  +1.18789539699627653135e+01
  +1.08931792101289932617e+01
  +9.98677694609273736148e+00
  +9.16526883228137378978e+00
  +8.43673324564505300316e+00
  +7.81180264839793547793e+00
  +7.30310807201987799431e+00
  +6.92381636872577921338e+00
  +6.68511071936481293676e+00
  +6.59309167760198366892e+00
  +6.64635643555692467999e+00
  +6.83561228627703165728e+00
  +7.14561075359886377356e+00
  +7.55831605804582817854e+00
  +8.05582976015215557197e+00
  +8.62224392623274660252e+00
  +9.24439983022557676406e+00
  +9.91191594052790136971e+00
  +1.06168606663012763391e+01
  +1.13533171682498696953e+01
  +1.21169649627493800637e+01
  +1.29047257766750682606e+01
  +1.37144822139331754585e+01
  +1.45448618195643941675e+01
  +1.53950745269990925124e+01
  +1.62647917065253331259e+01
  +1.71540569074975799424e+01
  +1.80632205254590694210e+01
  +1.89928925202770599867e+01
  +1.99439088337540439966e+01
  +2.09173083228901468544e+01
  +2.19143179010298254639e+01
  +2.29363442309203300340e+01
  +2.39849707992424185932e+01
  +2.50619595672446564549e+01
  +2.61692566714426853025e+01
  +2.73090018678690533704e+01
  +2.84835415924443537961e+01
  +2.96954456633313235159e+01
  +3.09475277900810041842e+01
  +3.22428701883225983238e+01
  +3.35848527358721042901e+01
  +3.49771872541297454973e+01
  +3.64239576654143135670e+01
  +3.79296669711382179457e+01
  +3.94992922276537399284e+01
  +4.11383489786040073000e+01
  +4.28529669503552597121e+01
  +4.46499792506535371217e+01
  +4.65370278563238599645e+01
  +4.85226888683316559536e+01
  +5.06166218982593676401e+01
  +5.28297490918331860144e+01
  +5.51744707777591330000e+01
  +5.76649266708750900534e+01
  +6.03173141197484241616e+01
  +6.31502782974529921489e+01
  +6.61853938112480335576e+01
  +6.94477634104194692100e+01
  +7.29667679626166716389e+01
  +7.67770136118528370162e+01
  +8.09195384484583968288e+01
  +8.54433642360595939635e+01
  +9.04075119602511136918e+01
  +9.58836480898181946486e+01
  +1.01959599051550085846e+02
  +1.08744076349129116466e+02
  +1.16373112641016916768e+02
  +1.25018949386219944131e+02
  +1.34902485705936470595e+02
  +1.46310967182569299894e+02
  +1.59623465390382534679e+02
  +1.75347997200056340716e+02
  +1.94175904228094253767e+02
  +2.17060898479822981244e+02
  +2.45329351832181771442e+02
  +2.80814016497673492267e+02
  +3.25934209235247010383e+02
  +3.83379020031175514305e+02
  +4.54189210318922278020e+02
  +5.31306087603951255005e+02
  +5.88423466073761460393e+02
  +5.88591446967592332840e+02
  +5.31368019306606470309e+02
  +4.53613732445432447093e+02
  +3.82094991054109300421e+02
  +3.24089107622413564513e+02
  +2.78572817584431106752e+02
  +2.42820812317903317989e+02
  +2.14377158009439909847e+02
  +1.91382079897212435071e+02
  +1.72490734124976313524e+02
  +1.56736936533422124285e+02
  +1.43420827322469961018e+02
  +1.32028446670553307740e+02
  +1.22176470360279807892e+02
  +1.13574527740338737658e+02
  +1.05999362114510162769e+02
  +9.92769085877355621506e+01
  +9.32696916306136216690e+01
  +8.78678346916824324353e+01
  +8.29825542170215584292e+01
  +7.85413861464479481356e+01
  +7.44846373464728088720e+01
  +7.07627148731310597896e+01
  +6.73340924955992647938e+01
  +6.41637455517697787855e+01
  +6.12219340022595943651e+01
  +5.84832472093311537265e+01
  +5.59258474752592036339e+01
  +5.35308659890191052000e+01
  +5.12819167066844414649e+01
  +4.91647022730931624324e+01
  +4.71666923580942878402e+01
  +4.52768594001342918887e+01
  +4.34854601873149917424e+01
  +4.17838542863786628345e+01
  +4.01643522832527679611e+01
  +3.86200882889573833268e+01
  +3.71449123101734315355e+01
  +3.57332989706130916829e+01
  +3.43802697606029283861e+01
  +3.30813265346062053140e+01
  +3.18323944045034998851e+01
  +3.06297725163585496944e+01
  +2.94700914698154576854e+01
  +2.83502763571564067036e+01
  +2.72675145748630001208e+01
  +2.62192277030863465370e+01
  +2.52030468645770788783e+01
  +2.42167910696733486020e+01
  +2.32584481320732194831e+01
  +2.23261578045962174599e+01
  +2.14181968375751985434e+01
  +2.05329657069697724125e+01
  +1.96689767964147925738e+01
  +1.88248438485305094048e+01
  +1.79992725269945061939e+01
  +1.71910519529804446393e+01
  +1.63990470983112288650e+01
  +1.56221919336361700914e+01
  +1.48594832436163439837e+01
  +1.41099750328982249670e+01
  +1.33727734569422125332e+01
  +1.26470322208851158052e+01
  +1.19319483978987808115e+01
  +1.12267586263424927751e+01
  +1.05307356528889553005e+01
  +9.84318519745496089968e+00
  +9.16344312633624902276e+00
  +8.49087293445348301191e+00
  +7.82486355978867287320e+00
  +7.16482759022467163845e+00
  +6.51019999016712880291e+00
  +5.86043760444614392213e+00
  +5.21501996689667546292e+00
  +4.57345254412229618168e+00
  +3.93527501532475865176e+00
  +3.30008117992476401881e+00
  +2.66756952436701810782e+00
  +2.03769029892403263915e+00
  +1.41118772104517398169e+00
  +7.92698181208112639951e-01
  +2.45010474054740828853e-01
  +5.34749943284298479007e-01
  +1.14373022898806797620e+00
  +1.76944514257441132266e+00
  +2.40027501946745536188e+00
  +3.03458739596865312294e+00
  +3.67221913417044509842e+00
  +4.31340765732717201786e+00
  +4.95854221702921460491e+00
  +5.60808559123317884598e+00
  +6.26254483521910287891e+00
  +6.92245941146084042828e+00
  +7.58839647500660952062e+00
  +8.26094948474676016303e+00
  +8.94073854080669860878e+00
</dep>
<dep S[2,2] frequency>
  -5.85473407257772193724e-01-j2.64115355004673924011e-01
  -6.11291942126651166589e-01-j2.43784821083528557839e-01
  -6.35117350010601544597e-01-j2.21937224354851525554e-01
  -6.56954972090714628408e-01-j1.98789077272920056139e-01
  -6.76826212359726286927e-01-j1.74536097430403991382e-01
  -6.94764530573263483504e-01-j1.49354118601681296052e-01
  -7.10812098057344354807e-01-j1.23400330495003984765e-01
  -7.25017050208297542113e-01-j9.68147112003314852524e-02
  -7.37431263088399679972e-01-j6.97215503581088136276e-02
  -7.48108581411205952882e-01-j4.22309891031444895049e-02
  -7.57103429066123712055e-01-j1.44405252193886834977e-02
  -7.64469739431269834640e-01+j1.35635506653644932751e-02
  -7.70260149861450638120e-01+j4.17048088377566517071e-02
  -7.74525412113820088678e-01+j6.99154354715259412911e-02
  -7.77313977585625037747e-01+j9.81350930874842763973e-02
  -7.78671722796516641019e-01+j1.26309885916231406933e-01
  -7.78641786412014980101e-01+j1.54391426346425914007e-01
  -7.77264494228349422933e-01+j1.82335996618510631784e-01
  -7.74577352938032093199e-01+j2.10103798787248580160e-01
  -7.70615097219547129370e-01+j2.37658285471779029407e-01
  -7.65409777811410063642e-01+j2.64965563848020502213e-01
  -7.58990880813966706242e-01+j2.91993865570143285026e-01
  -7.51385470585279047206e-01+j3.18713075730432060517e-01
  -7.42618350328608456401e-01+j3.45094314503033350316e-01
  -7.32712235870116579406e-01+j3.71109565712423317141e-01
  -7.21687939250676646630e-01+j3.96731347184820559715e-01
  -7.09564559651600923473e-01+j4.21932418354508564917e-01
  -6.96359679880145132636e-01+j4.46685521190649248435e-01
  -6.82089567189366197120e-01+j4.70963151074284214204e-01
  -6.66769377625813897126e-01+j4.94737354783371552358e-01
  -6.50413363409204747789e-01+j5.17979553233934963963e-01
  -6.33035083069073745143e-01+j5.40660387076328241562e-01
  -6.14647614208342907283e-01+j5.62749583658099128414e-01
  -5.95263768844593976759e-01+j5.84215844238943238231e-01
  -5.74896311305529317259e-01+j6.05026750680416114392e-01
  -5.53558178633103414867e-01+j6.25148691133335820957e-01
  -5.31262703387180290626e-01+j6.44546804509660176130e-01
  -5.08023838638975488990e-01+j6.63184943752714306520e-01
  -4.83856384812119566519e-01+j6.81025658108911580157e-01
  -4.58776217868478997097e-01+j6.98030194754078570085e-01
  -4.32800518151756408169e-01+j7.14158520236130356373e-01
  -4.05947998998879788779e-01+j7.29369362260748665960e-01
  -3.78239134012766486936e-01+j7.43620272365077439325e-01
  -3.49696381666557254420e-01+j7.56867709993666482049e-01
  -3.20344405686190825122e-01+j7.69067148408656864333e-01
  -2.90210289443859736913e-01+j7.80173202730615633627e-01
  -2.59323742399354961741e-01+j7.90139780217171239229e-01
  -2.27717296460599488706e-01+j7.98920252644140127529e-01
  -1.95426490010722403445e-01+j8.06467650361998966702e-01
  -1.62490037279830634720e-01+j8.12734877264155275434e-01
  -1.28949980737731784153e-01+j8.17674945532083086164e-01
  -9.48518242618821005863e-02+j8.21241228628122654776e-01
  -6.02446450033351649234e-02+j8.23387730605904755166e-01
  -2.51811821407898622782e-02+j8.24069369421948083598e-01
  +1.02820989166441528750e-02+j8.23242271583593865358e-01
  +4.60849678448815164300e-02+j8.20864075186813035856e-01
  +8.21634166386812775373e-02+j8.16894238212402590271e-01
  +1.18449672519226972822e-01+j8.11294348892503291992e-01
  +1.54872235573644795315e-01+j8.04028435061780122339e-01
  +1.91355939470882585596e-01+j7.95063269696641650164e-01
  +2.27822032914616501298e-01+j7.84368670341899609788e-01
  +2.64188278896899220172e-01+j7.71917790838922091012e-01
  +3.00369068370871572515e-01+j7.57687404699347366588e-01
  +3.36275544738318277194e-01+j7.41658180594138682906e-01
  +3.71815735620375897863e-01+j7.23814951708166454125e-01
  +4.06894688816432981149e-01+j7.04146982081543582055e-01
  +4.41414610215062286347e-01+j6.82648234431845302161e-01
  +4.75275002742029883951e-01+j6.59317645212988301395e-01
  +5.08372807226485923238e-01+j6.34159413682599204520e-01
  +5.40602548315254227695e-01+j6.07183312369590000301e-01
  +5.71856491200621541715e-01+j5.78405026399240185242e-01
  +6.02024817833636483044e-01+j5.47846528490581352600e-01
  +6.30995834304881375587e-01+j5.15536494954596857809e-01
  +6.58656223966939236014e-01+j4.81510765591885936399e-01
  +6.84891363381283202472e-01+j4.45812846968477505261e-01
  +7.09585719994931141130e-01+j4.08494454163907338984e-01
  +7.32623351272264078382e-01+j3.69616080849594685898e-01
  +7.53888524515565761064e-01+j3.29247581680783441005e-01
  +7.73266474535728720596e-01+j2.87468744788753838293e-01
  +7.90644312486960432196e-01+j2.44369826058390415824e-01
  +8.05912093471752077889e-01+j2.00052011369625332149e-01
  +8.18964043012907150221e-01+j1.54627768624340272696e-01
  +8.29699933404464018416e-01+j1.08221048739934586069e-01
  +8.38026590700631124342e-01+j6.09672943940332001667e-02
  +8.43859502265516758790e-01+j1.30132175778304610969e-02
  +8.47124484121913767787e-01-j3.54836877761809943443e-02
  +8.47759357644195077341e-01-j8.43559236344767204852e-02
  +8.45715577313248756397e-01-j1.33427070744400300129e-01
  +8.40959746117253326148e-01-j1.82513177865728210003e-01
  +8.33474953429250264847e-01-j2.31424443837151938563e-01
  +8.23261872283430840014e-01-j2.79967163537568231035e-01
  +8.10339559073515069976e-01-j3.27945893867899851415e-01
  +7.94745908637038867006e-01-j3.75165782569306549554e-01
  +7.76537730952666760409e-01-j4.21434992067236113833e-01
  +7.55790431437285636918e-01-j4.66567143462002786869e-01
  +7.32597294022000022906e-01-j5.10383702869398603319e-01
  +7.07068383611015871537e-01-j5.52716233797070577438e-01
  +6.79329100969208288241e-01-j5.93408445002345796837e-01
  +6.49518437430194217619e-01-j6.32317972838281505688e-01
  +6.17786988163707695421e-01-j6.69317849684892052231e-01
  +5.84294790471705849377e-01-j7.04297624701361257848e-01
  +5.49209057406122247436e-01-j7.37164118740257223727e-01
  +5.12701876955922508650e-01-j7.67841810760529042135e-01
  +4.74947943469297695351e-01-j7.96272867492892721941e-01
  +4.36122381424511873504e-01-j8.22416840659850767459e-01
  +3.96398712860398572122e-01-j8.46250066174768278415e-01
  +3.55947009517032286752e-01-j8.67764807128552750903e-01
  +3.14932259804352354671e-01-j8.86968186945061298765e-01
  +2.73512969826443241850e-01-j9.03880960980858128018e-01
  +2.31840007439475359607e-01-j9.18536174354765977412e-01
  +1.90055689166121144495e-01-j9.30977751320457347362e-01
  +1.48293102030632201194e-01-j9.41259057500115181583e-01
  +1.06675646174552454792e-01-j9.49441471248390511661e-01
  +6.53167794939773643792e-02-j9.55592994757107350168e-01
  +2.43199424355118876129e-02-j9.59786929632578833527e-01
  -1.62213606447825856027e-02-j9.62100635901445788711e-01
  -5.62233477087050320664e-02-j9.62614387974738971998e-01
  -9.56116365873062451497e-02-j9.61410336196947379328e-01
  -1.34320836436432999861e-01-j9.58571578333616391987e-01
  -1.72294073979957829135e-01-j9.54181341756207723748e-01
  -2.09482473375088157352e-01-j9.48322274169558832035e-01
  -2.45844606292585032836e-01-j9.41075838463522829080e-01
  -2.81345926500777276935e-01-j9.32521805601110420625e-01
  -3.15958200978128322944e-01-j9.22737838310657809693e-01
  -3.49658947429226374393e-01-j9.11799157653016112413e-01
  -3.82430886094969058053e-01-j8.99778284208941570022e-01
  -4.14261411960285708123e-01-j8.86744845602919995464e-01
  -4.45142091887519852911e-01-j8.72765442279771486156e-01
  -4.75068189842848154214e-01-j8.57903563819711334482e-01
  -5.04038222230686061565e-01-j8.42219548564677955582e-01
  -5.32053544393886967967e-01-j8.25770579890893530184e-01
  -5.59117968558873079665e-01-j8.08610713065199937510e-01
  -5.85237412885623031755e-01-j7.90790927238467111771e-01
  -6.10419580802978201106e-01-j7.72359197737534142192e-01
  -6.34673669450354971389e-01-j7.53360584402688160388e-01
  -6.58010105789320065561e-01-j7.33837332270009912172e-01
  -6.80440308775368207783e-01-j7.13828981410379093120e-01
  -7.01976475876437855383e-01-j6.93372483205710654630e-01
  -7.22631392176377507219e-01-j6.72502320766707906152e-01
  -7.42418260297164178674e-01-j6.51250631575381877525e-01
  -7.61350549403028709072e-01-j6.29647330771153534990e-01
  -7.79441861604176722267e-01-j6.07720233794104225389e-01
  -7.96705814150648339300e-01-j5.85495177355655260776e-01
  -8.13155935892123205022e-01-j5.62996137928799988970e-01
  -8.28805576572596236495e-01-j5.40245347140464682312e-01
  -8.43667827626064403823e-01-j5.17263403610764727070e-01
  -8.57755453237894704976e-01-j4.94069380921170531185e-01
  -8.71080830534115335695e-01-j4.70680931508848265921e-01
  -8.83655897855884164827e-01-j4.47114386380543626931e-01
  -8.95492110167689148170e-01-j4.23384850618920172138e-01
  -9.06600400734673517178e-01-j3.99506294719453092235e-01
  -9.16991148286185775440e-01-j3.75491641849181712054e-01
  -9.26674148959254373459e-01-j3.51352851161301771299e-01
  -9.35658592386829690568e-01-j3.27100997333789333954e-01
  -9.43953041361533684572e-01-j3.02746346527157761397e-01
  -9.51565414566481804215e-01-j2.78298428977350797986e-01
  -9.58502971920634938563e-01-j2.53766108455967920321e-01
  -9.64772302137524517818e-01-j2.29157648842069072703e-01
  -9.70379312143308636607e-01-j2.04480778058992535007e-01
  -9.75329218043375134606e-01-j1.79742749636145227043e-01
  -9.79626537366491412229e-01-j1.54950402160626943271e-01
  -9.83275082352096485572e-01-j1.30110216887000695873e-01
  -9.86277954080317043051e-01-j1.05228373776127301364e-01
  -9.88637537275758981892e-01-j8.03108062360244068234e-02
  -9.90355495645819261519e-01-j5.53632548394937043512e-02
  -9.91432767642177581457e-01-j3.03913202950876829012e-02
  -9.91869562560963702325e-01-j5.40051594991037327981e-03
  -9.91665356923010943291e-01+j1.96036798949202409337e-02
  -9.90818891101100884811e-01+j4.46157715725406731067e-02
  -9.89328166186462576448e-01+j6.96301932554561908706e-02
  -9.87190441112510863597e-01+j9.46412554867299971040e-02
  -9.84402230080158480163e-01+j1.19643090742042518260e-01
  -9.80959300356554098066e-01+j1.44629597722353148148e-01
  -9.76856670548071903681e-01+j1.69594384071495268840e-01
  -9.72088609479406340341e-01+j1.94530707207091868582e-01
  -9.66648635844011061558e-01+j2.19431412947148657411e-01
  -9.60529518827497819089e-01+j2.44288871608649954537e-01
  -9.53723279945389301737e-01+j2.69094911248657142622e-01
  -9.46221196380407691962e-01+j2.93840747713383698692e-01
  -9.38013806152847573472e-01+j3.18516911156688509177e-01
  -9.29090915511075698952e-01+j3.43113168687079639341e-01
</dep>
<dep S[2,1] frequency>
  +3.14557515267999354691e-01-j6.96023123162674894893e-01
  +2.78315938450587385677e-01-j6.96624625209095293954e-01
  +2.43505487067763759512e-01-j6.95596081549941680500e-01
  +2.10112935096210456942e-01-j6.93144442103065028249e-01
  +1.78108714203909890283e-01-j6.89455204885643269108e-01
  +1.47450937780232410601e-01-j6.84693283889531878472e-01
  +1.18088764691451630906e-01-j6.79004203965234864881e-01
  +8.99651691743237752474e-02-j6.72515486691475872227e-01
  +6.30191897414272561573e-02-j6.65338125260805268724e-01
  +3.71877301090880602041e-02-j6.57568074458836138163e-01
  +1.24069813305617733523e-02-j6.49287704217713756982e-01
  -1.13864717548582163043e-02-j6.40567182643011490129e-01
  -3.42548037565728533127e-02-j6.31465767620581153174e-01
  -5.62583129994714478683e-02-j6.22032995875449357115e-01
  -7.74549552559892218184e-02-j6.12309765382327508831e-01
  -9.79000119085969983113e-02-j6.02329311929468258491e-01
  -1.17645863347055568138e-01-j5.92118083921013504956e-01
  -1.36741843505283178217e-01-j5.81696521583367931463e-01
  -1.55234155821133867903e-01-j5.71079747942365267832e-01
  -1.73165834609313479264e-01-j5.60278179515175334124e-01
  -1.90576738941711870678e-01-j5.49298064805636587771e-01
  -2.07503568705510843539e-01-j5.38141958549346210994e-01
  -2.23979894632591658432e-01-j5.26809139331106401904e-01
  -2.40036195833749493866e-01-j5.15295977769321345008e-01
  -2.55699899791991314135e-01-j5.03596261984499249387e-01
  -2.70995420926865293598e-01-j4.91701486578961677321e-01
  -2.85944194785289040883e-01-j4.79601110877667380361e-01
  -3.00564705685731348161e-01-j4.67282791731625846143e-01
  -3.14872506277447894441e-01-j4.54732595773877534828e-01
  -3.28880228004985120105e-01-j4.41935195648588519113e-01
  -3.42597581915611459902e-01-j4.28874054406283455876e-01
  -3.56031349634962301920e-01-j4.15531601971154074260e-01
  -3.69185364681808458887e-01-j4.01889407335688564338e-01
  -3.82060484611108530650e-01-j3.87928349918863268897e-01
  -3.94654554777795651965e-01-j3.73628793330293862418e-01
  -4.06962364812043009277e-01-j3.58970764607403458601e-01
  -4.18975599198198600526e-01-j3.43934141828161954457e-01
  -4.30682783660366663714e-01-j3.28498852839835542294e-01
  -4.42069229382643924531e-01-j3.12645087675732402666e-01
  -4.53116977433772272210e-01-j2.96353527047710729736e-01
  -4.63804746125949796109e-01-j2.79605589092331352497e-01
  -4.74107884414898317349e-01-j2.62383696302491364882e-01
  -4.83998334840250787892e-01-j2.44671564283915593530e-01
  -4.93444609907203013410e-01-j2.26454513625982817304e-01
  -5.02411786214695177399e-01-j2.07719805758581899102e-01
  -5.10861521032570542467e-01-j1.88457003171080161863e-01
  -5.18752096407443241688e-01-j1.68658353786565962107e-01
  -5.26038496219361828565e-01-j1.48319198607100299903e-01
  -5.32672521900227957659e-01-j1.27438400967208542713e-01
  -5.38602952739625773226e-01-j1.06018794851211267671e-01
  -5.43775756820684796899e-01-j8.40676487447215570192e-02
  -5.48134358621840678261e-01-j6.15971404069111105883e-02
  -5.51619969163151480096e-01-j3.86248367773999873309e-02
  -5.54171984239308357267e-01-j1.51741719848410873406e-02
  -5.55728455738676019315e-01+j8.72508487419465517121e-03
  -5.56226640271210270861e-01+j3.30363818398216393946e-02
  -5.55603628295135099080e-01+j5.77159670409079644804e-02
  -5.53797055623082457032e-01+j8.27125147140711780569e-02
  -5.50745897590133481891e-01+j1.07966807660283242720e-01
  -5.46391344273402967957e-01+j1.33411490501289531352e-01
  -5.40677752969603631072e-01+j1.58970908868914184708e-01
  -5.33553671678147045654e-01+j1.84561050146822946960e-01
  -5.24972924630060067130e-01+j2.10089601519662133589e-01
  -5.14895747987502594434e-01+j2.35456140803203317624e-01
  -5.03289960769153443820e-01+j2.60552474766974628828e-01
  -4.90132152901787909727e-01+j2.85263138359093504359e-01
  -4.75408869141058010310e-01+j3.09466066349410318104e-01
  -4.59117764542336381783e-01+j3.33033446379511433033e-01
  -4.41268704307388404118e-01+j3.55832759216823724113e-01
  -4.21884778310277208657e-01+j3.77728008140739424103e-01
  -4.01003198555006601378e-01+j3.98581134846454132603e-01
  -3.78676046389417653160e-01+j4.18253614065148993095e-01
  -3.54970835655178618140e-01+j4.36608213324238492170e-01
  -3.29970858261023347602e-01+j4.53510897999448603368e-01
  -3.03775280094170485601e-01+j4.68832855173419882355e-01
  -2.76498957896303243498e-01+j4.82452602992784751468e-01
  -2.48271951868996393342e-01+j4.94258145439467111437e-01
  -2.19238714449716320942e-01+j5.04149125991914082157e-01
  -1.89556942970123598613e-01+j5.12038927893180728645e-01
  -1.59396092755526186391e-01+j5.17856664060275750927e-01
  -1.28935557531703909317e-01+j5.21548996492651406598e-01
  -9.83625355373236864853e-02+j5.23081723807589327180e-01
  -6.78696121264463630984e-02+j5.22441076663570203031e-01
  -3.76521023752496158954e-02+j5.19634664680736935161e-01
  -7.90520963723210720597e-03+j5.14692025266343278211e-01
  +2.11789326266962028844e-02+j5.07664734575313025822e-01
  +4.94142588918461966863e-02+j4.98626053545636938047e-01
  +7.66237257741559929514e-02+j4.87670097172608674185e-01
  +1.02642135211564400343e-01+j4.74910532304373855794e-01
  +1.27318739923865720254e-01+j4.60478827405147950191e-01
  +1.50519549220313797466e-01+j4.44522095911705938942e-01
  +1.72129262299573954076e-01+j4.27200591868680923380e-01
  +1.92052769259563660409e-01+j4.08684931326072808933e-01
  +2.10216176460371606538e-01+j3.89153124479431622440e-01
  +2.26567331721929082766e-01+j3.68787510897841841473e-01
  +2.41075844930503963015e-01+j3.47771692885459338118e-01
  +2.53732619700114514494e-01+j3.26287559884787747855e-01
  +2.64548930517441160948e-01+j3.04512490057250506670e-01
  +2.73555096146126164314e-01+j2.82616804328620074838e-01
  +2.80798813060277263620e-01+j2.60761534116287219121e-01
  +2.86343221701638950272e-01+j2.39096547718238822133e-01
  +2.90264783133741099963e-01+j2.17759063089430382476e-01
  +2.92651044262152937314e-01+j1.96872557593691821509e-01
  +2.93598366566513058196e-01+j1.76546069315357906371e-01
  +2.93209686849415562815e-01+j1.56873870471011284122e-01
  +2.91592369607854451363e-01+j1.37935481963397638117e-01
  +2.88856200105242211240e-01+j1.19795989496687280140e-01
  +2.85111555888507228751e-01+j1.02506616008280787566e-01
  +2.80467783104579482245e-01+j8.61055023374788230939e-02
  +2.75031793152083148257e-01+j7.06186477498035730660e-02
  +2.68906885438604192906e-01+j5.60609637587279052706e-02
  +2.62191793626223412783e-01+j4.24373981655163587390e-02
  +2.54979945915077332863e-01+j2.97440908916495293235e-02
  +2.47358924682359482272e-01+j1.79695285505234100820e-02
  +2.39410107104201991257e-01+j7.09567039215181286083e-03
  +2.31208466104294491084e-01-j2.90097607938887089990e-03
  +2.22822509910307636760e-01-j1.20483461309686332164e-02
  +2.14314338446081109613e-01-j2.03778868646887489913e-02
  +2.05739795527132063313e-01-j2.79237113840428499700e-02
  +1.97148697151913465664e-01-j3.47218414332209901474e-02
  +1.88585117903828675123e-01-j4.08095388441696363402e-02
  +1.80087719437439452985e-01-j4.62247237199926025442e-02
  +1.71690107083386389597e-01-j5.10054754590017131455e-02
  +1.63421202665548825905e-01-j5.51896114169743226552e-02
  +1.55305623602698117391e-01-j5.88143371438227605119e-02
  +1.47364060210730868361e-01-j6.19159616412984017964e-02
  +1.39613644796084068744e-01-j6.45296708992820905459e-02
  +1.32068307617399793852e-01-j6.66893530141165064018e-02
  +1.24739116085553158886e-01-j6.84274684149737133509e-02
  +1.17634594675043974155e-01-j6.97749590731112784292e-02
  +1.10761023942866257408e-01-j7.07611910019666778826e-02
  +1.04122717808702608400e-01-j7.14139248390933123467e-02
  +9.77222788594778873916e-02-j7.17593098068043111493e-02
  +9.15608319197885600627e-02-j7.18218968562035764425e-02
  +8.56382364953690300435e-02-j7.16246672937372874657e-02
  +7.99532789665273468938e-02-j7.11890736594531364778e-02
  +7.45038455982243719156e-02-j7.05350900647794404330e-02
  +6.92870775574494779381e-02-j6.96812696004575488073e-02
  +6.42995091994344458719e-02-j6.86448067902981906574e-02
  +5.95371909130488138895e-02-j6.74416033934699399310e-02
  +5.49957978118322601824e-02-j6.60863361479290811751e-02
  +5.06707255285279642432e-02-j6.45925253022184009399e-02
  +4.65571743242847654876e-02-j6.29726030045952706038e-02
  +4.26502226642505796739e-02-j6.12379808099567449209e-02
  +3.89448913435591903554e-02-j5.93991157291572716148e-02
  +3.54361991750770585763e-02-j5.74655743849538103163e-02
  +3.21192111755534623341e-02-j5.54460949567225705459e-02
  +2.89890801119643548578e-02-j5.33486466948870086124e-02
  +2.60410821965579818149e-02-j5.11804868682150804204e-02
  +2.32706476483762123020e-02-j4.89482150749524155819e-02
  +2.06733867717023706012e-02-j4.66578249042687506765e-02
  +1.82451121384695526262e-02-j4.43147529795067107727e-02
  +1.59818574023871083634e-02-j4.19239254508766007179e-02
  +1.38798932175485095070e-02-j3.94898020339875810425e-02
  +1.19357406835629079045e-02-j3.70164177131605195981e-02
  +1.01461826926551191425e-02-j3.45074222459801904783e-02
  +8.50827351154566369207e-03-j3.19661176189461188057e-02
  +7.01934689199880130356e-03-j2.93954936141127762261e-02
  +5.67702296845669016068e-03-j2.67982616541365403773e-02
  +4.47921416885897760718e-03-j2.41768870985740284840e-02
  +3.42413033524814830813e-03-j2.15336201682428188264e-02
  +2.51028322384532018990e-03-j1.88705256773605938025e-02
  +1.73649052951904345199e-03-j1.61895117553332856808e-02
  +1.10187955676625728291e-03-j1.34923577418321338772e-02
  +6.05890638053853554899e-04-j1.07807414403993835628e-02
  +2.48280380434245007311e-04-j8.05626591748042145125e-03
  +2.91248023259542648637e-05-j5.32048603560687002195e-03
  -5.11775959650487627319e-05-j2.57493491169568820484e-03
  +8.09719758831549297638e-06+j1.78849505985400193502e-04
  +2.08001703516484274864e-04+j2.93929754542700261144e-03
  +5.49919903968182051737e-04+j5.70478040267161090604e-03
  +1.03557012271271193377e-03+j8.47358201309918873667e-03
  +1.66700778275038759106e-03+j1.12438699927374322757e-02
  +2.44662797115677765544e-03+j1.40136654348718431989e-02
  +3.37716771795421597316e-03+j1.67808113415371870647e-02
  +4.46170787091565088089e-03+j1.95429394635599530672e-02
  +5.70367442078875252348e-03+j2.22974353168341639375e-02
  +7.10683910106259513623e-03+j2.50414011366321166696e-02
  +8.67531905261431299237e-03+j2.77716165264469370955e-02
  +1.04135753058164307744e-02+j3.04844965532997461133e-02
  +1.23264097905238911163e-02+j3.31760470382959915536e-02
</dep>
<dep S[1,2] frequency>
  +3.14557515267999576736e-01-j6.96023123162675005915e-01
  +2.78315938450590494302e-01-j6.96624625209094072709e-01
  +2.43505487067766618337e-01-j6.95596081549940792321e-01
  +2.10112935096205932783e-01-j6.93144442103067359717e-01
  +1.78108714203910001306e-01-j6.89455204885643269108e-01
  +1.47450937780228635843e-01-j6.84693283889532433584e-01
  +1.18088764691447592470e-01-j6.79004203965236641238e-01
  +8.99651691743267867274e-02-j6.72515486691475317116e-01
  +6.30191897414300455926e-02-j6.65338125260806378947e-01
  +3.71877301090901557501e-02-j6.57568074458836360208e-01
  +1.24069813305631906214e-02-j6.49287704217714645161e-01
  -1.13864717548553644189e-02-j6.40567182643011490129e-01
  -3.42548037565766905210e-02-j6.31465767620580376018e-01
  -5.62583129994715658295e-02-j6.22032995875449468137e-01
  -7.74549552559932047435e-02-j6.12309765382326731675e-01
  -9.79000119085944170427e-02-j6.02329311929468813602e-01
  -1.17645863347058482473e-01-j5.92118083921012283710e-01
  -1.36741843505284038640e-01-j5.81696521583367154307e-01
  -1.55234155821132785436e-01-j5.71079747942365711921e-01
  -1.73165834609311120040e-01-j5.60278179515177221504e-01
  -1.90576738941712564568e-01-j5.49298064805636254704e-01
  -2.07503568705512120296e-01-j5.38141958549345655882e-01
  -2.23979894632594100923e-01-j5.26809139331105069637e-01
  -2.40036195833749632644e-01-j5.15295977769320900919e-01
  -2.55699899791991369646e-01-j5.03596261984499582454e-01
  -2.70995420926864349909e-01-j4.91701486578961843854e-01
  -2.85944194785288430261e-01-j4.79601110877668435073e-01
  -3.00564705685730015894e-01-j4.67282791731626345744e-01
  -3.14872506277448171996e-01-j4.54732595773877645851e-01
  -3.28880228004984787038e-01-j4.41935195648588574624e-01
  -3.42597581915611348879e-01-j4.28874054406284122010e-01
  -3.56031349634962801520e-01-j4.15531601971154740394e-01
  -3.69185364681809513598e-01-j4.01889407335687565137e-01
  -3.82060484611108530650e-01-j3.87928349918863268897e-01
  -3.94654554777793709075e-01-j3.73628793330297526154e-01
  -4.06962364812042121098e-01-j3.58970764607403403090e-01
  -4.18975599198197379280e-01-j3.43934141828162232013e-01
  -4.30682783660367385359e-01-j3.28498852839835819850e-01
  -4.42069229382645589865e-01-j3.12645087675729738130e-01
  -4.53116977433773882034e-01-j2.96353527047711173825e-01
  -4.63804746125949907132e-01-j2.79605589092330963918e-01
  -4.74107884414899427572e-01-j2.62383696302491309371e-01
  -4.83998334840250010735e-01-j2.44671564283917120086e-01
  -4.93444609907202846877e-01-j2.26454513625982706282e-01
  -5.02411786214694733310e-01-j2.07719805758582592992e-01
  -5.10861521032571097578e-01-j1.88457003171078024684e-01
  -5.18752096407443130666e-01-j1.68658353786565434751e-01
  -5.26038496219361828565e-01-j1.48319198607100355414e-01
  -5.32672521900227735614e-01-j1.27438400967209097825e-01
  -5.38602952739625884249e-01-j1.06018794851213030150e-01
  -5.43775756820685574056e-01-j8.40676487447207659853e-02
  -5.48134358621841122350e-01-j6.15971404069105554768e-02
  -5.51619969163151147029e-01-j3.86248367773999456976e-02
  -5.54171984239307913178e-01-j1.51741719848402997761e-02
  -5.55728455738676019315e-01+j8.72508487419465517121e-03
  -5.56226640271210936994e-01+j3.30363818398212230609e-02
  -5.55603628295134766013e-01+j5.77159670409096506316e-02
  -5.53797055623082679077e-01+j8.27125147140708588678e-02
  -5.50745897590133814958e-01+j1.07966807660283492520e-01
  -5.46391344273403190002e-01+j1.33411490501290114219e-01
  -5.40677752969603520050e-01+j1.58970908868914406753e-01
  -5.33553671678147822810e-01+j1.84561050146822308582e-01
  -5.24972924630059512019e-01+j2.10089601519662549922e-01
  -5.14895747987501817278e-01+j2.35456140803204538869e-01
  -5.03289960769153887910e-01+j2.60552474766974406784e-01
  -4.90132152901788020749e-01+j2.85263138359093226804e-01
  -4.75408869141058565422e-01+j3.09466066349409374414e-01
  -4.59117764542335771161e-01+j3.33033446379510378321e-01
  -4.41268704307388792696e-01+j3.55832759216823280024e-01
  -4.21884778310277375191e-01+j3.77728008140739590637e-01
  -4.01003198555006823423e-01+j3.98581134846455908960e-01
  -3.78676046389417708671e-01+j4.18253614065148826562e-01
  -3.54970835655178007517e-01+j4.36608213324239047282e-01
  -3.29970858261023181068e-01+j4.53510897999448492346e-01
  -3.03775280094169986000e-01+j4.68832855173419105199e-01
  -2.76498957896302743897e-01+j4.82452602992785750669e-01
  -2.48271951868995671697e-01+j4.94258145439467166948e-01
  -2.19238714449715987875e-01+j5.04149125991913416023e-01
  -1.89556942970124459036e-01+j5.12038927893181061712e-01
  -1.59396092755526880280e-01+j5.17856664060275639905e-01
  -1.28935557531703659517e-01+j5.21548996492651517620e-01
  -9.83625355373240056744e-02+j5.23081723807588439001e-01
  -6.78696121264462520761e-02+j5.22441076663569869964e-01
  -3.76521023752490954783e-02+j5.19634664680737157205e-01
  -7.90520963723276640089e-03+j5.14692025266343056167e-01
  +2.11789326266952834810e-02+j5.07664734575315357290e-01
  +4.94142588918457664748e-02+j4.98626053545637160092e-01
  +7.66237257741558541735e-02+j4.87670097172607674985e-01
  +1.02642135211563706454e-01+j4.74910532304374910506e-01
  +1.27318739923864832075e-01+j4.60478827405148116725e-01
  +1.50519549220313408888e-01+j4.44522095911705272808e-01
  +1.72129262299573398964e-01+j4.27200591868681145424e-01
  +1.92052769259563271831e-01+j4.08684931326071754221e-01
  +2.10216176460371606538e-01+j3.89153124479432288574e-01
  +2.26567331721928638677e-01+j3.68787510897841175339e-01
  +2.41075844930503907504e-01+j3.47771692885459504652e-01
  +2.53732619700114181427e-01+j3.26287559884788302966e-01
  +2.64548930517440827881e-01+j3.04512490057250007069e-01
  +2.73555096146125720225e-01+j2.82616804328619464215e-01
  +2.80798813060277041576e-01+j2.60761534116286997076e-01
  +2.86343221701638173116e-01+j2.39096547718238627844e-01
  +2.90264783133740322807e-01+j2.17759063089429966142e-01
  +2.92651044262153881004e-01+j1.96872557593691099864e-01
  +2.93598366566513169218e-01+j1.76546069315357823104e-01
  +2.93209686849415451793e-01+j1.56873870471011422900e-01
  +2.91592369607854118296e-01+j1.37935481963397194027e-01
  +2.88856200105240878973e-01+j1.19795989496687585452e-01
  +2.85111555888507173240e-01+j1.02506616008280565522e-01
  +2.80467783104579204689e-01+j8.61055023374794753499e-02
  +2.75031793152082981724e-01+j7.06186477498037257217e-02
  +2.68906885438604303928e-01+j5.60609637587285436489e-02
  +2.62191793626222857672e-01+j4.24373981655166016003e-02
  +2.54979945915076500196e-01+j2.97440908916492795233e-02
  +2.47358924682359565539e-01+j1.79695285505226606815e-02
  +2.39410107104201991257e-01+j7.09567039215222572501e-03
  +2.31208466104294074750e-01-j2.90097607938852785833e-03
  +2.22822509910307997583e-01-j1.20483461309685065815e-02
  +2.14314338446081859013e-01-j2.03778868646884714355e-02
  +2.05739795527132701691e-01-j2.79237113840431205869e-02
  +1.97148697151913465664e-01-j3.47218414332204905470e-02
  +1.88585117903828730634e-01-j4.08095388441695461346e-02
  +1.80087719437439119918e-01-j4.62247237199924845830e-02
  +1.71690107083386389597e-01-j5.10054754590015257953e-02
  +1.63421202665548825905e-01-j5.51896114169745100053e-02
  +1.55305623602697812080e-01-j5.88143371438233086845e-02
  +1.47364060210730951628e-01-j6.19159616412979924016e-02
  +1.39613644796084068744e-01-j6.45296708992819517681e-02
  +1.32068307617399599563e-01-j6.66893530141162427238e-02
  +1.24739116085552853574e-01-j6.84274684149733802840e-02
  +1.17634594675043849255e-01-j6.97749590731116253739e-02
  +1.10761023942867076197e-01-j7.07611910019667472715e-02
  +1.04122717808702566766e-01-j7.14139248390931180577e-02
  +9.77222788594782759697e-02-j7.17593098068039780824e-02
  +9.15608319197887959850e-02-j7.18218968562033960312e-02
  +8.56382364953687802434e-02-j7.16246672937370931766e-02
  +7.99532789665274301605e-02-j7.11890736594530254555e-02
  +7.45038455982246911047e-02-j7.05350900647794265552e-02
  +6.92870775574492558935e-02-j6.96812696004575210518e-02
  +6.42995091994344736275e-02-j6.86448067902980102462e-02
  +5.95371909130487861339e-02-j6.74416033934693570639e-02
  +5.49957978118324128380e-02-j6.60863361479288036193e-02
  +5.06707255285281585322e-02-j6.45925253022183593066e-02
  +4.65571743242848973265e-02-j6.29726030045954787706e-02
  +4.26502226642506074294e-02-j6.12379808099568212487e-02
  +3.89448913435591903554e-02-j5.93991157291572993704e-02
  +3.54361991750769267373e-02-j5.74655743849537131718e-02
  +3.21192111755534831508e-02-j5.54460949567222444179e-02
  +2.89890801119642889383e-02-j5.33486466948867588123e-02
  +2.60410821965582663096e-02-j5.11804868682151012371e-02
  +2.32706476483761671992e-02-j4.89482150749526376265e-02
  +2.06733867717025371347e-02-j4.66578249042685980208e-02
  +1.82451121384691744565e-02-j4.43147529795062389280e-02
  +1.59818574023872748968e-02-j4.19239254508770101126e-02
  +1.38798932175486743057e-02-j3.94898020339876781870e-02
  +1.19357406835629148434e-02-j3.70164177131605889870e-02
  +1.01461826926552648592e-02-j3.45074222459801696616e-02
  +8.50827351154560991564e-03-j3.19661176189463061559e-02
  +7.01934689199869895487e-03-j2.93954936141126443871e-02
  +5.67702296845658174046e-03-j2.67982616541365056828e-02
  +4.47921416885929766366e-03-j2.41768870985738099089e-02
  +3.42413033524805723515e-03-j2.15336201682426245374e-02
  +2.51028322384540389031e-03-j1.88705256773603786968e-02
  +1.73649052951904345199e-03-j1.61895117553332856808e-02
  +1.10187955676621955267e-03-j1.34923577418319621396e-02
  +6.05890638054266635927e-04-j1.07807414403997305075e-02
  +2.48280380434404222400e-04-j8.05626591748072329313e-03
  +2.91248023258433746984e-05-j5.32048603560722650763e-03
  -5.11775959651076552386e-05-j2.57493491169567779650e-03
  +8.09719758813284556790e-06+j1.78849505985460881718e-04
  +2.08001703516338802037e-04+j2.93929754542692498256e-03
  +5.49919903968214903063e-04+j5.70478040267146952608e-03
  +1.03557012271275161557e-03+j8.47358201309899618237e-03
  +1.66700778275090041869e-03+j1.12438699927373091103e-02
  +2.44662797115693725000e-03+j1.40136654348721936131e-02
  +3.37716771795427885688e-03+j1.67808113415375097233e-02
  +4.46170787091581221018e-03+j1.95429394635599773533e-02
  +5.70367442078889997498e-03+j2.22974353168337649511e-02
  +7.10683910106267493351e-03+j2.50414011366317974805e-02
  +8.67531905261421411313e-03+j2.77716165264468087259e-02
  +1.04135753058163162826e-02+j3.04844965532999299940e-02
  +1.23264097905237228481e-02+j3.31760470382961164537e-02
</dep>
<dep S[1,1] frequency>
  -5.85473407257772082701e-01-j2.64115355004673924011e-01
  -6.11291942126647835920e-01-j2.43784821083527281083e-01
  -6.35117350010598880061e-01-j2.21937224354850720642e-01
  -6.56954972090719180322e-01-j1.98789077272922193318e-01
  -6.76826212359726397949e-01-j1.74536097430404046893e-01
  -6.94764530573263927593e-01-j1.49354118601682933631e-01
  -7.10812098057347352409e-01-j1.23400330495004525999e-01
  -7.25017050208294544511e-01-j9.68147112003309162631e-02
  -7.37431263088398125660e-01-j6.97215503581084528051e-02
  -7.48108581411203843459e-01-j4.22309891031447670606e-02
  -7.57103429066122157742e-01-j1.44405252193898492319e-02
  -7.64469739431267503171e-01+j1.35635506653638826524e-02
  -7.70260149861454967990e-01+j4.17048088377569292629e-02
  -7.74525412113819977655e-01+j6.99154354715258441466e-02
  -7.77313977585628590461e-01+j9.81350930874856364206e-02
  -7.78671722796514642617e-01+j1.26309885916230241198e-01
  -7.78641786412015757257e-01+j1.54391426346425247873e-01
  -7.77264494228350422134e-01+j1.82335996618511492207e-01
  -7.74577352938031093998e-01+j2.10103798787248385871e-01
  -7.70615097219543354612e-01+j2.37658285471777558362e-01
  -7.65409777811411062842e-01+j2.64965563848020890791e-01
  -7.58990880813968593621e-01+j2.91993865570143285026e-01
  -7.51385470585281378675e-01+j3.18713075730433614829e-01
  -7.42618350328608456401e-01+j3.45094314503033627872e-01
  -7.32712235870116801451e-01+j3.71109565712423483674e-01
  -7.21687939250675203340e-01+j3.96731347184820393181e-01
  -7.09564559651600368362e-01+j4.21932418354507177138e-01
  -6.96359679880143911390e-01+j4.46685521190648526790e-01
  -6.82089567189366308142e-01+j4.70963151074283936648e-01
  -6.66769377625813675081e-01+j4.94737354783371552358e-01
  -6.50413363409204414722e-01+j5.17979553233933964762e-01
  -6.33035083069073523099e-01+j5.40660387076328796674e-01
  -6.14647614208343906483e-01+j5.62749583658100349659e-01
  -5.95263768844593976759e-01+j5.84215844238943127209e-01
  -5.74896311305526319657e-01+j6.05026750680413449857e-01
  -5.53558178633104081001e-01+j6.25148691133335376868e-01
  -5.31262703387179624492e-01+j6.44546804509660398175e-01
  -5.08023838638976155124e-01+j6.63184943752714195497e-01
  -4.83856384812120676742e-01+j6.81025658108912801403e-01
  -4.58776217868479885276e-01+j6.98030194754079125197e-01
  -4.32800518151756241636e-01+j7.14158520236130911485e-01
  -4.05947998998880787980e-01+j7.29369362260748332893e-01
  -3.78239134012766486936e-01+j7.43620272365075996035e-01
  -3.49696381666557032375e-01+j7.56867709993666482049e-01
  -3.20344405686190825122e-01+j7.69067148408656087177e-01
  -2.90210289443860181002e-01+j7.80173202730617409983e-01
  -2.59323742399354517651e-01+j7.90139780217172571497e-01
  -2.27717296460599183394e-01+j7.98920252644140127529e-01
  -1.95426490010721709556e-01+j8.06467650361998633635e-01
  -1.62490037279830801253e-01+j8.12734877264154054188e-01
  -1.28949980737731867420e-01+j8.17674945532084085364e-01
  -9.48518242618826279422e-02+j8.21241228628123431932e-01
  -6.02446450033363167798e-02+j8.23387730605904866188e-01
  -2.51811821407895153335e-02+j8.24069369421948638710e-01
  +1.02820989166442222640e-02+j8.23242271583594087403e-01
  +4.60849678448828070643e-02+j8.20864075186813035856e-01
  +8.21634166386822628603e-02+j8.16894238212404366628e-01
  +1.18449672519226889555e-01+j8.11294348892502847903e-01
  +1.54872235573644767559e-01+j8.04028435061780122339e-01
  +1.91355939470882141507e-01+j7.95063269696641206075e-01
  +2.27822032914616723343e-01+j7.84368670341900053877e-01
  +2.64188278896899275683e-01+j7.71917790838921313856e-01
  +3.00369068370872072116e-01+j7.57687404699347588632e-01
  +3.36275544738317888616e-01+j7.41658180594140681308e-01
  +3.71815735620374898662e-01+j7.23814951708166454125e-01
  +4.06894688816432370526e-01+j7.04146982081543360010e-01
  +4.41414610215062008791e-01+j6.82648234431844302961e-01
  +4.75275002742029384351e-01+j6.59317645212987968328e-01
  +5.08372807226485479148e-01+j6.34159413682598982476e-01
  +5.40602548315254116673e-01+j6.07183312369590000301e-01
  +5.71856491200620542514e-01+j5.78405026399241628532e-01
  +6.02024817833636038955e-01+j5.47846528490580908510e-01
  +6.30995834304881375587e-01+j5.15536494954597745988e-01
  +6.58656223966939124992e-01+j4.81510765591886269466e-01
  +6.84891363381283535539e-01+j4.45812846968477949350e-01
  +7.09585719994931141130e-01+j4.08494454163908338185e-01
  +7.32623351272264300427e-01+j3.69616080849594630386e-01
  +7.53888524515566427198e-01+j3.29247581680782830382e-01
  +7.73266474535728720596e-01+j2.87468744788754448916e-01
  +7.90644312486959766062e-01+j2.44369826058390304802e-01
  +8.05912093471751522777e-01+j2.00052011369625165615e-01
  +8.18964043012907483288e-01+j1.54627768624340300452e-01
  +8.29699933404463685349e-01+j1.08221048739934419536e-01
  +8.38026590700630791275e-01+j6.09672943940331862889e-02
  +8.43859502265516314701e-01+j1.30132175778296943491e-02
  +8.47124484121912324497e-01-j3.54836877761793290098e-02
  +8.47759357644194633252e-01-j8.43559236344766649740e-02
  +8.45715577313249200486e-01-j1.33427070744401216063e-01
  +8.40959746117253104103e-01-j1.82513177865730569227e-01
  +8.33474953429249598713e-01-j2.31424443837151827541e-01
  +8.23261872283430840014e-01-j2.79967163537568231035e-01
  +8.10339559073514292820e-01-j3.27945893867899629370e-01
  +7.94745908637038533939e-01-j3.75165782569307493244e-01
  +7.76537730952667204498e-01-j4.21434992067235780766e-01
  +7.55790431437285414873e-01-j4.66567143462003397492e-01
  +7.32597294022000022906e-01-j5.10383702869398159230e-01
  +7.07068383611015427448e-01-j5.52716233797070466416e-01
  +6.79329100969208510286e-01-j5.93408445002345463770e-01
  +6.49518437430193995574e-01-j6.32317972838281505688e-01
  +6.17786988163707584398e-01-j6.69317849684891719164e-01
  +5.84294790471706182444e-01-j7.04297624701361035804e-01
  +5.49209057406121692324e-01-j7.37164118740257667817e-01
  +5.12701876955923396828e-01-j7.67841810760529819291e-01
  +4.74947943469297695351e-01-j7.96272867492893055008e-01
  +4.36122381424512040038e-01-j8.22416840659850323370e-01
  +3.96398712860398572122e-01-j8.46250066174768944549e-01
  +3.55947009517033174930e-01-j8.67764807128552417836e-01
  +3.14932259804352243648e-01-j8.86968186945061409787e-01
  +2.73512969826443352872e-01-j9.03880960980858239040e-01
  +2.31840007439475415119e-01-j9.18536174354766865591e-01
  +1.90055689166121200007e-01-j9.30977751320457125317e-01
  +1.48293102030632339972e-01-j9.41259057500114404426e-01
  +1.06675646174553162560e-01-j9.49441471248390178594e-01
  +6.53167794939772394791e-02-j9.55592994757107350168e-01
  +2.43199424355118876129e-02-j9.59786929632579610683e-01
  -1.62213606447830782642e-02-j9.62100635901445677689e-01
  -5.62233477087046573661e-02-j9.62614387974738971998e-01
  -9.56116365873053986046e-02-j9.61410336196947268306e-01
  -1.34320836436433943550e-01-j9.58571578333616169942e-01
  -1.72294073979956940956e-01-j9.54181341756207279658e-01
  -2.09482473375088129597e-01-j9.48322274169558498969e-01
  -2.45844606292585005081e-01-j9.41075838463523162147e-01
  -2.81345926500777221424e-01-j9.32521805601110642669e-01
  -3.15958200978128322944e-01-j9.22737838310658364804e-01
  -3.49658947429225985815e-01-j9.11799157653016556502e-01
  -3.82430886094968780498e-01-j8.99778284208941236955e-01
  -4.14261411960285430567e-01-j8.86744845602920772620e-01
  -4.45142091887519797400e-01-j8.72765442279771375134e-01
  -4.75068189842848265236e-01-j8.57903563819711112437e-01
  -5.04038222230686394632e-01-j8.42219548564677955582e-01
  -5.32053544393885968766e-01-j8.25770579890893419162e-01
  -5.59117968558872968643e-01-j8.08610713065199826488e-01
  -5.85237412885623031755e-01-j7.90790927238466889726e-01
  -6.10419580802978201106e-01-j7.72359197737534253214e-01
  -6.34673669450354860366e-01-j7.53360584402688382433e-01
  -6.58010105789319843517e-01-j7.33837332270010023194e-01
  -6.80440308775368096761e-01-j7.13828981410379315165e-01
  -7.01976475876437744361e-01-j6.93372483205710432586e-01
  -7.22631392176377396197e-01-j6.72502320766708128197e-01
  -7.42418260297164289696e-01-j6.51250631575381766503e-01
  -7.61350549403028598050e-01-j6.29647330771153534990e-01
  -7.79441861604176500222e-01-j6.07720233794104003344e-01
  -7.96705814150648117256e-01-j5.85495177355655371798e-01
  -8.13155935892123427067e-01-j5.62996137928799988970e-01
  -8.28805576572596014451e-01-j5.40245347140464460267e-01
  -8.43667827626064625868e-01-j5.17263403610764616047e-01
  -8.57755453237894482932e-01-j4.94069380921170531185e-01
  -8.71080830534115557739e-01-j4.70680931508848210409e-01
  -8.83655897855884053804e-01-j4.47114386380543904487e-01
  -8.95492110167689037148e-01-j4.23384850618920116627e-01
  -9.06600400734673184111e-01-j3.99506294719453092235e-01
  -9.16991148286185553395e-01-j3.75491641849181656543e-01
  -9.26674148959254262437e-01-j3.51352851161302215388e-01
  -9.35658592386829357501e-01-j3.27100997333789611510e-01
  -9.43953041361533684572e-01-j3.02746346527157816908e-01
  -9.51565414566481915237e-01-j2.78298428977350909008e-01
  -9.58502971920634938563e-01-j2.53766108455967809299e-01
  -9.64772302137524184751e-01-j2.29157648842069128214e-01
  -9.70379312143308636607e-01-j2.04480778058992757051e-01
  -9.75329218043375467673e-01-j1.79742749636145421333e-01
  -9.79626537366491412229e-01-j1.54950402160626915515e-01
  -9.83275082352096263527e-01-j1.30110216887000640362e-01
  -9.86277954080317265095e-01-j1.05228373776127329120e-01
  -9.88637537275758981892e-01-j8.03108062360242541677e-02
  -9.90355495645819150496e-01-j5.53632548394928092339e-02
  -9.91432767642177470435e-01-j3.03913202950878841291e-02
  -9.91869562560963480280e-01-j5.40051594991070027518e-03
  -9.91665356923010832269e-01+j1.96036798949203866504e-02
  -9.90818891101100995833e-01+j4.46157715725408118845e-02
  -9.89328166186462909515e-01+j6.96301932554559410704e-02
  -9.87190441112510752575e-01+j9.46412554867301358819e-02
  -9.84402230080158813230e-01+j1.19643090742042421115e-01
  -9.80959300356553764999e-01+j1.44629597722353203659e-01
  -9.76856670548071792659e-01+j1.69594384071495241084e-01
  -9.72088609479406229319e-01+j1.94530707207092118383e-01
  -9.66648635844010839513e-01+j2.19431412947148546388e-01
  -9.60529518827497486022e-01+j2.44288871608649815759e-01
  -9.53723279945389190715e-01+j2.69094911248657198133e-01
  -9.46221196380407802984e-01+j2.93840747713383587669e-01
  -9.38013806152847684494e-01+j3.18516911156688675710e-01
  -9.29090915511075698952e-01+j3.43113168687080027919e-01
</dep>
