<Qucs Dataset 1.0.7>
<indep frequency 181>
  +1.00000000000000000000e+09
  +1.05000000000000000000e+09
  +1.10000000000000000000e+09
  +1.15000000000000000000e+09
  +1.20000000000000000000e+09
  +1.25000000000000000000e+09
  +1.30000000000000000000e+09
  +1.35000000000000000000e+09
  +1.40000000000000000000e+09
  +1.45000000000000000000e+09
  +1.50000000000000000000e+09
  +1.55000000000000000000e+09
  +1.60000000000000000000e+09
  +1.65000000000000000000e+09
  +1.70000000000000000000e+09
  +1.75000000000000000000e+09
  +1.80000000000000000000e+09
  +1.85000000000000000000e+09
  +1.90000000000000000000e+09
  +1.95000000000000000000e+09
  +2.00000000000000000000e+09
  +2.05000000000000000000e+09
  +2.10000000000000000000e+09
  +2.15000000000000000000e+09
  +2.20000000000000000000e+09
  +2.25000000000000000000e+09
  +2.30000000000000000000e+09
  +2.35000000000000000000e+09
  +2.40000000000000000000e+09
  +2.45000000000000000000e+09
  +2.50000000000000000000e+09
  +2.55000000000000000000e+09
  +2.60000000000000000000e+09
  +2.65000000000000000000e+09
  +2.70000000000000000000e+09
  +2.75000000000000000000e+09
  +2.80000000000000000000e+09
  +2.85000000000000000000e+09
  +2.90000000000000000000e+09
  +2.95000000000000000000e+09
  +3.00000000000000000000e+09
  +3.05000000000000000000e+09
  +3.10000000000000000000e+09
  +3.15000000000000000000e+09
  +3.20000000000000000000e+09
  +3.25000000000000000000e+09
  +3.30000000000000000000e+09
  +3.35000000000000000000e+09
  +3.40000000000000000000e+09
  +3.45000000000000000000e+09
  +3.50000000000000000000e+09
  +3.55000000000000000000e+09
  +3.60000000000000000000e+09
  +3.65000000000000000000e+09
  +3.70000000000000000000e+09
  +3.75000000000000000000e+09
  +3.80000000000000000000e+09
  +3.85000000000000000000e+09
  +3.90000000000000000000e+09
  +3.95000000000000000000e+09
  +4.00000000000000000000e+09
  +4.05000000000000000000e+09
  +4.10000000000000000000e+09
  +4.15000000000000000000e+09
  +4.20000000000000000000e+09
  +4.25000000000000000000e+09
  +4.30000000000000000000e+09
  +4.35000000000000000000e+09
  +4.40000000000000000000e+09
  +4.45000000000000000000e+09
  +4.50000000000000000000e+09
  +4.55000000000000000000e+09
  +4.60000000000000000000e+09
  +4.65000000000000000000e+09
  +4.70000000000000000000e+09
  +4.75000000000000000000e+09
  +4.80000000000000000000e+09
  +4.85000000000000000000e+09
  +4.90000000000000000000e+09
  +4.95000000000000000000e+09
  +5.00000000000000000000e+09
  +5.05000000000000000000e+09
  +5.10000000000000000000e+09
  +5.15000000000000000000e+09
  +5.20000000000000000000e+09
  +5.25000000000000000000e+09
  +5.30000000000000000000e+09
  +5.35000000000000000000e+09
  +5.40000000000000000000e+09
  +5.45000000000000000000e+09
  +5.50000000000000000000e+09
  +5.55000000000000000000e+09
  +5.60000000000000000000e+09
  +5.65000000000000000000e+09
  +5.70000000000000000000e+09
  +5.75000000000000000000e+09
  +5.80000000000000000000e+09
  +5.85000000000000000000e+09
  +5.90000000000000000000e+09
  +5.95000000000000000000e+09
  +6.00000000000000000000e+09
  +6.05000000000000000000e+09
  +6.10000000000000000000e+09
  +6.15000000000000000000e+09
  +6.20000000000000000000e+09
  +6.25000000000000000000e+09
  +6.30000000000000000000e+09
  +6.35000000000000000000e+09
  +6.40000000000000000000e+09
  +6.45000000000000000000e+09
  +6.50000000000000000000e+09
  +6.55000000000000000000e+09
  +6.60000000000000000000e+09
  +6.65000000000000000000e+09
  +6.70000000000000000000e+09
  +6.75000000000000000000e+09
  +6.80000000000000000000e+09
  +6.85000000000000000000e+09
  +6.90000000000000000000e+09
  +6.95000000000000000000e+09
  +7.00000000000000000000e+09
  +7.05000000000000000000e+09
  +7.10000000000000000000e+09
  +7.15000000000000000000e+09
  +7.20000000000000000000e+09
  +7.25000000000000000000e+09
  +7.30000000000000000000e+09
  +7.35000000000000000000e+09
  +7.40000000000000000000e+09
  +7.45000000000000000000e+09
  +7.50000000000000000000e+09
  +7.55000000000000000000e+09
  +7.60000000000000000000e+09
  +7.65000000000000000000e+09
  +7.70000000000000000000e+09
  +7.75000000000000000000e+09
  +7.80000000000000000000e+09
  +7.85000000000000000000e+09
  +7.90000000000000000000e+09
  +7.95000000000000000000e+09
  +8.00000000000000000000e+09
  +8.05000000000000000000e+09
  +8.10000000000000000000e+09
  +8.15000000000000000000e+09
  +8.20000000000000000000e+09
  +8.25000000000000000000e+09
  +8.30000000000000000000e+09
  +8.35000000000000000000e+09
  +8.40000000000000000000e+09
  +8.45000000000000000000e+09
  +8.50000000000000000000e+09
  +8.55000000000000000000e+09
  +8.60000000000000000000e+09
  +8.65000000000000000000e+09
  +8.70000000000000000000e+09
  +8.75000000000000000000e+09
  +8.80000000000000000000e+09
  +8.85000000000000000000e+09
  +8.90000000000000000000e+09
  +8.95000000000000000000e+09
  +9.00000000000000000000e+09
  +9.05000000000000000000e+09
  +9.10000000000000000000e+09
  +9.15000000000000000000e+09
  +9.20000000000000000000e+09
  +9.25000000000000000000e+09
  +9.30000000000000000000e+09
  +9.35000000000000000000e+09
  +9.40000000000000000000e+09
  +9.45000000000000000000e+09
  +9.50000000000000000000e+09
  +9.55000000000000000000e+09
  +9.60000000000000000000e+09
  +9.65000000000000000000e+09
  +9.70000000000000000000e+09
  +9.75000000000000000000e+09
  +9.80000000000000000000e+09
  +9.85000000000000000000e+09
  +9.90000000000000000000e+09
  +9.95000000000000000000e+09
  +1.00000000000000000000e+10
</indep>
<dep S21_phase frequency>
  -5.85055510137692778017e+01
  -6.09693760646695963601e+01
  -6.33859074228032852716e+01
  -6.57560458521042363600e+01
  -6.80807934120262245870e+01
  -7.03612311247761255117e+01
  -7.25984991562762616013e+01
  -7.47937794346204896101e+01
  -7.69482805798511861894e+01
  -7.90632249855276398876e+01
  -8.11398378728945033345e+01
  -8.31793381294912137491e+01
  -8.51829307432704894154e+01
  -8.71518006484247820254e+01
  -8.90871078084380911832e+01
  -9.09899833738121373017e+01
  -9.28615267654070919434e+01
  -9.47028035484302819214e+01
  -9.65148439762343883785e+01
  -9.82986420967383764946e+01
  -1.00055155327244321484e+02
  -1.01785304415372536369e+02
  -1.03489973714841823949e+02
  -1.05170011714693217186e+02
  -1.06826231769432112628e+02
  -1.08459412985391949746e+02
  -1.10070301225536780976e+02
  -1.11659610200931794566e+02
  -1.13228022622366339078e+02
  -1.14776191390119592484e+02
  -1.16304740803759230516e+02
  -1.17814267777185918362e+02
  -1.19305343046964125620e+02
  -1.20778512364393648681e+02
  -1.22234297663796880329e+02
  -1.23673198201204940005e+02
  -1.25095691659053272815e+02
  -1.26502235213681530013e+02
  -1.27893266563427957294e+02
  -1.29269204915901326558e+02
  -1.30630451933693080946e+02
  -1.31977392638319884099e+02
  -1.33310396272618135072e+02
  -1.34629817122167139587e+02
  -1.35935995296568620461e+02
  -1.37229257471635776255e+02
  -1.38509917593686594728e+02
  -1.39778277547256664093e+02
  -1.41034627787621076322e+02
  -1.42279247939567710546e+02
  -1.43512407363879702871e+02
  -1.44734365693003809383e+02
  -1.45945373337364429744e+02
  -1.47145671963760605649e+02
  -1.48335494947260116305e+02
  -1.49515067797960767848e+02
  -1.50684608563945744208e+02
  -1.51844328211721659727e+02
  -1.52994430985364658682e+02
  -1.54135114745560485972e+02
  -1.55266571289666615030e+02
  -1.56388986653875576849e+02
  -1.57502541398502700076e+02
  -1.58607410877375684777e+02
  -1.59703765492248265900e+02
  -1.60791770933120801601e+02
  -1.61871588405291248591e+02
  -1.62943374843923606932e+02
  -1.64007283116880898888e+02
  -1.65063462216514835745e+02
  -1.66112057441078263764e+02
  -1.67153210566386007940e+02
  -1.68187060008302836422e+02
  -1.69213740976619135381e+02
  -1.70233385620835548480e+02
  -1.71246123168342478493e+02
  -1.72252080055458151264e+02
  -1.73251380051763618440e+02
  -1.74244144378138202001e+02
  -1.75230491818885184330e+02
  -1.76210538828291760183e+02
  -1.77184399632009331071e+02
  -1.78152186323503855192e+02
  -1.79114008955957928038e+02
  +1.79930024370182536586e+02
  -1.02019257636679316903e+00
  -1.96476423744148886996e+00
  -2.90379334164281521780e+00
  -3.83738097718930326607e+00
  -4.76562666168529869282e+00
  -5.68862840892958221417e+00
  -6.60648279300733776154e+00
  -7.51928500981353575838e+00
  -8.42712893619596492556e+00
  -9.33010718684076145735e+00
  -1.02283111690754822121e+01
  -1.11218311357322416910e+01
  -1.20107562361691169173e+01
  -1.28951745656216587577e+01
  -1.37751732129633968071e+01
  -1.46508383070105985269e+01
  -1.55222550614748158182e+01
  -1.63895078186551010901e+01
  -1.72526800919801139855e+01
  -1.81118546074834796400e+01
  -1.89671133443011754593e+01
  -1.98185375742838907343e+01
  -2.06662079007930969965e+01
  -2.15102042967657105521e+01
  -2.23506061421250059595e+01
  -2.31874922605987663360e+01
  -2.40209409560267985739e+01
  -2.48510300482179928849e+01
  -2.56778369084216713247e+01
  -2.65014384944840877267e+01
  -2.73219113857436006754e+01
  -2.81393318177304614380e+01
  -2.89537757167314957485e+01
  -2.97653187342755458644e+01
  -3.05740362815989890066e+01
  -3.13800035641522931940e+01
  -3.21832956161971850406e+01
  -3.29839873355610961880e+01
  -3.37821535185974610727e+01
  -3.45778688954155128954e+01
  -3.53712081654311347734e+01
  -3.61622460333041431113e+01
  -3.69510572453133576687e+01
  -3.77377166262358372251e+01
  -3.85222991167839978743e+01
  -3.93048798116712774231e+01
  -4.00855339983603471410e+01
  -4.08643371965677317803e+01
  -4.16413651985845305603e+01
  -4.24166941104870005574e+01
  -4.31904003943064012105e+01
  -4.39625609112310513638e+01
  -4.47332529659184459092e+01
  -4.55025543519954496219e+01
  -4.62705433988291616743e+01
  -4.70372990196554141562e+01
  -4.78029007611525287302e+01
  -4.85674288545548336060e+01
  -4.93309642684045854821e+01
  -5.00935887630426108785e+01
  -5.08553849469468275402e+01
  -5.16164363350287160870e+01
  -5.23768274090106658036e+01
  -5.31366436800020025544e+01
  -5.38959717534087374702e+01
  -5.46548993963153364462e+01
  -5.54135156074774997137e+01
  -5.61719106900858591302e+01
  -5.69301763274573389140e+01
  -5.76884056618238716396e+01
  -5.84466933764009937136e+01
  -5.92051357809222054129e+01
  -5.99638309008419767565e+01
  -6.07228785704183309235e+01
  -6.14823805298975898381e+01
  -6.22424405270415235236e+01
  -6.30031644232433620800e+01
  -6.37646603045022573042e+01
  -6.45270385975337177342e+01
  -6.52904121913167614366e+01
  -6.60548965643907024514e+01
  -6.68206099182373520762e+01
  -6.75876733171023431623e+01
  -6.83562108346294934336e+01
  -6.91263497077078881148e+01
  -6.98982204979526642319e+01
  -7.06719572612641968590e+01
  -7.14476977259415946264e+01
  -7.22255834798515650164e+01
  -7.30057601671825011636e+01
  -7.37883776953484868955e+01
  -7.45735904526390527280e+01
  -7.53615575372445078983e+01
  -7.61524429983277286738e+01
  -7.69464160898440070468e+01
  -7.77436515378614672045e+01
</dep>
<dep S11_phase frequency>
  -1.48489098234766402129e+02
  -1.50954110362145712543e+02
  -1.53371813990948339779e+02
  -1.55743112695162977843e+02
  -1.58069010828892686504e+02
  -1.60350591288128413225e+02
  -1.62588995766043240110e+02
  -1.64785407430510304039e+02
  -1.66941035901257180285e+02
  -1.69057104369786031839e+02
  -1.71134838684842122802e+02
  -1.73175458216776604559e+02
  -1.75180168313001644265e+02
  -1.77150154161622737092e+02
  -1.79086575889443537335e+02
  +1.79009435267666361824e+02
  +1.77136779870691412953e+02
  +1.75294392394298569116e+02
  +1.73481242675149246679e+02
  +1.71696336798668767187e+02
  +1.69938717518318838984e+02
  +1.68207464289513580979e+02
  +1.66501692989336675055e+02
  +1.64820555383358765766e+02
  +1.63163238392010242706e+02
  +1.61528963201130665084e+02
  +1.59916984254431241652e+02
  +1.58326588159588908411e+02
  +1.56757092534452738164e+02
  +1.55207844815334794930e+02
  +1.53678221045474288076e+02
  +1.52167624658432941942e+02
  +1.50675485268359551583e+02
  +1.49201257476659719714e+02
  +1.47744419702570297659e+02
  +1.46304473043452219372e+02
  +1.44880940169172362175e+02
  +1.43473364253772388111e+02
  +1.42081307946627958927e+02
  +1.40704352384503920348e+02
  +1.39342096245237542007e+02
  +1.37994154843255302012e+02
  +1.36660159266693568725e+02
  +1.35339755555543121091e+02
  +1.34032603919986456731e+02
  +1.32738377997869065439e+02
  +1.31456764150107659361e+02
  +1.30187460792717331515e+02
  +1.28930177764062619872e+02
  +1.27684635725892690061e+02
  +1.26450565596694644910e+02
  +1.25227708015889632520e+02
  +1.24015812837410052794e+02
  +1.22814638651216498033e+02
  +1.21623952331339225452e+02
  +1.20443528609076878411e+02
  +1.19273149670013495438e+02
  +1.18112604773578453887e+02
  +1.16961689893908413751e+02
  +1.15820207380834389710e+02
  +1.14687965639858518330e+02
  +1.13564778830043735525e+02
  +1.12450466578791875349e+02
  +1.11344853712529186396e+02
  +1.10247770002378118193e+02
  +1.09159049923933693549e+02
  +1.08078532430315988222e+02
  +1.07006060737711379716e+02
  +1.05941482122661767562e+02
  +1.04884647730396935117e+02
  +1.03835412393553809807e+02
  +1.02793634460653564133e+02
  +1.01759175633752377621e+02
  +1.00731900814710101599e+02
  +9.97116779595556721461e+01
  +9.86983779404585135353e+01
  +9.76918744148431272833e+01
  +9.66920437012126114951e+01
  +9.56987646612705873395e+01
  +9.47119185879595164579e+01
  +9.37313890990490250488e+01
  +9.27570620359371105224e+01
  +9.17888253673429801438e+01
  +9.08265690975874520063e+01
  +8.98701851791817887261e+01
  +8.89195674294544176064e+01
  +8.79746114509651420121e+01
  +8.70352145554719811571e+01
  +8.61012756912255099451e+01
  +8.51726953733830924875e+01
  +8.42493756173437731150e+01
  +8.33312198748185295472e+01
  +8.24181329724597588893e+01
  +8.15100210528842268332e+01
  +8.06067915179325638064e+01
  +7.97083529740188367896e+01
  +7.88146151794280029890e+01
  +7.79254889934313297317e+01
  +7.70408863270934460843e+01
  +7.61607200956512286893e+01
  +7.52849041723546150706e+01
  +7.44133533436594092336e+01
  +7.35459832656723477839e+01
  +7.26827104217502011352e+01
  +7.18234520811619034930e+01
  +7.09681262587239558570e+01
  +7.01166516753257837991e+01
  +6.92689477192639344594e+01
  +6.84249344083068820055e+01
  +6.75845323524169145912e+01
  +6.67476627170555047996e+01
  +6.59142471870047330640e+01
  +6.50842079306346334988e+01
  +6.42574675645541333324e+01
  +6.34339491185789938754e+01
  +6.26135760009570176976e+01
  +6.17962719637881008339e+01
  +6.09819610685803468186e+01
  +6.01705676518824148502e+01
  +5.93620162909358199954e+01
  +5.85562317692879261699e+01
  +5.77531390423092432229e+01
  +5.69526632025579715446e+01
  +5.61547294449358389556e+01
  +5.53592630315756437653e+01
  +5.45661892564062966926e+01
  +5.37754334093346457735e+01
  +5.29869207399870347786e+01
  +5.22005764209504903306e+01
  +5.14163255104532055384e+01
  +5.06340929144220552871e+01
  +4.98538033478543951560e+01
  +4.90753812954392216739e+01
  +4.82987509713605760453e+01
  +4.75238362782150360886e+01
  +4.67505607649722918495e+01
  +4.59788475839050576610e+01
  +4.52086194464124702108e+01
  +4.44397985776589621310e+01
  +4.36723066699444402161e+01
  +4.29060648347230610966e+01
  +4.21409935531783261808e+01
  +4.13770126252645908949e+01
  +4.06140411171149864344e+01
  +3.98519973067157806668e+01
  +3.90907986277382235585e+01
  +3.83303616114188230313e+01
  +3.75706018263671523982e+01
  +3.68114338161799423688e+01
  +3.60527710347300711646e+01
  +3.52945257789942559157e+01
  +3.45366091192751341055e+01
  +3.37789308266645633694e+01
  +3.30213992975907189020e+01
  +3.22639214752763621163e+01
  +3.15064027679323892528e+01
  +3.07487469634964654119e+01
  +2.99908561407189502290e+01
  +2.92326305763832863249e+01
  +2.84739686484405716271e+01
  +2.77147667348201061088e+01
  +2.69549191076691521118e+01
  +2.61943178227544564152e+01
  +2.54328526037501916335e+01
  +2.46704107211120096110e+01
  +2.39068768652266143704e+01
  +2.31421330135038694209e+01
  +2.23760582910579906013e+01
  +2.16085288246078874863e+01
  +2.08394175891978932214e+01
  +2.00685942473228315919e+01
  +1.92959249800127068397e+01
  +1.85212723094064948270e+01
  +1.77444949123166857419e+01
  +1.69654474242585884269e+01
  +1.61839802333830427017e+01
  +1.53999392637230947400e+01
  +1.46131657471269083004e+01
  +1.38234959832148529557e+01
  +1.30307610866616858658e+01
  +1.22347867210601499721e+01
</dep>
<dep S21_dB frequency>
  -2.27441018912768688764e+00
  -2.47142883718662931258e+00
  -2.67287767218686811432e+00
  -2.87840320371171554115e+00
  -3.08768165137933170428e+00
  -3.30041819335113340017e+00
  -3.51634595908464175906e+00
  -3.73522483760689727461e+00
  -3.95684016224772960868e+00
  -4.18100132284590042531e+00
  -4.40754034726079968465e+00
  -4.63631048576855242516e+00
  -4.86718482467603230646e+00
  -5.10005494925960611852e+00
  -5.33482967088970916336e+00
  -5.57143382885984372876e+00
  -5.80980717391300327535e+00
  -6.04990333765046983672e+00
  -6.29168888982198026838e+00
  -6.53514248382741858023e+00
  -6.78025408955731556659e+00
  -7.02702431183248954483e+00
  -7.27546379216601568629e+00
  -7.52559269126017937879e+00
  -7.77744024954757051660e+00
  -8.03104442314148947446e+00
  -8.28645159274204878841e+00
  -8.54371634333357476976e+00
  -8.80290131288706412249e+00
  -9.06407710872753114018e+00
  -9.32732229074190044571e+00
  -9.59272342118078569229e+00
  -9.86037518144115487928e+00
  -1.01303805569176059720e+01
  -1.04028510917828125315e+01
  -1.06779072164025183866e+01
  -1.09556786510403796342e+01
  -1.12363048905567790570e+01
  -1.15199357760026206421e+01
  -1.18067321603528334606e+01
  -1.20968666771802197957e+01
  -1.23905246228523182594e+01
  -1.26879049649169459713e+01
  -1.29892214917834092347e+01
  -1.32947041216750232451e+01
  -1.36046003922571152600e+01
  -1.39191771564189288313e+01
  -1.42387225146059108738e+01
  -1.45635480200387981142e+01
  -1.48939912003842511723e+01
  -1.52304184482922781996e+01
  -1.55732283441161438731e+01
  -1.59228554876341465985e+01
  -1.62797749324310565555e+01
  -1.66445073377466954412e+01
  -1.70176249793134601873e+01
  -1.73997587947485143900e+01
  -1.77916066827262042693e+01
  -1.81939433316648688788e+01
  -1.86076319273922479169e+01
  -1.90336381863927428526e+01
  -1.94730472904618636676e+01
  -1.99270844723666620268e+01
  -2.03971402385037805516e+01
  -2.08848015401140045810e+01
  -2.13918906591409587747e+01
  -2.19205142187363186679e+01
  -2.24731256554400324887e+01
  -2.30526058483828890644e+01
  -2.36623686302904587819e+01
  -2.43065010032342421198e+01
  -2.49899527271952877072e+01
  -2.57187977341796525366e+01
  -2.65006027172385500990e+01
  -2.73449603690113498544e+01
  -2.82642842640702554036e+01
  -2.92750363709330976292e+01
  -3.03997046564227204613e+01
  -3.16701583829647006496e+01
  -3.31337221165566759851e+01
  -3.48651326991536336664e+01
  -3.69928985756912638294e+01
  -3.97677031978229962306e+01
  -4.37930193232366491429e+01
  -5.13492081092156027466e+01
  -6.00538951812444992129e+01
  -4.66635400450394470795e+01
  -4.16787422289688365140e+01
  -3.85673044488101979255e+01
  -3.63079397309165017305e+01
  -3.45377310933352390521e+01
  -3.30852358837487656729e+01
  -3.18557331543538033714e+01
  -3.07913335992870429436e+01
  -2.98540566068653774323e+01
  -2.90176327883692763976e+01
  -2.82631345971993219734e+01
  -2.75764719317987037073e+01
  -2.69468721729536326848e+01
  -2.63659139572367848814e+01
  -2.58268889642365451209e+01
  -2.53243665470508538817e+01
  -2.48538884447211181339e+01
  -2.44117495550466898635e+01
  -2.39948372025453124934e+01
  -2.36005111170717718494e+01
  -2.32265123437787188720e+01
  -2.28708930991243235553e+01
  -2.25319620462837590935e+01
  -2.22082410931389944153e+01
  -2.18984309186798284941e+01
  -2.16013831935323281641e+01
  -2.13160779928425725416e+01
  -2.10416052786821978771e+01
  -2.07771496025820354703e+01
  -2.05219773787043635593e+01
  -2.02754262260301274523e+01
  -2.00368959885521462638e+01
  -1.98058411260409386045e+01
  -1.95817642317236781935e+01
  -1.93642104822969223221e+01
  -1.91527628637970046555e+01
  -1.89470380466546650666e+01
  -1.87466828067533519686e+01
  -1.85513709079431841076e+01
  -1.83608003763575027278e+01
  -1.81746911088380045385e+01
  -1.79927827674503255651e+01
  -1.78148329199326411754e+01
  -1.76406153923450439436e+01
  -1.74699188054626723954e+01
  -1.73025452708108780087e+01
  -1.71383092258474896141e+01
  -1.69770363908023362853e+01
  -1.68185628321949991459e+01
  -1.66627341201601879561e+01
  -1.65094045684823633735e+01
  -1.63584365477459598992e+01
  -1.62096998632789244255e+01
  -1.60630711906494560992e+01
  -1.59184335624049460023e+01
  -1.57756759005312900968e+01
  -1.56346925897946409378e+01
  -1.54953830877118150511e+01
  -1.53576515674047193727e+01
  -1.52214065900310835389e+01
  -1.50865608038675240721e+01
  -1.49530306674502462272e+01
  -1.48207361944709106183e+01
  -1.46896007183763082082e+01
  -1.45595506748452159229e+01
  -1.44305154005084563806e+01
  -1.43024269464519058204e+01
  -1.41752199051940213081e+01
  -1.40488312499621272877e+01
  -1.39232001852122682095e+01
  -1.37982680074425356764e+01
  -1.36739779754437513759e+01
  -1.35502751892150818946e+01
  -1.34271064768478236573e+01
  -1.33044202887469342755e+01
  -1.31821665986215101896e+01
  -1.30602968107271877329e+01
  -1.29387636728963855148e+01
  -1.28175211949322296334e+01
  -1.26965245719858987883e+01
  -1.25757301125721010493e+01
  -1.24550951709101394016e+01
  -1.23345780833116798192e+01
  -1.22141381083605793378e+01
  -1.20937353706604469039e+01
  -1.19733308079471818530e+01
  -1.18528861213879839198e+01
  -1.17323637289090711988e+01
  -1.16117267214163852884e+01
  -1.14909388217910262142e+01
  -1.13699643465618862592e+01
  -1.12487681701756194741e+01
  -1.11273156918019484607e+01
  -1.10055728046320844271e+01
  -1.08835058676424711877e+01
</dep>
<dep S11_dB frequency>
  -3.92660137180893986653e+00
  -3.65467200802128955317e+00
  -3.40459391470280214875e+00
  -3.17424498320668568851e+00
  -2.96175576529530593106e+00
  -2.76547206472442219649e+00
  -2.58392445207119703099e+00
  -2.41580314599585355140e+00
  -2.25993710853087392820e+00
  -2.11527649027587649755e+00
  -1.98087776943384308304e+00
  -1.85589108056563034665e+00
  -1.73954934115533998984e+00
  -1.63115886787587660578e+00
  -1.53009123768581978275e+00
  -1.43577619713143778135e+00
  -1.34769546040750842764e+00
  -1.26537726568404451655e+00
  -1.18839158197680960782e+00
  -1.11634587692859632568e+00
  -1.04888137036635642474e+00
  -9.85669710237660146035e-01
  -9.26410017102658356336e-01
  -8.70826251239500859214e-01
  -8.18664862951599792140e-01
  -7.69692692119853250077e-01
  -7.23695087624954158656e-01
  -6.80474221139483859133e-01
  -6.39847573080421172520e-01
  -6.01646571324913503886e-01
  -5.65715365702855965679e-01
  -5.31909723356545960371e-01
  -5.00096031852441891274e-01
  -4.70150398485292719819e-01
  -4.41957835568351331546e-01
  -4.15411522682329115153e-01
  -3.90412137886695875810e-01
  -3.66867250799620181478e-01
  -3.44690771244317628597e-01
  -3.23802447856974040530e-01
  -3.04127411663548952170e-01
  -2.85595760174482182769e-01
  -2.68142178023725807900e-01
  -2.51705590600848350125e-01
  -2.36228847499997340886e-01
  -2.21658432940621846763e-01
  -2.07944200610057583489e-01
  -1.95039130639785229793e-01
  -1.82899106660286470127e-01
  -1.71482711086961975289e-01
  -1.60751036974831396087e-01
  -1.50667514944764296958e-01
  -1.41197753831566685800e-01
  -1.32309393836530120314e-01
  -1.23971971084680457342e-01
  -1.16156792593234997613e-01
  -1.08836820752411786439e-01
  -1.01986566504879347383e-01
  -9.55819904866248570841e-02
  -8.96004114609548346637e-02
  -8.40204214387831188615e-02
  -7.88218069343046695563e-02
  -7.39854758554108621338e-02
  -6.94933895731234541060e-02
  -6.53284997553898461042e-02
  -6.14746895874540844051e-02
  -5.79167190341853890811e-02
  -5.46401738301538070219e-02
  -5.16314179101844406006e-02
  -4.88775490182878635803e-02
  -4.63663572548252828076e-02
  -4.40862863424868675621e-02
  -4.20263974098770906607e-02
  -4.01763351084141809300e-02
  -3.85262958933953597596e-02
  -3.70669983141245634739e-02
  -3.57896551704437390629e-02
  -3.46859474046573718065e-02
  -3.37479996083307198784e-02
  -3.29683570329674102695e-02
  -3.23399640024438564390e-02
  -3.18561436328341218704e-02
  -3.15105787729190178759e-02
  -3.12972940851104913795e-02
  -3.12106391927404781816e-02
  -3.12452728252397456121e-02
  -3.13961478980825520191e-02
  -3.16584974687746864563e-02
  -3.20278215148559822212e-02
  -3.24998744836300160199e-02
  -3.30706535672147805549e-02
  -3.37363876597257528189e-02
  -3.44935269566864766144e-02
  -3.53387331595276174556e-02
  -3.62688702508531524149e-02
  -3.72809958082896755749e-02
  -3.83723528275951991651e-02
  -3.95403620271052927415e-02
  -4.07826146082186091757e-02
  -4.20968654479629278420e-02
  -4.34810267015895007825e-02
  -4.49331617948189598888e-02
  -4.64514797864922016069e-02
  -4.80343300842039078180e-02
  -4.96801974962845088735e-02
  -5.13876976051954731384e-02
  -5.31555724481821353922e-02
  -5.49826864921090785465e-02
  -5.68680228906792636923e-02
  -5.88106800128903733915e-02
  -6.08098682325202005705e-02
  -6.28649069694844769840e-02
  -6.49752219744401116053e-02
  -6.71403428489893705500e-02
  -6.93599007944321055419e-02
  -7.16336265828505375231e-02
  -7.39613487448061435181e-02
  -7.63429919688514702081e-02
  -7.87785757084336069056e-02
  -8.12682129925327567666e-02
  -8.38121094369903701926e-02
  -8.64105624539904387804e-02
  -8.90639606578542963877e-02
  -9.17727834658220442687e-02
  -9.45376008931081285303e-02
  -9.73590735420808012224e-02
  -1.00237952786032258334e-01
  -1.03175081148551436860e-01
  -1.06171392880197876241e-01
  -1.09227914734645381589e-01
  -1.12345766947254330215e-01
  -1.15526164419558430296e-01
  -1.18770418113819609118e-01
  -1.22079936662614074727e-01
  -1.25456228198885383351e-01
  -1.28900902412991430479e-01
  -1.32415672843611859077e-01
  -1.36002359410703183018e-01
  -1.39662891199023420086e-01
  -1.43399309502066502064e-01
  -1.47213771137043369919e-01
  -1.51108552042508115232e-01
  -1.55086051171362926393e-01
  -1.59148794693188655458e-01
  -1.63299440520972394264e-01
  -1.67540783178577984414e-01
  -1.71875759026878072167e-01
  -1.76307451867802750245e-01
  -1.80839098947199405920e-01
  -1.85474097379100283378e-01
  -1.90216011016079933338e-01
  -1.95068577791890102047e-01
  -2.00035717565294812736e-01
  -2.05121540495947191074e-01
  -2.10330355985696965115e-01
  -2.15666682221768823968e-01
  -2.21135256360669968378e-01
  -2.26741045395283641328e-01
  -2.32489257750949390724e-01
  -2.38385355659827019581e-01
  -2.44435068367371804987e-01
  -2.50644406228655469704e-01
  -2.57019675757487631174e-01
  -2.63567495696219455947e-01
  -2.70294814179996512049e-01
  -2.77208927075298594556e-01
  -2.84317497579490596760e-01
  -2.91628577175370495844e-01
  -2.99150628042818778063e-01
  -3.06892547038545349114e-01
  -3.14863691364483444524e-01
  -3.23073906055878434795e-01
  -3.31533553431934802092e-01
  -3.40253544664262941311e-01
  -3.49245373632599442892e-01
  -3.58521153252132962486e-01
  -3.68093654474127229825e-01
  -3.77976348179425436502e-01
  -3.88183450205124291887e-01
  -3.98729969766857150759e-01
  -4.09631761563982788044e-01
</dep>
<dep Zin_ohm frequency>
  +8.96148311498608109105e+02
  +8.28301522908647825716e+02
  +7.63441058561385375469e+02
  +7.01437701983127794847e+02
  +6.42183886867556907418e+02
  +5.85601639316132150270e+02
  +5.31652173163009024393e+02
  +4.80348750394911860440e+02
  +4.31775013987187264775e+02
  +3.86111832181489376126e+02
  +3.43676473479335470529e+02
  +3.04977399985412432670e+02
  +2.70782137226227291649e+02
  +2.42174948771699718009e+02
  +2.20532356437306077623e+02
  +2.07285210800438903789e+02
  +2.03394263804378852001e+02
  +2.08794113401048605283e+02
  +2.22321078296022676568e+02
  +2.42221546072513262970e+02
  +2.66754217231841948887e+02
  +2.94507689722275529220e+02
  +3.24450431353215776653e+02
  +3.55863949043312459253e+02
  +3.88256746538029176463e+02
  +4.21293618200141679608e+02
  +4.54745166740967022179e+02
  +4.88453630723042465434e+02
  +5.22310143103058408087e+02
  +5.56239597548801498306e+02
  +5.90190494972162696286e+02
  +6.24128049543757015272e+02
  +6.58029444669163808612e+02
  +6.91880523711417140476e+02
  +7.25673451037196173274e+02
  +7.59405038448019695352e+02
  +7.93075534180384579486e+02
  +8.26687737743077718733e+02
  +8.60246347155051466871e+02
  +8.93757473884433125022e+02
  +9.27228280117948429506e+02
  +9.60666706159913587726e+02
  +9.94081264847556212771e+02
  +1.02748088621615238480e+03
  +1.06087480013044387306e+03
  +1.09427244780113665001e+03
  +1.12768341541498216429e+03
  +1.16111738479016480596e+03
  +1.19458409720587269476e+03
  +1.22809332747224834748e+03
  +1.26165486599249811661e+03
  +1.29527850708537835089e+03
  +1.32897404222765612758e+03
  +1.36275125717503919986e+03
  +1.39661993214979133882e+03
  +1.43058984446028557613e+03
  +1.46467077305597399572e+03
  +1.49887250462834140308e+03
  +1.53320484095325900853e+03
  +1.56767760723636069997e+03
  +1.60230066127604163739e+03
  +1.63708390330043221184e+03
  +1.67203728636819164421e+03
  +1.70717082725004456734e+03
  +1.74249461772940776427e+03
  +1.77801883627828169665e+03
  +1.81375376007871477668e+03
  +1.84970977737206931124e+03
  +1.88589740012791867230e+03
  +1.92232727703272530562e+03
  +1.95901020680501210336e+03
  +1.99595715184993514413e+03
  +2.03317925227095838636e+03
  +2.07068784026101047857e+03
  +2.10849445489943627763e+03
  +2.14661085738478277563e+03
  +2.18504904673694909434e+03
  +2.22382127600550848001e+03
  +2.26294006902432602146e+03
  +2.30241823775567718258e+03
  +2.34226890027061244837e+03
  +2.38250549941537337872e+03
  +2.42314182221734972700e+03
  +2.46419202008781303448e+03
  +2.50567062988225279696e+03
  +2.54759259588366421667e+03
  +2.58997329277838889539e+03
  +2.63282854969884692764e+03
  +2.67617467541290125155e+03
  +2.72002848474493339381e+03
  +2.76440732632000572266e+03
  +2.80932911172891681417e+03
  +2.85481234621922067163e+03
  +2.90087616102507990945e+03
  +2.94754034745733815726e+03
  +2.99482539288442330871e+03
  +3.04275251874500600024e+03
  +3.09134372074422481091e+03
  +3.14062181139755102777e+03
  +3.19061046509969173712e+03
  +3.24133426591025272501e+03
  +3.29281875826413988761e+03
  +3.34509050083193233149e+03
  +3.39817712377484394892e+03
  +3.45210738965991322402e+03
  +3.50691125832444959087e+03
  +3.56261995600423006181e+03
  +3.61926604906826560182e+03
  +3.67688352273411783244e+03
  +3.73550786517203687254e+03
  +3.79517615744442855430e+03
  +3.85592716976899419024e+03
  +3.91780146464092513270e+03
  +3.98084150740081031472e+03
  +4.04509178489292798986e+03
  +4.11059893292198739800e+03
  +4.17741187328801152034e+03
  +4.24558196125799076981e+03
  +4.31516314442177827004e+03
  +4.38621213397829706082e+03
  +4.45878858960918933008e+03
  +4.53295531922085956467e+03
  +4.60877849497521492594e+03
  +4.68632788718573829101e+03
  +4.76567711783199865749e+03
  +4.84690393564370970125e+03
  +4.93009051493013248546e+03
  +5.01532378058378435526e+03
  +5.10269576197462083655e+03
  +5.19230397877678842633e+03
  +5.28425186214026507514e+03
  +5.37864921504151243425e+03
  +5.47561271612826385535e+03
  +5.57526647192365908268e+03
  +5.67774262288451973291e+03
  +5.78318200953129689879e+03
  +5.89173490569835848873e+03
  +6.00356182691078174685e+03
  +6.11883442299966191058e+03
  +6.23773646534859472013e+03
  +6.36046494064844955574e+03
  +6.48723126476576180721e+03
  +6.61826263234283760539e+03
  +6.75380352010244314442e+03
  +6.89411736458750237944e+03
  +7.03948843830844907643e+03
  +7.19022395208953821566e+03
  +7.34665641592066367593e+03
  +7.50914629597090242896e+03
  +7.67808501178275855636e+03
  +7.85389832525433575938e+03
  +8.03705018209853824374e+03
  +8.22804707737411990820e+03
  +8.42744302982441877248e+03
  +8.63584526565571468382e+03
  +8.85392073168219758372e+03
  +9.08240358128358093381e+03
  +9.32210380539896686969e+03
  +9.57391721614372727345e+03
  +9.83883703427406726405e+03
  +1.01179673858173191547e+04
  +1.04125390805399911187e+04
  +1.07239281291924726247e+04
  +1.10536775623943503888e+04
  +1.14035232478439957049e+04
  +1.17754245724297143170e+04
  +1.21716010726219101343e+04
  +1.25945763745930307778e+04
  +1.30472311639612798899e+04
  +1.35328673694150493247e+04
  +1.40552863488464518014e+04
  +1.46188846565857438691e+04
  +1.52287720065444718784e+04
  +1.58909174086571256339e+04
  +1.66123312490833923221e+04
  +1.74012934395706324722e+04
  +1.82676408346251373587e+04
  +1.92231310710204888892e+04
  +2.02819049399817376980e+04
  +2.14610752848958836694e+04
  +2.27814766149910283275e+04
</dep>
<dep Zin_norm frequency>
  +1.79229662299721610452e+01
  +1.65660304581729569406e+01
  +1.52688211712277066567e+01
  +1.40287540396625551864e+01
  +1.28436777373511379352e+01
  +1.17120327863226432186e+01
  +1.06330434632601811273e+01
  +9.60697500789823699563e+00
  +8.63550027974374501127e+00
  +7.72223664362978734488e+00
  +6.87352946958670951716e+00
  +6.09954799970824890210e+00
  +5.41564274452454608166e+00
  +4.84349897543399432465e+00
  +4.41064712874612130378e+00
  +4.14570421600877825341e+00
  +4.06788527608757721765e+00
  +4.17588226802097217671e+00
  +4.44642156592045356689e+00
  +4.84443092145026543704e+00
  +5.33508434463683922644e+00
  +5.89015379444551090415e+00
  +6.48900862706431524884e+00
  +7.11727898086624932716e+00
  +7.76513493076058303188e+00
  +8.42587236400283323690e+00
  +9.09490333481934065674e+00
  +9.76907261446084973500e+00
  +1.04462028620611686591e+01
  +1.11247919509760304635e+01
  +1.18038098994432534283e+01
  +1.24825609908751413712e+01
  +1.31605888933832755328e+01
  +1.38376104742283434490e+01
  +1.45134690207439245313e+01
  +1.51881007689603944044e+01
  +1.58615106836076922292e+01
  +1.65337547548615546589e+01
  +1.72049269431010287690e+01
  +1.78751494776886623583e+01
  +1.85445656023589684480e+01
  +1.92133341231982726072e+01
  +1.98816252969511246818e+01
  +2.05496177243230491172e+01
  +2.12174960026088790244e+01
  +2.18854489560227314371e+01
  +2.25536683082996418648e+01
  +2.32223476958032968298e+01
  +2.38916819441174546057e+01
  +2.45618665494449679443e+01
  +2.52330973198499641796e+01
  +2.59055701417075674442e+01
  +2.65794808445531245411e+01
  +2.72550251435007844236e+01
  +2.79323986429958281974e+01
  +2.86117968892057135122e+01
  +2.92934154611194799145e+01
  +2.99774500925668263562e+01
  +3.06640968190651790337e+01
  +3.13535521447272138573e+01
  +3.20460132255208307583e+01
  +3.27416780660086459420e+01
  +3.34407457273638328843e+01
  +3.41434165450008890730e+01
  +3.48498923545881567065e+01
  +3.55603767255656322277e+01
  +3.62750752015742961021e+01
  +3.69941955474413859406e+01
  +3.77179480025583728775e+01
  +3.84465455406545046912e+01
  +3.91802041361002437725e+01
  +3.99191430369987045879e+01
  +4.06635850454191682957e+01
  +4.14137568052202098556e+01
  +4.21698890979887295316e+01
  +4.29322171476956526703e+01
  +4.37009809347389790446e+01
  +4.44764255201101690318e+01
  +4.52588013804865170187e+01
  +4.60483647551135391041e+01
  +4.68453780054122503884e+01
  +4.76501099883074630270e+01
  +4.84628364443469976663e+01
  +4.92838404017562652371e+01
  +5.01134125976450519602e+01
  +5.09518519176732809228e+01
  +5.17994658555677744971e+01
  +5.26565709939769419634e+01
  +5.35234935082580207677e+01
  +5.44005696948986638972e+01
  +5.52881465264001121795e+01
  +5.61865822345783385572e+01
  +5.70962469243844168432e+01
  +5.80175232205016015996e+01
  +5.89508069491467594503e+01
  +5.98965078576884621953e+01
  +6.08550503749001165943e+01
  +6.18268744148844930919e+01
  +6.28124362279510179974e+01
  +6.38122093019938390057e+01
  +6.48266853182050510895e+01
  +6.58563751652827988892e+01
  +6.69018100166386489036e+01
  +6.79635424754968795469e+01
  +6.90421477931982678911e+01
  +7.01382251664889935228e+01
  +7.12523991200846040783e+01
  +7.23853209813653108995e+01
  +7.35376704546823560804e+01
  +7.47101573034407380192e+01
  +7.59035231488885671070e+01
  +7.71185433953798877837e+01
  +7.83560292928185049277e+01
  +7.96168301480162057260e+01
  +8.09018356978585586603e+01
  +8.22119786584397473916e+01
  +8.35482374657602235857e+01
  +8.49116392251598171015e+01
  +8.63032628884355688115e+01
  +8.77242426795659469008e+01
  +8.91757717921837951280e+01
  +9.06591063844171998198e+01
  +9.21755698995042962451e+01
  +9.37265577437147641149e+01
  +9.53135423566399708761e+01
  +9.69380787128741872039e+01
  +9.86018102986026434564e+01
  +1.00306475611675679716e+02
  +1.02053915239492425826e+02
  +1.03846079575535767958e+02
  +1.05685037242805307756e+02
  +1.07572984300830242432e+02
  +1.09512254322565269149e+02
  +1.11505329438473182790e+02
  +1.13554852457690401479e+02
  +1.15663640190625940818e+02
  +1.17834698113967178301e+02
  +1.20071236538215643463e+02
  +1.22376688459993246738e+02
  +1.24754729306971896108e+02
  +1.27209298812968995662e+02
  +1.29744625295315245239e+02
  +1.32365252646856760066e+02
  +1.35076070402048856067e+02
  +1.37882347291750050999e+02
  +1.40789768766168975844e+02
  +1.43804479041790756355e+02
  +1.46933128318413281477e+02
  +1.50182925919418039484e+02
  +1.53561700235655166580e+02
  +1.57077966505086720872e+02
  +1.60741003641970763738e+02
  +1.64560941547482400438e+02
  +1.68548860596488367491e+02
  +1.72716905313114295950e+02
  +1.77078414633643944853e+02
  +1.81648071625671605034e+02
  +1.86442076107979346489e+02
  +1.91478344322874562522e+02
  +1.96776740685481343007e+02
  +2.02359347716346377410e+02
  +2.08250781610799805321e+02
  +2.14478562583849452494e+02
  +2.21073551247887024829e+02
  +2.28070464956879931151e+02
  +2.35508491448594270423e+02
  +2.43432021452438220877e+02
  +2.51891527491860614418e+02
  +2.60944623279225595525e+02
  +2.70657347388300991042e+02
  +2.81105726976929020111e+02
  +2.92377693131714863739e+02
  +3.04575440130889433021e+02
  +3.17818348173142510404e+02
  +3.32246624981667878274e+02
  +3.48025868791412619885e+02
  +3.65352816692502756268e+02
  +3.84462621420409789152e+02
  +4.05638098799634747138e+02
  +4.29221505697917677935e+02
  +4.55629532299820539265e+02
</dep>
<dep S[2,2] frequency>
  -5.42481670917789982056e-01-j3.32575192217238024828e-01
  -5.73974590348680813179e-01-j3.18760538587904596053e-01
  -6.04053897990118882078e-01-j3.02859424798879117713e-01
  -6.32624109746178886482e-01-j2.85067863497134477146e-01
  -6.59612761266971547869e-01-j2.65577133361109385401e-01
  -6.84967943381819210913e-01-j2.44571891954634579314e-01
  -7.08655882037847240085e-01-j2.22228771874335567782e-01
  -7.30658619733133840590e-01-j1.98715394168621994897e-01
  -7.50971837863633862042e-01-j1.74189734296312737083e-01
  -7.69602844854673562303e-01-j1.48799779702277673588e-01
  -7.86568743303803552536e-01-j1.22683423463465141046e-01
  -8.01894780356526060139e-01-j9.59685446567954264507e-02
  -8.15612878830644483230e-01-j6.87732325662204768690e-02
  -8.27760341832630697212e-01-j4.12061181887711722172e-02
  -8.38378720414640676850e-01-j1.33667824605203169885e-02
  -8.47512831874566052726e-01+j1.46537839497124754151e-02
  -8.55209915316332724977e-01+j4.27726896146487928219e-02
  -8.61518910818274696872e-01+j7.09146362403504787464e-02
  -8.66489848802934559124e-01+j9.90114100515581130324e-02
  -8.70173336799858754276e-01+j1.27001380244309902690e-01
  -8.72620131618371042137e-01+j1.54829011595414012259e-01
  -8.73880785902090617689e-01+j1.82444396289278221168e-01
  -8.74005359050934904630e-01+j2.09802808390785744397e-01
  -8.73043183516552079304e-01+j2.36864283097240529985e-01
  -8.71042678468741948805e-01+j2.63593221890573770061e-01
  -8.68051203769129364751e-01+j2.89958023933999942123e-01
  -8.64114948060312193512e-01+j3.15930743472860264820e-01
  -8.59278845576074368218e-01+j3.41486772570894436818e-01
  -8.53586516998754984975e-01+j3.66604548209977010309e-01
  -8.47080230334112393997e-01+j3.91265282576683470772e-01
  -8.39800878345471013553e-01+j4.15452715231987623756e-01
  -8.31787969591877396347e-01+j4.39152885793048952667e-01
  -8.23079630555146879445e-01+j4.62353925733677117993e-01
  -8.13712616723735848723e-01+j4.85045867921554463287e-01
  -8.03722330832860154537e-01+j5.07220472546278333681e-01
  -7.93142846746500040922e-01+j5.28871068144969092018e-01
  -7.82006937712336980262e-01+j5.49992406496789931758e-01
  -7.70346107931047296979e-01+j5.70580530228784077451e-01
  -7.58190626560601210748e-01+j5.90632652050555817524e-01
  -7.45569563428684412010e-01+j6.10147044611056066366e-01
  -7.32510825855565372855e-01+j6.29122940046149881077e-01
  -7.19041196098950674553e-01+j6.47560438358497858502e-01
  -7.05186369024395354188e-01+j6.65460423841377379794e-01
  -6.90970989682043623681e-01+j6.82824488824529174380e-01
  -6.76418690535364297567e-01+j6.99654864082196792374e-01
  -6.61552128141378870119e-01+j7.15954355302006795192e-01
  -6.46393019127002532720e-01+j7.31726285067010651098e-01
  -6.30962175343259157323e-01+j7.46974439853135274703e-01
  -6.15279538109898882503e-01+j7.61703021589992146367e-01
  -5.99364211488217168977e-01+j7.75916603374876112653e-01
  -5.83234494540542547369e-01+j7.89620088968022604270e-01
  -5.66907912551551596003e-01+j8.02818675732112074783e-01
  -5.50401247200195897769e-01+j8.15517820710621177405e-01
  -5.33730565681813207135e-01+j8.27723209568359541422e-01
  -5.16911248788535337972e-01+j8.39440728143658887461e-01
  -4.99958017962949863300e-01+j8.50676436385108591942e-01
  -4.82884961344930974114e-01+j8.61436544467202081066e-01
  -4.65705558835690647257e-01+j8.71727390898354159710e-01
  -4.48432706205747655392e-01+j8.81555422452249382026e-01
  -4.31078738275675221736e-01+j8.90927175769045121001e-01
  -4.13655451199682056007e-01+j8.99849260487211588533e-01
  -3.96174123882910234062e-01+j9.08328343779457259011e-01
  -3.78645538563661399056e-01+j9.16371136177707046322e-01
  -3.61080000591614380667e-01+j9.23984378582529020107e-01
  -3.43487357432930517920e-01+j9.31174830361689243041e-01
  -3.25877016932478724698e-01+j9.37949258451007183979e-01
  -3.08257964862822808616e-01+j9.44314427378289411585e-01
  -2.90638781788737365908e-01+j9.50277090137982116680e-01
  -2.73027659275194678479e-01+j9.55843979850442670987e-01
  -2.55432415465703555046e-01+j9.61021802145314185672e-01
  -2.37860510057069540757e-01+j9.65817228213579070939e-01
  -2.20319058695459618624e-01+j9.70236888477492342986e-01
  -2.02814846817816557545e-01+j9.74287366831736112438e-01
  -1.85354342961572243764e-01+j9.77975195412944753315e-01
  -1.67943711564695202787e-01+j9.81306849858178065205e-01
  -1.50588825277139126690e-01+j9.84288745016023924883e-01
  -1.33295276803840179181e-01+j9.86927231076884847738e-01
  -1.16068390298540977112e-01+j9.89228590091555615160e-01
  -9.89132323268359925361e-02+j9.91199032849575556448e-01
  -8.18346224160881596799e-02+j9.92844696090981693182e-01
  -6.48371432089663857212e-02+j9.94171640027054381861e-01
  -4.79251502367461709730e-02+j9.95185846147469077572e-01
  -3.11027813277264773839e-02+j9.95893215292869782296e-01
  -1.43739656654192343027e-02+j9.96299565973435941046e-01
  +2.25756748935466294848e-03+j9.96410632915381788699e-01
  +1.87882803990676791606e-02+j9.96232065818606904450e-01
  +3.52148187598985210056e-02+j9.95769428309886683870e-01
  +5.15340039095895305343e-02+j9.95028197077090337253e-01
  +6.77428253209803321599e-02+j9.94013761170894571961e-01
  +8.38384333698447559158e-02+j9.92731421461400365125e-01
  +9.98181323662008374020e-02+j9.91186390237903225398e-01
  +1.15679373838644877770e-01+j9.89383790940874807696e-01
  +1.31419750061709639244e-01+j9.87328658015921289959e-01
  +1.47036987816630826398e-01+j9.85025936880200458923e-01
  +1.62528942376281321236e-01+j9.82480483992373976321e-01
  +1.77893591705368808720e-01+j9.79697067017804568145e-01
  +1.93129030867371015434e-01+j9.76680365081202261912e-01
  +2.08233466629951152749e-01+j9.73434969099493896394e-01
  +2.23205212260923518963e-01+j9.69965382188117342110e-01
  +2.38042682507147801418e-01+j9.66276020134413382578e-01
  +2.52744388748936343880e-01+j9.62371211932208092676e-01
  +2.67308934322900593195e-01+j9.58255200372043036694e-01
  +2.81735010006336605848e-01+j9.53932142681902517367e-01
  +2.96021389656529076984e-01+j9.49406111213609071875e-01
  +3.10166925998545339738e-01+j9.44681094170395030396e-01
  +3.24170546555321514859e-01+j9.39760996371443613207e-01
  +3.38031249714023540598e-01+j9.34649640049470709080e-01
  +3.51748100922868789375e-01+j9.29350765677727452818e-01
  +3.65320229012768837862e-01+j9.23868032822980689289e-01
  +3.78746822638308167086e-01+j9.18205021021325062947e-01
  +3.92027126832773131770e-01+j9.12365230673881533185e-01
  +4.05160439672030303626e-01+j9.06352083959632959242e-01
  +4.18146109042292435376e-01+j9.00168925762858340711e-01
  +4.30983529506828055844e-01+j8.93819024612818258113e-01
  +4.43672139266919507428e-01+j8.87305573633501154518e-01
  +4.56211417212378844699e-01+j8.80631691501428170987e-01
  +4.68600880057144453250e-01+j8.73800423409660909080e-01
  +4.80840079555500676811e-01+j8.66814742036303709227e-01
  +4.92928599794630772912e-01+j8.59677548515942691054e-01
  +5.04866054559236498989e-01+j8.52391673412608685823e-01
  +5.16652084764098851188e-01+j8.44959877692952998629e-01
  +5.28286355950500774448e-01+j8.37384853698483699880e-01
  +5.39768555842499164754e-01+j8.29669226115802627142e-01
  +5.51098391959097044790e-01+j8.21815552943927829510e-01
  +5.62275589278454890341e-01+j8.13826326457852800011e-01
  +5.73299887950258102443e-01+j8.05703974167664926931e-01
  +5.84171041052480077838e-01+j7.97450859772586007068e-01
  +5.94888812388752796778e-01+j7.89069284109451651865e-01
  +6.05452974322607695434e-01+j7.80561486095213474812e-01
  +6.15863305644873570976e-01+j7.71929643663175846235e-01
  +6.26119589470525927943e-01+j7.63175874692748279493e-01
  +6.36221611161278732816e-01+j7.54302237932619301652e-01
  +6.46169156270215871984e-01+j7.45310733917349477196e-01
  +6.55962008504758498084e-01+j7.36203305877464964091e-01
  +6.65599947704221484024e-01+j7.26981840643264987101e-01
  +6.75082747828204432494e-01+j7.17648169542628888706e-01
  +6.84410174952033822926e-01+j7.08204069293245308536e-01
  +6.93581985265404488139e-01+j6.98651262889752988627e-01
  +7.02597923070337304630e-01+j6.88991420486466332740e-01
  +7.11457718774512470894e-01+j6.79226160276389490100e-01
  +7.20161086875934497442e-01+j6.69357049367429679521e-01
  +7.28707723934853390801e-01+j6.59385604656786306066e-01
  +7.37097306528723961172e-01+j6.49313293704693150765e-01
  +7.45329489185926896688e-01+j6.39141535608777733302e-01
  +7.53403902293822924641e-01+j6.28871701880508893190e-01
  +7.61320149976639548584e-01+j6.18505117325335640466e-01
  +7.69077807938474911076e-01+j6.08043060928346701388e-01
  +7.76676421266643157715e-01+j5.97486766747410302791e-01
  +7.84115502190350199818e-01+j5.86837424816037289688e-01
  +7.91394527789566204490e-01+j5.76096182058384753688e-01
  +7.98512937648716891736e-01+j5.65264143219084358449e-01
  +8.05470131449677051449e-01+j5.54342371810862655224e-01
  +8.12265466498272359352e-01+j5.43331891083167706213e-01
  +8.18898255178269529608e-01+j5.32233685015405688645e-01
  +8.25367762326632892211e-01+j5.21048699338661380764e-01
  +8.31673202523467991476e-01+j5.09777842590206753393e-01
  +8.37813737289869964187e-01+j4.98421987205500349738e-01
  +8.43788472186524529661e-01+j4.86981970652838602742e-01
  +8.49596453805628537559e-01+j4.75458596616286810477e-01
  +8.55236666648321985917e-01+j4.63852636233126114362e-01
  +8.60708029879476810287e-01+j4.52164829392562028776e-01
  +8.66009393951291506220e-01+j4.40395886103189582172e-01
  +8.71139537086752957507e-01+j4.28546487937319808825e-01
  +8.76097161613571651095e-01+j4.16617289561189707570e-01
  +8.80880890138787675525e-01+j4.04608920360805313088e-01
  +8.85489261553747741829e-01+j3.92521986174234782663e-01
  +8.89920726858679733695e-01+j3.80357071142159608446e-01
  +8.94173644795607902580e-01+j3.68114739689629488772e-01
  +8.98246277277782501081e-01+j3.55795538653308762722e-01
  +9.02136784603329022758e-01+j3.43399999569791503085e-01
  +9.05843220440206153832e-01+j3.30928641142198665115e-01
  +9.09363526569063274074e-01+j3.18381971903914096078e-01
  +9.12695527369989267896e-01+j3.05760493100178665227e-01
  +9.15836924038606947640e-01+j2.93064701810332284282e-01
  +9.18785288516382969703e-01+j2.80295094335779315653e-01
  +9.21538057119545728213e-01+j2.67452169881200241264e-01
  +9.24092523850398639418e-01+j2.54536434559340274397e-01
  +9.26445833374436977792e-01+j2.41548405752709138827e-01
  +9.28594973646171717441e-01+j2.28488616868886301736e-01
  +9.30536768166255523482e-01+j2.15357622529855380344e-01
  +9.32267867852218712343e-01+j2.02156004239773229303e-01
</dep>
<dep S[2,1] frequency>
  +4.02064679677153591353e-01-j6.56252632466424290492e-01
  +3.65105427304604990280e-01-j6.57838166131685442295e-01
  +3.29316714884764105697e-01-j6.57226471249335308933e-01
  +2.94796777559760192489e-01-j6.54609025697594049120e-01
  +2.61620938186994445029e-01-j6.50172659382332041034e-01
  +2.29844067974394217213e-01-j6.44097669961775753933e-01
  +1.99503002654264349758e-01-j6.36556421709027153710e-01
  +1.70618857186560446415e-01-j6.27712361490941117559e-01
  +1.43199199558736445237e-01-j6.17719387131709041228e-01
  +1.17240058802580399133e-01-j6.06721507238577206778e-01
  +9.27277539959205782116e-02-j5.94852736943171533923e-01
  +6.96405400249986011874e-02-j5.82237180210041338491e-01
  +4.79500725910383743256e-02-j5.68989255830054774243e-01
  +2.76226997184083576664e-02-j5.55214030558821236561e-01
  +8.62059021762847516035e-03-j5.41007628821761010762e-01
  -9.09728849638509994013e-03-j5.26457693834437190361e-01
  -2.55743298446961531134e-02-j5.11643879803499346259e-01
  -4.08555711273106900161e-02-j4.96638359060040779358e-01
  -5.49870867578492739103e-02-j4.81506331550796640162e-01
  -6.80154788771344387399e-02-j4.66306527115300850639e-01
  -7.99874533580534896604e-02-j4.51091693461375176089e-01
  -9.09494701688444984189e-02-j4.35909064780708510600e-01
  -1.00947458075851134729e-01-j4.20800807578280255949e-01
  -1.10026584687047887523e-01-j4.05804441585289332739e-01
  -1.18231073829308669376e-01-j3.90953234637284097186e-01
  -1.25604063191167653057e-01-j3.76276571176349994285e-01
  -1.32187496034934653943e-01-j3.61800294620924167699e-01
  -1.38022041579502263708e-01-j3.47547024275379867753e-01
  -1.43147039375864065791e-01-j3.33536447754961662415e-01
  -1.47600463641783558044e-01-j3.19785590106448636138e-01
  -1.51418904093672368472e-01-j3.06309060932086096862e-01
  -1.54637560316905647850e-01-j2.93119280891845246373e-01
  -1.57290247156137624751e-01-j2.80226688981511484755e-01
  -1.59409408990431961106e-01-j2.67639931972687816764e-01
  -1.61026141089804897266e-01-j2.55366037364962661371e-01
  -1.62170216536088013237e-01-j2.43410571147783444390e-01
  -1.62870117436773903519e-01-j2.31777781605104121754e-01
  -1.63153069371043818458e-01-j2.20470730324827390856e-01
  -1.63045078186614122995e-01-j2.09491411499950208608e-01
  -1.62570968418781075515e-01-j1.98840860532636082292e-01
  -1.61754422732413416508e-01-j1.88519252877011489478e-01
  -1.60618021897132590148e-01-j1.78525993983607994542e-01
  -1.59183284898096771842e-01-j1.68859801138271592436e-01
  -1.57470708862286618013e-01-j1.59518777921887899840e-01
  -1.55499808545228684897e-01-j1.50500481955107096033e-01
  -1.53289155177164598820e-01-j1.41801986533769575072e-01
  -1.50856414512967468289e-01-j1.33419936706978159435e-01
  -1.48218383967439304438e-01-j1.25350600299774572743e-01
  -1.45391028748567491258e-01-j1.17589914336608022949e-01
  -1.42389516926784642781e-01-j1.10133527279815873756e-01
  -1.39228253399053342187e-01-j1.02976837459010206466e-01
  -1.35920912723528491961e-01-j9.61150280322648625786e-02
  -1.32480470814237444310e-01-j8.95430987882649132015e-02
  -1.28919235496233713922e-01-j8.32558950697634414517e-02
  -1.25248875930283859459e-01-j7.72481340724364418104e-02
  -1.21480450923150740117e-01-j7.15144287496822933514e-02
  -1.17624436144637217749e-01-j6.60493095323654438866e-02
  -1.13690750276738528068e-01-j6.08472440532241490296e-02
  -1.09688780123064238969e-01-j5.59026550481199896447e-02
  -1.05627404708910993536e-01-j5.12099365905413841937e-02
  -1.01515018403659659785e-01-j4.67634688014618299379e-02
  -9.73595530980835427437e-02-j4.25576311638112270153e-02
  -9.31684994695447521451e-02-j3.85868145591967762198e-02
  -8.89489273679889558277e-02-j3.48454321339565706306e-02
  -8.47075053555112478243e-02-j3.13279290922150108201e-02
  -8.04505194316918748054e-02-j2.80287915049778381393e-02
  -7.61838909763191268754e-02-j2.49425542166127264809e-02
  -7.19131939402908176850e-02-j2.20638079230164943501e-02
  -6.76436713147174073502e-02-j1.93872054894595295671e-02
  -6.33802509071651476447e-02-j1.69074675703242312264e-02
  -5.91275604532297271998e-02-j1.46193875877979502509e-02
  -5.48899420904376267316e-02-j1.25178361218018924239e-02
  -5.06714662206476096351e-02-j1.05977647592136459131e-02
  -4.64759447860297950084e-02-j8.85420944649411255367e-03
  -4.23069439827919516195e-02-j7.28229338631635435275e-03
  -3.81677964358412072365e-02-j5.87722951555953634223e-03
  -3.40616128566428935653e-02-j4.63432259908524123160e-03
  -2.99912932056602722641e-02-j3.54897097103150154992e-03
  -2.59595373798472625615e-02-j2.61666795290437653732e-03
  -2.19688554449089384901e-02-j1.83300297550728608607e-03
  -1.80215774311142419573e-02-j1.19366242968516815363e-03
  -1.41198627108260130192e-02-j6.94430268967560358935e-04
  -1.02657089750572312614e-02-j3.31188385494905475175e-04
  -6.46096082569206676960e-03-j9.99167789716254951598e-05
  -2.70731799938295648184e-03+j3.30646302266794173347e-06
  +9.93656761574842348553e-04-j1.76946435690857255903e-05
  +4.64053017668448510025e-03-j1.59193631906160012416e-04
  +8.23199121883748038964e-03-j4.17561095443586785970e-04
  +1.17668442165231104668e-02-j7.89264071199330635546e-04
  +1.52440022535815476734e-02-j1.27086530761367339469e-03
  +1.86624808539989396616e-02-j1.85902242859748855104e-03
  +2.20213919396706377107e-02-j2.55048700453335388041e-03
  +2.53199380495631350130e-02-j3.34210354020161599237e-03
  +2.85574068091286326077e-02-j4.23080838888692696564e-03
  +3.17331656392451366688e-02-j5.21362860122222358111e-03
  +3.48466566943516214971e-02-j6.28768071671826321578e-03
  +3.78973920198533709147e-02-j7.45016950533993783934e-03
  +4.08849489192172829699e-02-j8.69838666591543976936e-03
  +4.38089655215261955523e-02-j1.00297094877028012544e-02
  +4.66691365406217348322e-02-j1.14415994809161092327e-02
  +4.94652092172473342724e-02-j1.29316009816017995354e-02
  +5.21969794359322877830e-02-j1.44973397358306877597e-02
  +5.48642880086539705409e-02-j1.61365214677784037101e-02
  +5.74670171175667571228e-02-j1.78469304359189680220e-02
  +6.00050869093810348986e-02-j1.96264279812056741115e-02
  +6.24784522342198000988e-02-j2.14729510708024234900e-02
  +6.48870995220077323440e-02-j2.33845108406378204835e-02
  +6.72310437897158663656e-02-j2.53591911397652788884e-02
  +6.95103257729636769824e-02-j2.73951470792602735926e-02
  +7.17250091757232199896e-02-j2.94906035881502964768e-02
  +7.38751780320583417705e-02-j3.16438539786211697757e-02
  +7.59609341740142690602e-02-j3.38532585225575013976e-02
  +7.79823947999925687347e-02-j3.61172430412636732977e-02
  +7.99396901380505925383e-02-j3.84342975100020745050e-02
  +8.18329611988111993437e-02-j4.08029746788569763760e-02
  +8.36623576127458884466e-02-j4.32218887112062327693e-02
  +8.54280355468115676354e-02-j4.56897138409805905757e-02
  +8.71301556954891948115e-02-j4.82051830497021369104e-02
  +8.87688813414718308481e-02-j5.07670867641821094152e-02
  +9.03443764813074007280e-02-j5.33742715756003252570e-02
  +9.18568040114623313164e-02-j5.60256389805942403570e-02
  +9.33063239703531138725e-02-j5.87201441448303856907e-02
  +9.46930918320042780412e-02-j6.14567946894628708288e-02
  +9.60172568470500781279e-02-j6.42346495007182216597e-02
  +9.72789604269354707400e-02-j6.70528175628098271899e-02
  +9.84783345671798177046e-02-j6.99104568142174809253e-02
  +9.96155003056817950347e-02-j7.28067730273333907354e-02
  +1.00690566212078405628e-01-j7.57410187113331523356e-02
  +1.01703626904220995053e-01-j7.87124920380744136361e-02
  +1.02654761587882462082e-01-j8.17205357907076074264e-02
  +1.03544032615834363797e-01-j8.47645363346323232889e-02
  +1.04371484062459773945e-01-j8.78439226102964432208e-02
  +1.05137140310081533823e-01-j9.09581651472972513295e-02
  +1.05841004643203118185e-01-j9.41067750991171486641e-02
  +1.06483057846844947347e-01-j9.72893032977624749869e-02
  +1.07063256805145820549e-01-j1.00505339327458920184e-01
  +1.07581533096413675676e-01-j1.03754510616496251063e-01
  +1.08037791580732400742e-01-j1.07036481546182185576e-01
  +1.08431908976217517004e-01-j1.10350952575774832742e-01
  +1.08763732419985104105e-01-j1.13697659382181570642e-01
  +1.09033078009791117857e-01-j1.17076372013057525279e-01
  +1.09239729322280071377e-01-j1.20486894051854823151e-01
  +1.09383435903658732258e-01-j1.23929061793215694598e-01
  +1.09463911728551466229e-01-j1.27402743427000808563e-01
  +1.09480833622668943805e-01-j1.30907838229062128965e-01
  +1.09433839644823172055e-01-j1.34444275756749803685e-01
  +1.09322527423674348279e-01-j1.38012015046931502127e-01
  +1.09146452444469591048e-01-j1.41611043814169140775e-01
  +1.08905126280873482125e-01-j1.45241377646444430605e-01
  +1.08598014766825526345e-01-j1.48903059195660880665e-01
  +1.08224536103151192101e-01-j1.52596157359869283310e-01
  +1.07784058893505244048e-01-j1.56320766453935999785e-01
  +1.07275900103954324738e-01-j1.60077005365088259614e-01
  +1.06699322940304167084e-01-j1.63865016689439813025e-01
  +1.06053534637037483179e-01-j1.67684965845300182341e-01
  +1.05337684151432214863e-01-j1.71537040158680542667e-01
  +1.04550859756173147863e-01-j1.75421447916001338463e-01
  +1.03692086523448648294e-01-j1.79338417378580000650e-01
  +1.02760323693214597474e-01-j1.83288195752985660913e-01
  +1.01754461917959601602e-01-j1.87271048110801918707e-01
  +1.00673320375938374349e-01-j1.91287256250776943611e-01
  +9.95156437444665864511e-02-j1.95337117495655160360e-01
  +9.82800990244692695974e-02-j1.99420943415345525151e-01
  +9.69652722070307448998e-02-j2.03539058467202604863e-01
  +9.55696647722787950840e-02-j2.07691798543449379633e-01
  +9.40916900104467740507e-02-j2.11879509414735656136e-01
  +9.25296691544803678875e-02-j2.16102545057831635367e-01
  +9.08818273130663489834e-02-j2.20361265854328691738e-01
  +8.91462891924136163757e-02-j2.24656036645886875158e-01
  +8.73210745946134403450e-02-j2.28987224630285896021e-01
  +8.54040936798249050721e-02-j2.33355197080902271312e-01
  +8.33931419790104461187e-02-j2.37760318870618131415e-01
  +8.12858951433527987529e-02-j2.42202949779280835019e-01
  +7.90799034159454516946e-02-j2.46683441561802080377e-01
  +7.67725858107811548470e-02-j2.51202134751681183111e-01
  +7.43612239835341748417e-02-j2.55759355172307967230e-01
  +7.18429557781046224108e-02-j2.60355410125603592419e-01
  +6.92147684324307260750e-02-j2.64990584224540914882e-01
  +6.64734914266273124728e-02-j2.69665134832760444716e-01
  +6.36157889561745348850e-02-j2.74379287070742439170e-01
  +6.06381520125884795891e-02-j2.79133228344051242953e-01
</dep>
<dep S[1,2] frequency>
  +4.02064679677153591353e-01-j6.56252632466424290492e-01
  +3.65105427304604990280e-01-j6.57838166131685442295e-01
  +3.29316714884764105697e-01-j6.57226471249335308933e-01
  +2.94796777559760192489e-01-j6.54609025697594049120e-01
  +2.61620938186994445029e-01-j6.50172659382332041034e-01
  +2.29844067974394217213e-01-j6.44097669961775753933e-01
  +1.99503002654264349758e-01-j6.36556421709027153710e-01
  +1.70618857186560446415e-01-j6.27712361490941117559e-01
  +1.43199199558736445237e-01-j6.17719387131709041228e-01
  +1.17240058802580399133e-01-j6.06721507238577206778e-01
  +9.27277539959205782116e-02-j5.94852736943171533923e-01
  +6.96405400249986011874e-02-j5.82237180210041338491e-01
  +4.79500725910383743256e-02-j5.68989255830054774243e-01
  +2.76226997184083576664e-02-j5.55214030558821236561e-01
  +8.62059021762847516035e-03-j5.41007628821761010762e-01
  -9.09728849638509994013e-03-j5.26457693834437190361e-01
  -2.55743298446961531134e-02-j5.11643879803499346259e-01
  -4.08555711273106900161e-02-j4.96638359060040779358e-01
  -5.49870867578492739103e-02-j4.81506331550796640162e-01
  -6.80154788771344387399e-02-j4.66306527115300850639e-01
  -7.99874533580534896604e-02-j4.51091693461375176089e-01
  -9.09494701688444984189e-02-j4.35909064780708510600e-01
  -1.00947458075851134729e-01-j4.20800807578280255949e-01
  -1.10026584687047887523e-01-j4.05804441585289332739e-01
  -1.18231073829308669376e-01-j3.90953234637284097186e-01
  -1.25604063191167653057e-01-j3.76276571176349994285e-01
  -1.32187496034934653943e-01-j3.61800294620924167699e-01
  -1.38022041579502263708e-01-j3.47547024275379867753e-01
  -1.43147039375864065791e-01-j3.33536447754961662415e-01
  -1.47600463641783558044e-01-j3.19785590106448636138e-01
  -1.51418904093672368472e-01-j3.06309060932086096862e-01
  -1.54637560316905647850e-01-j2.93119280891845246373e-01
  -1.57290247156137624751e-01-j2.80226688981511484755e-01
  -1.59409408990431961106e-01-j2.67639931972687816764e-01
  -1.61026141089804897266e-01-j2.55366037364962661371e-01
  -1.62170216536088013237e-01-j2.43410571147783444390e-01
  -1.62870117436773903519e-01-j2.31777781605104121754e-01
  -1.63153069371043818458e-01-j2.20470730324827390856e-01
  -1.63045078186614122995e-01-j2.09491411499950208608e-01
  -1.62570968418781075515e-01-j1.98840860532636082292e-01
  -1.61754422732413416508e-01-j1.88519252877011489478e-01
  -1.60618021897132590148e-01-j1.78525993983607994542e-01
  -1.59183284898096771842e-01-j1.68859801138271592436e-01
  -1.57470708862286618013e-01-j1.59518777921887899840e-01
  -1.55499808545228684897e-01-j1.50500481955107096033e-01
  -1.53289155177164598820e-01-j1.41801986533769575072e-01
  -1.50856414512967468289e-01-j1.33419936706978159435e-01
  -1.48218383967439304438e-01-j1.25350600299774572743e-01
  -1.45391028748567491258e-01-j1.17589914336608022949e-01
  -1.42389516926784642781e-01-j1.10133527279815873756e-01
  -1.39228253399053342187e-01-j1.02976837459010206466e-01
  -1.35920912723528491961e-01-j9.61150280322648625786e-02
  -1.32480470814237444310e-01-j8.95430987882649132015e-02
  -1.28919235496233713922e-01-j8.32558950697634414517e-02
  -1.25248875930283859459e-01-j7.72481340724364418104e-02
  -1.21480450923150740117e-01-j7.15144287496822933514e-02
  -1.17624436144637217749e-01-j6.60493095323654438866e-02
  -1.13690750276738528068e-01-j6.08472440532241490296e-02
  -1.09688780123064238969e-01-j5.59026550481199896447e-02
  -1.05627404708910993536e-01-j5.12099365905413841937e-02
  -1.01515018403659659785e-01-j4.67634688014618299379e-02
  -9.73595530980835427437e-02-j4.25576311638112270153e-02
  -9.31684994695447521451e-02-j3.85868145591967762198e-02
  -8.89489273679889558277e-02-j3.48454321339565706306e-02
  -8.47075053555112478243e-02-j3.13279290922150108201e-02
  -8.04505194316918748054e-02-j2.80287915049778381393e-02
  -7.61838909763191268754e-02-j2.49425542166127264809e-02
  -7.19131939402908176850e-02-j2.20638079230164943501e-02
  -6.76436713147174073502e-02-j1.93872054894595295671e-02
  -6.33802509071651476447e-02-j1.69074675703242312264e-02
  -5.91275604532297271998e-02-j1.46193875877979502509e-02
  -5.48899420904376267316e-02-j1.25178361218018924239e-02
  -5.06714662206476096351e-02-j1.05977647592136459131e-02
  -4.64759447860297950084e-02-j8.85420944649411255367e-03
  -4.23069439827919516195e-02-j7.28229338631635435275e-03
  -3.81677964358412072365e-02-j5.87722951555953634223e-03
  -3.40616128566428935653e-02-j4.63432259908524123160e-03
  -2.99912932056602722641e-02-j3.54897097103150154992e-03
  -2.59595373798472625615e-02-j2.61666795290437653732e-03
  -2.19688554449089384901e-02-j1.83300297550728608607e-03
  -1.80215774311142419573e-02-j1.19366242968516815363e-03
  -1.41198627108260130192e-02-j6.94430268967560358935e-04
  -1.02657089750572312614e-02-j3.31188385494905475175e-04
  -6.46096082569206676960e-03-j9.99167789716254951598e-05
  -2.70731799938295648184e-03+j3.30646302266794173347e-06
  +9.93656761574842348553e-04-j1.76946435690857255903e-05
  +4.64053017668448510025e-03-j1.59193631906160012416e-04
  +8.23199121883748038964e-03-j4.17561095443586785970e-04
  +1.17668442165231104668e-02-j7.89264071199330635546e-04
  +1.52440022535815476734e-02-j1.27086530761367339469e-03
  +1.86624808539989396616e-02-j1.85902242859748855104e-03
  +2.20213919396706377107e-02-j2.55048700453335388041e-03
  +2.53199380495631350130e-02-j3.34210354020161599237e-03
  +2.85574068091286326077e-02-j4.23080838888692696564e-03
  +3.17331656392451366688e-02-j5.21362860122222358111e-03
  +3.48466566943516214971e-02-j6.28768071671826321578e-03
  +3.78973920198533709147e-02-j7.45016950533993783934e-03
  +4.08849489192172829699e-02-j8.69838666591543976936e-03
  +4.38089655215261955523e-02-j1.00297094877028012544e-02
  +4.66691365406217348322e-02-j1.14415994809161092327e-02
  +4.94652092172473342724e-02-j1.29316009816017995354e-02
  +5.21969794359322877830e-02-j1.44973397358306877597e-02
  +5.48642880086539705409e-02-j1.61365214677784037101e-02
  +5.74670171175667571228e-02-j1.78469304359189680220e-02
  +6.00050869093810348986e-02-j1.96264279812056741115e-02
  +6.24784522342198000988e-02-j2.14729510708024234900e-02
  +6.48870995220077323440e-02-j2.33845108406378204835e-02
  +6.72310437897158663656e-02-j2.53591911397652788884e-02
  +6.95103257729636769824e-02-j2.73951470792602735926e-02
  +7.17250091757232199896e-02-j2.94906035881502964768e-02
  +7.38751780320583417705e-02-j3.16438539786211697757e-02
  +7.59609341740142690602e-02-j3.38532585225575013976e-02
  +7.79823947999925687347e-02-j3.61172430412636732977e-02
  +7.99396901380505925383e-02-j3.84342975100020745050e-02
  +8.18329611988111993437e-02-j4.08029746788569763760e-02
  +8.36623576127458884466e-02-j4.32218887112062327693e-02
  +8.54280355468115676354e-02-j4.56897138409805905757e-02
  +8.71301556954891948115e-02-j4.82051830497021369104e-02
  +8.87688813414718308481e-02-j5.07670867641821094152e-02
  +9.03443764813074007280e-02-j5.33742715756003252570e-02
  +9.18568040114623313164e-02-j5.60256389805942403570e-02
  +9.33063239703531138725e-02-j5.87201441448303856907e-02
  +9.46930918320042780412e-02-j6.14567946894628708288e-02
  +9.60172568470500781279e-02-j6.42346495007182216597e-02
  +9.72789604269354707400e-02-j6.70528175628098271899e-02
  +9.84783345671798177046e-02-j6.99104568142174809253e-02
  +9.96155003056817950347e-02-j7.28067730273333907354e-02
  +1.00690566212078405628e-01-j7.57410187113331523356e-02
  +1.01703626904220995053e-01-j7.87124920380744136361e-02
  +1.02654761587882462082e-01-j8.17205357907076074264e-02
  +1.03544032615834363797e-01-j8.47645363346323232889e-02
  +1.04371484062459773945e-01-j8.78439226102964432208e-02
  +1.05137140310081533823e-01-j9.09581651472972513295e-02
  +1.05841004643203118185e-01-j9.41067750991171486641e-02
  +1.06483057846844947347e-01-j9.72893032977624749869e-02
  +1.07063256805145820549e-01-j1.00505339327458920184e-01
  +1.07581533096413675676e-01-j1.03754510616496251063e-01
  +1.08037791580732400742e-01-j1.07036481546182185576e-01
  +1.08431908976217517004e-01-j1.10350952575774832742e-01
  +1.08763732419985104105e-01-j1.13697659382181570642e-01
  +1.09033078009791117857e-01-j1.17076372013057525279e-01
  +1.09239729322280071377e-01-j1.20486894051854823151e-01
  +1.09383435903658732258e-01-j1.23929061793215694598e-01
  +1.09463911728551466229e-01-j1.27402743427000808563e-01
  +1.09480833622668943805e-01-j1.30907838229062128965e-01
  +1.09433839644823172055e-01-j1.34444275756749803685e-01
  +1.09322527423674348279e-01-j1.38012015046931502127e-01
  +1.09146452444469591048e-01-j1.41611043814169140775e-01
  +1.08905126280873482125e-01-j1.45241377646444430605e-01
  +1.08598014766825526345e-01-j1.48903059195660880665e-01
  +1.08224536103151192101e-01-j1.52596157359869283310e-01
  +1.07784058893505244048e-01-j1.56320766453935999785e-01
  +1.07275900103954324738e-01-j1.60077005365088259614e-01
  +1.06699322940304167084e-01-j1.63865016689439813025e-01
  +1.06053534637037483179e-01-j1.67684965845300182341e-01
  +1.05337684151432214863e-01-j1.71537040158680542667e-01
  +1.04550859756173147863e-01-j1.75421447916001338463e-01
  +1.03692086523448648294e-01-j1.79338417378580000650e-01
  +1.02760323693214597474e-01-j1.83288195752985660913e-01
  +1.01754461917959601602e-01-j1.87271048110801918707e-01
  +1.00673320375938374349e-01-j1.91287256250776943611e-01
  +9.95156437444665864511e-02-j1.95337117495655160360e-01
  +9.82800990244692695974e-02-j1.99420943415345525151e-01
  +9.69652722070307448998e-02-j2.03539058467202604863e-01
  +9.55696647722787950840e-02-j2.07691798543449379633e-01
  +9.40916900104467740507e-02-j2.11879509414735656136e-01
  +9.25296691544803678875e-02-j2.16102545057831635367e-01
  +9.08818273130663489834e-02-j2.20361265854328691738e-01
  +8.91462891924136163757e-02-j2.24656036645886875158e-01
  +8.73210745946134403450e-02-j2.28987224630285896021e-01
  +8.54040936798249050721e-02-j2.33355197080902271312e-01
  +8.33931419790104461187e-02-j2.37760318870618131415e-01
  +8.12858951433527987529e-02-j2.42202949779280835019e-01
  +7.90799034159454516946e-02-j2.46683441561802080377e-01
  +7.67725858107811548470e-02-j2.51202134751681183111e-01
  +7.43612239835341748417e-02-j2.55759355172307967230e-01
  +7.18429557781046224108e-02-j2.60355410125603592419e-01
  +6.92147684324307260750e-02-j2.64990584224540914882e-01
  +6.64734914266273124728e-02-j2.69665134832760444716e-01
  +6.36157889561745348850e-02-j2.74379287070742439170e-01
  +6.06381520125884795891e-02-j2.79133228344051242953e-01
</dep>
<dep S[1,1] frequency>
  -5.42481670917789982056e-01-j3.32575192217238080339e-01
  -5.73974590348680813179e-01-j3.18760538587904651564e-01
  -6.04053897990118993100e-01-j3.02859424798879062202e-01
  -6.32624109746178886482e-01-j2.85067863497134477146e-01
  -6.59612761266971547869e-01-j2.65577133361109385401e-01
  -6.84967943381819210913e-01-j2.44571891954634634825e-01
  -7.08655882037847018040e-01-j2.22228771874335595538e-01
  -7.30658619733133840590e-01-j1.98715394168621994897e-01
  -7.50971837863633751020e-01-j1.74189734296312737083e-01
  -7.69602844854673784347e-01-j1.48799779702277590321e-01
  -7.86568743303803663558e-01-j1.22683423463465085534e-01
  -8.01894780356526060139e-01-j9.59685446567954264507e-02
  -8.15612878830644594252e-01-j6.87732325662204768690e-02
  -8.27760341832630808234e-01-j4.12061181887709848670e-02
  -8.38378720414640343783e-01-j1.33667824605203308663e-02
  -8.47512831874566052726e-01+j1.46537839497124788846e-02
  -8.55209915316332724977e-01+j4.27726896146487511885e-02
  -8.61518910818274807895e-01+j7.09146362403505065020e-02
  -8.66489848802934448102e-01+j9.90114100515581824213e-02
  -8.70173336799858976320e-01+j1.27001380244309930445e-01
  -8.72620131618371042137e-01+j1.54829011595414067770e-01
  -8.73880785902090506667e-01+j1.82444396289278248924e-01
  -8.74005359050934793608e-01+j2.09802808390785744397e-01
  -8.73043183516551968282e-01+j2.36864283097240502229e-01
  -8.71042678468741837783e-01+j2.63593221890573770061e-01
  -8.68051203769129586796e-01+j2.89958023934000053146e-01
  -8.64114948060312193512e-01+j3.15930743472860320331e-01
  -8.59278845576074368218e-01+j3.41486772570894492329e-01
  -8.53586516998754873953e-01+j3.66604548209977010309e-01
  -8.47080230334112282975e-01+j3.91265282576683526283e-01
  -8.39800878345471013553e-01+j4.15452715231987734779e-01
  -8.31787969591877285325e-01+j4.39152885793048897156e-01
  -8.23079630555147212512e-01+j4.62353925733677173504e-01
  -8.13712616723735848723e-01+j4.85045867921554407776e-01
  -8.03722330832860265559e-01+j5.07220472546278333681e-01
  -7.93142846746499929900e-01+j5.28871068144969092018e-01
  -7.82006937712336758217e-01+j5.49992406496789820736e-01
  -7.70346107931047074935e-01+j5.70580530228784077451e-01
  -7.58190626560601099726e-01+j5.90632652050555706502e-01
  -7.45569563428684300987e-01+j6.10147044611056066366e-01
  -7.32510825855565150810e-01+j6.29122940046149659032e-01
  -7.19041196098950674553e-01+j6.47560438358497858502e-01
  -7.05186369024395132143e-01+j6.65460423841377379794e-01
  -6.90970989682043623681e-01+j6.82824488824528952335e-01
  -6.76418690535364297567e-01+j6.99654864082196792374e-01
  -6.61552128141378870119e-01+j7.15954355302006795192e-01
  -6.46393019127002310675e-01+j7.31726285067010651098e-01
  -6.30962175343259268345e-01+j7.46974439853135274703e-01
  -6.15279538109898882503e-01+j7.61703021589992146367e-01
  -5.99364211488217168977e-01+j7.75916603374876112653e-01
  -5.83234494540542547369e-01+j7.89620088968022715292e-01
  -5.66907912551551596003e-01+j8.02818675732112185806e-01
  -5.50401247200196119813e-01+j8.15517820710621288427e-01
  -5.33730565681813318157e-01+j8.27723209568359430399e-01
  -5.16911248788535115928e-01+j8.39440728143658776439e-01
  -4.99958017962949752278e-01+j8.50676436385108480920e-01
  -4.82884961344930974114e-01+j8.61436544467202192088e-01
  -4.65705558835690591746e-01+j8.71727390898354159710e-01
  -4.48432706205747544370e-01+j8.81555422452249048959e-01
  -4.31078738275675332758e-01+j8.90927175769045232023e-01
  -4.13655451199681833963e-01+j8.99849260487211588533e-01
  -3.96174123882910345085e-01+j9.08328343779457259011e-01
  -3.78645538563661454567e-01+j9.16371136177707157344e-01
  -3.61080000591614269645e-01+j9.23984378582529131130e-01
  -3.43487357432930462409e-01+j9.31174830361689132019e-01
  -3.25877016932478724698e-01+j9.37949258451007406023e-01
  -3.08257964862822753105e-01+j9.44314427378289411585e-01
  -2.90638781788737254885e-01+j9.50277090137981894635e-01
  -2.73027659275194622968e-01+j9.55843979850442559965e-01
  -2.55432415465703610558e-01+j9.61021802145314074650e-01
  -2.37860510057069596268e-01+j9.65817228213579070939e-01
  -2.20319058695459674135e-01+j9.70236888477492231964e-01
  -2.02814846817816529789e-01+j9.74287366831736001416e-01
  -1.85354342961572216009e-01+j9.77975195412944864337e-01
  -1.67943711564695147276e-01+j9.81306849858178065205e-01
  -1.50588825277139154446e-01+j9.84288745016024035905e-01
  -1.33295276803840123669e-01+j9.86927231076884958760e-01
  -1.16068390298540879968e-01+j9.89228590091555615160e-01
  -9.89132323268360619251e-02+j9.91199032849575667470e-01
  -8.18346224160881596799e-02+j9.92844696090981582159e-01
  -6.48371432089662746989e-02+j9.94171640027054492883e-01
  -4.79251502367461224008e-02+j9.95185846147469299616e-01
  -3.11027813277265918757e-02+j9.95893215292869782296e-01
  -1.43739656654191666485e-02+j9.96299565973436163091e-01
  +2.25756748935475315410e-03+j9.96410632915381677677e-01
  +1.87882803990677971218e-02+j9.96232065818606793428e-01
  +3.52148187598985279445e-02+j9.95769428309886572848e-01
  +5.15340039095895582899e-02+j9.95028197077090448275e-01
  +6.77428253209803321599e-02+j9.94013761170894571961e-01
  +8.38384333698447004046e-02+j9.92731421461400254103e-01
  +9.98181323662007680131e-02+j9.91186390237903447442e-01
  +1.15679373838644891648e-01+j9.89383790940874696673e-01
  +1.31419750061709555977e-01+j9.87328658015920956892e-01
  +1.47036987816630881909e-01+j9.85025936880200569945e-01
  +1.62528942376281432258e-01+j9.82480483992373754276e-01
  +1.77893591705368753209e-01+j9.79697067017804568145e-01
  +1.93129030867370987679e-01+j9.76680365081202039867e-01
  +2.08233466629951180504e-01+j9.73434969099494007416e-01
  +2.23205212260923629985e-01+j9.69965382188117564155e-01
  +2.38042682507147662641e-01+j9.66276020134413160534e-01
  +2.52744388748936343880e-01+j9.62371211932208314721e-01
  +2.67308934322900648706e-01+j9.58255200372042925672e-01
  +2.81735010006336494826e-01+j9.53932142681902739412e-01
  +2.96021389656529132495e-01+j9.49406111213608849830e-01
  +3.10166925998545450760e-01+j9.44681094170395252441e-01
  +3.24170546555321625881e-01+j9.39760996371443613207e-01
  +3.38031249714023540598e-01+j9.34649640049470709080e-01
  +3.51748100922868678353e-01+j9.29350765677727674863e-01
  +3.65320229012768782351e-01+j9.23868032822980689289e-01
  +3.78746822638308278108e-01+j9.18205021021325062947e-01
  +3.92027126832773076259e-01+j9.12365230673881422163e-01
  +4.05160439672030192604e-01+j9.06352083959633070265e-01
  +4.18146109042292435376e-01+j9.00168925762858340711e-01
  +4.30983529506828166866e-01+j8.93819024612818369135e-01
  +4.43672139266919507428e-01+j8.87305573633501376563e-01
  +4.56211417212379011232e-01+j8.80631691501428282010e-01
  +4.68600880057144508761e-01+j8.73800423409660798058e-01
  +4.80840079555500621300e-01+j8.66814742036303598205e-01
  +4.92928599794630772912e-01+j8.59677548515942691054e-01
  +5.04866054559236387966e-01+j8.52391673412608574800e-01
  +5.16652084764098851188e-01+j8.44959877692952998629e-01
  +5.28286355950500774448e-01+j8.37384853698483588857e-01
  +5.39768555842499275776e-01+j8.29669226115802627142e-01
  +5.51098391959097266835e-01+j8.21815552943927829510e-01
  +5.62275589278454890341e-01+j8.13826326457852800011e-01
  +5.73299887950257991420e-01+j8.05703974167664926931e-01
  +5.84171041052480077838e-01+j7.97450859772586118090e-01
  +5.94888812388752907800e-01+j7.89069284109451651865e-01
  +6.05452974322607584412e-01+j7.80561486095213474812e-01
  +6.15863305644873459954e-01+j7.71929643663175957258e-01
  +6.26119589470526038966e-01+j7.63175874692748279493e-01
  +6.36221611161278399749e-01+j7.54302237932619301652e-01
  +6.46169156270215983007e-01+j7.45310733917349699240e-01
  +6.55962008504758387062e-01+j7.36203305877465075113e-01
  +6.65599947704221484024e-01+j7.26981840643264876078e-01
  +6.75082747828204432494e-01+j7.17648169542628888706e-01
  +6.84410174952033711904e-01+j7.08204069293245197514e-01
  +6.93581985265404599161e-01+j6.98651262889752988627e-01
  +7.02597923070337193607e-01+j6.88991420486466332740e-01
  +7.11457718774512581916e-01+j6.79226160276389379078e-01
  +7.20161086875934497442e-01+j6.69357049367429679521e-01
  +7.28707723934853390801e-01+j6.59385604656786084021e-01
  +7.37097306528724072194e-01+j6.49313293704693039743e-01
  +7.45329489185927007711e-01+j6.39141535608777733302e-01
  +7.53403902293823035663e-01+j6.28871701880509004212e-01
  +7.61320149976639548584e-01+j6.18505117325335751488e-01
  +7.69077807938474911076e-01+j6.08043060928346701388e-01
  +7.76676421266643157715e-01+j5.97486766747410191769e-01
  +7.84115502190350199818e-01+j5.86837424816037289688e-01
  +7.91394527789566093467e-01+j5.76096182058384753688e-01
  +7.98512937648717002759e-01+j5.65264143219084247427e-01
  +8.05470131449677162472e-01+j5.54342371810862766246e-01
  +8.12265466498272470375e-01+j5.43331891083167706213e-01
  +8.18898255178269418586e-01+j5.32233685015405799668e-01
  +8.25367762326632892211e-01+j5.21048699338661380764e-01
  +8.31673202523468102498e-01+j5.09777842590206864415e-01
  +8.37813737289869742142e-01+j4.98421987205500349738e-01
  +8.43788472186524529661e-01+j4.86981970652838602742e-01
  +8.49596453805628426537e-01+j4.75458596616286754966e-01
  +8.55236666648321874895e-01+j4.63852636233126169873e-01
  +8.60708029879476699264e-01+j4.52164829392562084287e-01
  +8.66009393951291173153e-01+j4.40395886103189582172e-01
  +8.71139537086752846484e-01+j4.28546487937319753314e-01
  +8.76097161613571762118e-01+j4.16617289561189763081e-01
  +8.80880890138787675525e-01+j4.04608920360805257577e-01
  +8.85489261553747519784e-01+j3.92521986174234782663e-01
  +8.89920726858679955740e-01+j3.80357071142159663957e-01
  +8.94173644795607680535e-01+j3.68114739689629433261e-01
  +8.98246277277782390058e-01+j3.55795538653308762722e-01
  +9.02136784603329022758e-01+j3.43399999569791614107e-01
  +9.05843220440206042809e-01+j3.30928641142198665115e-01
  +9.09363526569063274074e-01+j3.18381971903914096078e-01
  +9.12695527369989267896e-01+j3.05760493100178720738e-01
  +9.15836924038606836618e-01+j2.93064701810332284282e-01
  +9.18785288516383080726e-01+j2.80295094335779315653e-01
  +9.21538057119545617191e-01+j2.67452169881200185753e-01
  +9.24092523850398972485e-01+j2.54536434559340385420e-01
  +9.26445833374437199836e-01+j2.41548405752709194338e-01
  +9.28594973646171606418e-01+j2.28488616868886329492e-01
  +9.30536768166255745527e-01+j2.15357622529855408100e-01
  +9.32267867852218712343e-01+j2.02156004239773257058e-01
</dep>
