<Qucs Dataset 1.0.7>
<indep frequency 181>
  +1.00000000000000000000e+09
  +1.05000000000000000000e+09
  +1.10000000000000000000e+09
  +1.15000000000000000000e+09
  +1.20000000000000000000e+09
  +1.25000000000000000000e+09
  +1.30000000000000000000e+09
  +1.35000000000000000000e+09
  +1.40000000000000000000e+09
  +1.45000000000000000000e+09
  +1.50000000000000000000e+09
  +1.55000000000000000000e+09
  +1.60000000000000000000e+09
  +1.65000000000000000000e+09
  +1.70000000000000000000e+09
  +1.75000000000000000000e+09
  +1.80000000000000000000e+09
  +1.85000000000000000000e+09
  +1.90000000000000000000e+09
  +1.95000000000000000000e+09
  +2.00000000000000000000e+09
  +2.05000000000000000000e+09
  +2.10000000000000000000e+09
  +2.15000000000000000000e+09
  +2.20000000000000000000e+09
  +2.25000000000000000000e+09
  +2.30000000000000000000e+09
  +2.35000000000000000000e+09
  +2.40000000000000000000e+09
  +2.45000000000000000000e+09
  +2.50000000000000000000e+09
  +2.55000000000000000000e+09
  +2.60000000000000000000e+09
  +2.65000000000000000000e+09
  +2.70000000000000000000e+09
  +2.75000000000000000000e+09
  +2.80000000000000000000e+09
  +2.85000000000000000000e+09
  +2.90000000000000000000e+09
  +2.95000000000000000000e+09
  +3.00000000000000000000e+09
  +3.05000000000000000000e+09
  +3.10000000000000000000e+09
  +3.15000000000000000000e+09
  +3.20000000000000000000e+09
  +3.25000000000000000000e+09
  +3.30000000000000000000e+09
  +3.35000000000000000000e+09
  +3.40000000000000000000e+09
  +3.45000000000000000000e+09
  +3.50000000000000000000e+09
  +3.55000000000000000000e+09
  +3.60000000000000000000e+09
  +3.65000000000000000000e+09
  +3.70000000000000000000e+09
  +3.75000000000000000000e+09
  +3.80000000000000000000e+09
  +3.85000000000000000000e+09
  +3.90000000000000000000e+09
  +3.95000000000000000000e+09
  +4.00000000000000000000e+09
  +4.05000000000000000000e+09
  +4.10000000000000000000e+09
  +4.15000000000000000000e+09
  +4.20000000000000000000e+09
  +4.25000000000000000000e+09
  +4.30000000000000000000e+09
  +4.35000000000000000000e+09
  +4.40000000000000000000e+09
  +4.45000000000000000000e+09
  +4.50000000000000000000e+09
  +4.55000000000000000000e+09
  +4.60000000000000000000e+09
  +4.65000000000000000000e+09
  +4.70000000000000000000e+09
  +4.75000000000000000000e+09
  +4.80000000000000000000e+09
  +4.85000000000000000000e+09
  +4.90000000000000000000e+09
  +4.95000000000000000000e+09
  +5.00000000000000000000e+09
  +5.05000000000000000000e+09
  +5.10000000000000000000e+09
  +5.15000000000000000000e+09
  +5.20000000000000000000e+09
  +5.25000000000000000000e+09
  +5.30000000000000000000e+09
  +5.35000000000000000000e+09
  +5.40000000000000000000e+09
  +5.45000000000000000000e+09
  +5.50000000000000000000e+09
  +5.55000000000000000000e+09
  +5.60000000000000000000e+09
  +5.65000000000000000000e+09
  +5.70000000000000000000e+09
  +5.75000000000000000000e+09
  +5.80000000000000000000e+09
  +5.85000000000000000000e+09
  +5.90000000000000000000e+09
  +5.95000000000000000000e+09
  +6.00000000000000000000e+09
  +6.05000000000000000000e+09
  +6.10000000000000000000e+09
  +6.15000000000000000000e+09
  +6.20000000000000000000e+09
  +6.25000000000000000000e+09
  +6.30000000000000000000e+09
  +6.35000000000000000000e+09
  +6.40000000000000000000e+09
  +6.45000000000000000000e+09
  +6.50000000000000000000e+09
  +6.55000000000000000000e+09
  +6.60000000000000000000e+09
  +6.65000000000000000000e+09
  +6.70000000000000000000e+09
  +6.75000000000000000000e+09
  +6.80000000000000000000e+09
  +6.85000000000000000000e+09
  +6.90000000000000000000e+09
  +6.95000000000000000000e+09
  +7.00000000000000000000e+09
  +7.05000000000000000000e+09
  +7.10000000000000000000e+09
  +7.15000000000000000000e+09
  +7.20000000000000000000e+09
  +7.25000000000000000000e+09
  +7.30000000000000000000e+09
  +7.35000000000000000000e+09
  +7.40000000000000000000e+09
  +7.45000000000000000000e+09
  +7.50000000000000000000e+09
  +7.55000000000000000000e+09
  +7.60000000000000000000e+09
  +7.65000000000000000000e+09
  +7.70000000000000000000e+09
  +7.75000000000000000000e+09
  +7.80000000000000000000e+09
  +7.85000000000000000000e+09
  +7.90000000000000000000e+09
  +7.95000000000000000000e+09
  +8.00000000000000000000e+09
  +8.05000000000000000000e+09
  +8.10000000000000000000e+09
  +8.15000000000000000000e+09
  +8.20000000000000000000e+09
  +8.25000000000000000000e+09
  +8.30000000000000000000e+09
  +8.35000000000000000000e+09
  +8.40000000000000000000e+09
  +8.45000000000000000000e+09
  +8.50000000000000000000e+09
  +8.55000000000000000000e+09
  +8.60000000000000000000e+09
  +8.65000000000000000000e+09
  +8.70000000000000000000e+09
  +8.75000000000000000000e+09
  +8.80000000000000000000e+09
  +8.85000000000000000000e+09
  +8.90000000000000000000e+09
  +8.95000000000000000000e+09
  +9.00000000000000000000e+09
  +9.05000000000000000000e+09
  +9.10000000000000000000e+09
  +9.15000000000000000000e+09
  +9.20000000000000000000e+09
  +9.25000000000000000000e+09
  +9.30000000000000000000e+09
  +9.35000000000000000000e+09
  +9.40000000000000000000e+09
  +9.45000000000000000000e+09
  +9.50000000000000000000e+09
  +9.55000000000000000000e+09
  +9.60000000000000000000e+09
  +9.65000000000000000000e+09
  +9.70000000000000000000e+09
  +9.75000000000000000000e+09
  +9.80000000000000000000e+09
  +9.85000000000000000000e+09
  +9.90000000000000000000e+09
  +9.95000000000000000000e+09
  +1.00000000000000000000e+10
</indep>
<dep S21_phase frequency>
  -8.12632995736396139819e+01
  -8.34652675485662740584e+01
  -8.55805164584477040535e+01
  -8.76169010206575791244e+01
  -8.95814072752396555188e+01
  -9.14802510999033700045e+01
  -9.33189674890632261395e+01
  -9.51024905048614499492e+01
  -9.68352242867462535969e+01
  -9.85211057620335850515e+01
  -1.00163659815095499539e+02
  -1.01766047701623335797e+02
  -1.03331109472583932529e+02
  -1.04861401122823053811e+02
  -1.06359227116328739271e+02
  -1.07826668872798038024e+02
  -1.09265609733639436740e+02
  -1.10677756862842727514e+02
  -1.12064660480720107216e+02
  -1.13427730776952671476e+02
  -1.14768252803644926985e+02
  -1.16087399608954001451e+02
  -1.17386243836854276879e+02
  -1.18665767988214852835e+02
  -1.19926873512061575866e+02
  -1.21170388873236802851e+02
  -1.22397076723071705828e+02
  -1.23607640282884716498e+02
  -1.24802729035578892081e+02
  -1.25982943808145847697e+02
  -1.27148841317119163818e+02
  -1.28300938239743402391e+02
  -1.29439714865625859375e+02
  -1.30565618376736068740e+02
  -1.31679065797630784118e+02
  -1.32780446652616916481e+02
  -1.33870125362095080845e+02
  -1.34948443406402873279e+02
  -1.36015721282135217507e+02
  -1.37072260272941633730e+02
  -1.38118344054250627551e+02
  -1.39154240149134494686e+02
  -1.40180201250544115510e+02
  -1.41196466423465807338e+02
  -1.42203262198993343191e+02
  -1.43200803571071531906e+02
  -1.44189294905422229931e+02
  +3.48310692310966203422e+01
  +3.38601033120763688089e+01
  +3.28976301590714612644e+01
  +3.19434803070754824716e+01
  +3.09974914236308940474e+01
  +3.00595077762581617264e+01
  +2.91293797438157291424e+01
  +2.82069633678130387011e+01
  +2.72921199400732845675e+01
  +2.63847156234985540380e+01
  +2.54846211030063365399e+01
  +2.45917112639533606000e+01
  +2.37058648956620778847e+01
  +2.28269644178635893184e+01
  +2.19548956280536984309e+01
  +2.10895474679750805080e+01
  +2.02308118075808494041e+01
  +1.93785832449878832051e+01
  +1.85327589210388552488e+01
  +1.76932383472646392875e+01
  +1.68599232460694352653e+01
  +1.60327174021282381489e+01
  +1.52115265240335695296e+01
  +1.43962581153232687114e+01
  +1.35868213540810849338e+01
  +1.27831269803868767809e+01
  +1.19850871909281586625e+01
  +1.11926155401585010196e+01
  +1.04056268474289250747e+01
  +9.62403710955612012867e+00
  +8.84776341834090196414e+00
  +8.07672388258745499456e+00
  +7.31083755419752190363e+00
  +6.55002435794599335850e+00
  +5.79420502458353503528e+00
  +5.04330102691907455892e+00
  +4.29723451856346727595e+00
  +3.55592827504312580800e+00
  +2.81930563699896641339e+00
  +2.08729045520740763564e+00
  +1.35980703717259721053e+00
  +6.36780095058429362886e-01
  -8.18653052773208322890e-02
  -7.96203794349759186311e-01
  -1.50630974843277254394e+00
  -2.21225733845979455339e+00
  -2.91412057863969842231e+00
  -3.61197337497124593142e+00
  -4.30588957385289017310e+00
  -4.99594301096114623562e+00
  -5.68220756059347831268e+00
  -6.36475718565009884742e+00
  -7.04366598844224700571e+00
  -7.71900826251202065720e+00
  -8.39085854565595390397e+00
  -9.05929167433978399515e+00
  -9.72438283970980421600e+00
  -1.03862076454021892147e+01
  -1.10448421673602670268e+01
  -1.17003630158923090931e+01
  -1.23528474001860200104e+01
  -1.30023731955433969887e+01
  -1.36490190135752129663e+01
  -1.42928642756416426352e+01
  -1.49339892898227279971e+01
  -1.55724753317296311650e+01
  -1.62084047294865953859e+01
  -1.68418609532373828586e+01
  -1.74729287095555072540e+01
  -1.81016940411668301181e+01
  -1.87282444324276795555e+01
  -1.93526689210266233943e+01
  -1.99750582164341246028e+01
  -2.05955048256509840598e+01
  -2.12141031868612550682e+01
  -2.18309498116519939970e+01
  -2.24461434365092280530e+01
  -2.30597851843768175684e+01
  -2.36719787371259364761e+01
  -2.42828305198674243570e+01
  -2.48924498981279924692e+01
  -2.55009493889995226823e+01
  -2.61084448874955157294e+01
  -2.67150559094513759817e+01
  -2.73209058524512187205e+01
  -2.79261222764074510394e+01
  -2.85308372055888206376e+01
  -2.91351874540797162183e+01
  -2.97393149768530378196e+01
  -3.03433672488904804254e+01
  -3.09474976750199815001e+01
  -3.15518660334611489304e+01
  -3.21566389563743655344e+01
  -3.27619904511032515870e+01
  -3.33681024661962197797e+01
  -3.39751655067898354901e+01
  -3.45833793044480444223e+01
  -3.51929535471763514920e+01
  -3.58041086760046312065e+01
  -3.64170767553139285155e+01
  -3.70321024249782269067e+01
  -3.76494439433935426109e+01
  -3.82693743316284056277e+01
  -3.88921826302482145366e+01
  -3.95181752818831526497e+01
  -4.01476776543402209541e+01
  -4.07810357210644127690e+01
  -4.14186179180514741915e+01
  -4.20608171989746608688e+01
  -4.27080533133531545786e+01
  -4.33607753361608985188e+01
  -4.40194644813948130491e+01
  -4.46846372369432174310e+01
  -4.53568488636883486720e+01
  -4.60366973083364285912e+01
  -4.67248275871246931956e+01
  -4.74219367065546251183e+01
  -4.81287791978613412880e+01
  -4.88461733543809586422e+01
  -4.95750082756669527839e+01
  -5.03162518395711515495e+01
  -5.10709597440882347996e+01
  -5.18402857851737266515e+01
  -5.26254935657767219936e+01
  -5.34279698658743811279e+01
  -5.42492399444750716953e+01
  -5.50909850936751723793e+01
  -5.59550628234587463794e+01
  -5.68435301258745298014e+01
  -5.77586703505944072390e+01
  -5.87030243230678152599e+01
  -5.96794264541834920124e+01
  -6.06910467292355377822e+01
  -6.17414396266973426464e+01
</dep>
<dep S11_phase frequency>
  -1.71256536695203806175e+02
  -1.73460110923217513346e+02
  -1.75576962931390312406e+02
  -1.77614949518345781598e+02
  -1.79581058342610077716e+02
  +1.78518493475979425966e+02
  +1.76678170009322286660e+02
  +1.74893036516085231824e+02
  +1.73158688388861889962e+02
  +1.71471188408583714136e+02
  +1.69827011546734979675e+02
  +1.68222996527557199897e+02
  +1.66656303384578961868e+02
  +1.65124376295713915397e+02
  +1.63624911044295203055e+02
  +1.62155826520913620925e+02
  +1.60715239747549475169e+02
  +1.59301443968258297446e+02
  +1.57912889408160992843e+02
  +1.56548166354116546017e+02
  +1.55205990256211947553e+02
  +1.53885188589372916113e+02
  +1.52584689249432216229e+02
  +1.51303510288394051031e+02
  +1.50040750819942729777e+02
  +1.48795582948935418699e+02
  +1.47567244598201142480e+02
  +1.46355033122803945389e+02
  +1.45158299616451103020e+02
  +1.43976443827216655791e+02
  +1.42808909610511818755e+02
  +1.41655180856506262899e+02
  +1.40514777837228251656e+02
  +1.39387253925448305836e+02
  +1.38272192643469168161e+02
  +1.37169205005080584669e+02
  +1.36077927118447263410e+02
  +1.34998018021579412107e+02
  +1.33929157725415933555e+02
  +1.32871045442506527934e+02
  +1.31823397981835768178e+02
  +1.30785948292578410701e+02
  +1.29758444141532947924e+02
  +1.28740646910703560479e+02
  +1.27732330502994628318e+02
  +1.26733280345316330795e+02
  +1.25743292479553403496e+02
  +1.24762172732880117110e+02
  +1.23789735959808609778e+02
  +1.22825805349149661083e+02
  +1.21870211789781720313e+02
  +1.20922793289745143852e+02
  +1.19983394443734098900e+02
  +1.19051865944554293719e+02
  +1.18128064134552488440e+02
  +1.17211850593421516464e+02
  +1.16303091759121230098e+02
  +1.15401658578982690528e+02
  +1.14507426188330143191e+02
  +1.13620273614213942892e+02
  +1.12740083502065360221e+02
  +1.11866741863287330716e+02
  +1.11000137841979992004e+02
  +1.10140163499153999282e+02
  +1.09286713612939877294e+02
  +1.08439685493427504070e+02
  +1.07598978810890756108e+02
  +1.06764495436260958172e+02
  +1.05936139292807453671e+02
  +1.05113816218074646258e+02
  +1.04297433835200024532e+02
  +1.03486901432814732971e+02
  +1.02682129852788676772e+02
  +1.01883031385144775527e+02
  +1.01089519669518821843e+02
  +1.00301509602591096382e+02
  +9.95189172509577986148e+01
  +9.87416597689543920069e+01
  +9.79696553209745815138e+01
  +9.72028230078659163382e+01
  +9.64410827970084483240e+01
  +9.56843554557151492190e+01
  +9.49325624876112215134e+01
  +9.41856260716768645125e+01
  +9.34434690036542718872e+01
  +9.27060146395397168817e+01
  +9.19731868408952806249e+01
  +9.12449099217323578159e+01
  +9.05211085967271742447e+01
  +8.98017079305446941362e+01
  +8.90866332880526528015e+01
  +8.83758102852180655873e+01
  +8.76691647404864369264e+01
  +8.69666226264452575379e+01
  +8.62681100215854570479e+01
  +8.55735530619697470911e+01
  +8.48828778926263254334e+01
  +8.41960106184825178843e+01
  +8.35128772546561890522e+01
  +8.28334036759216019163e+01
  +8.21575155651627540010e+01
  +8.14851383606253989456e+01
  +8.08161972017767880061e+01
  +8.01506168735719342067e+01
  +7.94883217489246050036e+01
  +7.88292357291685448217e+01
  +7.81732821822877923523e+01
  +7.75203838786868288935e+01
  +7.68704629242519956733e+01
  +7.62234406904518522197e+01
  +7.55792377412016236349e+01
  +7.49377737562025600937e+01
  +7.42989674504483872397e+01
  +7.36627364895703351522e+01
  +7.30289974006665971729e+01
  +7.23976654782391761955e+01
  +7.17686546848301958335e+01
  +7.11418775459174810294e+01
  +7.05172450385984745935e+01
  +6.98946664735460814200e+01
  +6.92740493696826149517e+01
  +6.86552993209680408881e+01
  +6.80383198546469714074e+01
  +6.74230122802403570859e+01
  +6.68092755285037327440e+01
  +6.61970059795039134087e+01
  +6.55860972788848499704e+01
  +6.49764401413071652769e+01
  +6.43679221399516450219e+01
  +6.37604274808617574877e+01
  +6.31538367607887636268e+01
  +6.25480267070632933724e+01
  +6.19428698978719154411e+01
  +6.13382344611494119135e+01
  +6.07339837501112853602e+01
  +6.01299759932480455404e+01
  +5.95260639163610605351e+01
  +5.89220943339732201594e+01
  +5.83179077071391631648e+01
  +5.77133376643657527438e+01
  +5.71082104819711275923e+01
  +5.65023445198050566773e+01
  +5.58955496077684585998e+01
  +5.52876263780534031866e+01
  +5.46783655374059449628e+01
  +5.40675470730416662946e+01
  +5.34549393850622678315e+01
  +5.28402983373349002250e+01
  +5.22233662177933126713e+01
  +5.16038705979661855849e+01
  +5.09815230802240577646e+01
  +5.03560179197245645355e+01
  +4.97270305063153514880e+01
  +4.90942156896532964083e+01
  +4.84572059285171832244e+01
  +4.78156092426385797012e+01
  +4.71690069423271651772e+01
  +4.65169511076117672133e+01
  +4.58589617845180157474e+01
  +4.51945238613069832923e+01
  +4.45230835819322834368e+01
  +4.38440446474512413033e+01
  +4.31567638485072748722e+01
  +4.24605461630560299113e+01
  +4.17546392430034600807e+01
  +4.10382272010490680714e+01
  +4.03104235944301549921e+01
  +3.95702634850091712337e+01
  +3.88166944347045514974e+01
  +3.80485662710259404662e+01
  +3.72646194286613408053e+01
  +3.64634716387924200376e+01
  +3.56436026969786112772e+01
  +3.48033369917759429768e+01
  +3.39408234182153094594e+01
  +3.30540122310553385887e+01
  +3.21406283103054661865e+01
  +3.11981402135538949949e+01
  +3.02237242735976963104e+01
  +2.92142228631944576023e+01
  +2.81660957890329548547e+01
</dep>
<dep S21_dB frequency>
  -7.17421833631237859663e+00
  -7.60684133826571429182e+00
  -8.03723380785538132898e+00
  -8.46569644146450173139e+00
  -8.89259000119603904011e+00
  -9.31832225577584871701e+00
  -9.74333853048234388439e+00
  -1.01681151167637988664e+01
  -1.05931549641332480860e+01
  -1.10189852162011234782e+01
  -1.14461562650892929582e+01
  -1.18752420894538719409e+01
  -1.23068417159962457674e+01
  -1.27415817069580672438e+01
  -1.31801196305298020661e+01
  -1.36231485207216440614e+01
  -1.40714023811798263353e+01
  -1.45256628368169629084e+01
  -1.49867670912509947101e+01
  -1.54556174107308308407e+01
  -1.59331924311599042454e+01
  -1.64205606800842218718e+01
  -1.69188968282954945721e+01
  -1.74295013474313158497e+01
  -1.79538244669020166100e+01
  -1.84934956192965600508e+01
  -1.90503599731335668821e+01
  -1.96265242283897478615e+01
  -2.02244146749507436311e+01
  -2.08468517148538445838e+01
  -2.14971468310678730518e+01
  -2.21792306859980854483e+01
  -2.28978252220222913138e+01
  -2.36586793065988842955e+01
  -2.44688984022733002632e+01
  -2.53374172885578587966e+01
  -2.62756975446789127204e+01
  -2.72987917284770595927e+01
  -2.84270331812849477160e+01
  -2.96888524869868000167e+01
  -3.11257628640179717650e+01
  -3.28018902973546246926e+01
  -3.48241531760875204782e+01
  -3.73916032295549598530e+01
  -4.09459662272091406976e+01
  -4.68610411572089731180e+01
  -7.35082325361482986636e+01
  -4.79184308807184393686e+01
  -4.17726910824532495781e+01
  -3.82742809248837829728e+01
  -3.58344877790040072796e+01
  -3.39687128573350207716e+01
  -3.24636579650927288299e+01
  -3.12063342647692429921e+01
  -3.01296115427484565430e+01
  -2.91903358605014240368e+01
  -2.83591185641574092813e+01
  -2.76150415641272637401e+01
  -2.69426863412515835705e+01
  -2.63303610501559504087e+01
  -2.57689889730007521962e+01
  -2.52513827263654455635e+01
  -2.47717539529033601298e+01
  -2.43253723774492343068e+01
  -2.39083227501128767756e+01
  -2.35173277773284361558e+01
  -2.31496166470581385965e+01
  -2.28028257486054464209e+01
  -2.24749225679020412372e+01
  -2.21641465557610430892e+01
  -2.18689626207248650758e+01
  -2.15880241447080898354e+01
  -2.13201432737997187417e+01
  -2.10642668320996122588e+01
  -2.08194566282004522861e+01
  -2.05848732269556151664e+01
  -2.03597624797959007026e+01
  -2.01434442694709723298e+01
  -1.99353030462938605183e+01
  -1.97347798242753889042e+01
  -1.95413653749759532730e+01
  -1.93545944102207343462e+01
  -1.91740405860863774024e+01
  -1.89993121927790475922e+01
  -1.88300484203425781971e+01
  -1.86659161101871902133e+01
  -1.85066069184077051091e+01
  -1.83518348296828648358e+01
  -1.82013339708859831489e+01
  -1.80548566819327547250e+01
  -1.79121718082373782011e+01
  -1.77730631847588469441e+01
  -1.76373282862498577117e+01
  -1.75047770221377376743e+01
  -1.73752306576606088129e+01
  -1.72485208455265670580e+01
  -1.71244887545956494534e+01
  -1.70029842839544009792e+01
  -1.68838653523315471716e+01
  -1.67669972541470571059e+01
  -1.66522520746192483898e+01
  -1.65395081573283917464e+01
  -1.64286496184667356601e+01
  -1.63195659027112114359e+01
  -1.62121513762751057186e+01
  -1.61063049532156590260e+01
  -1.60019297515359113504e+01
  -1.58989327760148206892e+01
  -1.57972246250380052857e+01
  -1.56967192190084254833e+01
  -1.55973335481708197392e+01
  -1.54989874379135290638e+01
  -1.54016033298118966144e+01
  -1.53051060768507731780e+01
  -1.52094227514167368298e+01
  -1.51144824647863433853e+01
  -1.50202161969545411324e+01
  -1.49265566357491721305e+01
  -1.48334380242746455281e+01
  -1.47407960158008854989e+01
  -1.46485675352899633594e+01
  -1.45566906468120489393e+01
  -1.44651044261568060278e+01
  -1.43737488379939097882e+01
  -1.42825646169766447002e+01
  -1.41914931522185980839e+01
  -1.41004763746024668336e+01
  -1.40094566464057042054e+01
  -1.39183766527507035704e+01
  -1.38271792943991265190e+01
  -1.37358075814291513694e+01
  -1.36442045273393084415e+01
  -1.35523130431309652977e+01
  -1.34600758309239303401e+01
  -1.33674352766574617846e+01
  -1.32743333414292159489e+01
  -1.31807114510113638772e+01
  -1.30865103830818991781e+01
  -1.29916701516861170518e+01
  -1.28961298884356896366e+01
  -1.27998277199252097347e+01
  -1.27027006408303826390e+01
  -1.26046843821165346355e+01
  -1.25057132737643872389e+01
  -1.24057201013773354958e+01
  -1.23046359560018299106e+01
  -1.22023900764466386448e+01
  -1.20989096833389897512e+01
  -1.19941198041054555290e+01
  -1.18879430880078054145e+01
  -1.17802996103026522690e+01
  -1.16711066645262846464e+01
  -1.15602785418387519201e+01
  -1.14477262962813277625e+01
  -1.13333574947262682997e+01
  -1.12170759502120471751e+01
  -1.10987814372781752326e+01
  -1.09783693878226351615e+01
  -1.08557305659310276980e+01
  -1.07307507200443286166e+01
  -1.06033102107729746422e+01
  -1.04732836126142565547e+01
  -1.03405392878130655276e+01
  -1.02049389306229993934e+01
  -1.00663370803015812527e+01
  -9.92458060132467423387e+00
  -9.77950812956594539571e+00
  -9.63094948359558955531e+00
  -9.47872504085871270263e+00
  -9.32264507937453679176e+00
  -9.16250908684164144802e+00
  -8.99810504077526118749e+00
  -8.82920866570453277689e+00
  -8.65558267675454118262e+00
  -8.47697602343935940894e+00
  -8.29312315360754581661e+00
  -8.10374332578057909870e+00
  -7.90854000936496248642e+00
  -7.70720042742722988294e+00
  -7.49939531730834740841e+00
  -7.28477901220941603810e+00
</dep>
<dep S11_dB frequency>
  -9.44140744048019286971e-01
  -8.47814797644025786028e-01
  -7.62885679149532536236e-01
  -6.87737903117959348265e-01
  -6.21025644600810444729e-01
  -5.61621773466167595323e-01
  -5.08577513679055126516e-01
  -4.61090325520291277606e-01
  -4.18478190871796384975e-01
  -3.80158913688313282453e-01
  -3.45633370689491459249e-01
  -3.14471890307073898008e-01
  -2.86303121914387781466e-01
  -2.60804897500041710234e-01
  -2.37696695271945451777e-01
  -2.16733397316737380622e-01
  -1.97700097401373148243e-01
  -1.80407764757921224019e-01
  -1.64689608584135893654e-01
  -1.50398018537372696324e-01
  -1.37401980600155931844e-01
  -1.25584886796605454951e-01
  -1.14842672443643198377e-01
  -1.05082226775776430006e-01
  -9.62200325391784072604e-02
  -8.81809980135284665614e-02
  -8.08974512831008851776e-02
  -7.43082717443754592335e-02
  -6.83581380505987046270e-02
  -6.29968751385128755693e-02
  -5.81788858115584242570e-02
  -5.38626546838703729181e-02
  -5.00103142147741291934e-02
  -4.65872641601602632822e-02
  -4.35618370946164942814e-02
  -4.09050037657333262486e-02
  -3.85901129684382351859e-02
  -3.65926614047055731582e-02
  -3.48900896476877775410e-02
  -3.34616008812260376515e-02
  -3.22879995520872070669e-02
  -3.13515474679528852175e-02
  -3.06358352105309435232e-02
  -3.01256670194649661676e-02
  -2.98069575477397236130e-02
  -2.96666390983418015725e-02
  -2.96925781319493271859e-02
  -2.98734999895859144881e-02
  -3.01989209075387704528e-02
  -3.06590865163646787706e-02
  -3.12449161154110567618e-02
  -3.19479521002414973418e-02
  -3.27603139949833449540e-02
  -3.36746566068648750525e-02
  -3.46841318765293560311e-02
  -3.57823540473694648445e-02
  -3.69633678201877619030e-02
  -3.82216191972546762146e-02
  -3.95519287532083291259e-02
  -4.09494670992621087602e-02
  -4.24097323325932987204e-02
  -4.39285292857916065401e-02
  -4.55019504108627875771e-02
  -4.71263581498859024377e-02
  -4.87983686600406696421e-02
  -5.05148367747333335021e-02
  -5.22728420941854995951e-02
  -5.40696761104799139552e-02
  -5.59028302811609145717e-02
  -5.77699849742917409534e-02
  -5.96689992155569823296e-02
  -6.15979011749577393120e-02
  -6.35548793365555697576e-02
  -6.55382743003967149775e-02
  -6.75465711707163990463e-02
  -6.95783924887863614028e-02
  -7.16324916728949684375e-02
  -7.37077469316421846068e-02
  -7.58031556196419320504e-02
  -7.79178290081239260934e-02
  -8.00509874453474018496e-02
  -8.22019558840979963632e-02
  -8.43701597559826932393e-02
  -8.65551211742252024628e-02
  -8.87564554483723233691e-02
  -9.09738678962163649366e-02
  -9.32071509398098158039e-02
  -9.54561814738101727107e-02
  -9.77209184959374199675e-02
  -1.00001400990591376994e-01
  -1.02297746057713911938e-01
  -1.04610147280527226998e-01
  -1.06938873326444583434e-01
  -1.09284266776987090686e-01
  -1.11646743183150043421e-01
  -1.14026790344080322659e-01
  -1.16424967807579590739e-01
  -1.18841906592245222241e-01
  -1.21278309131987560576e-01
  -1.23734949444418138031e-01
  -1.26212673526180735317e-01
  -1.28712399978767488840e-01
  -1.31235120869946125799e-01
  -1.33781902836776822596e-01
  -1.36353888437548392831e-01
  -1.38952297761102738782e-01
  -1.41578430303650915079e-01
  -1.44233667124052444830e-01
  -1.46919473290971408508e-01
  -1.49637400635818290651e-01
  -1.52389090828324247351e-01
  -1.55176278792663213668e-01
  -1.58000796484672162423e-01
  -1.60864577052663326739e-01
  -1.63769659407128870265e-01
  -1.66718193227104072296e-01
  -1.69712444434178322261e-01
  -1.72754801168448185456e-01
  -1.75847780304096534820e-01
  -1.78994034546780284023e-01
  -1.82196360159122522360e-01
  -1.85457705365644487383e-01
  -1.88781179494177137057e-01
  -1.92170062916565992372e-01
  -1.95627817858792824035e-01
  -1.99158100157772882666e-01
  -2.02764772050922026381e-01
  -2.06451916094154919179e-01
  -2.10223850314298021935e-01
  -2.14085144714517339182e-01
  -2.18040639264229813010e-01
  -2.22095463520706970506e-01
  -2.26255058046324092347e-01
  -2.30525197805122844530e-01
  -2.34912017744187240353e-01
  -2.39422040789900897328e-01
  -2.44062208518089601705e-01
  -2.48839914788338528728e-01
  -2.53763042669981675470e-01
  -2.58840005028668496134e-01
  -2.64079789190407143717e-01
  -2.69492006154184560174e-01
  -2.75086944887796835957e-01
  -2.80875632312633904952e-01
  -2.86869899667322514336e-01
  -2.93082456035281380125e-01
  -2.99526969932560060972e-01
  -3.06218159981081150534e-01
  -3.13171895841722058851e-01
  -3.20405310755822514412e-01
  -3.27936927247013620956e-01
  -3.35786797772923861771e-01
  -3.43976662395217291923e-01
  -3.52530125864373766742e-01
  -3.61472856902207650975e-01
  -3.70832812922373800113e-01
  -3.80640493970464732776e-01
  -3.90929230310119280034e-01
  -4.01735508849014266719e-01
  -4.13099344517741717819e-01
  -4.25064703816464439790e-01
  -4.37679989071214525787e-01
  -4.50998593543989190202e-01
  -4.65079539483119475118e-01
  -4.79988213562699383985e-01
  -4.95797217044169791222e-01
  -5.12587351528453250005e-01
  -5.30448765516995268676e-01
  -5.49482292375657044303e-01
  -5.69801016965959417071e-01
  -5.91532116523543094466e-01
  -6.14819031776875801754e-01
  -6.39824037402477063807e-01
  -6.66731297483982410235e-01
  -6.95750512706795221085e-01
  -7.27121292943077035531e-01
  -7.61118423484973161131e-01
  -7.98058237919561763718e-01
  -8.38306368829649484198e-01
  -8.82287223677834075986e-01
  -9.30495633615640582725e-01
</dep>
<dep Zin_ohm frequency>
  +2.34419464708261898522e+02
  +1.87787152532978637964e+02
  +1.46145666945393884362e+02
  +1.11775660393387170188e+02
  +8.98010611567136152189e+01
  +8.70214951716541236237e+01
  +1.02998732500553160207e+02
  +1.29735062795473965025e+02
  +1.61106589278369938256e+02
  +1.94273729255576739661e+02
  +2.28014745270299414415e+02
  +2.61783019717400293302e+02
  +2.95324500126456655380e+02
  +3.28521242570665037874e+02
  +3.61322743294564077132e+02
  +3.93713490610729820673e+02
  +4.25696623243362807898e+02
  +4.57285265662384347252e+02
  +4.88497748048265123089e+02
  +5.19354892940999889106e+02
  +5.49878447808663850083e+02
  +5.80090174667443534418e+02
  +6.10011326555752134482e+02
  +6.39662356350047161868e+02
  +6.69062766993845798424e+02
  +6.98231048338497771510e+02
  +7.27184666919897040316e+02
  +7.55940087661148822917e+02
  +7.84512814248450354171e+02
  +8.12917439766436245918e+02
  +8.41167702243944859219e+02
  +8.69276541726333789484e+02
  +8.97256156762082696332e+02
  +9.25118059020997179687e+02
  +9.52873125301959476019e+02
  +9.80531646542837393099e+02
  +1.00810337367420697774e+03
  +1.03559756030619291778e+03
  +1.06302300233014420883e+03
  +1.09038807457234361209e+03
  +1.11770076466848991004e+03
  +1.14496870434263564675e+03
  +1.17219919827879652985e+03
  +1.19939925077089174010e+03
  +1.22657559033036704932e+03
  +1.25373469242135911372e+03
  +1.28088280048307296966e+03
  +1.30802594538783228018e+03
  +1.33516996347218901064e+03
  +1.36232051326789587620e+03
  +1.38948309104901136379e+03
  +1.41666304530185243493e+03
  +1.44386559021554944593e+03
  +1.47109581828258887981e+03
  +1.49835871209113656732e+03
  +1.52565915538380272665e+03
  +1.55300194345152772257e+03
  +1.58039179292504013574e+03
  +1.60783335102152068430e+03
  +1.63533120429907648941e+03
  +1.66288988696759042796e+03
  +1.69051388880062199860e+03
  +1.71820766268943293653e+03
  +1.74597563187741388901e+03
  +1.77382219691011437135e+03
  +1.80175174233379311772e+03
  +1.82976864317316199049e+03
  +1.85787727121696661925e+03
  +1.88608200113840575796e+03
  +1.91438721647576426221e+03
  +1.94279731549742245988e+03
  +1.97131671697407705324e+03
  +1.99994986588020105955e+03
  +2.02870123904574552398e+03
  +2.05757535077851071037e+03
  +2.08657675847696418714e+03
  +2.11571006825294443843e+03
  +2.14497994058320500699e+03
  +2.17439109600876190598e+03
  +2.20394832090070894992e+03
  +2.23365647331141281029e+03
  +2.26352048892988250373e+03
  +2.29354538716061870218e+03
  +2.32373627734539013545e+03
  +2.35409836514797552809e+03
  +2.38463695912242474151e+03
  +2.41535747748617541220e+03
  +2.44626545512004213379e+03
  +2.47736655081824574154e+03
  +2.50866655481248790238e+03
  +2.54017139659553913589e+03
  +2.57188715307102665975e+03
  +2.60382005705765232051e+03
  +2.63597650617795716244e+03
  +2.66836307216331624659e+03
  +2.70098651060932297696e+03
  +2.73385377121769806763e+03
  +2.76697200856367408051e+03
  +2.80034859343046946378e+03
  +2.83399112475556694335e+03
  +2.86790744223700903603e+03
  +2.90210563965164146794e+03
  +2.93659407894121432037e+03
  +2.97138140512709424002e+03
  +3.00647656211898220135e+03
  +3.04188880948885071120e+03
  +3.07762774028720286879e+03
  +3.11370329998534907645e+03
  +3.15012580663515518609e+03
  +3.18690597234534016025e+03
  +3.22405492618278367445e+03
  +3.26158423861713254155e+03
  +3.29950594763795106701e+03
  +3.33783258668588723594e+03
  +3.37657721455292175960e+03
  +3.41575344742168863377e+03
  +3.45537549323057010042e+03
  +3.49545818857001131619e+03
  +3.53601703833579585989e+03
  +3.57706825838859094802e+03
  +3.61862882149447750635e+03
  +3.66071650685016174975e+03
  +3.70334995352877012920e+03
  +3.74654871821836422896e+03
  +3.79033333766587838909e+03
  +3.83472539628477716178e+03
  +3.87974759943632125214e+03
  +3.92542385295214671714e+03
  +3.97177934953120075079e+03
  +4.01884066271854362640e+03
  +4.06663584925692293837e+03
  +4.11519456069749776361e+03
  +4.16454816526418471767e+03
  +4.21472988108926620043e+03
  +4.26577492207854993467e+03
  +4.31772065782454774308e+03
  +4.37060678917069617455e+03
  +4.42447554123932695802e+03
  +4.47937187597971842479e+03
  +4.53534372657028143294e+03
  +4.59244225633195219416e+03
  +4.65072214518095552194e+03
  +4.71024190708175501641e+03
  +4.77106424246021742874e+03
  +4.83325643012156160694e+03
  +4.89689076389635010855e+03
  +4.96204504003332294815e+03
  +5.02880310228976941289e+03
  +5.09725545276429056685e+03
  +5.16749993780619024619e+03
  +5.23964251985755436181e+03
  +5.31379814788598378072e+03
  +5.39009174120241459605e+03
  +5.46865930400289289537e+03
  +5.54964919100495444582e+03
  +5.63322354817701852880e+03
  +5.71955995690552572341e+03
  +5.80885331517006761715e+03
  +5.90131799558768761926e+03
  +5.99719032778447490273e+03
  +6.09673146173814620852e+03
  +6.20023067986655405548e+03
  +6.30800923913805036136e+03
  +6.42042484087056254793e+03
  +6.53787684578122389212e+03
  +6.66081237597098970582e+03
  +6.78973347469653162989e+03
  +6.92520552987733390182e+03
  +7.06786720916989543184e+03
  +7.21844220376160410524e+03
  +7.37775313487692710623e+03
  +7.54673804015579480620e+03
  +7.72646992281650182122e+03
  +7.91817990617054601898e+03
  +8.12328457166222233354e+03
  +8.34341803502239599766e+03
  +8.58046916556260657671e+03
  +8.83662395320776704466e+03
  +9.11441214504889649106e+03
  +9.41675548056980551337e+03
  +9.74701136499311905936e+03
</dep>
<dep Zin_norm frequency>
  +4.68838929416523786387e+00
  +3.75574305065957281258e+00
  +2.92291333890787763394e+00
  +2.23551320786774354588e+00
  +1.79602122313427225997e+00
  +1.74042990343308234813e+00
  +2.05997465001106316862e+00
  +2.59470125590947908734e+00
  +3.22213178556739876512e+00
  +3.88547458511153465111e+00
  +4.56029490540598825277e+00
  +5.23566039434800600816e+00
  +5.90649000252913314313e+00
  +6.57042485141330079301e+00
  +7.22645486589128172028e+00
  +7.87426981221459687532e+00
  +8.51393246486725630007e+00
  +9.14570531324768687398e+00
  +9.76995496096530224861e+00
  +1.03870978588199971426e+01
  +1.09975689561732767885e+01
  +1.16018034933488713989e+01
  +1.22002265311150424054e+01
  +1.27932471270009422426e+01
  +1.33812553398769154001e+01
  +1.39646209667699547907e+01
  +1.45436933383979400958e+01
  +1.51188017532229768136e+01
  +1.56902562849690063729e+01
  +1.62583487953287253447e+01
  +1.68233540448788971844e+01
  +1.73855308345266763581e+01
  +1.79451231352416549214e+01
  +1.85023611804199425990e+01
  +1.90574625060391902309e+01
  +1.96106329308567488567e+01
  +2.01620674734841394127e+01
  +2.07119512061238602030e+01
  +2.12604600466028834660e+01
  +2.18077614914468718155e+01
  +2.23540152933697982007e+01
  +2.28993740868527133614e+01
  +2.34439839655759314496e+01
  +2.39879850154178342336e+01
  +2.45315118066073409864e+01
  +2.50746938484271808534e+01
  +2.56176560096614593931e+01
  +2.61605189077566464562e+01
  +2.67033992694437820603e+01
  +2.72464102653579196556e+01
  +2.77896618209802284127e+01
  +2.83332609060370472776e+01
  +2.88773118043109882080e+01
  +2.94219163656517785910e+01
  +2.99671742418227324833e+01
  +3.05131831076760526855e+01
  +3.10600388690305564410e+01
  +3.16078358585008025727e+01
  +3.21566670204304116965e+01
  +3.27066240859815309250e+01
  +3.32577977393518082749e+01
  +3.38102777760124411088e+01
  +3.43641532537886575938e+01
  +3.49195126375482800540e+01
  +3.54764439382022871428e+01
  +3.60350348466758632071e+01
  +3.65953728634632398098e+01
  +3.71575454243393323850e+01
  +3.77216400227681134538e+01
  +3.82877443295152843916e+01
  +3.88559463099484503346e+01
  +3.94263343394815422016e+01
  +3.99989973176040223279e+01
  +4.05740247809149110481e+01
  +4.11515070155702105126e+01
  +4.17315351695392848796e+01
  +4.23142013650588850737e+01
  +4.28995988116640987187e+01
  +4.34878219201752358458e+01
  +4.40789664180141755878e+01
  +4.46731294662282607533e+01
  +4.52704097785976529167e+01
  +4.58709077432123706330e+01
  +4.64747255469078055512e+01
  +4.70819673029595122671e+01
  +4.76927391824484985250e+01
  +4.83071495497235048333e+01
  +4.89253091024008455179e+01
  +4.95473310163649145466e+01
  +5.01733310962497611740e+01
  +5.08034279319107824335e+01
  +5.14377430614205337633e+01
  +5.20764011411530489681e+01
  +5.27195301235591387012e+01
  +5.33672614432663294792e+01
  +5.40197302121864595392e+01
  +5.46770754243539585104e+01
  +5.53394401712734804732e+01
  +5.60069718686093906967e+01
  +5.66798224951113382986e+01
  +5.73581488447401781627e+01
  +5.80421127930328282218e+01
  +5.87318815788242858389e+01
  +5.94276281025418882109e+01
  +6.01295312423796417534e+01
  +6.08377761897770170663e+01
  +6.15525548057440587968e+01
  +6.22740659997069840870e+01
  +6.30025161327031000269e+01
  +6.37381194469068077524e+01
  +6.44810985236556746258e+01
  +6.52316847723426462835e+01
  +6.59901189527590190664e+01
  +6.67566517337177458558e+01
  +6.75315442910584380343e+01
  +6.83150689484337760859e+01
  +6.91075098646114014400e+01
  +6.99091637714002303028e+01
  +7.07203407667159211769e+01
  +7.15413651677718149813e+01
  +7.23725764298895484217e+01
  +7.32143301370032304476e+01
  +7.40669990705754059945e+01
  +7.49309743643672874214e+01
  +7.58066667533175717608e+01
  +7.66945079256955466462e+01
  +7.75949519887264216322e+01
  +7.85084770590429315007e+01
  +7.94355869906240172895e+01
  +8.03768132543708730964e+01
  +8.13327169851384610411e+01
  +8.23038912139499529985e+01
  +8.32909633052836966272e+01
  +8.42945976217853285561e+01
  +8.53154984415709947143e+01
  +8.63544131564909491772e+01
  +8.74121357834139161014e+01
  +8.84895108247865351814e+01
  +8.95874375195943741801e+01
  +9.07068745314056315010e+01
  +9.18488451266390484307e+01
  +9.30144429036191127125e+01
  +9.42048381416350935069e+01
  +9.54212848492043548276e+01
  +9.66651286024312241807e+01
  +9.79378152779270010342e+01
  +9.92409008006664663526e+01
  +1.00576062045795382005e+02
  +1.01945109055285811905e+02
  +1.03349998756123810040e+02
  +1.04792850397151084962e+02
  +1.06275962957719670499e+02
  +1.07801834824048299311e+02
  +1.09373186080057863023e+02
  +1.10992983820099084369e+02
  +1.12664470963540367165e+02
  +1.14391199138110508216e+02
  +1.16177066303401360869e+02
  +1.18026359911753758070e+02
  +1.19943806555689491233e+02
  +1.21934629234762923033e+02
  +1.24004613597331072583e+02
  +1.26160184782761007227e+02
  +1.28408496817411247548e+02
  +1.30757536915624484664e+02
  +1.33216247519419795253e+02
  +1.35794669493930626913e+02
  +1.38504110597546684858e+02
  +1.41357344183397913184e+02
  +1.44368844075232090063e+02
  +1.47555062697538545535e+02
  +1.50934760803115892713e+02
  +1.54529398456330028466e+02
  +1.58363598123410923790e+02
  +1.62465691433244444397e+02
  +1.66868360700447937006e+02
  +1.71609383311252145177e+02
  +1.76732479064155342030e+02
  +1.82288242900977934369e+02
  +1.88335109611396120499e+02
  +1.94940227299862385735e+02
</dep>
<dep S[2,2] frequency>
  -8.86576897838608601887e-01-j1.36353694837159616915e-01
  -9.01102066413297708714e-01-j1.03303149747251840629e-01
  -9.13188389761703356307e-01-j7.06353705640964946166e-02
  -9.23074432870069960799e-01-j3.84470140348201552816e-02
  -9.30973047811872289614e-01-j6.80731365978195536448e-03
  -9.37073619960856696309e-01+j2.42354702965719252805e-02
  -9.41544420700149320425e-01+j5.46490436307665444771e-02
  -9.44534909746055140189e-01+j8.44132052796663229222e-02
  -9.46177899384218368262e-01+j1.13516860311626374691e-01
  -9.46591537126309945371e-01+j1.41955721767267561972e-01
  -9.45881090812255354017e-01+j1.69730546477230792579e-01
  -9.44140536702907429145e-01+j1.96845783935435614254e-01
  -9.41453960495957864474e-01+j2.23308544229757571786e-01
  -9.37896786041086949481e-01+j2.49127812168882578625e-01
  -9.33536848542470765189e-01+j2.74313851227653893172e-01
  -9.28435329339354353806e-01+j2.98877753730149187117e-01
  -9.22647568673639617565e-01+j3.22831103596168456082e-01
  -9.16223771648985052529e-01+j3.46185725633426644166e-01
  -9.09209621147264557273e-01+j3.68953501270265327161e-01
  -9.01646809970242490984e-01+j3.91146235188927826609e-01
  -8.93573503019050585650e-01+j4.12775560845196232140e-01
  -8.85024738966772583915e-01+j4.33852875584832209377e-01
  -8.76032779646385484362e-01+j4.54389298174426747856e-01
  -8.66627414275689456069e-01+j4.74395643195406890857e-01
  -8.56836224670654456048e-01+j4.93882408013620544107e-01
  -8.46684816750787772044e-01+j5.12859769017193989349e-01
  -8.36197022903997444487e-01+j5.31337584575731547432e-01
  -8.25395079142074328260e-01+j5.49325402765039050301e-01
  -8.14299780429627140244e-01+j5.66832472360330408279e-01
  -8.02930617097972865182e-01+j5.83867755957766854102e-01
  -7.91305894850714230948e-01+j6.00439944361457755839e-01
  -7.79442840520533142268e-01+j6.16557471588433436693e-01
  -7.67357695439235598656e-01+j6.32228530010990552590e-01
  -7.55065798027400369996e-01+j6.47461085285733983774e-01
  -7.42581656991456395822e-01+j6.62262890818172467178e-01
  -7.29919016327643888076e-01+j6.76641501589359317670e-01
  -7.17090913171189225928e-01+j6.90604287229906521617e-01
  -7.04109729390109850833e-01+j7.04158444271998362751e-01
  -6.90987237703701739910e-01+j7.17311007544264134239e-01
  -6.77734643003006120843e-01+j7.30068860699840671558e-01
  -6.64362619461813186383e-01+j7.42438745887069928564e-01
  -6.50881343950262314380e-01+j7.54427272585966535168e-01
  -6.37300526196930450240e-01+j7.66040925643321268801e-01
  -6.23629436088191213550e-01+j7.77286072545870676542e-01
  -6.09876928443866428431e-01+j7.88168969975246436199e-01
  -5.96051465565441307426e-01+j7.98695769690669243879e-01
  -5.82161137815606410939e-01+j8.08872523786391517397e-01
  -5.68213682455586899245e-01+j8.18705189370760089140e-01
  -5.54216500938503275897e-01+j8.28199632712872557683e-01
  -5.40176674832334557941e-01+j8.37361632901465924306e-01
  -5.26100980524782046999e-01+j8.46196885058731695928e-01
  -5.11995902843578432062e-01+j8.54711003149716930238e-01
  -4.97867647709465177552e-01+j8.62909522425711283944e-01
  -4.83722153924815101433e-01+j8.70797901537642915493e-01
  -4.69565104188407134167e-01+j8.78381524353145315409e-01
  -4.55401935416012093594e-01+j8.85665701508524749741e-01
  -4.41237848436712876143e-01+j8.92655671724654986576e-01
  -4.27077817126749248455e-01+j8.99356602913437441771e-01
  -4.12926597035108533529e-01+j9.05773593099392759775e-01
  -3.98788733548827267761e-01+j9.11911671178817884176e-01
  -3.84668569640197854920e-01+j9.17775797537043080965e-01
  -3.70570253233139246252e-01+j9.23370864542427227661e-01
  -3.56497744221720869184e-01+j9.28701696933979636839e-01
  -3.42454821169856371554e-01+j9.33773052117928270555e-01
  -3.28445087717986139442e-01+j9.38589620386969580856e-01
  -3.14471978719490952159e-01+j9.43156025074532111674e-01
  -3.00538766127064427280e-01+j9.47476822655133332773e-01
  -2.86648564646968251335e-01+j9.51556502800590675584e-01
  -2.72804337177093680911e-01+j9.55399488400813123867e-01
  -2.59008900043025291904e-01+j9.59010135556818354985e-01
  -2.45264928044710728283e-01+j9.62392733552692614118e-01
  -2.31574959325055285131e-01+j9.65551504812300009917e-01
  -2.17941400070501833941e-01+j9.68490604845788749522e-01
  -2.04366529052674911204e-01+j9.71214122190176776250e-01
  -1.90852502019214775864e-01+j9.73726078347635248811e-01
  -1.77401355941160243646e-01+j9.76030427724474347606e-01
  -1.64015013123477493284e-01+j9.78131057573287887585e-01
  -1.50695285184808985823e-01+j9.80031787940166432271e-01
  -1.37443876911878620772e-01+j9.81736371618481484802e-01
  -1.24262389993603186711e-01+j9.83248494110259718681e-01
  -1.11152326639467155522e-01+j9.84571773595819266234e-01
  -9.81150930864544829069e-02+j9.85709760911988253085e-01
  -8.51520029984021153968e-02+j9.86665939538888703275e-01
  -7.22642807614652382675e-02+j9.87443725594991161820e-01
  -5.94530646790859124140e-02+j9.88046467839881925599e-01
  -4.67194100696710565290e-02+j9.88477447683944632217e-01
  -3.40642922699795069885e-02+j9.88739879203921701034e-01
  -2.14886095471083331254e-02+j9.88836909163141930534e-01
  -8.99318592175525968746e-03+j9.88771617034998495654e-01
  +3.42122609459184073843e-03+j9.88547015028071962561e-01
  +1.57539428460830958911e-02+j9.88166048111178474400e-01
  +2.80043469601191571949e-02+j9.87631594036405324744e-01
  +4.01718848538029291162e-02+j9.86946463358111758524e-01
  +5.22560643170079108799e-02+j9.86113399445677996091e-01
  +6.42564521697795848487e-02+j9.85135078487695214911e-01
  +7.61726719919570971484e-02+j9.84014109485114585318e-01
  +8.80044019228383572750e-02+j9.82753034230779531910e-01
  +9.97513725288060176810e-02+j9.81354327272585424957e-01
  +1.11413364736818190637e-01+j9.79820395857403769746e-01
  +1.22990207831677134109e-01+j9.78153579852768850778e-01
  +1.34481777515023437353e-01+j9.76356151643140046659e-01
  +1.45887994023995021253e-01+j9.74430315997433460495e-01
  +1.57208820307430635621e-01+j9.72378209904333434821e-01
  +1.68444260257584410567e-01+j9.70201902371709778983e-01
  +1.79594356995176646086e-01+j9.67903394186287791001e-01
  +1.90659191205682282400e-01+j9.65484617629509545012e-01
  +2.01638879524653036324e-01+j9.62947436145277002595e-01
  +2.12533572969803991048e-01+j9.60293643955080322705e-01
  +2.23343455417643221850e-01+j9.57524965615651924011e-01
  +2.34068742122203521383e-01+j9.54643055514122984562e-01
  +2.44709678273462516440e-01+j9.51649497295214974457e-01
  +2.55266537592908071552e-01+j9.48545803214739580156e-01
  +2.65739620963576228529e-01+j9.45333413413248058177e-01
  +2.76129255091759229224e-01+j9.42013695103283921206e-01
  +2.86435791197465872138e-01+j9.38587941663196034803e-01
  +2.96659603730493381946e-01+j9.35057371630004130481e-01
  +3.06801089108798774596e-01+j9.31423127583212884240e-01
  +3.16860664475652753502e-01+j9.27686274910865082965e-01
  +3.26838766471715114204e-01+j9.23847800448490463765e-01
  +3.36735850017987892180e-01+j9.19908610980790242273e-01
  +3.46552387105167281067e-01+j9.15869531595132513324e-01
  +3.56288865584585612289e-01+j9.11731303875022880412e-01
  +3.65945787955454016060e-01+j9.07494583920683273170e-01
  +3.75523670142654142357e-01+j9.03159940182826970201e-01
  +3.85023040258716364725e-01+j8.98727851094436092083e-01
  +3.94444437342977904937e-01+j8.94198702484071850094e-01
  +4.03788410070186898349e-01+j8.89572784752717393708e-01
  +4.13055515419941066124e-01+j8.84850289794510413977e-01
  +4.22246317297351736464e-01+j8.80031307639966176026e-01
  +4.31361385094292337783e-01+j8.75115822798165354790e-01
  +4.40401292179215586575e-01+j8.70103710272263408676e-01
  +4.49366614302124656177e-01+j8.64994731220120827153e-01
  +4.58257927899587746978e-01+j8.59788528229141646442e-01
  +4.67075808282766291590e-01+j8.54484620171335085281e-01
  +4.75820827689232228597e-01+j8.49082396601195110719e-01
  +4.84493553176772062674e-01+j8.43581111655282600559e-01
  +4.93094544334554796272e-01+j8.37979877408034035113e-01
  +5.01624350783502759299e-01+j8.32277656633813589515e-01
  +5.10083509434039128472e-01+j8.26473254919772859495e-01
  +5.18472541464688019275e-01+j8.20565312068400998236e-01
  +5.26791948979985935608e-01+j8.14552292721948623111e-01
  +5.35042211299985526196e-01+j8.08432476133740807178e-01
  +5.43223780826820656920e-01+j8.02203945002991858360e-01
  +5.51337078425494175882e-01+j7.95864573280786191667e-01
  +5.59382488246773057483e-01+j7.89412012844341703932e-01
  +5.67360351908918869590e-01+j7.82843678925300379134e-01
  +5.75270961942159875235e-01+j7.76156734164729189551e-01
  +5.83114554384750682914e-01+j7.69348071152911483495e-01
  +5.90891300401738983616e-01+j7.62414293295685552287e-01
  +5.98601296776837599189e-01+j7.55351693830620729564e-01
  +6.06244555103336080215e-01+j7.48156232795612718967e-01
  +6.13820989471228872780e-01+j7.40823511729123196368e-01
  +6.21330402413566740272e-01+j7.33348745855169514840e-01
  +6.28772468834872921839e-01+j7.25726733476553698132e-01
  +6.36146717596482780266e-01+j7.17951822266781003457e-01
  +6.43452510376883446419e-01+j7.10017872113797077205e-01
  +6.50689017357209631420e-01+j7.01918214127048356588e-01
  +6.57855189201172918523e-01+j6.93645605372439133518e-01
  +6.64949724701590416664e-01+j6.85192178847712662915e-01
  +6.71971033349393009892e-01+j6.76549388152446473654e-01
  +6.78917191940871744826e-01+j6.67707946242483973975e-01
  +6.85785894170116150370e-01+j6.58657757587377767905e-01
  +6.92574391949388301626e-01+j6.49387842971618223231e-01
  +6.99279426952765237324e-01+j6.39886256095969718771e-01
  +7.05897150577691645523e-01+j6.30139991045030267713e-01
  +7.12423030152875114140e-01+j6.20134879592492138656e-01
  +7.18851738773649717729e-01+j6.09855477219069741501e-01
  +7.25177025598323754529e-01+j5.99284936623947439571e-01
  +7.31391562766920966254e-01+j5.88404867425204702869e-01
  +7.37486764276705897281e-01+j5.77195180678282682152e-01
  +7.43452571129022965479e-01+j5.65633916808886527683e-01
  +7.49277195801287598798e-01+j5.53697055580193886470e-01
  +7.54946817536545800031e-01+j5.41358306826156265856e-01
  +7.60445218005417755691e-01+j5.28588880930605520270e-01
  +7.65753344487151155207e-01+j5.15357238484614565976e-01
  +7.70848784720384649916e-01+j5.01628819311356055621e-01
  +7.75705133844143968069e-01+j4.87365752252441775116e-01
  +7.80291229206510950078e-01+j4.72526548969489923469e-01
  +7.84570223045265247030e-01+j4.57065787827742264771e-01
  +7.88498455884134474836e-01+j4.40933798125602183227e-01
  +7.92024084644848302972e-01+j4.24076361133685242333e-01
</dep>
<dep S[2,1] frequency>
  +6.65012171903571897014e-02-j4.32733394666943826934e-01
  +4.74046727862452582647e-02-j4.13834923275301413970e-01
  +3.05461483292819718782e-02-j3.95225590886847166772e-01
  +1.56895106911291021268e-02-j3.76998316689751422626e-01
  +2.62443414839761855403e-03-j3.59218677470812763897e-01
  -8.83584998448723457631e-03-j3.41931360198333089695e-01
  -1.88569101204384761972e-02-j3.25165171605316660752e-01
  -2.75854207104503680592e-02-j3.08936913356060993685e-01
  -3.51513304178547106305e-02-j2.93254371139688718717e-01
  -4.16698486781263699452e-02-j2.78118614753762538605e-01
  -4.72432346783893258868e-02-j2.63525764051408872835e-01
  -5.19623893071655407194e-02-j2.49468341674433768951e-01
  -5.59082600101577648077e-02-j2.35936306571488230155e-01
  -5.91530733290509813660e-02-j2.22917841163741164978e-01
  -6.17614119109767614746e-02-j2.10399948537149161787e-01
  -6.37911530777062751874e-02-j1.98368903243665267722e-01
  -6.52942853610441048540e-02-j1.86810589387563341646e-01
  -6.63176182058514973594e-02-j1.75710752016668775299e-01
  -6.69033986029550775676e-02-j1.65055181925953781130e-01
  -6.70898469159820626251e-02-j1.54829849416056430922e-01
  -6.69116227106195116114e-02-j1.45020999023695779107e-01
  -6.64002300374354342827e-02-j1.35615214516548204804e-01
  -6.55843703862769022983e-02-j1.26599461338213176154e-01
  -6.44902504296992751254e-02-j1.17961112057998931957e-01
  -6.31418507026739045385e-02-j1.09687959116683497740e-01
  -6.15611605181478407922e-02-j1.01768218179403721613e-01
  -5.97683836820443042948e-02-j9.41905246466018253315e-02
  -5.77821189350276112617e-02-j8.69439252829425496261e-02
  -5.56195185003301173499e-02-j8.00178664655271237871e-02
  -5.32964276457598279402e-02-j7.34021801959636455148e-02
  -5.08275077634283700689e-02-j6.70870687436122825620e-02
  -4.82263451238480606031e-02-j6.10630885721539645727e-02
  -4.55055471636202218955e-02-j5.53211340346438512627e-02
  -4.26768279106952974633e-02-j4.98524211925405885681e-02
  -3.97510839326960727091e-02-j4.46484720145326544061e-02
  -3.67384620058023997347e-02-j3.97010991335057447649e-02
  -3.36484195407557792890e-02-j3.50023912811117596244e-02
  -3.04897786638696627337e-02-j3.05446994741076262303e-02
  -2.72707747318040906459e-02-j2.63206239924024601451e-02
  -2.39990999563689903773e-02-j2.23230021632443015323e-02
  -2.06819427270591646439e-02-j1.85448969468186390663e-02
  -1.73260231427814354044e-02-j1.49795863047987136418e-02
  -1.39376251983149949953e-02-j1.16205533236178465417e-02
  -1.05226260140373253232e-02-j8.46147705753544539242e-03
  -7.08652244804841915937e-03-j5.49622405228945669353e-03
  -3.63445538712031191234e-03-j2.71884050771493490997e-03
  -1.71231975670596493939e-04-j1.23545036611151580301e-04
  +3.29865399018428777714e-03+j2.29527802283236012290e-03
  +6.77100330452491162847e-03+j4.54308478298628276582e-03
  +1.02418940549563151909e-02+j6.62517751177888174902e-03
  +1.37076656340167548492e-02+j8.54670990562839474891e-03
  +1.71649039239171255500e-02+j1.03126919672764556790e-02
  +2.06104275360295442765e-02+j1.19279945233495884155e-02
  +2.40412750006987023521e-02+j1.33973534142589004864e-02
  +2.74546928152852205696e-02+j1.47253733867965946880e-02
  +3.08481242690901123760e-02+j1.59165317175173313957e-02
  +3.42191989734655782618e-02+j1.69751815929200522426e-02
  +3.75657230334669536842e-02+j1.79055552702050146952e-02
  +4.08856698048351771546e-02+j1.87117670404289317132e-02
  +4.41771711864071270348e-02+j1.93978160139535796280e-02
  +4.74385094036093232783e-02+j1.99675887462388845783e-02
  +5.06681092436991678540e-02+j2.04248617203483563698e-02
  +5.38645307075771503924e-02+j2.07733037008983253968e-02
  +5.70264620469399033387e-02+j2.10164779727471141835e-02
  +6.01527131587314620176e-02+j2.11578444762829769032e-02
  +6.32422093118781419863e-02+j2.12007618499072750251e-02
  +6.62939851838017651930e-02+j2.11484893891640893249e-02
  +6.93071791865093322915e-02+j2.10041889308082430077e-02
  +7.22810280640391183971e-02+j2.07709266691821735351e-02
  +7.52148617447756517862e-02+j2.04516749113071438781e-02
  +7.81080984337562539421e-02+j2.00493137762982331918e-02
  +8.09602399313696374783e-02+j1.95666328439112469084e-02
  +8.37708671661506754091e-02+j1.90063327563958842092e-02
  +8.65396359303432782806e-02+j1.83710267771424566596e-02
  +8.92662728079093720224e-02+j1.76632423090893886375e-02
  +9.19505712854549739355e-02+j1.68854223753250876072e-02
  +9.45923880373170239411e-02+j1.60399270638518984256e-02
  +9.71916393766503600160e-02+j1.51290349380651997085e-02
  +9.97482978649936874449e-02+j1.41549444141395048408e-02
  +1.02262389073239576276e-01+j1.31197751061473341649e-02
  +1.04733988487476101237e-01+j1.20255691394491291690e-02
  +1.07163218553469566374e-01+j1.08742924326248584926e-02
  +1.09550245854017819225e-01+j9.66783594795602926886e-03
  +1.11895278413662591088e-01+j8.40801691024584303691e-03
  +1.14198563125571320165e-01+j7.09657999358453712296e-03
  +1.16460383295639943735e-01+j5.73519847546279538247e-03
  +1.18681056299136625243e-01+j4.32547535748386592636e-03
  +1.20860931345367225709e-01+j2.86894445176736527861e-03
  +1.23000387346087813878e-01+j1.36707143201704136616e-03
  +1.25099830883525442449e-01-j1.78745151942640907077e-04
  +1.27159694274031620509e-01-j1.76717289742369223007e-03
  +1.29180433723572712923e-01-j3.39694461135265930035e-03
  +1.31162527571301340545e-01-j5.06685741347430093628e-03
  +1.33106474617717907005e-01-j6.77577188191801679101e-03
  +1.35012792533860143118e-01-j8.52261124284152751795e-03
  +1.36882016348213036983e-01-j1.03063606060157693378e-02
  +1.38714697008026854874e-01-j1.21260662482750337932e-02
  +1.40511400011835790869e-01-j1.39808349469268070747e-02
  +1.42272704110073283656e-01-j1.58698333652891425405e-02
  +1.43999200070665356321e-01-j1.77922874926724899902e-02
  +1.45691489506631910444e-01-j1.97474821412558128320e-02
  +1.47350183762719494363e-01-j2.17347605024594998924e-02
  +1.48975902858105135884e-01-j2.37535237655474226748e-02
  +1.50569274482334841680e-01-j2.58032308014069441948e-02
  +1.52130933041553423335e-01-j2.78833979145970307922e-02
  +1.53661518752223780204e-01-j2.99935986669778234526e-02
  +1.55161676779448670649e-01-j3.21334637764820810202e-02
  +1.56632056417009557503e-01-j3.43026810947584318012e-02
  +1.58073310306293929317e-01-j3.65009956677975963557e-02
  +1.59486093691132230221e-01-j3.87282098838167623822e-02
  +1.60871063705611327954e-01-j4.09841837131069627875e-02
  +1.62228878691847294702e-01-j4.32688350448424963179e-02
  +1.63560197544596108710e-01-j4.55821401262569078638e-02
  +1.64865679079506499694e-01-j4.79241341100153650512e-02
  +1.66145981421705696279e-01-j5.02949117160857300801e-02
  +1.67401761411245908473e-01-j5.26946280149189691389e-02
  +1.68633674021777341112e-01-j5.51234993393193567490e-02
  +1.69842371788656326670e-01-j5.75818043330312764883e-02
  +1.71028504242362544563e-01-j6.00698851446900411455e-02
  +1.72192717342954243476e-01-j6.25881487766347804902e-02
  +1.73335652910882265232e-01-j6.51370685988304637393e-02
  +1.74457948049162675508e-01-j6.77171860390981678046e-02
  +1.75560234551480315313e-01-j7.03291124618741769758e-02
  +1.76643138290314638539e-01-j7.29735312487933829306e-02
  +1.77707278578627808630e-01-j7.56512000956661712081e-02
  +1.78753267498009904557e-01-j7.83629535417346145820e-02
  +1.79781709185466181955e-01-j8.11097057486177830388e-02
  +1.80793199070184512633e-01-j8.38924535480138761079e-02
  +1.81788323050632777411e-01-j8.67122797790096377923e-02
  +1.82767656601319328225e-01-j8.95703569379762420954e-02
  +1.83731763797186004039e-01-j9.24679511661661845956e-02
  +1.84681196242236361771e-01-j9.54064266026984214575e-02
  +1.85616491887298867836e-01-j9.83872501333446919380e-02
  +1.86538173719920846727e-01-j1.01411996568614048986e-01
  +1.87446748307225657948e-01-j1.04482354288068332582e-01
  +1.88342704169974117789e-01-j1.07600131391529948988e-01
  +1.89226509963264788450e-01-j1.10767262402207369854e-01
  +1.90098612435810249144e-01-j1.13985815571292836701e-01
  +1.90959434136011518834e-01-j1.17258000839054729592e-01
  +1.91809370828428249478e-01-j1.20586178513128111645e-01
  +1.92648788579179136571e-01-j1.23972868731441449031e-01
  +1.93478020462674094038e-01-j1.27420761784378527848e-01
  +1.94297362835242237722e-01-j1.30932729379190176955e-01
  +1.95107071112955110515e-01-j1.34511836938665446661e-01
  +1.95907354981634612701e-01-j1.38161357036571730283e-01
  +1.96698372955907585524e-01-j1.41884784083815912448e-01
  +1.97480226191352498111e-01-j1.45685850392316990076e-01
  +1.98252951438703473031e-01-j1.49568543758206051741e-01
  +1.99016513011389811760e-01-j1.53537126722306516147e-01
  +1.99770793616935143922e-01-j1.57596157684319476688e-01
  +2.00515583878311753896e-01-j1.61750514067864392675e-01
  +2.01250570342552614900e-01-j1.66005417756883377756e-01
  +2.01975321739808477695e-01-j1.70366463050063476903e-01
  +2.02689273215808402062e-01-j1.74839647409535142719e-01
  +2.03391708212764310559e-01-j1.79431405313178526928e-01
  +2.04081737616932795687e-01-j1.84148645557179468923e-01
  +2.04758275723148253089e-01-j1.88998792397120973785e-01
  +2.05420012485765302035e-01-j1.93989830962839476802e-01
  +2.06065381428327060176e-01-j1.99130357434316646037e-01
  +2.06692522467993855528e-01-j2.04429634524241510274e-01
  +2.07299238770651456099e-01-j2.09897652877233192870e-01
  +2.07882946583803990270e-01-j2.15545199066993042880e-01
  +2.08440616790152272175e-01-j2.21383930950436125240e-01
  +2.08968706677339105537e-01-j2.27426461222346665281e-01
  +2.09463080118667210883e-01-j2.33686450104273080175e-01
  +2.09918913993360600756e-01-j2.40178708196066598157e-01
  +2.10330588227656850586e-01-j2.46919310614951537097e-01
  +2.10691556290394849116e-01-j2.53925723641155010046e-01
  +2.10994192304645555858e-01-j2.61216945174520598361e-01
  +2.11229610109940096896e-01-j2.68813660372924534414e-01
  +2.11387448589754778361e-01-j2.76738413875998234825e-01
  +2.11455616318243500018e-01-j2.85015799994182306154e-01
  +2.11419987018776206478e-01-j2.93672672131229939296e-01
  +2.11264035389233745255e-01-j3.02738372460363447392e-01
  +2.10968400440930431428e-01-j3.12244982421534755801e-01
  +2.10510360501892507257e-01-j3.22227593850484494986e-01
  +2.09863200305157926451e-01-j3.32724599345530835937e-01
  +2.08995445939666846247e-01-j3.43777998618270352882e-01
  +2.07869937668169163514e-01-j3.55433714761300090235e-01
  +2.06442703455919085442e-01-j3.67741910169043728640e-01
  +2.04661587210477252663e-01-j3.80757285648007259837e-01
</dep>
<dep S[1,2] frequency>
  +6.65012171903571897014e-02-j4.32733394666943826934e-01
  +4.74046727862452582647e-02-j4.13834923275301413970e-01
  +3.05461483292819718782e-02-j3.95225590886847166772e-01
  +1.56895106911291021268e-02-j3.76998316689751422626e-01
  +2.62443414839761855403e-03-j3.59218677470812763897e-01
  -8.83584998448723457631e-03-j3.41931360198333089695e-01
  -1.88569101204384761972e-02-j3.25165171605316660752e-01
  -2.75854207104503680592e-02-j3.08936913356060993685e-01
  -3.51513304178547106305e-02-j2.93254371139688718717e-01
  -4.16698486781263699452e-02-j2.78118614753762538605e-01
  -4.72432346783893258868e-02-j2.63525764051408872835e-01
  -5.19623893071655407194e-02-j2.49468341674433768951e-01
  -5.59082600101577648077e-02-j2.35936306571488230155e-01
  -5.91530733290509813660e-02-j2.22917841163741164978e-01
  -6.17614119109767614746e-02-j2.10399948537149161787e-01
  -6.37911530777062751874e-02-j1.98368903243665267722e-01
  -6.52942853610441048540e-02-j1.86810589387563341646e-01
  -6.63176182058514973594e-02-j1.75710752016668775299e-01
  -6.69033986029550775676e-02-j1.65055181925953781130e-01
  -6.70898469159820626251e-02-j1.54829849416056430922e-01
  -6.69116227106195116114e-02-j1.45020999023695779107e-01
  -6.64002300374354342827e-02-j1.35615214516548204804e-01
  -6.55843703862769022983e-02-j1.26599461338213176154e-01
  -6.44902504296992751254e-02-j1.17961112057998931957e-01
  -6.31418507026739045385e-02-j1.09687959116683497740e-01
  -6.15611605181478407922e-02-j1.01768218179403721613e-01
  -5.97683836820443042948e-02-j9.41905246466018253315e-02
  -5.77821189350276112617e-02-j8.69439252829425496261e-02
  -5.56195185003301173499e-02-j8.00178664655271237871e-02
  -5.32964276457598279402e-02-j7.34021801959636455148e-02
  -5.08275077634283700689e-02-j6.70870687436122825620e-02
  -4.82263451238480606031e-02-j6.10630885721539645727e-02
  -4.55055471636202218955e-02-j5.53211340346438512627e-02
  -4.26768279106952974633e-02-j4.98524211925405885681e-02
  -3.97510839326960727091e-02-j4.46484720145326544061e-02
  -3.67384620058023997347e-02-j3.97010991335057447649e-02
  -3.36484195407557792890e-02-j3.50023912811117596244e-02
  -3.04897786638696627337e-02-j3.05446994741076262303e-02
  -2.72707747318040906459e-02-j2.63206239924024601451e-02
  -2.39990999563689903773e-02-j2.23230021632443015323e-02
  -2.06819427270591646439e-02-j1.85448969468186390663e-02
  -1.73260231427814354044e-02-j1.49795863047987136418e-02
  -1.39376251983149949953e-02-j1.16205533236178465417e-02
  -1.05226260140373253232e-02-j8.46147705753544539242e-03
  -7.08652244804841915937e-03-j5.49622405228945669353e-03
  -3.63445538712031191234e-03-j2.71884050771493490997e-03
  -1.71231975670596493939e-04-j1.23545036611151580301e-04
  +3.29865399018428777714e-03+j2.29527802283236012290e-03
  +6.77100330452491162847e-03+j4.54308478298628276582e-03
  +1.02418940549563151909e-02+j6.62517751177888174902e-03
  +1.37076656340167548492e-02+j8.54670990562839474891e-03
  +1.71649039239171255500e-02+j1.03126919672764556790e-02
  +2.06104275360295442765e-02+j1.19279945233495884155e-02
  +2.40412750006987023521e-02+j1.33973534142589004864e-02
  +2.74546928152852205696e-02+j1.47253733867965946880e-02
  +3.08481242690901123760e-02+j1.59165317175173313957e-02
  +3.42191989734655782618e-02+j1.69751815929200522426e-02
  +3.75657230334669536842e-02+j1.79055552702050146952e-02
  +4.08856698048351771546e-02+j1.87117670404289317132e-02
  +4.41771711864071270348e-02+j1.93978160139535796280e-02
  +4.74385094036093232783e-02+j1.99675887462388845783e-02
  +5.06681092436991678540e-02+j2.04248617203483563698e-02
  +5.38645307075771503924e-02+j2.07733037008983253968e-02
  +5.70264620469399033387e-02+j2.10164779727471141835e-02
  +6.01527131587314620176e-02+j2.11578444762829769032e-02
  +6.32422093118781419863e-02+j2.12007618499072750251e-02
  +6.62939851838017651930e-02+j2.11484893891640893249e-02
  +6.93071791865093322915e-02+j2.10041889308082430077e-02
  +7.22810280640391183971e-02+j2.07709266691821735351e-02
  +7.52148617447756517862e-02+j2.04516749113071438781e-02
  +7.81080984337562539421e-02+j2.00493137762982331918e-02
  +8.09602399313696374783e-02+j1.95666328439112469084e-02
  +8.37708671661506754091e-02+j1.90063327563958842092e-02
  +8.65396359303432782806e-02+j1.83710267771424566596e-02
  +8.92662728079093720224e-02+j1.76632423090893886375e-02
  +9.19505712854549739355e-02+j1.68854223753250876072e-02
  +9.45923880373170239411e-02+j1.60399270638518984256e-02
  +9.71916393766503600160e-02+j1.51290349380651997085e-02
  +9.97482978649936874449e-02+j1.41549444141395048408e-02
  +1.02262389073239576276e-01+j1.31197751061473341649e-02
  +1.04733988487476101237e-01+j1.20255691394491291690e-02
  +1.07163218553469566374e-01+j1.08742924326248584926e-02
  +1.09550245854017819225e-01+j9.66783594795602926886e-03
  +1.11895278413662591088e-01+j8.40801691024584303691e-03
  +1.14198563125571320165e-01+j7.09657999358453712296e-03
  +1.16460383295639943735e-01+j5.73519847546279538247e-03
  +1.18681056299136625243e-01+j4.32547535748386592636e-03
  +1.20860931345367225709e-01+j2.86894445176736527861e-03
  +1.23000387346087813878e-01+j1.36707143201704136616e-03
  +1.25099830883525442449e-01-j1.78745151942640907077e-04
  +1.27159694274031620509e-01-j1.76717289742369223007e-03
  +1.29180433723572712923e-01-j3.39694461135265930035e-03
  +1.31162527571301340545e-01-j5.06685741347430093628e-03
  +1.33106474617717907005e-01-j6.77577188191801679101e-03
  +1.35012792533860143118e-01-j8.52261124284152751795e-03
  +1.36882016348213036983e-01-j1.03063606060157693378e-02
  +1.38714697008026854874e-01-j1.21260662482750337932e-02
  +1.40511400011835790869e-01-j1.39808349469268070747e-02
  +1.42272704110073283656e-01-j1.58698333652891425405e-02
  +1.43999200070665356321e-01-j1.77922874926724899902e-02
  +1.45691489506631910444e-01-j1.97474821412558128320e-02
  +1.47350183762719494363e-01-j2.17347605024594998924e-02
  +1.48975902858105135884e-01-j2.37535237655474226748e-02
  +1.50569274482334841680e-01-j2.58032308014069441948e-02
  +1.52130933041553423335e-01-j2.78833979145970307922e-02
  +1.53661518752223780204e-01-j2.99935986669778234526e-02
  +1.55161676779448670649e-01-j3.21334637764820810202e-02
  +1.56632056417009557503e-01-j3.43026810947584318012e-02
  +1.58073310306293929317e-01-j3.65009956677975963557e-02
  +1.59486093691132230221e-01-j3.87282098838167623822e-02
  +1.60871063705611327954e-01-j4.09841837131069627875e-02
  +1.62228878691847294702e-01-j4.32688350448424963179e-02
  +1.63560197544596108710e-01-j4.55821401262569078638e-02
  +1.64865679079506499694e-01-j4.79241341100153650512e-02
  +1.66145981421705696279e-01-j5.02949117160857300801e-02
  +1.67401761411245908473e-01-j5.26946280149189691389e-02
  +1.68633674021777341112e-01-j5.51234993393193567490e-02
  +1.69842371788656326670e-01-j5.75818043330312764883e-02
  +1.71028504242362544563e-01-j6.00698851446900411455e-02
  +1.72192717342954243476e-01-j6.25881487766347804902e-02
  +1.73335652910882265232e-01-j6.51370685988304637393e-02
  +1.74457948049162675508e-01-j6.77171860390981678046e-02
  +1.75560234551480315313e-01-j7.03291124618741769758e-02
  +1.76643138290314638539e-01-j7.29735312487933829306e-02
  +1.77707278578627808630e-01-j7.56512000956661712081e-02
  +1.78753267498009904557e-01-j7.83629535417346145820e-02
  +1.79781709185466181955e-01-j8.11097057486177830388e-02
  +1.80793199070184512633e-01-j8.38924535480138761079e-02
  +1.81788323050632777411e-01-j8.67122797790096377923e-02
  +1.82767656601319328225e-01-j8.95703569379762420954e-02
  +1.83731763797186004039e-01-j9.24679511661661845956e-02
  +1.84681196242236361771e-01-j9.54064266026984214575e-02
  +1.85616491887298867836e-01-j9.83872501333446919380e-02
  +1.86538173719920846727e-01-j1.01411996568614048986e-01
  +1.87446748307225657948e-01-j1.04482354288068332582e-01
  +1.88342704169974117789e-01-j1.07600131391529948988e-01
  +1.89226509963264788450e-01-j1.10767262402207369854e-01
  +1.90098612435810249144e-01-j1.13985815571292836701e-01
  +1.90959434136011518834e-01-j1.17258000839054729592e-01
  +1.91809370828428249478e-01-j1.20586178513128111645e-01
  +1.92648788579179136571e-01-j1.23972868731441449031e-01
  +1.93478020462674094038e-01-j1.27420761784378527848e-01
  +1.94297362835242237722e-01-j1.30932729379190176955e-01
  +1.95107071112955110515e-01-j1.34511836938665446661e-01
  +1.95907354981634612701e-01-j1.38161357036571730283e-01
  +1.96698372955907585524e-01-j1.41884784083815912448e-01
  +1.97480226191352498111e-01-j1.45685850392316990076e-01
  +1.98252951438703473031e-01-j1.49568543758206051741e-01
  +1.99016513011389811760e-01-j1.53537126722306516147e-01
  +1.99770793616935143922e-01-j1.57596157684319476688e-01
  +2.00515583878311753896e-01-j1.61750514067864392675e-01
  +2.01250570342552614900e-01-j1.66005417756883377756e-01
  +2.01975321739808477695e-01-j1.70366463050063476903e-01
  +2.02689273215808402062e-01-j1.74839647409535142719e-01
  +2.03391708212764310559e-01-j1.79431405313178526928e-01
  +2.04081737616932795687e-01-j1.84148645557179468923e-01
  +2.04758275723148253089e-01-j1.88998792397120973785e-01
  +2.05420012485765302035e-01-j1.93989830962839476802e-01
  +2.06065381428327060176e-01-j1.99130357434316646037e-01
  +2.06692522467993855528e-01-j2.04429634524241510274e-01
  +2.07299238770651456099e-01-j2.09897652877233192870e-01
  +2.07882946583803990270e-01-j2.15545199066993042880e-01
  +2.08440616790152272175e-01-j2.21383930950436125240e-01
  +2.08968706677339105537e-01-j2.27426461222346665281e-01
  +2.09463080118667210883e-01-j2.33686450104273080175e-01
  +2.09918913993360600756e-01-j2.40178708196066598157e-01
  +2.10330588227656850586e-01-j2.46919310614951537097e-01
  +2.10691556290394849116e-01-j2.53925723641155010046e-01
  +2.10994192304645555858e-01-j2.61216945174520598361e-01
  +2.11229610109940096896e-01-j2.68813660372924534414e-01
  +2.11387448589754778361e-01-j2.76738413875998234825e-01
  +2.11455616318243500018e-01-j2.85015799994182306154e-01
  +2.11419987018776206478e-01-j2.93672672131229939296e-01
  +2.11264035389233745255e-01-j3.02738372460363447392e-01
  +2.10968400440930431428e-01-j3.12244982421534755801e-01
  +2.10510360501892507257e-01-j3.22227593850484494986e-01
  +2.09863200305157926451e-01-j3.32724599345530835937e-01
  +2.08995445939666846247e-01-j3.43777998618270352882e-01
  +2.07869937668169163514e-01-j3.55433714761300090235e-01
  +2.06442703455919085442e-01-j3.67741910169043728640e-01
  +2.04661587210477252663e-01-j3.80757285648007259837e-01
</dep>
<dep S[1,1] frequency>
  -8.86576897838608490865e-01-j1.36353694837159644671e-01
  -9.01102066413297708714e-01-j1.03303149747251798996e-01
  -9.13188389761703356307e-01-j7.06353705640964391055e-02
  -9.23074432870070182844e-01-j3.84470140348201205871e-02
  -9.30973047811872289614e-01-j6.80731365978195362976e-03
  -9.37073619960856585287e-01+j2.42354702965719079333e-02
  -9.41544420700149209402e-01+j5.46490436307665583548e-02
  -9.44534909746055140189e-01+j8.44132052796663367999e-02
  -9.46177899384218590306e-01+j1.13516860311626416324e-01
  -9.46591537126309723327e-01+j1.41955721767267506461e-01
  -9.45881090812255576061e-01+j1.69730546477230848090e-01
  -9.44140536702907429145e-01+j1.96845783935435669765e-01
  -9.41453960495957642429e-01+j2.23308544229757544031e-01
  -9.37896786041086838459e-01+j2.49127812168882523114e-01
  -9.33536848542470765189e-01+j2.74313851227653948683e-01
  -9.28435329339354464828e-01+j2.98877753730149242628e-01
  -9.22647568673639395520e-01+j3.22831103596168400571e-01
  -9.16223771648985052529e-01+j3.46185725633426699677e-01
  -9.09209621147264335228e-01+j3.68953501270265271650e-01
  -9.01646809970242490984e-01+j3.91146235188927771098e-01
  -8.93573503019050807694e-01+j4.12775560845196287652e-01
  -8.85024738966772694937e-01+j4.33852875584832153866e-01
  -8.76032779646385595385e-01+j4.54389298174426858878e-01
  -8.66627414275689567091e-01+j4.74395643195406946369e-01
  -8.56836224670654345026e-01+j4.93882408013620599618e-01
  -8.46684816750787661022e-01+j5.12859769017194100371e-01
  -8.36197022903997444487e-01+j5.31337584575731547432e-01
  -8.25395079142074217238e-01+j5.49325402765039161324e-01
  -8.14299780429627029221e-01+j5.66832472360330408279e-01
  -8.02930617097972976204e-01+j5.83867755957766965125e-01
  -7.91305894850714341970e-01+j6.00439944361457866862e-01
  -7.79442840520533364312e-01+j6.16557471588433547716e-01
  -7.67357695439235598656e-01+j6.32228530010990552590e-01
  -7.55065798027400258974e-01+j6.47461085285733983774e-01
  -7.42581656991456284800e-01+j6.62262890818172356155e-01
  -7.29919016327643999098e-01+j6.76641501589359428692e-01
  -7.17090913171189114905e-01+j6.90604287229906410595e-01
  -7.04109729390109961855e-01+j7.04158444271998473774e-01
  -6.90987237703701739910e-01+j7.17311007544264356284e-01
  -6.77734643003006009820e-01+j7.30068860699840560535e-01
  -6.64362619461813075361e-01+j7.42438745887070039586e-01
  -6.50881343950262092335e-01+j7.54427272585966424145e-01
  -6.37300526196930561262e-01+j7.66040925643321157779e-01
  -6.23629436088191102527e-01+j7.77286072545870454498e-01
  -6.09876928443866317409e-01+j7.88168969975246547222e-01
  -5.96051465565441529471e-01+j7.98695769690669354901e-01
  -5.82161137815606299917e-01+j8.08872523786391406375e-01
  -5.68213682455586788222e-01+j8.18705189370760200163e-01
  -5.54216500938503275897e-01+j8.28199632712872668705e-01
  -5.40176674832334446918e-01+j8.37361632901465813283e-01
  -5.26100980524781935976e-01+j8.46196885058731695928e-01
  -5.11995902843578432062e-01+j8.54711003149716819216e-01
  -4.97867647709465233063e-01+j8.62909522425711172922e-01
  -4.83722153924815212456e-01+j8.70797901537643026515e-01
  -4.69565104188407245189e-01+j8.78381524353145315409e-01
  -4.55401935416012038083e-01+j8.85665701508524749741e-01
  -4.41237848436712931655e-01+j8.92655671724655208621e-01
  -4.27077817126749192944e-01+j8.99356602913437330749e-01
  -4.12926597035108589040e-01+j9.05773593099392870798e-01
  -3.98788733548827378783e-01+j9.11911671178817995198e-01
  -3.84668569640197632875e-01+j9.17775797537043080965e-01
  -3.70570253233139190741e-01+j9.23370864542427227661e-01
  -3.56497744221720869184e-01+j9.28701696933979636839e-01
  -3.42454821169856538088e-01+j9.33773052117928381577e-01
  -3.28445087717986194953e-01+j9.38589620386969469834e-01
  -3.14471978719490841137e-01+j9.43156025074532111674e-01
  -3.00538766127064371769e-01+j9.47476822655133332773e-01
  -2.86648564646968362357e-01+j9.51556502800590786606e-01
  -2.72804337177093736422e-01+j9.55399488400813123867e-01
  -2.59008900043025291904e-01+j9.59010135556818132940e-01
  -2.45264928044710672772e-01+j9.62392733552692725141e-01
  -2.31574959325055285131e-01+j9.65551504812300342984e-01
  -2.17941400070502055986e-01+j9.68490604845788749522e-01
  -2.04366529052674938960e-01+j9.71214122190176887273e-01
  -1.90852502019214748108e-01+j9.73726078347635248811e-01
  -1.77401355941160299157e-01+j9.76030427724474236584e-01
  -1.64015013123477521040e-01+j9.78131057573287998608e-01
  -1.50695285184809096846e-01+j9.80031787940166543294e-01
  -1.37443876911878593017e-01+j9.81736371618481373780e-01
  -1.24262389993603047933e-01+j9.83248494110259496637e-01
  -1.11152326639467224911e-01+j9.84571773595819488278e-01
  -9.81150930864545522958e-02+j9.85709760911988364107e-01
  -8.51520029984021153968e-02+j9.86665939538888814297e-01
  -7.22642807614652382675e-02+j9.87443725594991050798e-01
  -5.94530646790858707806e-02+j9.88046467839881925599e-01
  -4.67194100696711189791e-02+j9.88477447683944632217e-01
  -3.40642922699793820884e-02+j9.88739879203921367967e-01
  -2.14886095471081839392e-02+j9.88836909163141930534e-01
  -8.99318592175522846244e-03+j9.88771617034998495654e-01
  +3.42122609459191706627e-03+j9.88547015028071962561e-01
  +1.57539428460831271162e-02+j9.88166048111178474400e-01
  +2.80043469601192474006e-02+j9.87631594036405213721e-01
  +4.01718848538027833994e-02+j9.86946463358111869546e-01
  +5.22560643170079802688e-02+j9.86113399445678107114e-01
  +6.42564521697795709709e-02+j9.85135078487695103888e-01
  +7.61726719919570416373e-02+j9.84014109485114696341e-01
  +8.80044019228383156417e-02+j9.82753034230779420888e-01
  +9.97513725288061009477e-02+j9.81354327272585424957e-01
  +1.11413364736818273903e-01+j9.79820395857403658724e-01
  +1.22990207831677092476e-01+j9.78153579852769072822e-01
  +1.34481777515023354086e-01+j9.76356151643140046659e-01
  +1.45887994023995049009e-01+j9.74430315997433349473e-01
  +1.57208820307430691132e-01+j9.72378209904333434821e-01
  +1.68444260257584382812e-01+j9.70201902371709778983e-01
  +1.79594356995176618330e-01+j9.67903394186287568957e-01
  +1.90659191205682365666e-01+j9.65484617629509767056e-01
  +2.01638879524653036324e-01+j9.62947436145276780550e-01
  +2.12533572969804046560e-01+j9.60293643955080211683e-01
  +2.23343455417643277361e-01+j9.57524965615651924011e-01
  +2.34068742122203549139e-01+j9.54643055514122984562e-01
  +2.44709678273462433173e-01+j9.51649497295214863435e-01
  +2.55266537592908182575e-01+j9.48545803214739691178e-01
  +2.65739620963576339552e-01+j9.45333413413248169199e-01
  +2.76129255091759229224e-01+j9.42013695103283810184e-01
  +2.86435791197465872138e-01+j9.38587941663196034803e-01
  +2.96659603730493326434e-01+j9.35057371630004130481e-01
  +3.06801089108798830107e-01+j9.31423127583213106284e-01
  +3.16860664475652753502e-01+j9.27686274910865193988e-01
  +3.26838766471715169715e-01+j9.23847800448490574787e-01
  +3.36735850017987670135e-01+j9.19908610980790131251e-01
  +3.46552387105167225556e-01+j9.15869531595132624346e-01
  +3.56288865584585612289e-01+j9.11731303875022769390e-01
  +3.65945787955453905038e-01+j9.07494583920683162148e-01
  +3.75523670142654086845e-01+j9.03159940182826970201e-01
  +3.85023040258716364725e-01+j8.98727851094435981061e-01
  +3.94444437342977849426e-01+j8.94198702484071850094e-01
  +4.03788410070186953860e-01+j8.89572784752717504730e-01
  +4.13055515419941066124e-01+j8.84850289794510524999e-01
  +4.22246317297351791975e-01+j8.80031307639966398071e-01
  +4.31361385094292393294e-01+j8.75115822798165243768e-01
  +4.40401292179215642086e-01+j8.70103710272263519698e-01
  +4.49366614302124545155e-01+j8.64994731220120716131e-01
  +4.58257927899587746978e-01+j8.59788528229141535419e-01
  +4.67075808282766402613e-01+j8.54484620171335196304e-01
  +4.75820827689232117574e-01+j8.49082396601195110719e-01
  +4.84493553176771951652e-01+j8.43581111655282267492e-01
  +4.93094544334554851783e-01+j8.37979877408034035113e-01
  +5.01624350783502870321e-01+j8.32277656633813589515e-01
  +5.10083509434039017449e-01+j8.26473254919772859495e-01
  +5.18472541464688019275e-01+j8.20565312068401109258e-01
  +5.26791948979985824586e-01+j8.14552292721948623111e-01
  +5.35042211299985526196e-01+j8.08432476133740696156e-01
  +5.43223780826820656920e-01+j8.02203945002991858360e-01
  +5.51337078425494286904e-01+j7.95864573280786080645e-01
  +5.59382488246773057483e-01+j7.89412012844341592910e-01
  +5.67360351908918758568e-01+j7.82843678925300379134e-01
  +5.75270961942159875235e-01+j7.76156734164729078529e-01
  +5.83114554384750682914e-01+j7.69348071152911483495e-01
  +5.90891300401738872594e-01+j7.62414293295685441265e-01
  +5.98601296776837710212e-01+j7.55351693830620618542e-01
  +6.06244555103336191237e-01+j7.48156232795612718967e-01
  +6.13820989471228872780e-01+j7.40823511729123307390e-01
  +6.21330402413566962316e-01+j7.33348745855169736885e-01
  +6.28772468834872921839e-01+j7.25726733476553587110e-01
  +6.36146717596483002310e-01+j7.17951822266780892434e-01
  +6.43452510376883446419e-01+j7.10017872113797077205e-01
  +6.50689017357209520398e-01+j7.01918214127048356588e-01
  +6.57855189201173029545e-01+j6.93645605372439133518e-01
  +6.64949724701590416664e-01+j6.85192178847712662915e-01
  +6.71971033349392898870e-01+j6.76549388152446584677e-01
  +6.78917191940871744826e-01+j6.67707946242483973975e-01
  +6.85785894170116039348e-01+j6.58657757587377545860e-01
  +6.92574391949388301626e-01+j6.49387842971618223231e-01
  +6.99279426952765126302e-01+j6.39886256095969718771e-01
  +7.05897150577691756546e-01+j6.30139991045030489758e-01
  +7.12423030152875114140e-01+j6.20134879592492360700e-01
  +7.18851738773649606706e-01+j6.09855477219069630479e-01
  +7.25177025598323754529e-01+j5.99284936623947550594e-01
  +7.31391562766921188299e-01+j5.88404867425204702869e-01
  +7.37486764276705675236e-01+j5.77195180678282571130e-01
  +7.43452571129022965479e-01+j5.65633916808886638705e-01
  +7.49277195801287598798e-01+j5.53697055580193886470e-01
  +7.54946817536545689009e-01+j5.41358306826156376879e-01
  +7.60445218005417644669e-01+j5.28588880930605520270e-01
  +7.65753344487151044184e-01+j5.15357238484614565976e-01
  +7.70848784720384649916e-01+j5.01628819311356055621e-01
  +7.75705133844143857047e-01+j4.87365752252441830628e-01
  +7.80291229206510839056e-01+j4.72526548969489867957e-01
  +7.84570223045265358053e-01+j4.57065787827742209259e-01
  +7.88498455884134474836e-01+j4.40933798125602183227e-01
  +7.92024084644848302972e-01+j4.24076361133685242333e-01
</dep>
