<Qucs Dataset 1.0.7>
<indep frequency 181>
  +1.00000000000000000000e+09
  +1.05000000000000000000e+09
  +1.10000000000000000000e+09
  +1.15000000000000000000e+09
  +1.20000000000000000000e+09
  +1.25000000000000000000e+09
  +1.30000000000000000000e+09
  +1.35000000000000000000e+09
  +1.40000000000000000000e+09
  +1.45000000000000000000e+09
  +1.50000000000000000000e+09
  +1.55000000000000000000e+09
  +1.60000000000000000000e+09
  +1.65000000000000000000e+09
  +1.70000000000000000000e+09
  +1.75000000000000000000e+09
  +1.80000000000000000000e+09
  +1.85000000000000000000e+09
  +1.90000000000000000000e+09
  +1.95000000000000000000e+09
  +2.00000000000000000000e+09
  +2.05000000000000000000e+09
  +2.10000000000000000000e+09
  +2.15000000000000000000e+09
  +2.20000000000000000000e+09
  +2.25000000000000000000e+09
  +2.30000000000000000000e+09
  +2.35000000000000000000e+09
  +2.40000000000000000000e+09
  +2.45000000000000000000e+09
  +2.50000000000000000000e+09
  +2.55000000000000000000e+09
  +2.60000000000000000000e+09
  +2.65000000000000000000e+09
  +2.70000000000000000000e+09
  +2.75000000000000000000e+09
  +2.80000000000000000000e+09
  +2.85000000000000000000e+09
  +2.90000000000000000000e+09
  +2.95000000000000000000e+09
  +3.00000000000000000000e+09
  +3.05000000000000000000e+09
  +3.10000000000000000000e+09
  +3.15000000000000000000e+09
  +3.20000000000000000000e+09
  +3.25000000000000000000e+09
  +3.30000000000000000000e+09
  +3.35000000000000000000e+09
  +3.40000000000000000000e+09
  +3.45000000000000000000e+09
  +3.50000000000000000000e+09
  +3.55000000000000000000e+09
  +3.60000000000000000000e+09
  +3.65000000000000000000e+09
  +3.70000000000000000000e+09
  +3.75000000000000000000e+09
  +3.80000000000000000000e+09
  +3.85000000000000000000e+09
  +3.90000000000000000000e+09
  +3.95000000000000000000e+09
  +4.00000000000000000000e+09
  +4.05000000000000000000e+09
  +4.10000000000000000000e+09
  +4.15000000000000000000e+09
  +4.20000000000000000000e+09
  +4.25000000000000000000e+09
  +4.30000000000000000000e+09
  +4.35000000000000000000e+09
  +4.40000000000000000000e+09
  +4.45000000000000000000e+09
  +4.50000000000000000000e+09
  +4.55000000000000000000e+09
  +4.60000000000000000000e+09
  +4.65000000000000000000e+09
  +4.70000000000000000000e+09
  +4.75000000000000000000e+09
  +4.80000000000000000000e+09
  +4.85000000000000000000e+09
  +4.90000000000000000000e+09
  +4.95000000000000000000e+09
  +5.00000000000000000000e+09
  +5.05000000000000000000e+09
  +5.10000000000000000000e+09
  +5.15000000000000000000e+09
  +5.20000000000000000000e+09
  +5.25000000000000000000e+09
  +5.30000000000000000000e+09
  +5.35000000000000000000e+09
  +5.40000000000000000000e+09
  +5.45000000000000000000e+09
  +5.50000000000000000000e+09
  +5.55000000000000000000e+09
  +5.60000000000000000000e+09
  +5.65000000000000000000e+09
  +5.70000000000000000000e+09
  +5.75000000000000000000e+09
  +5.80000000000000000000e+09
  +5.85000000000000000000e+09
  +5.90000000000000000000e+09
  +5.95000000000000000000e+09
  +6.00000000000000000000e+09
  +6.05000000000000000000e+09
  +6.10000000000000000000e+09
  +6.15000000000000000000e+09
  +6.20000000000000000000e+09
  +6.25000000000000000000e+09
  +6.30000000000000000000e+09
  +6.35000000000000000000e+09
  +6.40000000000000000000e+09
  +6.45000000000000000000e+09
  +6.50000000000000000000e+09
  +6.55000000000000000000e+09
  +6.60000000000000000000e+09
  +6.65000000000000000000e+09
  +6.70000000000000000000e+09
  +6.75000000000000000000e+09
  +6.80000000000000000000e+09
  +6.85000000000000000000e+09
  +6.90000000000000000000e+09
  +6.95000000000000000000e+09
  +7.00000000000000000000e+09
  +7.05000000000000000000e+09
  +7.10000000000000000000e+09
  +7.15000000000000000000e+09
  +7.20000000000000000000e+09
  +7.25000000000000000000e+09
  +7.30000000000000000000e+09
  +7.35000000000000000000e+09
  +7.40000000000000000000e+09
  +7.45000000000000000000e+09
  +7.50000000000000000000e+09
  +7.55000000000000000000e+09
  +7.60000000000000000000e+09
  +7.65000000000000000000e+09
  +7.70000000000000000000e+09
  +7.75000000000000000000e+09
  +7.80000000000000000000e+09
  +7.85000000000000000000e+09
  +7.90000000000000000000e+09
  +7.95000000000000000000e+09
  +8.00000000000000000000e+09
  +8.05000000000000000000e+09
  +8.10000000000000000000e+09
  +8.15000000000000000000e+09
  +8.20000000000000000000e+09
  +8.25000000000000000000e+09
  +8.30000000000000000000e+09
  +8.35000000000000000000e+09
  +8.40000000000000000000e+09
  +8.45000000000000000000e+09
  +8.50000000000000000000e+09
  +8.55000000000000000000e+09
  +8.60000000000000000000e+09
  +8.65000000000000000000e+09
  +8.70000000000000000000e+09
  +8.75000000000000000000e+09
  +8.80000000000000000000e+09
  +8.85000000000000000000e+09
  +8.90000000000000000000e+09
  +8.95000000000000000000e+09
  +9.00000000000000000000e+09
  +9.05000000000000000000e+09
  +9.10000000000000000000e+09
  +9.15000000000000000000e+09
  +9.20000000000000000000e+09
  +9.25000000000000000000e+09
  +9.30000000000000000000e+09
  +9.35000000000000000000e+09
  +9.40000000000000000000e+09
  +9.45000000000000000000e+09
  +9.50000000000000000000e+09
  +9.55000000000000000000e+09
  +9.60000000000000000000e+09
  +9.65000000000000000000e+09
  +9.70000000000000000000e+09
  +9.75000000000000000000e+09
  +9.80000000000000000000e+09
  +9.85000000000000000000e+09
  +9.90000000000000000000e+09
  +9.95000000000000000000e+09
  +1.00000000000000000000e+10
</indep>
<dep S21_phase frequency>
  -3.23370104230333481610e+01
  -3.39688470270550837427e+01
  -3.56027057141001392893e+01
  -3.72386432376001295097e+01
  -3.88767109841904172640e+01
  -4.05169547472548501332e+01
  -4.21594145050303481526e+01
  -4.38041242040784908340e+01
  -4.54511115489981776250e+01
  -4.71003977993165392490e+01
  -4.87519975745291986868e+01
  -5.04059186683285957997e+01
  -5.20621618730578958889e+01
  -5.37207208155241744407e+01
  -5.53815818052799713200e+01
  -5.70447236965402950659e+01
  -5.87101177648908247875e+01
  -6.03777275999621991787e+01
  -6.20475090152277246602e+01
  -6.37194099760762782125e+01
  -6.53933705472722266450e+01
  -6.70693228608719635986e+01
  -6.87471911056261859585e+01
  -7.04268915388000777966e+01
  -7.21083325213150345689e+01
  -7.37914145769536986563e+01
  -7.54760304763195648547e+01
  -7.71620653460989132100e+01
  -7.88493968040359192173e+01
  -8.05378951199117523174e+01
  -8.22274234026316719337e+01
  -8.39178378134007516564e+01
  -8.56089878047653343174e+01
  -8.73007163851420671108e+01
  -8.89928604082713121670e+01
  -9.06852508868453668356e+01
  -9.23777133293864238794e+01
  -9.40700680992633664346e+01
  -9.57621307945657775917e+01
  -9.74537126473731092346e+01
  -9.91446209408163241505e+01
  -1.00834659442152755560e+02
  -1.02523628849958257092e+02
  -1.04211327253410999560e+02
  -1.05897550601530411996e+02
  -1.07582093180157983170e+02
  -1.09264748094381886290e+02
  -1.10945307754075713547e+02
  -1.12623564360187771172e+02
  -1.14299310389403956378e+02
  -1.15972339074836142458e+02
  -1.17642444880417500030e+02
  -1.19309423966747530699e+02
  -1.20973074646205020599e+02
  -1.22633197825246782031e+02
  -1.24289597431924875082e+02
  -1.25942080826783353587e+02
  -1.27590459195443116869e+02
  -1.29234547921336940135e+02
  -1.30874166937227045082e+02
  -1.32509141054310873642e+02
  -1.34139300267898903485e+02
  -1.35764480038833738718e+02
  -1.37384521550008457780e+02
  -1.38999271937514834008e+02
  -1.40608584496147301479e+02
  -1.42212318859152247796e+02
  -1.43810341152289282718e+02
  -1.45402524122428133069e+02
  -1.46988747241061417981e+02
  -1.48568896783249300597e+02
  -1.50142865882645253350e+02
  -1.51710554563371886161e+02
  -1.53271869749615149203e+02
  -1.54826725253900377766e+02
  -1.56375041745095956003e+02
  -1.57916746697249067211e+02
  -1.59451774320412511088e+02
  -1.60980065474670226422e+02
  -1.62501567568582117929e+02
  -1.64016234443306700541e+02
  -1.65524026243633471722e+02
  -1.67024909277209786751e+02
  +1.14811441368773365923e+01
  +9.99415582879793440441e+00
  +8.51414194697826154368e+00
  +7.04111313407227257244e+00
  +5.57507470887629796863e+00
  +4.11602685310908089633e+00
  +2.66396480203756658156e+00
  +1.21887903798229979557e+00
  -2.19244514201527906927e-01
  -1.65042429052567896086e+00
  -3.07468289094484248380e+00
  -4.49204688284460207370e+00
  -5.90254660562358068887e+00
  -7.30621597698702629486e+00
  -8.70309230152298773930e+00
  -1.00932160820672205404e+01
  -1.14766308343179890272e+01
  -1.28533829051025474399e+01
  -1.42235212946558569058e+01
  -1.55870974832185869019e+01
  -1.69441652622217411306e+01
  -1.82947805702770480707e+01
  -1.96390013341603975050e+01
  -2.09768873149351939844e+01
  -2.23084999593233881399e+01
  -2.36339022564103551360e+01
  -2.49531585997321521120e+01
  -2.62663346547703895340e+01
  -2.75734972318570754624e+01
  -2.88747141644652494108e+01
  -3.01700541928467522723e+01
  -3.14595868529587043838e+01
  -3.27433823706013811261e+01
  -3.40215115606829385797e+01
  -3.52940457315087954271e+01
  -3.65610565939869616159e+01
  -3.78226161756284469107e+01
  -3.90787967392168837932e+01
  -4.03296707060167349823e+01
  -4.15753105833804710301e+01
  -4.28157888966140021125e+01
  -4.40511781249594847054e+01
  -4.52815506415457207368e+01
  -4.65069786571637848738e+01
  -4.77275341677191349277e+01
  -4.89432889052162991561e+01
  -5.01543142921266067447e+01
  -5.13606813990017769811e+01
  -5.25624609051875140153e+01
  -5.37597230624994324444e+01
  -5.49525376617254437406e+01
  -5.61409740018214904467e+01
  -5.73251008616682753427e+01
  -5.85049864742698559894e+01
  -5.96806985032587746787e+01
  -6.08523040216032526928e+01
  -6.20198694923897448916e+01
  -6.31834607515751898177e+01
  -6.43431429926015425735e+01
  -6.54989807527666556553e+01
  -6.66510379012545683963e+01
  -6.77993776287287204241e+01
  -6.89440624383973101885e+01
  -7.00851541384612914953e+01
  -7.12227138358638853788e+01
  -7.23568019312584311820e+01
  -7.34874781151204103935e+01
  -7.46148013649311678819e+01
  -7.57388299433582830034e+01
  -7.68596213973759745386e+01
  -7.79772325582516572240e+01
  -7.90917195423488408323e+01
  -8.02031377526829061253e+01
  -8.13115418811775469976e+01
  -8.24169859115744856126e+01
  -8.35195231229413792562e+01
  -8.46192060937403454091e+01
  -8.57160867064051501529e+01
  -8.68102161523960802469e+01
  -8.79016449376855604214e+01
  -8.89904228886435078039e+01
  -9.00765991582859157916e+01
  -9.11602222328566398346e+01
  -9.22413399387092880488e+01
  -9.33199994494649445187e+01
  -9.43962472934157972304e+01
  -9.54701293611515353632e+01
  -9.65416909133840164259e+01
  -9.76109765889508764758e+01
  -9.86780304129744649799e+01
  -9.97428958051605150104e+01
  -1.00805615588215573553e+02
  -1.01866231996370032675e+02
  -1.02924786683989793801e+02
  -1.03981320734260592076e+02
  -1.05035874667937633831e+02
  -1.06088488452140140339e+02
  -1.07139201509189220474e+02
</dep>
<dep S11_phase frequency>
  -1.22333535179410688443e+02
  -1.23965494075207885771e+02
  -1.25599471461613021006e+02
  -1.27235524596520477303e+02
  -1.28873705291323062738e+02
  -1.30514059698982265445e+02
  -1.32156628103549451225e+02
  -1.33801444712698099693e+02
  -1.35448537454697458315e+02
  -1.37097927781167271633e+02
  -1.38749630476903831777e+02
  -1.40403653478024097012e+02
  -1.42059997699665302662e+02
  -1.43718656874491756525e+02
  -1.45379617403229786987e+02
  -1.47042858218486685473e+02
  -1.48708350663059775343e+02
  -1.50376058383977948552e+02
  -1.52045937243464265975e+02
  -1.53717935248009808902e+02
  -1.55391992496694427928e+02
  -1.57068041149851268301e+02
  -1.58746005419114652568e+02
  -1.60425801579807568942e+02
  -1.62107338006575616873e+02
  -1.63790515233027718978e+02
  -1.65475226036077117442e+02
  -1.67161355545541681522e+02
  -1.68848781379417545168e+02
  -1.70537373805125071158e+02
  -1.72226995926833438944e+02
  -1.73917503898846774746e+02
  -1.75608747164837637911e+02
  -1.77300568722545591527e+02
  -1.78992805413384417079e+02
  +1.79314711763790683108e+02
  +1.77622157315679174872e+02
  +1.75929710895404895155e+02
  +1.74237556922538487925e+02
  +1.72545884183733392092e+02
  +1.70854885415578280572e+02
  +1.69164756871443756836e+02
  +1.67475697874217303251e+02
  +1.65787910356953290147e+02
  +1.64101598393573112844e+02
  +1.62416967721828058302e+02
  +1.60734225260822654491e+02
  +1.59053578625427178395e+02
  +1.57375235639944406785e+02
  +1.55699403853405669906e+02
  +1.54026290058842477038e+02
  +1.52356099818856591810e+02
  +1.50689036999740693545e+02
  +1.49025303316334230885e+02
  +1.47365097889695846334e+02
  +1.45708616819557732924e+02
  +1.44056052773403536094e+02
  +1.42407594593859300858e+02
  +1.40763426925935590361e+02
  +1.39123729865487490542e+02
  +1.37488678630089452781e+02
  +1.35858443253338180057e+02
  +1.34233188303414181064e+02
  +1.32613072626547563004e+02
  +1.30998249115852132718e+02
  +1.29388864505806736815e+02
  +1.27785059192490507485e+02
  +1.26186967079508121969e+02
  +1.24594715449378540484e+02
  +1.23008424860010151747e+02
  +1.21428209065743388351e+02
  +1.19854174962313393848e+02
  +1.18286422554962854292e+02
  +1.16725044948837506809e+02
  +1.15170128360698342362e+02
  +1.13621752150909117063e+02
  +1.12079988874592004322e+02
  +1.10544904350789124692e+02
  +1.09016557748430386710e+02
  +1.07495001687877646646e+02
  +1.05980282356799207832e+02
  +1.04472439639121120081e+02
  +1.02971507255807750880e+02
  +1.01477512916235269813e+02
  +9.99904784789417533375e+01
  +9.85104201205692646681e+01
  +9.70373485118453515952e+01
  +9.55712689994924176062e+01
  +9.41121817930006443476e+01
  +9.26600821552459450459e+01
  +9.12149605959921530030e+01
  +8.97768030673633603556e+01
  +8.83455911604385875080e+01
  +8.69213023021698063530e+01
  +8.55039099518887013573e+01
  +8.40933837967191522011e+01
  +8.26896899452787863538e+01
  +8.12927911190977710021e+01
  +7.99026468412489521143e+01
  +7.85192136217290084232e+01
  +7.71424451391862646688e+01
  +7.57722924186382442713e+01
  +7.44087040048689800642e+01
  +7.30516261312406385287e+01
  +7.17010028836980097822e+01
  +7.03567763597809232579e+01
  +6.90188868224978904209e+01
  +6.76872728489500730120e+01
  +6.63618714736225143724e+01
  +6.50426183262937769314e+01
  +6.37294477645361681084e+01
  +6.24222930008081604569e+01
  +6.11210862241593346766e+01
  +5.98257587165891990821e+01
  +5.85362409641172547481e+01
  +5.72524627626415636428e+01
  +5.59743533186701469617e+01
  +5.47018413450283702559e+01
  +5.34348551516504386427e+01
  +5.21733227315749559239e+01
  +5.09171718422728574183e+01
  +4.96663300824346549689e+01
  +4.84207249643610140311e+01
  +4.71802839820936554815e+01
  +4.59449346754290317563e+01
  +4.47146046899651992135e+01
  +4.34892218333223965487e+01
  +4.22687141276880922192e+01
  +4.10530098588293057560e+01
  +3.98420376217211114067e+01
  +3.86357263629301570518e+01
  +3.74340054198983622769e+01
  +3.62368045572629497997e+01
  +3.50440540003517426726e+01
  +3.38556844659839271117e+01
  +3.26716271907100690441e+01
  +3.14918139566105779181e+01
  +3.03161771147875747090e+01
  +2.91446496066542835024e+01
  +2.79771649831494215732e+01
  +2.68136574219820076337e+01
  +2.56540617430133224275e+01
  +2.44983134218834699425e+01
  +2.33463486019770911639e+01
  +2.21981041048278271433e+01
  +2.10535174390492549890e+01
  +1.99125268078840065300e+01
  +1.87750711154507285983e+01
  +1.76410899717734572789e+01
  +1.65105236966661088616e+01
  +1.53833133225455043203e+01
  +1.42594005962479766225e+01
  +1.31387279799054486062e+01
  +1.20212386509558282199e+01
  +1.09068765013366064665e+01
  +9.79558613592597637876e+00
  +8.68731287028295540154e+00
  +7.58200272773438133100e+00
  +6.47960243586356909873e+00
  +5.38005942243858559237e+00
  +4.28332181083145790979e+00
  +3.18933841495999681470e+00
  +2.09805873379865381878e+00
  +1.00943294548996509441e+00
  -7.65880989078405183257e-02
  -1.16005288200574541158e+00
  -2.24100922696969240278e+00
  -3.31950430468151003183e+00
  -4.39558464114654956489e+00
  -5.46929612512301499549e+00
  -6.54068401595063164677e+00
  -7.60979295155768831194e+00
  -8.67666695662388143262e+00
  -9.74134945088207615527e+00
  -1.08038832575397787394e+01
  -1.18643106118057453102e+01
  -1.29226731695051793025e+01
  -1.39790120157680117785e+01
  -1.50333676737817274471e+01
  -1.60857801135902285239e+01
  -1.71362887609349812124e+01
</dep>
<dep S21_dB frequency>
  -4.05168027512124162559e-01
  -4.47507828247530881072e-01
  -4.92185503562032389269e-01
  -5.39243382205976451438e-01
  -5.88725888795970542233e-01
  -6.40679575345226459682e-01
  -6.95153154658990413139e-01
  -7.52197536029040603189e-01
  -8.11865863666850762215e-01
  -8.74213558333600704309e-01
  -9.39298362656049046215e-01
  -1.00718039065650222241e+00
  -1.07792218207525447582e+00
  -1.15158876212419425400e+00
  -1.22824770737630384332e+00
  -1.30796921857632231223e+00
  -1.39082620124132882999e+00
  -1.47689435502258792354e+00
  -1.56625227290640411937e+00
  -1.65898155145706516223e+00
  -1.75516691344065334235e+00
  -1.85489634432184535839e+00
  -1.95826124429776715630e+00
  -2.06535659772315227656e+00
  -2.17628116199996224367e+00
  -2.29113767824205050161e+00
  -2.41003310630218914312e+00
  -2.53307888705809292063e+00
  -2.66039123520252029920e+00
  -2.79209146618691050890e+00
  -2.92830636142021027979e+00
  -3.06916857635435302853e+00
  -3.21481709668838888661e+00
  -3.36539774862338347816e+00
  -3.52106376991058667159e+00
  -3.68197644937902346385e+00
  -3.84830584373237361007e+00
  -4.02023158170082339780e+00
  -4.19794376716018113882e+00
  -4.38164399463551212932e+00
  -4.57154649275482682924e+00
  -4.76787941377224733230e+00
  -4.97088629034837836684e+00
  -5.18082768445910524235e+00
  -5.39798305775539333240e+00
  -5.62265289810340362919e+00
  -5.85516114361889794537e+00
  -6.09585795359069493315e+00
  -6.34512288563496529292e+00
  -6.60336855074654316411e+00
  -6.87104483327513904101e+00
  -7.14864378210600914798e+00
  -7.43670530362582038464e+00
  -7.73582381792719875335e+00
  -8.04665607922893855175e+00
  -8.36993041247954394635e+00
  -8.70645768444511070072e+00
  -9.05714441466748532150e+00
  -9.42300854709193380643e+00
  -9.80519855772723758491e+00
  -1.02050167830010707348e+01
  -1.06239481403341393673e+01
  -1.10636958107835052800e+01
  -1.15262260146156254592e+01
  -1.20138248131488545312e+01
  -1.25291710377597969028e+01
  -1.30754311777334599753e+01
  -1.36563846780561206629e+01
  -1.42765921549838470384e+01
  -1.49416254842959297378e+01
  -1.56583892659422367899e+01
  -1.64355810106915285473e+01
  -1.72843687430097965319e+01
  -1.82194222863073846952e+01
  -1.92605458820506036943e+01
  -2.04353891577568731464e+01
  -2.17842231374568306990e+01
  -2.33690140586968198022e+01
  -2.52924765448517518962e+01
  -2.77440969732355959820e+01
  -3.11378063032639573748e+01
  -3.67172791526802129169e+01
  -5.61289289557231398931e+01
  -3.88996388821409055936e+01
  -3.23448423617592908386e+01
  -2.86811867948780090387e+01
  -2.61344910493313378197e+01
  -2.41856177563534728847e+01
  -2.26100575860596286759e+01
  -2.12900704837016547799e+01
  -2.01561549338211349891e+01
  -1.91638316629454976692e+01
  -1.82829059364184871583e+01
  -1.74919356463705248927e+01
  -1.67751425511610605668e+01
  -1.61205763073058214729e+01
  -1.55189670325371071868e+01
  -1.49629780464855421940e+01
  -1.44467021766024075191e+01
  -1.39653121654353817860e+01
  -1.35148118512786687972e+01
  -1.30918551553170452451e+01
  -1.26936118425606210280e+01
  -1.23176662624933648260e+01
  -1.19619397997861458549e+01
  -1.16246306694998686737e+01
  -1.13041665998923850367e+01
  -1.09991672273462430809e+01
  -1.07084139048520796678e+01
  -1.04308252361208708692e+01
  -1.01654370793998047873e+01
  -9.91138607515894953792e+00
  -9.66789597738047667974e+00
  -9.43426623429429511702e+00
  -9.20986238812509938612e+00
  -8.99410795654832462276e+00
  -8.78647752934038805961e+00
  -8.58649086801727356999e+00
  -8.39370783827115829467e+00
  -8.20772403778682857478e+00
  -8.02816700777227865160e+00
  -7.85469293691709147254e+00
  -7.68698378273406568439e+00
  -7.52474474825426309366e+00
  -7.36770206254803472490e+00
  -7.21560102206229103672e+00
  -7.06820425670685992259e+00
  -6.92529019031783299454e+00
  -6.78665166981220124853e+00
  -6.65209474122891286640e+00
  -6.52143755407275182989e+00
  -6.39450937807009189839e+00
  -6.27114971869765369661e+00
  -6.15120751974297075293e+00
  -6.03454044275371526140e+00
  -5.92101421459129717562e+00
  -5.81050203545325949506e+00
  -5.70288404071671806150e+00
  -5.59804681078946941852e+00
  -5.49588292388276933309e+00
  -5.39629054723645928959e+00
  -5.29917306286370770607e+00
  -5.20443872434738974420e+00
  -5.11200034161938887678e+00
  -5.02177499100604141091e+00
  -4.93368374812586196754e+00
  -4.84765144149301985266e+00
  -4.76360642491183305935e+00
  -4.68148036695373281901e+00
  -4.60120805598596049890e+00
  -4.52272721938141586406e+00
  -4.44597835567883059582e+00
  -4.37090457858456282736e+00
  -4.29745147181994902041e+00
  -4.22556695391234882209e+00
  -4.15520115211743679140e+00
  -4.08630628473603341178e+00
  -4.01883655115737781216e+00
  -3.95274802902417965456e+00
  -3.88799857796756365147e+00
  -3.82454774941177566561e+00
  -3.76235670199067007147e+00
  -3.70138812216020163248e+00
  -3.64160614962564643804e+00
  -3.58297630723493254479e+00
  -3.52546543501946008092e+00
  -3.46904162808965965681e+00
  -3.41367417811650142312e+00
  -3.35933351815257852380e+00
  -3.30599117056554758776e+00
  -3.25361969787487881334e+00
  -3.20219265629908589332e+00
  -3.15168455183585205504e+00
  -3.10207079871054558495e+00
  -3.05332768004150789665e+00
  -3.00543231058125837052e+00
  -2.95836260140366569260e+00
  -2.91209722641676638233e+00
  -2.86661559058824577662e+00
  -2.82189779978093024937e+00
  -2.77792463210035966981e+00
</dep>
<dep S11_dB frequency>
  -1.06039819049819747931e+01
  -1.01868716785097994659e+01
  -9.78992530070994249058e+00
  -9.41140800081659989473e+00
  -9.04980964673990939673e+00
  -8.70380811679823906957e+00
  -8.37223985168198936435e+00
  -8.05407595891221284035e+00
  -7.74840265680894013656e+00
  -7.45440514319231795071e+00
  -7.17135419130556783784e+00
  -6.89859493566796189157e+00
  -6.63553743007932350650e+00
  -6.38164865004455883479e+00
  -6.13644568044758553782e+00
  -5.89948988193591183915e+00
  -5.67038187026081352826e+00
  -5.44875717464967124215e+00
  -5.23428246633596394588e+00
  -5.02665226821131305712e+00
  -4.82558607239158554592e+00
  -4.63082580519030706512e+00
  -4.44213358924486634294e+00
  -4.25928976087347610502e+00
  -4.08209110752847958992e+00
  -3.91034929580162060603e+00
  -3.74388946502506758662e+00
  -3.58254896532370015194e+00
  -3.42617622214363848343e+00
  -3.27462971192252494390e+00
  -3.12777703579070021078e+00
  -2.98549408005109917497e+00
  -2.84766425376560050609e+00
  -2.71417779510454693082e+00
  -2.58493113924798834091e+00
  -2.45982634158968238580e+00
  -2.33877055081376505896e+00
  -2.22167552711472504612e+00
  -2.10845720142912806949e+00
  -1.99903527206095277258e+00
  -1.89333283551808695400e+00
  -1.79127604875674029117e+00
  -1.69279382034897252218e+00
  -1.59781752836520896111e+00
  -1.50628076299928936876e+00
  -1.41811909216358245089e+00
  -1.33326984845522100720e+00
  -1.25167193603931581336e+00
  -1.17326565612009692252e+00
  -1.09799254977850035964e+00
  -1.02579525704290830390e+00
  -9.56617391138149919527e-01
  -8.90403426922928176168e-01
  -8.27098602582059139188e-01
  -7.66648833688400310749e-01
  -7.09000638790932447009e-01
  -6.54101075722793745548e-01
  -6.01897687855427632186e-01
  -5.52338459555028582493e-01
  -5.05371780124670100243e-01
  -4.60946415541239884472e-01
  -4.19011487321436337794e-01
  -3.79516457874712664911e-01
  -3.42411121725273326355e-01
  -3.07645602009282814748e-01
  -2.75170351677448854488e-01
  -2.44936158858025332385e-01
  -2.16894155860299975291e-01
  -1.90995831324274667473e-01
  -1.67193045048414534737e-01
  -1.45438045053685155450e-01
  -1.25683486469404859243e-01
  -1.07882451852833211037e-01
  -9.19884725824166721297e-02
  -7.79555509910604543800e-02
  -6.57381829331968869923e-02
  -5.52913805059600804714e-02
  -4.65706946708728461437e-02
  -3.95322375480279403215e-02
  -3.41327041797629404662e-02
  -3.03293935844473130925e-02
  -2.80802289445291758385e-02
  -2.73437767943200266130e-02
  -2.80792650946143432233e-02
  -3.02466001001356517286e-02
  -3.38063819449038599485e-02
  -3.87199188874844391073e-02
  -4.49492401737884017532e-02
  -5.24571074903967746184e-02
  -6.12070249939930463579e-02
  -7.11632479149781754790e-02
  -8.22907897442787805709e-02
  -9.45554280217379833351e-02
  -1.07923708753392424975e-01
  -1.22362949492046596545e-01
  -1.37841241122211716208e-01
  -1.54327448395794875058e-01
  -1.71791209269452793684e-01
  -1.90202933098203269546e-01
  -2.09533797742817440302e-01
  -2.29755745650445236672e-01
  -2.50841478969735964810e-01
  -2.72764453762315062235e-01
  -2.95498873373109927076e-01
  -3.19019681021486201100e-01
  -3.43302551675037537215e-01
  -3.68323883266877816212e-01
  -3.94060787315509919448e-01
  -4.20491079005724355255e-01
  -4.47593266786500687537e-01
  -4.75346541540213496368e-01
  -5.03730765375554501162e-01
  -5.32726460093871923007e-01
  -5.62314795376888887368e-01
  -5.92477576741112899050e-01
  -6.23197233301745479039e-01
  -6.54456805386782303202e-01
  -6.86239932039402811270e-01
  -7.18530838444410457910e-01
  -7.51314323312141096878e-01
  -7.84575746250736227871e-01
  -8.18301015156053801469e-01
  -8.52476573645535862234e-01
  -8.87089388560639902082e-01
  -9.22126937560618809009e-01
  -9.57577196827865906315e-01
  -9.93428628903962662733e-01
  -1.02967017067308819200e+00
  -1.06629122150835531357e+00
  -1.10328163159441894337e+00
  -1.14063169043893886112e+00
  -1.17833211558352557446e+00
  -1.21637404152352379683e+00
  -1.25474900884507412080e+00
  -1.29344895358644373928e+00
  -1.33246619682940314888e+00
  -1.37179343452631608002e+00
  -1.41142372756591338856e+00
  -1.45135049208227728812e+00
  -1.49156749000839594643e+00
  -1.53206881987657217437e+00
  -1.57284890786675068952e+00
  -1.61390249910291672109e+00
  -1.65522464919788347970e+00
  -1.69681071604563382671e+00
  -1.73865635186046318950e+00
  -1.78075749546123995870e+00
  -1.82311036479942156774e+00
  -1.86571144972844127352e+00
  -1.90855750501239396222e+00
  -1.95164554357165043186e+00
  -1.99497282996190627991e+00
  -2.03853687408501293987e+00
  -2.08233542512713221129e+00
  -2.12636646572242193898e+00
  -2.17062820633805486636e+00
  -2.21511907987756595517e+00
  -2.25983773649954500229e+00
  -2.30478303864766331799e+00
  -2.34995405628941123055e+00
  -2.39535006235927117046e+00
  -2.44097052840417294561e+00
  -2.48681512042692043352e+00
  -2.53288369492492515533e+00
  -2.57917629512092183575e+00
  -2.62569314738265768838e+00
  -2.67243465782847700041e+00
  -2.71940140911606675900e+00
  -2.76659415741152381329e+00
  -2.81401382953603063086e+00
  -2.86166152028754705583e+00
  -2.90953848993547392610e+00
  -2.95764616188552986742e+00
  -3.00598612051313152094e+00
  -3.05456010916302389546e+00
  -3.10337002831357722243e+00
  -3.15241793390406144226e+00
  -3.20170603582299584389e+00
  -3.25123669655726743599e+00
  -3.30101242999943744749e+00
  -3.35103590041397225718e+00
</dep>
<dep Zin_ohm frequency>
  +1.85412610681648902755e+03
  +1.80316036318743113043e+03
  +1.75185068731945034415e+03
  +1.70032778789749522730e+03
  +1.64870911090431627599e+03
  +1.59709957599609401768e+03
  +1.54559241794881404530e+03
  +1.49427009951305944924e+03
  +1.44320526859836991207e+03
  +1.39246173902509735854e+03
  +1.34209548001107987147e+03
  +1.29215560506868996526e+03
  +1.24268535611588299616e+03
  +1.19372308344860221041e+03
  +1.14530322694036613029e+03
  +1.09745730862476057155e+03
  +1.05021495194115505001e+03
  +1.00360494869676324470e+03
  +9.57656401617150663697e+02
  +9.12399978700953852240e+02
  +8.67869326049140568102e+02
  +8.24102699084144433073e+02
  +7.81144888846103526703e+02
  +7.39049541007166908457e+02
  +6.97881990609290596694e+02
  +6.57722764373711584085e+02
  +6.18671931081337902469e+02
  +5.80854499545235398728e+02
  +5.44427052174623781866e+02
  +5.09585717864238915809e+02
  +4.76575352546682950106e+02
  +4.45699277750776161611e+02
  +4.17327940472261445848e+02
  +3.91903223891143397850e+02
  +3.69932923348266854191e+02
  +3.51967932285680319637e+02
  +3.38555184700983772927e+02
  +3.30165711367456651715e+02
  +3.27110647786509616708e+02
  +3.29472676864244078843e+02
  +3.37082710926454126366e+02
  +3.49553526788227770794e+02
  +3.66354646193492783368e+02
  +3.86897415640621659350e+02
  +4.10604323499828808508e+02
  +4.36952069492367911607e+02
  +4.65490682848285814543e+02
  +4.95846295639194579508e+02
  +5.27715042573711798468e+02
  +5.60853349778216738741e+02
  +5.95067641346281561709e+02
  +6.30204915708249814088e+02
  +6.66144720166038609932e+02
  +7.02792582093466876358e+02
  +7.40074751495567852544e+02
  +7.77934044595597697480e+02
  +8.16326577848907163570e+02
  +8.55219207241769709071e+02
  +8.94587520022562671329e+02
  +9.34414256883652910801e+02
  +9.74688069079100046110e+02
  +1.01540253645787663572e+03
  +1.05655538933819684644e+03
  +1.09814789028750010402e+03
  +1.14018434196807902481e+03
  +1.18267169493242204226e+03
  +1.22561923515484249947e+03
  +1.26903833560115322143e+03
  +1.31294225960006247078e+03
  +1.35734600644360830302e+03
  +1.40226619170183653296e+03
  +1.44772095633443200313e+03
  +1.49372989992876409815e+03
  +1.54031403437196581763e+03
  +1.58749575503730693526e+03
  +1.63529882717896975919e+03
  +1.68374838572087128341e+03
  +1.73287094702179683736e+03
  +1.78269443152184203427e+03
  +1.83324819644065928514e+03
  +1.88456307791861445367e+03
  +1.93667144217786517402e+03
  +1.98960724543910328066e+03
  +2.04340610246763253599e+03
  +2.09810536374451567099e+03
  +2.15374420136837852624e+03
  +2.21036370389482044629e+03
  +2.26800698041559826379e+03
  +2.32671927427105129027e+03
  +2.38654808687888180430e+03
  +2.44754331225145597273e+03
  +2.50975738286459363735e+03
  +2.57324542763346698848e+03
  +2.63806544284839674219e+03
  +2.70427847702477401981e+03
  +2.77194883072929587797e+03
  +2.84114427255906502978e+03
  +2.91193627257324214952e+03
  +2.98440025460821971137e+03
  +3.05861586904906607742e+03
  +3.13466728778202696049e+03
  +3.21264352321654268962e+03
  +3.29263877344082584386e+03
  +3.37475279576301682027e+03
  +3.45909131109021927841e+03
  +3.54576644181042365744e+03
  +3.63489718606591623029e+03
  +3.72660993154000971117e+03
  +3.82103901211907850666e+03
  +3.91832731103420064755e+03
  +4.01862691432611018172e+03
  +4.12209981870360752509e+03
  +4.22891869806838803925e+03
  +4.33926773314077217947e+03
  +4.45334350871920287318e+03
  +4.57135598311051398923e+03
  +4.69352953413837803964e+03
  +4.82010408581804585992e+03
  +4.95133631920628704393e+03
  +5.08750096999939341913e+03
  +5.22889221403421197465e+03
  +5.37582513978236329422e+03
  +5.52863730399523228698e+03
  +5.68769036257582592953e+03
  +5.85337176314509360964e+03
  +6.02609647814689105871e+03
  +6.20630874706312624767e+03
  +6.39448378255599891418e+03
  +6.59112937705000967981e+03
  +6.79678732202607807267e+03
  +7.01203452035472491843e+03
  +7.23748363008451451606e+03
  +7.47378302338804314786e+03
  +7.72161577331144144409e+03
  +7.98169728926481002418e+03
  +8.25477110469424042094e+03
  +8.54160217123140500917e+03
  +8.84296682651617629745e+03
  +9.15963837182914176083e+03
  +9.49236691628854532610e+03
  +9.84185181653112886124e+03
  +1.02087046728006407648e+04
  +1.05934004578402727930e+04
  +1.09962140033512987429e+04
  +1.14171388403337878117e+04
  +1.18557854356076350086e+04
  +1.23112564228604587697e+04
  +1.27819978339323515684e+04
  +1.32656280467364376818e+04
  +1.37587507058949049679e+04
  +1.42567647182161126693e+04
  +1.47536937457459516736e+04
  +1.52420688313378923340e+04
  +1.57129089682915891899e+04
  +1.61558517526426985569e+04
  +1.65594840130236443656e+04
  +1.69119040780693649140e+04
  +1.72015089897371908592e+04
  +1.74179440478411670483e+04
  +1.75530913448999126558e+04
  +1.76019304595569556113e+04
  +1.75631014451852461207e+04
  +1.74390490481106244260e+04
  +1.72357172398762850207e+04
  +1.69618640882267718553e+04
  +1.66281427237726529711e+04
  +1.62461215532952028298e+04
  +1.58273952898519073642e+04
  +1.53828856281039516034e+04
  +1.49223703460213873768e+04
  +1.44542307019614636374e+04
  +1.39853773735320137348e+04
  +1.35213041253995979787e+04
  +1.30662204970680140832e+04
  +1.26232238507086294703e+04
  +1.21944822422837296472e+04
  +1.17814098464856087958e+04
  +1.13848247899548423447e+04
  +1.10050850013397030125e+04
  +1.06422013811705564876e+04
  +1.02959297220806274709e+04
</dep>
<dep Zin_norm frequency>
  +3.70825221363297785615e+01
  +3.60632072637486231770e+01
  +3.50370137463890074514e+01
  +3.40065557579499042617e+01
  +3.29741822180863266567e+01
  +3.19419915199218813484e+01
  +3.09118483589762789165e+01
  +2.98854019902611867110e+01
  +2.88641053719673976730e+01
  +2.78492347805019484497e+01
  +2.68419096002215979979e+01
  +2.58431121013737978842e+01
  +2.48537071223176582180e+01
  +2.38744616689720423608e+01
  +2.29060645388073211848e+01
  +2.19491461724952117152e+01
  +2.10042990388231025634e+01
  +2.00720989739352653203e+01
  +1.91531280323430124213e+01
  +1.82479995740190759079e+01
  +1.73573865209828106515e+01
  +1.64820539816828883772e+01
  +1.56228977769220698235e+01
  +1.47809908201433373165e+01
  +1.39576398121858122892e+01
  +1.31544552874742315396e+01
  +1.23734386216267573388e+01
  +1.16170899909047076193e+01
  +1.08885410434924754242e+01
  +1.01917143572847788136e+01
  +9.53150705093365857579e+00
  +8.91398555501552358749e+00
  +8.34655880944522898801e+00
  +7.83806447782286852544e+00
  +7.39865846696533679960e+00
  +7.03935864571360614406e+00
  +6.77110369401967560066e+00
  +6.60331422734913253692e+00
  +6.54221295573019290259e+00
  +6.58945353728488125711e+00
  +6.74165421852908242073e+00
  +6.99107053576455594879e+00
  +7.32709292386985566736e+00
  +7.73794831281243311594e+00
  +8.21208646999657609911e+00
  +8.73904138984735823215e+00
  +9.30981365696571572244e+00
  +9.91692591278389201648e+00
  +1.05543008514742364667e+01
  +1.12170669955643340643e+01
  +1.19013528269256312342e+01
  +1.26040983141649967081e+01
  +1.33228944033207721276e+01
  +1.40558516418693368877e+01
  +1.48014950299113561272e+01
  +1.55586808919119548023e+01
  +1.63265315569781428451e+01
  +1.71043841448353930446e+01
  +1.78917504004512544213e+01
  +1.86882851376730592108e+01
  +1.94937613815820007801e+01
  +2.03080507291575322881e+01
  +2.11311077867639376393e+01
  +2.19629578057500012278e+01
  +2.28036868393615819173e+01
  +2.36534338986484407030e+01
  +2.45123847030968491367e+01
  +2.53807667120230640023e+01
  +2.62588451920012495577e+01
  +2.71469201288721677656e+01
  +2.80453238340367327908e+01
  +2.89544191266886379310e+01
  +2.98745979985752825314e+01
  +3.08062806874393153578e+01
  +3.17499151007461399843e+01
  +3.27059765435793963206e+01
  +3.36749677144174270893e+01
  +3.46574189404359387368e+01
  +3.56538886304368389801e+01
  +3.66649639288131865555e+01
  +3.76912615583722896417e+01
  +3.87334288435573057541e+01
  +3.97921449087820633395e+01
  +4.08681220493526495829e+01
  +4.19621072748903145566e+01
  +4.30748840273675668300e+01
  +4.42072740778964075048e+01
  +4.53601396083119610125e+01
  +4.65343854854210263738e+01
  +4.77309617375776369386e+01
  +4.89508662450291183177e+01
  +5.01951476572918764418e+01
  +5.14649085526693426118e+01
  +5.27613088569679362649e+01
  +5.40855695404954772698e+01
  +5.54389766145859184121e+01
  +5.68228854511812997430e+01
  +5.82387254514648446957e+01
  +5.96880050921643956485e+01
  +6.11723173809813189905e+01
  +6.26933457556405429045e+01
  +6.42528704643308543609e+01
  +6.58527754688165174457e+01
  +6.74950559152603375423e+01
  +6.91818262218043855682e+01
  +7.09153288362084737173e+01
  +7.26979437213183246058e+01
  +7.45321986308001953603e+01
  +7.64207802423815678594e+01
  +7.83665462206840146564e+01
  +8.03725382865222002238e+01
  +8.24419963740721470913e+01
  +8.45783739613677596481e+01
  +8.67853546628154361997e+01
  +8.90668701743840500740e+01
  +9.14271196622102877427e+01
  +9.38705906827675562454e+01
  +9.64020817163609251566e+01
  +9.90267263841257374679e+01
  +1.01750019399987863267e+02
  +1.04577844280684232103e+02
  +1.07516502795647269863e+02
  +1.10572746079904646876e+02
  +1.13753807251516519727e+02
  +1.17067435262901867077e+02
  +1.20521929562937827995e+02
  +1.24126174941262533480e+02
  +1.27889675651119986810e+02
  +1.31822587541000189049e+02
  +1.35935746440521569411e+02
  +1.40240690407094490411e+02
  +1.44749672601690292595e+02
  +1.49475660467760860683e+02
  +1.54432315466228828882e+02
  +1.59633945785296191389e+02
  +1.65095422093884792503e+02
  +1.70832043424628096773e+02
  +1.76859336530323531633e+02
  +1.83192767436582840901e+02
  +1.89847338325770920164e+02
  +1.96837036330622566993e+02
  +2.04174093456012798242e+02
  +2.11868009156805442217e+02
  +2.19924280067025989638e+02
  +2.28342776806675772150e+02
  +2.37115708712152695625e+02
  +2.46225128457209166299e+02
  +2.55639956678647024546e+02
  +2.65312560934728765005e+02
  +2.75175014117898115273e+02
  +2.85135294364322248839e+02
  +2.95073874914919031198e+02
  +3.04841376626757835311e+02
  +3.14258179365831779251e+02
  +3.23117035052853964316e+02
  +3.31189680260472869122e+02
  +3.38238081561387332385e+02
  +3.44030179794743787625e+02
  +3.48358880956823327324e+02
  +3.51061826897998287222e+02
  +3.52038609191139130417e+02
  +3.51262028903704901950e+02
  +3.48780980962212481700e+02
  +3.44714344797525711783e+02
  +3.39237281764535453021e+02
  +3.32562854475453093528e+02
  +3.24922431065904049774e+02
  +3.16547905797038140463e+02
  +3.07657712562079041163e+02
  +2.98447406920427738442e+02
  +2.89084614039229279570e+02
  +2.79707547470640292886e+02
  +2.70426082507991964121e+02
  +2.61324409941360272569e+02
  +2.52464477014172587133e+02
  +2.43889644845674581575e+02
  +2.35628196929712174779e+02
  +2.27696495799096851442e+02
  +2.20101700026794077303e+02
  +2.12844027623411136574e+02
  +2.05918594441612555102e+02
</dep>
<dep S[2,2] frequency>
  -1.57772192196572735856e-01-j2.49247818728908693275e-01
  -1.72913957624224456922e-01-j2.56688807865110502071e-01
  -1.88587487955060251199e-01-j2.63421349734567433742e-01
  -2.04763069497396893448e-01-j2.69418350390086880353e-01
  -2.21409621216214269612e-01-j2.74653774221484237028e-01
  -2.38494713805899261061e-01-j2.79102718732797072665e-01
  -2.55984593206203647764e-01-j2.82741491281080337128e-01
  -2.73844208925355880879e-01-j2.85547687516608361680e-01
  -2.92037247523630638657e-01-j2.87500271220971437280e-01
  -3.10526171595394473446e-01-j2.88579655195703554948e-01
  -3.29272264567438632810e-01-j2.88767782809911943698e-01
  -3.48235681606413494116e-01-j2.88048209772015340047e-01
  -3.67375506897474946033e-01-j2.86406185647580191489e-01
  -3.86649817521424910005e-01-j2.83828734604506194295e-01
  -4.06015754115954086156e-01-j2.80304734827316825996e-01
  -4.25429598460883351407e-01-j2.75824996006087397316e-01
  -4.44846858075140183519e-01-j2.70382334272702362643e-01
  -4.64222357856973855128e-01-j2.63971643928283261626e-01
  -4.83510338736989953023e-01-j2.56589965281997844926e-01
  -5.02664563247853024563e-01-j2.48236547903230214684e-01
  -5.21638427844277496881e-01-j2.38912908577390448173e-01
  -5.40385081733538386040e-01-j2.28622883250908154329e-01
  -5.58857551900809323975e-01-j2.17372672254008553194e-01
  -5.77008873935269672728e-01-j2.05170878101112341696e-01
  -5.94792228184765181531e-01-j1.92028535188648707965e-01
  -6.12161080686943859241e-01-j1.77959130739367754614e-01
  -6.29069328247905512619e-01-j1.62978616380645841000e-01
  -6.45471446963766459781e-01-j1.47105409792333330365e-01
  -6.61322643408565946643e-01-j1.30360385917319132609e-01
  -6.76579007645352836775e-01-j1.12766857294562844460e-01
  -6.91197667155791894977e-01-j9.43505431503603581023e-02
  -7.05136940730583861026e-01-j7.51395269673324345261e-02
  -7.18356491317322154444e-01-j5.51642023425201744047e-02
  -7.30817476787163466945e-01-j3.44572070442977912430e-02
  -7.42482697556658410853e-01-j1.30533452817210085528e-02
  -7.53316739987600070272e-01+j9.01050169159488094361e-03
  -7.63286114486606104279e-01+j3.16954764057274310241e-02
  -7.72359387237619099409e-01+j5.49608570886003511280e-02
  -7.80507304525200118483e-01+j7.87641802072327618101e-02
  -7.87702908644185573195e-01+j1.03061373066250808184e-01
  -7.93921644442447838053e-01+j1.27806895786758106803e-01
  -7.99141455606821260460e-01+j1.52953891886146386980e-01
  -8.03342869878283294405e-01+j1.78454346584475370685e-01
  -8.06509072469412391371e-01+j2.04259251876070857534e-01
  -8.08625967054405814238e-01+j2.30318777328038820640e-01
  -8.09682223808256607001e-01+j2.56582445501875477945e-01
  -8.09669314085308289286e-01+j2.82999310840760520680e-01
  -8.08581531447107093591e-01+j3.09518140825379317604e-01
  -8.06415998873264872060e-01+j3.36087598174936941220e-01
  -8.03172662115046120945e-01+j3.62656422858309734902e-01
  -7.98854269278138295896e-01+j3.89173612683534453360e-01
  -7.93466336846184061571e-01+j4.15588601251154265981e-01
  -7.87017102478616892292e-01+j4.41851432088881002080e-01
  -7.79517465033344736369e-01+j4.67912927830255676032e-01
  -7.70980912375102356293e-01+j4.93724853358239679224e-01
  -7.61423437632438582234e-01+j5.19240071904593647467e-01
  -7.50863444658942169596e-01+j5.44412693176206552437e-01
  -7.39321643536267725239e-01+j5.69198212669201675240e-01
  -7.26820937026960933736e-01+j5.93553641428677614122e-01
  -7.13386298943164964825e-01+j6.17437625615155250003e-01
  -6.99044645442780332445e-01+j6.40810555346195798165e-01
  -6.83824700297045229291e-01+j6.63634662391791918523e-01
  -6.67756855193099019274e-01+j6.85874106413262185633e-01
  -6.50873026141913224585e-01+j7.07495049545863730067e-01
  -6.33206507056609968487e-01+j7.28465719233671094024e-01
  -6.14791821549122374790e-01+j7.48756459330156554088e-01
  -5.95664573965366650476e-01+j7.68339769577830566938e-01
  -5.75861300641333895278e-01+j7.87190333674367415107e-01
  -5.55419322315951591307e-01+j8.05285036219756222842e-01
  -5.34376598582265383008e-01+j8.22602968918390353714e-01
  -5.12771585197694723668e-01+j8.39125426481112435262e-01
  -4.90643095007965268639e-01+j8.54835892734461255671e-01
  -4.68030163169079305163e-01+j8.69720017497750519375e-01
  -4.44971917278568607212e-01+j8.83765584832585382458e-01
  -4.21507452952348482533e-01+j8.96962473304602658786e-01
  -3.97675715307970301104e-01+j9.09302608923292954302e-01
  -3.73515386739853794129e-01+j9.20779911443338039412e-01
  -3.49064781298163595569e-01+j9.31390234720357090836e-01
  -3.24361745911236232232e-01+j9.41131301815678944500e-01
  -2.99443568622476563590e-01+j9.50002635539505146944e-01
  -2.74346893947200298758e-01+j9.58005485110132171123e-01
  -2.49107645393331328387e-01+j9.65142749589446458103e-01
  -2.23760955132819350233e-01+j9.71418898732477886782e-01
  -1.98341100758147759198e-01+j9.76839891861949638496e-01
  -1.72881449010753973639e-01+j9.81413095348410480234e-01
  -1.47414406325692221023e-01+j9.85147199243125437640e-01
  -1.21971375999327349970e-01+j9.88052133575295976620e-01
  -9.65827217543499400021e-02+j9.90138984787924614217e-01
  -7.12777374488228615546e-02+j9.91419912748215281795e-01
  -4.60846226530387537146e-02+j9.91908068729586478440e-01
  -2.10304637996769350217e-02+j9.91617514723397652787e-01
  +3.85877940147228435178e-03+j9.90563144399941086782e-01
  +2.85582826028873207336e-02+j9.88760606000481434563e-01
  +5.30443608380409895031e-02+j9.86226227405412880778e-01
  +7.72944682476252309389e-02+j9.82976943588317997325e-01
  +1.01287193841519268522e-01+j9.79030226631961486561e-01
  +1.25002253621848191667e-01+j9.74404018450355735581e-01
  +1.48420479387486092815e-01+j9.69116666330982479138e-01
  +1.71523804532922985455e-01+j9.63186861383304226969e-01
  +1.94295247145475441508e-01+j9.56633579953735990742e-01
  +2.16718890694164972865e-01+j9.49476028043506170562e-01
  +2.38779862591811609107e-01+j9.41733588744074090471e-01
  +2.60464310899077400308e-01+j9.33425772685207655321e-01
  +2.81759379425636280470e-01+j9.24572171473229342809e-01
  +3.02653181469530907499e-01+j9.15192414081367866530e-01
  +3.23134772421362070904e-01+j9.05306126140422495752e-01
  +3.43194121445305644347e-01+j8.94932892066043539359e-01
  +3.62822082434320569710e-01+j8.84092219948818036634e-01
  +3.82010364422396220263e-01+j8.72803509124654874896e-01
  +4.00751501622333861086e-01+j8.61086020335954716032e-01
  +4.19038823243672087226e-01+j8.48958848388295050924e-01
  +4.36866423231698830509e-01+j8.36440897202916255893e-01
  +4.54229130055494867424e-01+j8.23550857162035576664e-01
  +4.71122476660342015542e-01+j8.10307184641739230990e-01
  +4.87542670687903412219e-01+j7.96728083625911631671e-01
  +5.03486565056141310848e-01+j7.82831489294266602563e-01
  +5.18951628980276802316e-01+j7.68635053477745744388e-01
  +5.33935919505903799909e-01+j7.54156131875580393320e-01
  +5.48438053615966314425e-01+j7.39411772929782995512e-01
  +5.62457180964435199400e-01+j7.24418708254861543061e-01
  +5.75992957281332818020e-01+j7.09193344523013524672e-01
  +5.89045518486227215327e-01+j6.93751756707692956994e-01
  +6.01615455540216559349e-01+j6.78109682591694462594e-01
  +6.13703790060160403463e-01+j6.62282518449036738950e-01
  +6.25311950713001607483e-01+j6.46285315813397098772e-01
  +6.36441750402693462441e-01+j6.30132779249558350187e-01
  +6.47095364257521121765e-01+j6.13839265047834592437e-01
  +6.57275308421206294618e-01+j5.97418780765314072490e-01
  +6.66984419647373760753e-01+j5.80884985541418985555e-01
  +6.76225835693464283338e-01+j5.64251191119109263283e-01
  +6.85002976507171235099e-01+j5.47530363506641970517e-01
  +6.93319526195765978294e-01+j5.30735125218582237672e-01
  +7.01179415766371993968e-01+j5.13877758038254972561e-01
  +7.08586806623183518283e-01+j4.96970206247378309961e-01
  +7.15546074805949006148e-01+j4.80024080271963526911e-01
  +7.22061795952536833454e-01+j4.63050660696941784877e-01
  +7.28138730967208935851e-01+j4.46060902604976494690e-01
  +7.33781812375217445954e-01+j4.29065440198295289242e-01
  +7.38996131343576223571e-01+j4.12074591664845946148e-01
  +7.43786925347221128391e-01+j3.95098364253337330787e-01
  +7.48159566459353331247e-01+j3.78146459524078271119e-01
  +7.52119550244456869237e-01+j3.61228278745161279772e-01
  +7.55672485232324442350e-01+j3.44352928406022051888e-01
  +7.58824082951372158590e-01+j3.27529225822525638101e-01
  +7.61580148499595765976e-01+j3.10765704810043286166e-01
  +7.63946571631655024781e-01+j2.94070621402870435723e-01
  +7.65929318340826559286e-01+j2.77451959600385822391e-01
  +7.67534422914829206341e-01+j2.60917437121995998695e-01
  +7.68767980444922893746e-01+j2.44474511154743723296e-01
  +7.69636139768060112409e-01+j2.28130384078888526211e-01
  +7.70145096822317798413e-01+j2.11892009158310135053e-01
  +7.70301088396377342526e-01+j1.95766096184037979855e-01
  +7.70110386254227785585e-01+j1.79759117060226736307e-01
  +7.69579291616937943843e-01+j1.63877311323443741742e-01
  +7.68714129983760763309e-01+j1.48126691586862951899e-01
  +7.67521246275509660961e-01+j1.32513048902281049823e-01
  +7.66007000283668748608e-01+j1.17041958033644824533e-01
  +7.64177762409256722265e-01+j1.01718782636647075979e-01
  +7.62039909676120452708e-01+j8.65486803398839016355e-02
  +7.59599822003809488358e-01+j7.15366077236011810303e-02
  +7.56863878725887118115e-01+j5.66873251929579172192e-02
  +7.53838455339937985045e-01+j4.20054017431053319798e-02
  +7.50529920476261214191e-01+j2.74952196141949600783e-02
  +7.46944633072667452112e-01+j1.31609788347584171636e-02
  +7.43088939743400622717e-01-j9.93298347536690495740e-04
  +7.38969172330696366657e-01-j1.49637631483572532826e-02
  +7.34591645628039136007e-01-j2.87467360425884624342e-02
  +7.29962655264643323072e-01-j4.23387026735217025797e-02
  +7.25088475741190174872e-01-j5.57363098748607163624e-02
  +7.19975358607338855599e-01-j6.89363618048104143110e-02
  +7.14629530771953902502e-01-j8.19358161912653037984e-02
  +7.09057192937440849967e-01-j9.47317806868887696270e-02
  +7.03264518150033213217e-01-j1.07321509332642242573e-01
  +6.97257650458248834369e-01-j1.19702399128197800593e-01
  +6.91042703672159142059e-01-j1.31871986707466110067e-01
  +6.84625760216467038610e-01-j1.43827945117382033358e-01
  +6.78012870070764162023e-01-j1.55568080697934069123e-01
  +6.71210049790740614917e-01-j1.67090330061328257161e-01
  +6.64223281604311099890e-01-j1.78392757168148341496e-01
  +6.57058512577173514657e-01-j1.89473550498200526970e-01
  +6.49721653842339486040e-01-j2.00331020313797431021e-01
</dep>
<dep S[2,1] frequency>
  +8.06409034747421982203e-01-j5.10520006210747001596e-01
  +7.87694846487951183533e-01-j5.30683969851864056899e-01
  +7.68281558462665992160e-01-j5.50090451585082296226e-01
  +7.48199539553919268364e-01-j5.68710129124158747516e-01
  +7.27480559537638127310e-01-j5.86514747796618607367e-01
  +7.06157769402164126049e-01-j6.03477195826173096194e-01
  +6.84265677298706131992e-01-j6.19571581563766238254e-01
  +6.61840119742342358755e-01-j6.34773312408645540295e-01
  +6.38918227697294782708e-01-j6.49059175117187137083e-01
  +6.15538387198470315909e-01-j6.62407417153139888022e-01
  +5.91740194183756784696e-01-j6.74797828688511791562e-01
  +5.67564403238211778735e-01-j6.86211824820867066776e-01
  +5.43052869983299379975e-01-j6.96632527529508105424e-01
  +5.18248486880101721930e-01-j7.06044846852226237743e-01
  +4.93195112257901302488e-01-j7.14435560724694052048e-01
  +4.67937492425821943698e-01-j7.21793392888287144160e-01
  +4.42521176777821212411e-01-j7.28109088239271118326e-01
  +4.16992425857964532643e-01-j7.33375484963337709310e-01
  +3.91398112415105081663e-01-j7.37587582775849237571e-01
  +3.65785615542065400962e-01-j7.40742606569888439871e-01
  +3.40202708064837044954e-01-j7.42840064762455121183e-01
  +3.14697437420873415981e-01-j7.43881801624440619491e-01
  +2.89318000341566461397e-01-j7.43872042883018780302e-01
  +2.64112611732512991836e-01-j7.42817433896321599462e-01
  +2.39129368223371691071e-01-j7.40727069720248376683e-01
  +2.14416106939102735218e-01-j7.37612516416444985445e-01
  +1.90020260121261663766e-01-j7.33487822989034032872e-01
  +1.65988706303756977656e-01-j7.28369523385573813812e-01
  +1.42367618819470326263e-01-j7.22276628055466329847e-01
  +1.19202312480775410308e-01-j7.15230604625535781871e-01
  +9.65370893385067291304e-02-j7.07255347328526462469e-01
  +7.44150844770173486298e-02-j6.98377134904002438986e-01
  +5.28781128486389348509e-02-j6.88624576783023578663e-01
  +3.19665181861391936580e-02-j6.78028547466259623455e-01
  +1.17190250568086906657e-02-j6.66622109109180405184e-01
  -7.82740486468838300715e-03-j6.54440422436347146729e-01
  -2.66377112264089138671e-02-j6.41520646218172729824e-01
  -4.46788670653394948129e-02-j6.27901825656303147483e-01
  -6.19200034675614630064e-02-j6.13624770136449337876e-01
  -7.83325258179288219651e-02-j5.98731920918443960566e-01
  -9.38902206859333759992e-02-j5.83267209440420764111e-01
  -1.08569352457800388789e-01-j5.67275907016506542035e-01
  -1.22348748900829251696e-01-j5.50804466802372050260e-01
  -1.35209874932961299221e-01-j5.33900358989964574086e-01
  -1.47136893967802412364e-01-j5.16611900269720591972e-01
  -1.58116716311619692759e-01-j4.98988078664028222864e-01
  -1.68139034202476611579e-01-j4.81078374889358395539e-01
  -1.77196343201367040310e-01-j4.62932581444179369612e-01
  -1.85283949768959593785e-01-j4.44600620645981436940e-01
  -1.92399964987640309522e-01-j4.26132362852440549350e-01
  -1.98545284515194403463e-01-j4.07577446098516704698e-01
  -2.03723554981651150397e-01-j3.88985098363933579080e-01
  -2.07941127162757782854e-01-j3.70403963653574475057e-01
  -2.11206996380535971802e-01-j3.51881933028093119020e-01
  -2.13532730691680855406e-01-j3.33465981663803145985e-01
  -2.14932387526659607335e-01-j3.15202012950956900195e-01
  -2.15422419535064774143e-01-j2.97134710559263437446e-01
  -2.15021570474681011920e-01-j2.79307399309785431285e-01
  -2.13750762052179910100e-01-j2.61761915595366101428e-01
  -2.11632972681465830744e-01-j2.44538487988500141679e-01
  -2.08693109171124269174e-01-j2.27675628568167115473e-01
  -2.04957872384892852979e-01-j2.11210035387034061882e-01
  -2.00455617938607749684e-01-j1.95176506389287240939e-01
  -1.95216213003943289683e-01-j1.79607864978866937911e-01
  -1.89270890283862319725e-01-j1.64534897329568385871e-01
  -1.82652100207667783538e-01-j1.49986301423559065249e-01
  -1.75393362365722810248e-01-j1.35988647704961079787e-01
  -1.67529117166175078868e-01-j1.22566351141069895814e-01
  -1.59094578649446122265e-01-j1.09741654396684817918e-01
  -1.50125589341951776179e-01-j9.75346217476101978727e-02
  -1.40658477969720058232e-01-j8.59631432883566637404e-02
  -1.30729920786443964964e-01-j7.50429489267622623627e-02
  -1.20376807200210961257e-01-j6.47876316049421502319e-02
  -1.09636110310107351418e-01-j5.52086791419380759627e-02
  -9.85447628889128540708e-02-j4.63155140583201771487e-02
  -8.71395392725997780525e-02-j3.81155407168751458880e-02
  -7.54569435421452161528e-02-j3.06141990959559531782e-02
  -6.35331043092298292096e-02-j2.38150245026288627515e-02
  -5.14036763456471729183e-02-j1.77197125309931750869e-02
  -3.91037492272737138843e-02-j1.23281885763396291400e-02
  -2.66677630979734701933e-02-j7.63868122748698023805e-03
  -1.41294315972843569779e-02-j3.64779887709668852042e-03
  -1.52167193866523933407e-03-j3.50608912209634247022e-04
  +1.11234579274141799632e-02+j2.25928112593170313596e-03
  +2.37748151787849949790e-02+j4.18964099332808613541e-03
  +3.64022211710517615280e-02+j5.44953435309027123257e-03
  +4.89765038645062003586e-02+j6.04923505529851059104e-03
  +6.14695338542829913808e-02+j6.00014356110668920646e-03
  +7.38542542571097998527e-02+j5.31470394700301641822e-03
  +8.61047047309599633547e-02+j4.00632188625276840915e-03
  +9.81960399221935426040e-02+j2.08928396559765862731e-03
  +1.10104542648986947206e-01-j4.21321343245517946317e-04
  +1.21807632139813451499e-01-j3.50968077555410167337e-03
  +1.33283867652270404669e-01-j7.15933118397422442458e-03
  +1.44512947800502306039e-01-j1.13532320575636409138e-02
  +1.55475705919516898890e-01-j1.60738354734905122823e-02
  +1.66154101791832348178e-01-j2.13031533372867107334e-02
  +1.76531210056865728308e-01-j2.70228217976008072698e-02
  +1.86591205616065319850e-01-j3.32141627493561727991e-02
  +1.96319346337833405824e-01-j3.98582423651661216235e-02
  +2.05701953355627742415e-01-j4.69359266186302748203e-02
  +2.14726389240874671049e-01-j5.44279337848661073918e-02
  +2.23381034319474119920e-01-j6.23148839232117654485e-02
  +2.31655261387162664244e-01-j7.05773453646352938451e-02
  +2.39539409064852049092e-01-j7.91958782419476259307e-02
  +2.47024754020650466613e-01-j8.81510751146564880409e-02
  +2.54103482270642611063e-01-j9.74235987521826357627e-02
  +2.60768659755844567361e-01-j1.06994217149317741300e-01
  +2.67014202378243858949e-01-j1.16843835856447239574e-01
  +2.72834845664499781037e-01-j1.26953527714105229851e-01
  +2.78226114211955144473e-01-j1.37304560087179478023e-01
  +2.83184291057978210215e-01-j1.47878419698511315294e-01
  +2.87706387100641003407e-01-j1.58656835164929344018e-01
  +2.91790110686114823046e-01-j1.69621797340991919967e-01
  +2.95433837466265558636e-01-j1.80755577577038445414e-01
  +2.98636580618462210701e-01-j1.92040743998529883640e-01
  +3.01397961508963141419e-01-j2.03460175913459939689e-01
  +3.03718180871054233005e-01-j2.14997076453589897049e-01
  +3.05597990559694832058e-01-j2.26634983553795021916e-01
  +3.07038665935571830623e-01-j2.38357779371764777476e-01
  +3.08041978923259629486e-01-j2.50149698247882468216e-01
  +3.08610171780660358376e-01-j2.61995333302404043163e-01
  +3.08745931609799462159e-01-j2.73879641763866532589e-01
  +3.08452365632788716443e-01-j2.85787949119504725015e-01
  +3.07732977250838590777e-01-j2.97705952174951604672e-01
  +3.06591642898898841807e-01-j3.09619721106842771263e-01
  +3.05032589703754686283e-01-j3.21515700588394182091e-01
  +3.03060373949023131868e-01-j3.33380710064178686913e-01
  +3.00679860346663274662e-01-j3.45201943246660758469e-01
  +2.97896202111144536850e-01-j3.56966966903209004247e-01
  +2.94714821829386963703e-01-j3.68663718998743006328e-01
  +2.91141393116881974645e-01-j3.80280506255366967938e-01
  +2.87181823048100803852e-01-j3.91806001186869090613e-01
  +2.82842235347221304664e-01-j4.03229238662389966041e-01
  +2.78128954323544064220e-01-j4.14539612050254413500e-01
  +2.73048489534445160132e-01-j4.25726868989546980426e-01
  +2.67607521157532335376e-01-j4.36781106834042809339e-01
  +2.61812886052666171643e-01-j4.47692767809724889716e-01
  +2.55671564493717917710e-01-j4.58452633924624486372e-01
  +2.49190667549327615760e-01-j4.69051821666511326026e-01
  +2.42377425091485548814e-01-j4.79481776521563540783e-01
  +2.35239174410464463305e-01-j4.89734267344543117151e-01
  +2.27783349414457214621e-01-j4.99801380608499545843e-01
  +2.20017470392253527978e-01-j5.09675514559918774182e-01
  +2.11949134317315324161e-01-j5.19349373302925854112e-01
  +2.03586005671781811177e-01-j5.28815960834227771770e-01
  +1.94935807769162916525e-01-j5.38068575048493813462e-01
  +1.86006314554762464120e-01-j5.47100801732168351421e-01
  +1.76805342863243203366e-01-j5.55906508561910372990e-01
  +1.67340745113150529688e-01-j5.64479839122424165154e-01
  +1.57620402418637117758e-01-j5.72815206956868605559e-01
  +1.47652218099185272848e-01-j5.80907289661651504709e-01
  +1.37444111568513327448e-01-j5.88751023036300003000e-01
  +1.27004012584543996001e-01-j5.96341595297658622066e-01
  +1.16339855842706785261e-01-j6.03674441366842007284e-01
  +1.05459575895535284662e-01-j6.10745237236122617830e-01
  +9.43711023820393568595e-02-j6.17549894422112388703e-01
  +8.30823555508811012471e-02-j6.24084554510756950307e-01
  +7.16012420620559669748e-02-j6.30345583798710529244e-01
  +5.99356510522299698596e-02-j6.36329568035120529679e-01
  +4.80934504496086240311e-02-j6.42033307266983710448e-01
  +3.60824835246041711323e-02-j6.47453810790810768694e-01
  +2.39105656633046767534e-02-j6.52588292212579745843e-01
  +1.15854813511672271459e-02-j6.57434164617570648836e-01
  -8.85018645038742365720e-04-j6.61989035851180629422e-01
  -1.34932199085173627762e-02-j6.66250703911344999142e-01
  -2.62314468278864731943e-02-j6.70217152452848963229e-01
  -3.90920648872667975127e-02-j6.73886546403470787503e-01
  -5.20674828009535378692e-02-j6.77257227691533292280e-01
  -6.51501545021809513880e-02-j6.80327711084203312630e-01
  -7.83325809950159157591e-02-j6.83096680135611644680e-01
  -9.16073120780043492761e-02-j6.85562983243647949827e-01
  -1.04966947947716091050e-01-j6.87725629814060268608e-01
  -1.18404140689989764712e-01-j6.89583786530348241683e-01
  -1.31911595666217823508e-01-j6.91136773727750841623e-01
  -1.45482072801706718845e-01-j6.92384061869530831324e-01
  -1.59108387782720822612e-01-j6.93325268123606841542e-01
  -1.72783413168467736565e-01-j6.93960153037473159721e-01
  -1.86500079424054027166e-01-j6.94288617309356204110e-01
  -2.00251375879919452094e-01-j6.94310698653330060637e-01
  -2.14030351623207659717e-01-j6.94026568756218487088e-01
</dep>
<dep S[1,2] frequency>
  +8.06409034747421982203e-01-j5.10520006210747001596e-01
  +7.87694846487951183533e-01-j5.30683969851864056899e-01
  +7.68281558462665992160e-01-j5.50090451585082296226e-01
  +7.48199539553919268364e-01-j5.68710129124158747516e-01
  +7.27480559537638127310e-01-j5.86514747796618607367e-01
  +7.06157769402164126049e-01-j6.03477195826173096194e-01
  +6.84265677298706131992e-01-j6.19571581563766238254e-01
  +6.61840119742342358755e-01-j6.34773312408645540295e-01
  +6.38918227697294782708e-01-j6.49059175117187137083e-01
  +6.15538387198470315909e-01-j6.62407417153139888022e-01
  +5.91740194183756784696e-01-j6.74797828688511791562e-01
  +5.67564403238211778735e-01-j6.86211824820867066776e-01
  +5.43052869983299379975e-01-j6.96632527529508105424e-01
  +5.18248486880101721930e-01-j7.06044846852226237743e-01
  +4.93195112257901302488e-01-j7.14435560724694052048e-01
  +4.67937492425821943698e-01-j7.21793392888287144160e-01
  +4.42521176777821212411e-01-j7.28109088239271118326e-01
  +4.16992425857964532643e-01-j7.33375484963337709310e-01
  +3.91398112415105081663e-01-j7.37587582775849237571e-01
  +3.65785615542065400962e-01-j7.40742606569888439871e-01
  +3.40202708064837044954e-01-j7.42840064762455121183e-01
  +3.14697437420873415981e-01-j7.43881801624440619491e-01
  +2.89318000341566461397e-01-j7.43872042883018780302e-01
  +2.64112611732512991836e-01-j7.42817433896321599462e-01
  +2.39129368223371691071e-01-j7.40727069720248376683e-01
  +2.14416106939102735218e-01-j7.37612516416444985445e-01
  +1.90020260121261663766e-01-j7.33487822989034032872e-01
  +1.65988706303756977656e-01-j7.28369523385573813812e-01
  +1.42367618819470326263e-01-j7.22276628055466329847e-01
  +1.19202312480775410308e-01-j7.15230604625535781871e-01
  +9.65370893385067291304e-02-j7.07255347328526462469e-01
  +7.44150844770173486298e-02-j6.98377134904002438986e-01
  +5.28781128486389348509e-02-j6.88624576783023578663e-01
  +3.19665181861391936580e-02-j6.78028547466259623455e-01
  +1.17190250568086906657e-02-j6.66622109109180405184e-01
  -7.82740486468838300715e-03-j6.54440422436347146729e-01
  -2.66377112264089138671e-02-j6.41520646218172729824e-01
  -4.46788670653394948129e-02-j6.27901825656303147483e-01
  -6.19200034675614630064e-02-j6.13624770136449337876e-01
  -7.83325258179288219651e-02-j5.98731920918443960566e-01
  -9.38902206859333759992e-02-j5.83267209440420764111e-01
  -1.08569352457800388789e-01-j5.67275907016506542035e-01
  -1.22348748900829251696e-01-j5.50804466802372050260e-01
  -1.35209874932961299221e-01-j5.33900358989964574086e-01
  -1.47136893967802412364e-01-j5.16611900269720591972e-01
  -1.58116716311619692759e-01-j4.98988078664028222864e-01
  -1.68139034202476611579e-01-j4.81078374889358395539e-01
  -1.77196343201367040310e-01-j4.62932581444179369612e-01
  -1.85283949768959593785e-01-j4.44600620645981436940e-01
  -1.92399964987640309522e-01-j4.26132362852440549350e-01
  -1.98545284515194403463e-01-j4.07577446098516704698e-01
  -2.03723554981651150397e-01-j3.88985098363933579080e-01
  -2.07941127162757782854e-01-j3.70403963653574475057e-01
  -2.11206996380535971802e-01-j3.51881933028093119020e-01
  -2.13532730691680855406e-01-j3.33465981663803145985e-01
  -2.14932387526659607335e-01-j3.15202012950956900195e-01
  -2.15422419535064774143e-01-j2.97134710559263437446e-01
  -2.15021570474681011920e-01-j2.79307399309785431285e-01
  -2.13750762052179910100e-01-j2.61761915595366101428e-01
  -2.11632972681465830744e-01-j2.44538487988500141679e-01
  -2.08693109171124269174e-01-j2.27675628568167115473e-01
  -2.04957872384892852979e-01-j2.11210035387034061882e-01
  -2.00455617938607749684e-01-j1.95176506389287240939e-01
  -1.95216213003943289683e-01-j1.79607864978866937911e-01
  -1.89270890283862319725e-01-j1.64534897329568385871e-01
  -1.82652100207667783538e-01-j1.49986301423559065249e-01
  -1.75393362365722810248e-01-j1.35988647704961079787e-01
  -1.67529117166175078868e-01-j1.22566351141069895814e-01
  -1.59094578649446122265e-01-j1.09741654396684817918e-01
  -1.50125589341951776179e-01-j9.75346217476101978727e-02
  -1.40658477969720058232e-01-j8.59631432883566637404e-02
  -1.30729920786443964964e-01-j7.50429489267622623627e-02
  -1.20376807200210961257e-01-j6.47876316049421502319e-02
  -1.09636110310107351418e-01-j5.52086791419380759627e-02
  -9.85447628889128540708e-02-j4.63155140583201771487e-02
  -8.71395392725997780525e-02-j3.81155407168751458880e-02
  -7.54569435421452161528e-02-j3.06141990959559531782e-02
  -6.35331043092298292096e-02-j2.38150245026288627515e-02
  -5.14036763456471729183e-02-j1.77197125309931750869e-02
  -3.91037492272737138843e-02-j1.23281885763396291400e-02
  -2.66677630979734701933e-02-j7.63868122748698023805e-03
  -1.41294315972843569779e-02-j3.64779887709668852042e-03
  -1.52167193866523933407e-03-j3.50608912209634247022e-04
  +1.11234579274141799632e-02+j2.25928112593170313596e-03
  +2.37748151787849949790e-02+j4.18964099332808613541e-03
  +3.64022211710517615280e-02+j5.44953435309027123257e-03
  +4.89765038645062003586e-02+j6.04923505529851059104e-03
  +6.14695338542829913808e-02+j6.00014356110668920646e-03
  +7.38542542571097998527e-02+j5.31470394700301641822e-03
  +8.61047047309599633547e-02+j4.00632188625276840915e-03
  +9.81960399221935426040e-02+j2.08928396559765862731e-03
  +1.10104542648986947206e-01-j4.21321343245517946317e-04
  +1.21807632139813451499e-01-j3.50968077555410167337e-03
  +1.33283867652270404669e-01-j7.15933118397422442458e-03
  +1.44512947800502306039e-01-j1.13532320575636409138e-02
  +1.55475705919516898890e-01-j1.60738354734905122823e-02
  +1.66154101791832348178e-01-j2.13031533372867107334e-02
  +1.76531210056865728308e-01-j2.70228217976008072698e-02
  +1.86591205616065319850e-01-j3.32141627493561727991e-02
  +1.96319346337833405824e-01-j3.98582423651661216235e-02
  +2.05701953355627742415e-01-j4.69359266186302748203e-02
  +2.14726389240874671049e-01-j5.44279337848661073918e-02
  +2.23381034319474119920e-01-j6.23148839232117654485e-02
  +2.31655261387162664244e-01-j7.05773453646352938451e-02
  +2.39539409064852049092e-01-j7.91958782419476259307e-02
  +2.47024754020650466613e-01-j8.81510751146564880409e-02
  +2.54103482270642611063e-01-j9.74235987521826357627e-02
  +2.60768659755844567361e-01-j1.06994217149317741300e-01
  +2.67014202378243858949e-01-j1.16843835856447239574e-01
  +2.72834845664499781037e-01-j1.26953527714105229851e-01
  +2.78226114211955144473e-01-j1.37304560087179478023e-01
  +2.83184291057978210215e-01-j1.47878419698511315294e-01
  +2.87706387100641003407e-01-j1.58656835164929344018e-01
  +2.91790110686114823046e-01-j1.69621797340991919967e-01
  +2.95433837466265558636e-01-j1.80755577577038445414e-01
  +2.98636580618462210701e-01-j1.92040743998529883640e-01
  +3.01397961508963141419e-01-j2.03460175913459939689e-01
  +3.03718180871054233005e-01-j2.14997076453589897049e-01
  +3.05597990559694832058e-01-j2.26634983553795021916e-01
  +3.07038665935571830623e-01-j2.38357779371764777476e-01
  +3.08041978923259629486e-01-j2.50149698247882468216e-01
  +3.08610171780660358376e-01-j2.61995333302404043163e-01
  +3.08745931609799462159e-01-j2.73879641763866532589e-01
  +3.08452365632788716443e-01-j2.85787949119504725015e-01
  +3.07732977250838590777e-01-j2.97705952174951604672e-01
  +3.06591642898898841807e-01-j3.09619721106842771263e-01
  +3.05032589703754686283e-01-j3.21515700588394182091e-01
  +3.03060373949023131868e-01-j3.33380710064178686913e-01
  +3.00679860346663274662e-01-j3.45201943246660758469e-01
  +2.97896202111144536850e-01-j3.56966966903209004247e-01
  +2.94714821829386963703e-01-j3.68663718998743006328e-01
  +2.91141393116881974645e-01-j3.80280506255366967938e-01
  +2.87181823048100803852e-01-j3.91806001186869090613e-01
  +2.82842235347221304664e-01-j4.03229238662389966041e-01
  +2.78128954323544064220e-01-j4.14539612050254413500e-01
  +2.73048489534445160132e-01-j4.25726868989546980426e-01
  +2.67607521157532335376e-01-j4.36781106834042809339e-01
  +2.61812886052666171643e-01-j4.47692767809724889716e-01
  +2.55671564493717917710e-01-j4.58452633924624486372e-01
  +2.49190667549327615760e-01-j4.69051821666511326026e-01
  +2.42377425091485548814e-01-j4.79481776521563540783e-01
  +2.35239174410464463305e-01-j4.89734267344543117151e-01
  +2.27783349414457214621e-01-j4.99801380608499545843e-01
  +2.20017470392253527978e-01-j5.09675514559918774182e-01
  +2.11949134317315324161e-01-j5.19349373302925854112e-01
  +2.03586005671781811177e-01-j5.28815960834227771770e-01
  +1.94935807769162916525e-01-j5.38068575048493813462e-01
  +1.86006314554762464120e-01-j5.47100801732168351421e-01
  +1.76805342863243203366e-01-j5.55906508561910372990e-01
  +1.67340745113150529688e-01-j5.64479839122424165154e-01
  +1.57620402418637117758e-01-j5.72815206956868605559e-01
  +1.47652218099185272848e-01-j5.80907289661651504709e-01
  +1.37444111568513327448e-01-j5.88751023036300003000e-01
  +1.27004012584543996001e-01-j5.96341595297658622066e-01
  +1.16339855842706785261e-01-j6.03674441366842007284e-01
  +1.05459575895535284662e-01-j6.10745237236122617830e-01
  +9.43711023820393568595e-02-j6.17549894422112388703e-01
  +8.30823555508811012471e-02-j6.24084554510756950307e-01
  +7.16012420620559669748e-02-j6.30345583798710529244e-01
  +5.99356510522299698596e-02-j6.36329568035120529679e-01
  +4.80934504496086240311e-02-j6.42033307266983710448e-01
  +3.60824835246041711323e-02-j6.47453810790810768694e-01
  +2.39105656633046767534e-02-j6.52588292212579745843e-01
  +1.15854813511672271459e-02-j6.57434164617570648836e-01
  -8.85018645038742365720e-04-j6.61989035851180629422e-01
  -1.34932199085173627762e-02-j6.66250703911344999142e-01
  -2.62314468278864731943e-02-j6.70217152452848963229e-01
  -3.90920648872667975127e-02-j6.73886546403470787503e-01
  -5.20674828009535378692e-02-j6.77257227691533292280e-01
  -6.51501545021809513880e-02-j6.80327711084203312630e-01
  -7.83325809950159157591e-02-j6.83096680135611644680e-01
  -9.16073120780043492761e-02-j6.85562983243647949827e-01
  -1.04966947947716091050e-01-j6.87725629814060268608e-01
  -1.18404140689989764712e-01-j6.89583786530348241683e-01
  -1.31911595666217823508e-01-j6.91136773727750841623e-01
  -1.45482072801706718845e-01-j6.92384061869530831324e-01
  -1.59108387782720822612e-01-j6.93325268123606841542e-01
  -1.72783413168467736565e-01-j6.93960153037473159721e-01
  -1.86500079424054027166e-01-j6.94288617309356204110e-01
  -2.00251375879919452094e-01-j6.94310698653330060637e-01
  -2.14030351623207659717e-01-j6.94026568756218487088e-01
</dep>
<dep S[1,1] frequency>
  -1.57772192196572763612e-01-j2.49247818728908748787e-01
  -1.72913957624224484677e-01-j2.56688807865110502071e-01
  -1.88587487955060251199e-01-j2.63421349734567433742e-01
  -2.04763069497396810181e-01-j2.69418350390086769330e-01
  -2.21409621216214241857e-01-j2.74653774221484126006e-01
  -2.38494713805899288817e-01-j2.79102718732797017154e-01
  -2.55984593206203536742e-01-j2.82741491281080281617e-01
  -2.73844208925355936390e-01-j2.85547687516608361680e-01
  -2.92037247523630638657e-01-j2.87500271220971437280e-01
  -3.10526171595394528957e-01-j2.88579655195703499437e-01
  -3.29272264567438577298e-01-j2.88767782809911888187e-01
  -3.48235681606413549627e-01-j2.88048209772015284535e-01
  -3.67375506897475001544e-01-j2.86406185647580135978e-01
  -3.86649817521424798983e-01-j2.83828734604506249806e-01
  -4.06015754115954086156e-01-j2.80304734827316825996e-01
  -4.25429598460883295896e-01-j2.75824996006087397316e-01
  -4.44846858075140128008e-01-j2.70382334272702529177e-01
  -4.64222357856973855128e-01-j2.63971643928283261626e-01
  -4.83510338736990064046e-01-j2.56589965281997789415e-01
  -5.02664563247853024563e-01-j2.48236547903230270196e-01
  -5.21638427844277496881e-01-j2.38912908577390475928e-01
  -5.40385081733538497062e-01-j2.28622883250908237596e-01
  -5.58857551900809323975e-01-j2.17372672254008525439e-01
  -5.77008873935269783750e-01-j2.05170878101112341696e-01
  -5.94792228184765181531e-01-j1.92028535188648707965e-01
  -6.12161080686943859241e-01-j1.77959130739367754614e-01
  -6.29069328247905512619e-01-j1.62978616380645785489e-01
  -6.45471446963766570804e-01-j1.47105409792333274854e-01
  -6.61322643408566057666e-01-j1.30360385917319160365e-01
  -6.76579007645352836775e-01-j1.12766857294562844460e-01
  -6.91197667155792117022e-01-j9.43505431503602609578e-02
  -7.05136940730583972048e-01-j7.51395269673323928927e-02
  -7.18356491317322376489e-01-j5.51642023425202090992e-02
  -7.30817476787163577967e-01-j3.44572070442977079763e-02
  -7.42482697556658410853e-01-j1.30533452817209912056e-02
  -7.53316739987600181294e-01+j9.01050169159485145332e-03
  -7.63286114486605882234e-01+j3.16954764057274032685e-02
  -7.72359387237619210431e-01+j5.49608570886004205169e-02
  -7.80507304525200340528e-01+j7.87641802072328034434e-02
  -7.87702908644185684217e-01+j1.03061373066250933084e-01
  -7.93921644442447727030e-01+j1.27806895786758106803e-01
  -7.99141455606821038415e-01+j1.52953891886146386980e-01
  -8.03342869878283405427e-01+j1.78454346584475342929e-01
  -8.06509072469412502393e-01+j2.04259251876070774268e-01
  -8.08625967054405703216e-01+j2.30318777328038737373e-01
  -8.09682223808256718023e-01+j2.56582445501875588967e-01
  -8.09669314085308289286e-01+j2.82999310840760520680e-01
  -8.08581531447107093591e-01+j3.09518140825379262093e-01
  -8.06415998873264761038e-01+j3.36087598174936941220e-01
  -8.03172662115046120945e-01+j3.62656422858309790414e-01
  -7.98854269278138295896e-01+j3.89173612683534342338e-01
  -7.93466336846184394638e-01+j4.15588601251154377003e-01
  -7.87017102478617003314e-01+j4.41851432088881057592e-01
  -7.79517465033344514325e-01+j4.67912927830255565009e-01
  -7.70980912375102356293e-01+j4.93724853358239623713e-01
  -7.61423437632438804279e-01+j5.19240071904593758489e-01
  -7.50863444658942058574e-01+j5.44412693176206552437e-01
  -7.39321643536267725239e-01+j5.69198212669201675240e-01
  -7.26820937026961044758e-01+j5.93553641428677725145e-01
  -7.13386298943165075848e-01+j6.17437625615155250003e-01
  -6.99044645442780443467e-01+j6.40810555346195798165e-01
  -6.83824700297045340314e-01+j6.63634662391792029545e-01
  -6.67756855193098908252e-01+j6.85874106413262074611e-01
  -6.50873026141913113563e-01+j7.07495049545863730067e-01
  -6.33206507056609857464e-01+j7.28465719233671094024e-01
  -6.14791821549122374790e-01+j7.48756459330156554088e-01
  -5.95664573965366428432e-01+j7.68339769577830344893e-01
  -5.75861300641333895278e-01+j7.87190333674367415107e-01
  -5.55419322315951702329e-01+j8.05285036219756333864e-01
  -5.34376598582265716075e-01+j8.22602968918390464736e-01
  -5.12771585197694612646e-01+j8.39125426481112213217e-01
  -4.90643095007965213128e-01+j8.54835892734461366693e-01
  -4.68030163169079416186e-01+j8.69720017497750852442e-01
  -4.44971917278568662724e-01+j8.83765584832585160413e-01
  -4.21507452952348427022e-01+j8.96962473304602547763e-01
  -3.97675715307970190082e-01+j9.09302608923292732257e-01
  -3.73515386739853905151e-01+j9.20779911443338372479e-01
  -3.49064781298163762102e-01+j9.31390234720357201859e-01
  -3.24361745911236232232e-01+j9.41131301815679055522e-01
  -2.99443568622476674612e-01+j9.50002635539505146944e-01
  -2.74346893947200354269e-01+j9.58005485110132282145e-01
  -2.49107645393331300632e-01+j9.65142749589446236058e-01
  -2.23760955132819350233e-01+j9.71418898732477997804e-01
  -1.98341100758147675931e-01+j9.76839891861949527474e-01
  -1.72881449010753890372e-01+j9.81413095348410258190e-01
  -1.47414406325692221023e-01+j9.85147199243125548662e-01
  -1.21971375999327460993e-01+j9.88052133575295976620e-01
  -9.65827217543498289798e-02+j9.90138984787924614217e-01
  -7.12777374488227921656e-02+j9.91419912748215392817e-01
  -4.60846226530387398368e-02+j9.91908068729586367418e-01
  -2.10304637996769558383e-02+j9.91617514723397652787e-01
  +3.85877940147223274375e-03+j9.90563144399941086782e-01
  +2.85582826028872513446e-02+j9.88760606000481434563e-01
  +5.30443608380411560366e-02+j9.86226227405412991800e-01
  +7.72944682476252309389e-02+j9.82976943588317775280e-01
  +1.01287193841519213011e-01+j9.79030226631961597583e-01
  +1.25002253621848302689e-01+j9.74404018450355624559e-01
  +1.48420479387486092815e-01+j9.69116666330982479138e-01
  +1.71523804532923124233e-01+j9.63186861383303782880e-01
  +1.94295247145475469264e-01+j9.56633579953735768697e-01
  +2.16718890694165056132e-01+j9.49476028043506503629e-01
  +2.38779862591811581352e-01+j9.41733588744074090471e-01
  +2.60464310899077289285e-01+j9.33425772685207655321e-01
  +2.81759379425636169447e-01+j9.24572171473229120764e-01
  +3.02653181469531018521e-01+j9.15192414081367866530e-01
  +3.23134772421362237438e-01+j9.05306126140422828819e-01
  +3.43194121445305533324e-01+j8.94932892066043428336e-01
  +3.62822082434320569710e-01+j8.84092219948818036634e-01
  +3.82010364422396275774e-01+j8.72803509124654763873e-01
  +4.00751501622333805575e-01+j8.61086020335954605009e-01
  +4.19038823243672031715e-01+j8.48958848388295050924e-01
  +4.36866423231698997043e-01+j8.36440897202916255893e-01
  +4.54229130055494811913e-01+j8.23550857162035687686e-01
  +4.71122476660342015542e-01+j8.10307184641739230990e-01
  +4.87542670687903578752e-01+j7.96728083625911742693e-01
  +5.03486565056141421870e-01+j7.82831489294266602563e-01
  +5.18951628980276691294e-01+j7.68635053477745633366e-01
  +5.33935919505903799909e-01+j7.54156131875580393320e-01
  +5.48438053615966536469e-01+j7.39411772929782995512e-01
  +5.62457180964435199400e-01+j7.24418708254861543061e-01
  +5.75992957281332818020e-01+j7.09193344523013413649e-01
  +5.89045518486227104304e-01+j6.93751756707692734949e-01
  +6.01615455540216559349e-01+j6.78109682591694462594e-01
  +6.13703790060160514486e-01+j6.62282518449036849972e-01
  +6.25311950713001718505e-01+j6.46285315813396876727e-01
  +6.36441750402693684485e-01+j6.30132779249558572232e-01
  +6.47095364257520788698e-01+j6.13839265047834259370e-01
  +6.57275308421205961551e-01+j5.97418780765313739423e-01
  +6.66984419647373871776e-01+j5.80884985541418874533e-01
  +6.76225835693464061293e-01+j5.64251191119109152261e-01
  +6.85002976507171346121e-01+j5.47530363506642081539e-01
  +6.93319526195765978294e-01+j5.30735125218582237672e-01
  +7.01179415766371882945e-01+j5.13877758038254750517e-01
  +7.08586806623183518283e-01+j4.96970206247378309961e-01
  +7.15546074805949117170e-01+j4.80024080271963471400e-01
  +7.22061795952536833454e-01+j4.63050660696942006922e-01
  +7.28138730967208713807e-01+j4.46060902604976661223e-01
  +7.33781812375217334932e-01+j4.29065440198295178220e-01
  +7.38996131343576112549e-01+j4.12074591664845890637e-01
  +7.43786925347221128391e-01+j3.95098364253337386298e-01
  +7.48159566459353331247e-01+j3.78146459524078271119e-01
  +7.52119550244457091281e-01+j3.61228278745161390795e-01
  +7.55672485232324442350e-01+j3.44352928406021996377e-01
  +7.58824082951372269612e-01+j3.27529225822525638101e-01
  +7.61580148499595765976e-01+j3.10765704810043286166e-01
  +7.63946571631655246826e-01+j2.94070621402870491234e-01
  +7.65929318340826559286e-01+j2.77451959600385822391e-01
  +7.67534422914829317364e-01+j2.60917437121996165228e-01
  +7.68767980444923004768e-01+j2.44474511154743806562e-01
  +7.69636139768060223432e-01+j2.28130384078888581723e-01
  +7.70145096822317687391e-01+j2.11892009158309996275e-01
  +7.70301088396377453549e-01+j1.95766096184037868833e-01
  +7.70110386254227452518e-01+j1.79759117060226680795e-01
  +7.69579291616937721798e-01+j1.63877311323443686231e-01
  +7.68714129983760763309e-01+j1.48126691586862979655e-01
  +7.67521246275509771984e-01+j1.32513048902281022068e-01
  +7.66007000283668637586e-01+j1.17041958033644921677e-01
  +7.64177762409256833287e-01+j1.01718782636647103734e-01
  +7.62039909676120563731e-01+j8.65486803398838738799e-02
  +7.59599822003809377335e-01+j7.15366077236011532747e-02
  +7.56863878725887007093e-01+j5.66873251929578825248e-02
  +7.53838455339937985045e-01+j4.20054017431053874909e-02
  +7.50529920476260992146e-01+j2.74952196141949947727e-02
  +7.46944633072667563134e-01+j1.31609788347583737955e-02
  +7.43088939743400622717e-01-j9.93298347536683556847e-04
  +7.38969172330696255635e-01-j1.49637631483572029756e-02
  +7.34591645628039136007e-01-j2.87467360425885665176e-02
  +7.29962655264642990005e-01-j4.23387026735216609463e-02
  +7.25088475741190285895e-01-j5.57363098748606330957e-02
  +7.19975358607338633554e-01-j6.89363618048104559444e-02
  +7.14629530771954124546e-01-j8.19358161912653870651e-02
  +7.09057192937441072011e-01-j9.47317806868886586047e-02
  +7.03264518150033324240e-01-j1.07321509332642200940e-01
  +6.97257650458248723346e-01-j1.19702399128197828349e-01
  +6.91042703672159475126e-01-j1.31871986707466137823e-01
  +6.84625760216467260655e-01-j1.43827945117382172135e-01
  +6.78012870070764162023e-01-j1.55568080697933985856e-01
  +6.71210049790740392872e-01-j1.67090330061328284916e-01
  +6.64223281604310988868e-01-j1.78392757168148202718e-01
  +6.57058512577173736702e-01-j1.89473550498200499215e-01
  +6.49721653842339486040e-01-j2.00331020313797431021e-01
</dep>
