<Qucs Dataset 1.0.7>
<indep frequency 181>
  +1.00000000000000000000e+09
  +1.05000000000000000000e+09
  +1.10000000000000000000e+09
  +1.15000000000000000000e+09
  +1.20000000000000000000e+09
  +1.25000000000000000000e+09
  +1.30000000000000000000e+09
  +1.35000000000000000000e+09
  +1.40000000000000000000e+09
  +1.45000000000000000000e+09
  +1.50000000000000000000e+09
  +1.55000000000000000000e+09
  +1.60000000000000000000e+09
  +1.65000000000000000000e+09
  +1.70000000000000000000e+09
  +1.75000000000000000000e+09
  +1.80000000000000000000e+09
  +1.85000000000000000000e+09
  +1.90000000000000000000e+09
  +1.95000000000000000000e+09
  +2.00000000000000000000e+09
  +2.05000000000000000000e+09
  +2.10000000000000000000e+09
  +2.15000000000000000000e+09
  +2.20000000000000000000e+09
  +2.25000000000000000000e+09
  +2.30000000000000000000e+09
  +2.35000000000000000000e+09
  +2.40000000000000000000e+09
  +2.45000000000000000000e+09
  +2.50000000000000000000e+09
  +2.55000000000000000000e+09
  +2.60000000000000000000e+09
  +2.65000000000000000000e+09
  +2.70000000000000000000e+09
  +2.75000000000000000000e+09
  +2.80000000000000000000e+09
  +2.85000000000000000000e+09
  +2.90000000000000000000e+09
  +2.95000000000000000000e+09
  +3.00000000000000000000e+09
  +3.05000000000000000000e+09
  +3.10000000000000000000e+09
  +3.15000000000000000000e+09
  +3.20000000000000000000e+09
  +3.25000000000000000000e+09
  +3.30000000000000000000e+09
  +3.35000000000000000000e+09
  +3.40000000000000000000e+09
  +3.45000000000000000000e+09
  +3.50000000000000000000e+09
  +3.55000000000000000000e+09
  +3.60000000000000000000e+09
  +3.65000000000000000000e+09
  +3.70000000000000000000e+09
  +3.75000000000000000000e+09
  +3.80000000000000000000e+09
  +3.85000000000000000000e+09
  +3.90000000000000000000e+09
  +3.95000000000000000000e+09
  +4.00000000000000000000e+09
  +4.05000000000000000000e+09
  +4.10000000000000000000e+09
  +4.15000000000000000000e+09
  +4.20000000000000000000e+09
  +4.25000000000000000000e+09
  +4.30000000000000000000e+09
  +4.35000000000000000000e+09
  +4.40000000000000000000e+09
  +4.45000000000000000000e+09
  +4.50000000000000000000e+09
  +4.55000000000000000000e+09
  +4.60000000000000000000e+09
  +4.65000000000000000000e+09
  +4.70000000000000000000e+09
  +4.75000000000000000000e+09
  +4.80000000000000000000e+09
  +4.85000000000000000000e+09
  +4.90000000000000000000e+09
  +4.95000000000000000000e+09
  +5.00000000000000000000e+09
  +5.05000000000000000000e+09
  +5.10000000000000000000e+09
  +5.15000000000000000000e+09
  +5.20000000000000000000e+09
  +5.25000000000000000000e+09
  +5.30000000000000000000e+09
  +5.35000000000000000000e+09
  +5.40000000000000000000e+09
  +5.45000000000000000000e+09
  +5.50000000000000000000e+09
  +5.55000000000000000000e+09
  +5.60000000000000000000e+09
  +5.65000000000000000000e+09
  +5.70000000000000000000e+09
  +5.75000000000000000000e+09
  +5.80000000000000000000e+09
  +5.85000000000000000000e+09
  +5.90000000000000000000e+09
  +5.95000000000000000000e+09
  +6.00000000000000000000e+09
  +6.05000000000000000000e+09
  +6.10000000000000000000e+09
  +6.15000000000000000000e+09
  +6.20000000000000000000e+09
  +6.25000000000000000000e+09
  +6.30000000000000000000e+09
  +6.35000000000000000000e+09
  +6.40000000000000000000e+09
  +6.45000000000000000000e+09
  +6.50000000000000000000e+09
  +6.55000000000000000000e+09
  +6.60000000000000000000e+09
  +6.65000000000000000000e+09
  +6.70000000000000000000e+09
  +6.75000000000000000000e+09
  +6.80000000000000000000e+09
  +6.85000000000000000000e+09
  +6.90000000000000000000e+09
  +6.95000000000000000000e+09
  +7.00000000000000000000e+09
  +7.05000000000000000000e+09
  +7.10000000000000000000e+09
  +7.15000000000000000000e+09
  +7.20000000000000000000e+09
  +7.25000000000000000000e+09
  +7.30000000000000000000e+09
  +7.35000000000000000000e+09
  +7.40000000000000000000e+09
  +7.45000000000000000000e+09
  +7.50000000000000000000e+09
  +7.55000000000000000000e+09
  +7.60000000000000000000e+09
  +7.65000000000000000000e+09
  +7.70000000000000000000e+09
  +7.75000000000000000000e+09
  +7.80000000000000000000e+09
  +7.85000000000000000000e+09
  +7.90000000000000000000e+09
  +7.95000000000000000000e+09
  +8.00000000000000000000e+09
  +8.05000000000000000000e+09
  +8.10000000000000000000e+09
  +8.15000000000000000000e+09
  +8.20000000000000000000e+09
  +8.25000000000000000000e+09
  +8.30000000000000000000e+09
  +8.35000000000000000000e+09
  +8.40000000000000000000e+09
  +8.45000000000000000000e+09
  +8.50000000000000000000e+09
  +8.55000000000000000000e+09
  +8.60000000000000000000e+09
  +8.65000000000000000000e+09
  +8.70000000000000000000e+09
  +8.75000000000000000000e+09
  +8.80000000000000000000e+09
  +8.85000000000000000000e+09
  +8.90000000000000000000e+09
  +8.95000000000000000000e+09
  +9.00000000000000000000e+09
  +9.05000000000000000000e+09
  +9.10000000000000000000e+09
  +9.15000000000000000000e+09
  +9.20000000000000000000e+09
  +9.25000000000000000000e+09
  +9.30000000000000000000e+09
  +9.35000000000000000000e+09
  +9.40000000000000000000e+09
  +9.45000000000000000000e+09
  +9.50000000000000000000e+09
  +9.55000000000000000000e+09
  +9.60000000000000000000e+09
  +9.65000000000000000000e+09
  +9.70000000000000000000e+09
  +9.75000000000000000000e+09
  +9.80000000000000000000e+09
  +9.85000000000000000000e+09
  +9.90000000000000000000e+09
  +9.95000000000000000000e+09
  +1.00000000000000000000e+10
</indep>
<dep S21_phase frequency>
  -7.96355074392622128698e+01
  -8.10779305426610648055e+01
  -8.24478182566130897158e+01
  -8.37534864851415221665e+01
  -8.50021078281686470746e+01
  -8.61998947510118256332e+01
  -8.73522504121747260797e+01
  -8.84638931949588283032e+01
  -8.95389598506935300293e+01
  -9.05810912201155389312e+01
  -9.15935037324955487748e+01
  -9.25790492628447907464e+01
  -9.35402654300855544989e+01
  -9.44794180205186364674e+01
  -9.53985369017997157925e+01
  -9.62994465370634742385e+01
  -9.71837920038035889547e+01
  -9.80530612573551252353e+01
  -9.89086042460886432082e+01
  -9.97516493781631083948e+01
  -1.00583317752826118863e+02
  -1.01404635498585392384e+02
  -1.02216544503014134193e+02
  -1.03019911771837385572e+02
  -1.03815537616273488197e+02
  -1.04604162835780499563e+02
  -1.05386475037058204407e+02
  -1.06163114208355295887e+02
  -1.06934677650031886742e+02
  -1.07701724347188374509e+02
  -1.08464778857590957273e+02
  -1.09224334777445307054e+02
  -1.09980857838735033738e+02
  -1.10734788684264287895e+02
  +6.85134546398156629721e+01
  +6.77634744396251136322e+01
  +6.70148913474848342275e+01
  +6.62673424883017077036e+01
  +6.55204798159301162741e+01
  +6.47739685997909475645e+01
  +6.40274860445973104106e+01
  +6.32807200281252804075e+01
  +6.25333679437829630388e+01
  +6.17851356363581771802e+01
  +6.10357364206504371396e+01
  +6.02848901739380096387e+01
  +5.95323224942337887455e+01
  +5.87777639172144219515e+01
  +5.80209491854934356070e+01
  +5.72616165646088646213e+01
  +5.64995072007138148251e+01
  +5.57343645154949101084e+01
  +5.49659336343278255299e+01
  +5.41939608440986191340e+01
  +5.34181930775084481411e+01
  +5.26383774210077248767e+01
  +5.18542606438214832565e+01
  +5.10655887458009374313e+01
  +5.02721065220815503949e+01
  +4.94735571427691738222e+01
  +4.86696817460820057022e+01
  +4.78602190435820702419e+01
  +4.70449049363067359764e+01
  +4.62234721408039206381e+01
  +4.53956498242395767306e+01
  +4.45611632479160988396e+01
  +4.37197334187122095273e+01
  +4.28710767481172680959e+01
  +4.20149047187131472469e+01
  +4.11509235581225070177e+01
  +4.02788339206318042329e+01
  +3.93983305768899825239e+01
  +3.85091021122796206555e+01
  +3.76108306347823244664e+01
  +3.67031914933833789405e+01
  +3.57858530083171118008e+01
  +3.48584762147140594379e+01
  +3.39207146215117631982e+01
  +3.29722139877979500966e+01
  +3.20126121190997139365e+01
  +3.10415386865051559084e+01
  +3.00586150718969165041e+01
  +2.90634542430215105924e+01
  +2.80556606625778748310e+01
  +2.70348302360152104029e+01
  +2.60005503032736555724e+01
  +2.49523996802716219179e+01
  +2.38899487565643475762e+01
  +2.28127596562343661901e+01
  +2.17203864697724711164e+01
  +2.06123755653873850235e+01
  +1.94882659889339251436e+01
  +1.83475899623718419207e+01
  +1.71898734914116175787e+01
  +1.60146370937296751435e+01
  +1.48213966598245452388e+01
  +1.36096644592275684005e+01
  +1.23789503053352767381e+01
  +1.11287628925726060913e+01
  +9.85861131988696115513e+00
  +8.56800681466476987680e+00
  +7.25646467100729708477e+00
  +5.92350641584330173117e+00
  +4.56866221552275852957e+00
  +3.19147353427724533859e+00
  +1.79149605414274626369e+00
  +3.68302863579772155056e-01
  -1.07851208101425433128e+00
  -2.54933022048811563920e+00
  -4.04450438898300745905e+00
  -5.56435455048641092191e+00
  -7.10916329189125040244e+00
  -8.67917109585122048543e+00
  -1.02745714249227280135e+01
  -1.18955056575059678892e+01
  -1.35420579258666382572e+01
  -1.52142499168428368961e+01
  -1.69120357064701387628e+01
  -1.86352967104253863795e+01
  -2.03838368424521547695e+01
  -2.21573779823943581846e+01
  -2.39555558635609706641e+01
  -2.57779164953479202893e+01
  -2.76239132407298804139e+01
  -2.94929046688443925461e+01
  -3.13841532998410670530e+01
  -3.32968253520281223246e+01
  -3.52299915897586117808e+01
  -3.71826293542787311708e+01
  -3.91536258390156604037e+01
  -4.11417826457300392917e+01
  -4.31458216292499727729e+01
  -4.51643920069070787804e+01
  -4.71960786754399208576e+01
  -4.92394116442816880408e+01
  -5.12928764612751137975e+01
  -5.33549254764129230466e+01
  -5.54239897627103275113e+01
  -5.74984914920472789390e+01
  -5.95768565489251784584e+01
  -6.16575271573237273515e+01
  -6.37389742956440841226e+01
  -6.58197096821094191910e+01
  -6.78982971275317765958e+01
  -6.99733630733190921092e+01
  -7.20436061588639802267e+01
  -7.41078056927232609041e+01
  -7.61648289347935474325e+01
  -7.82136371305245461372e+01
  -8.02532902716340004190e+01
  -8.22829505894857504700e+01
  -8.43018848162027438775e+01
  -8.63094652738010807980e+01
  -8.83051698726229261638e+01
  -9.02885811167711977987e+01
  -9.22593842260440624159e+01
  -9.42173644912058847467e+01
  -9.61624039826135259545e+01
  -9.80944777317291283225e+01
  -1.00013649501425661015e+02
  -1.01920067254801551826e+02
  -1.03813958424086351329e+02
  -1.05695625071676502671e+02
  -1.07565439024925268541e+02
  -1.09423837055462087164e+02
  -1.11271316162938902039e+02
  -1.13108429012480826259e+02
  -1.14935779565002135882e+02
  -1.16754018930113076635e+02
  -1.18563841462682589167e+02
  -1.20365981116302734222e+02
  -1.22161208059932874903e+02
  -1.23950325557872929494e+02
  -1.25734167107862461421e+02
  -1.27513593827481713561e+02
  -1.29289492075045814090e+02
  -1.31062771287760682526e+02
  -1.32834362016958436925e+02
  -1.34605214137659572771e+02
  -1.36376295207443206436e+02
  -1.38148588947561222540e+02
</dep>
<dep S11_phase frequency>
  -1.69638356615059706201e+02
  -1.71080452318907902054e+02
  -1.72450011008882484020e+02
  -1.73755347950114014566e+02
  -1.75003635201846861946e+02
  -1.76201084768593148056e+02
  -1.77353099413538359386e+02
  -1.78464397178762652629e+02
  -1.79539114519361845623e+02
  +1.79419107982512770150e+02
  +1.78407054124494408143e+02
  +1.77421872231677355103e+02
  +1.76461024862467553476e+02
  +1.75522246388453538657e+02
  +1.74603507083212633688e+02
  +1.73702982610520649587e+02
  +1.72819028007442142325e+02
  +1.71950155422515109649e+02
  +1.71095015001981010982e+02
  +1.70252378424242465371e+02
  +1.69421124669611799618e+02
  +1.68600227683039037174e+02
  +1.67788745645084674152e+02
  +1.66985811613515664931e+02
  +1.66190625336554063551e+02
  +1.65402446070650569254e+02
  +1.64620586261939962469e+02
  +1.63844405972334158150e+02
  +1.63073307949323719868e+02
  +1.62306733253658165950e+02
  +1.61544157371715954241e+02
  +1.60785086749975391740e+02
  +1.60029055697908916045e+02
  +1.59275623613154749592e+02
  +1.58524372489181388346e+02
  +1.57774904671063012529e+02
  +1.57026840829575974112e+02
  +1.56279818127747461176e+02
  +1.55533488557332475466e+02
  +1.54787517425569461693e+02
  +1.54041581975028947227e+02
  +1.53295370121494528348e+02
  +1.52548579296646494186e+02
  +1.51800915383909199363e+02
  +1.51052091737191233278e+02
  +1.50301828273448904838e+02
  +1.49549850631042687610e+02
  +1.48795889386762922868e+02
  +1.48039679325200722815e+02
  +1.47280958754834728097e+02
  +1.46519468865821409054e+02
  +1.45754953125014878879e+02
  +1.44987156704226009651e+02
  +1.44215825938152391927e+02
  +1.43440707808792666356e+02
  +1.42661549453499105766e+02
  +1.41878097694123596284e+02
  +1.41090098584995274678e+02
  +1.40297296977713955357e+02
  +1.39499436100978442710e+02
  +1.38696257153879656698e+02
  +1.37887498911290265369e+02
  +1.37072897340168282199e+02
  +1.36252185225775122035e+02
  +1.35425091806976610087e+02
  +1.34591342419971851996e+02
  +1.33750658149957359910e+02
  +1.32902755490403933436e+02
  +1.32047346009798502564e+02
  +1.31184136025873470999e+02
  +1.30312826287535472147e+02
  +1.29433111664890788006e+02
  +1.28544680847974632343e+02
  +1.27647216055002871826e+02
  +1.26740392751196395693e+02
  +1.25823879379483187790e+02
  +1.24897337104643355588e+02
  +1.23960419572761139761e+02
  +1.23012772688160168855e+02
  +1.22054034410339198757e+02
  +1.21083834573799748568e+02
  +1.20101794734054877267e+02
  +1.19107528043547489460e+02
  +1.18100639161670827093e+02
  +1.17080724203592069443e+02
  +1.16047370733121510966e+02
  +1.15000157805443592451e+02
  +1.13938656066149718527e+02
  +1.12862427913647834998e+02
  +1.11771027732724164139e+02
  +1.10664002207718723980e+02
  +1.09540890724525880273e+02
  +1.08401225871357112851e+02
  +1.07244534048957817163e+02
  +1.06070336201690977873e+02
  +1.04878148681604002945e+02
  +1.03667484258237834638e+02
  +1.02437853287500217903e+02
  +1.01188765053377849767e+02
  +9.99197292965635170958e+01
  +9.86302579441727687026e+01
  +9.73198670545973953949e+01
  +9.59880789910882157301e+01
  +9.46344248368617257938e+01
  +9.32584470632825599523e+01
  +9.18597024609262433614e+01
  +9.04377653409981689947e+01
  +8.89922310116001540337e+01
  +8.75227195296120896728e+01
  +8.60288797244494674032e+01
  +8.45103934845807174270e+01
  +8.29669802914457932275e+01
  +8.13984019782793808417e+01
  +7.98044676833280703931e+01
  +7.81850389581682065909e+01
  +7.65400349823728589627e+01
  +7.48694378258549306793e+01
  +7.31732976901023448590e+01
  +7.14517380495421292608e+01
  +6.97049606049169483413e+01
  +6.79332499523110442397e+01
  +6.61369778650085891059e+01
  +6.43166070814147730061e+01
  +6.24726944916830291277e+01
  +6.06058936194218063065e+01
  +5.87169563040534043807e+01
  +5.68067335053644697496e+01
  +5.48761751762733211990e+01
  +5.29263291851749002603e+01
  +5.09583393188798510209e+01
  +4.89734424667831476086e+01
  +4.69729651859008114911e+01
  +4.49583199916215363601e+01
  +4.29310019411810870338e+01
  +4.08925864343792326849e+01
  +3.88447297637037323170e+01
  +3.67891750392641370127e+01
  +3.47277681995584259766e+01
  +3.26624930543675304762e+01
  +3.05955435251422223075e+01
  +2.85294730110038656790e+01
  +2.64675175260996837778e+01
  +2.44143569287558612757e+01
  +2.23781654147597279803e+01
  +2.03774206007922273898e+01
  +1.84732838726559478459e+01
  +1.71257302453823214705e+01
  -1.67794427764799593206e+02
  -1.68614837109509608126e+02
  -1.70449018812032591086e+02
  -1.72393578466319155496e+02
  -1.74365716257598791117e+02
  -1.76343528640065159152e+02
  -1.78318515514809917022e+02
  +1.79713405844675776279e+02
  +1.77754469807023497196e+02
  +1.75805993556910266307e+02
  +1.73868773222180919902e+02
  +1.71943273770878363393e+02
  +1.70029729280659836377e+02
  +1.68128200506329932296e+02
  +1.66238610548431012148e+02
  +1.64360768575831627913e+02
  +1.62494386665657629010e+02
  +1.60639092469244616268e+02
  +1.58794439215207773941e+02
  +1.56959913923506803712e+02
  +1.55134944352480658836e+02
  +1.53318905000490559587e+02
  +1.51511122366981794585e+02
  +1.49710879608374028749e+02
  +1.47917420682416747013e+02
  +1.46129954049307229980e+02
  +1.44347655982480659986e+02
  +1.42569673532672993588e+02
  +1.40795127183329071840e+02
  +1.39023113232250011606e+02
  +1.37252705932676008160e+02
  +1.35482959426257366431e+02
  +1.33712909500237827842e+02
  +1.31941575201470897127e+02
</dep>
<dep S21_dB frequency>
  -1.01335872211584430147e+01
  -1.06352115277459091658e+01
  -1.11324064692533752918e+01
  -1.16264234935823402850e+01
  -1.21185266434755778420e+01
  -1.26099979092745400067e+01
  -1.31021457042688194150e+01
  -1.35963160729254504133e+01
  -1.40939065397188763029e+01
  -1.45963827585593328706e+01
  -1.51052983613866853574e+01
  -1.56223186576987274066e+01
  -1.61492491341348411993e+01
  -1.66880700802122099446e+01
  -1.72409791703226211723e+01
  -1.78104445315443484787e+01
  -1.83992718251382427752e+01
  -1.90106903290535491635e+01
  -1.96484651914633303704e+01
  -2.03170463669205005885e+01
  -2.10217699930956172238e+01
  -2.17691364359283276997e+01
  -2.25672033415665467260e+01
  -2.34261563987360652561e+01
  -2.43591643656309884136e+01
  -2.53837077479655128798e+01
  -2.65237362449346818494e+01
  -2.78133655602102720650e+01
  -2.93036552688224496421e+01
  -3.10761785303330348995e+01
  -3.32736503974070387812e+01
  -3.61822981511613974703e+01
  -4.05275514023228851102e+01
  -4.94770135617446413789e+01
  -5.15560793917733519720e+01
  -4.13078432291302704016e+01
  -3.67586751643362390496e+01
  -3.38018709735288496177e+01
  -3.16085673869478789300e+01
  -2.98644807781006562664e+01
  -2.84162175480774159553e+01
  -2.71773189485395079146e+01
  -2.60942276601111018408e+01
  -2.51314643925541680858e+01
  -2.42643133009898512853e+01
  -2.34748689960833800683e+01
  -2.27497463767771748167e+01
  -2.20786787054744557679e+01
  -2.14536201341649999108e+01
  -2.08681494254850221637e+01
  -2.03170611747325295937e+01
  -1.97960779577748517966e+01
  -1.93016428734042442272e+01
  -1.88307669626196094725e+01
  -1.83809149634396398199e+01
  -1.79499183994980811008e+01
  -1.75359085165941088746e+01
  -1.71372638690768361869e+01
  -1.67525688799837908505e+01
  -1.63805807319873188987e+01
  -1.60202026602962881441e+01
  -1.56704622204520749307e+01
  -1.53304934619137700480e+01
  -1.49995221972302594793e+01
  -1.46768537462583044118e+01
  -1.43618626754642253474e+01
  -1.40539841576859672045e+01
  -1.37527066574687690803e+01
  -1.34575657080218960004e+01
  -1.31681385928100205263e+01
  -1.28840397813084130973e+01
  -1.26049169970464109980e+01
  -1.23304478186358537073e+01
  -1.20603367324066397259e+01
  -1.17943125696107653511e+01
  -1.15321262726925599651e+01
  -1.12735489444530401215e+01
  -1.10183701415347297115e+01
  -1.07663963798593460552e+01
  -1.05174498247558307895e+01
  -1.02713671427249320089e+01
  -1.00279984952773517648e+01
  -9.78720665818394408575e+00
  -9.54886625189617710419e+00
  -9.31286307092195109192e+00
  -9.07909350163658501742e+00
  -8.84746401943157856351e+00
  -8.61789075729806697268e+00
  -8.39029913893595313823e+00
  -8.16462357031616114966e+00
  -7.94080718430399645769e+00
  -7.71880163352075232552e+00
  -7.49856692706541494431e+00
  -7.28007130707545613291e+00
  -7.06329116136387646918e+00
  -6.84821096855198341302e+00
  -6.63482327221854184529e+00
  -6.42312868061619024473e+00
  -6.21313588846911990515e+00
  -6.00486171726119710712e+00
  -5.79833117025766142660e+00
  -5.59357749828054906516e+00
  -5.39064227197512835232e+00
  -5.18957545597551650474e+00
  -4.99043548000089653982e+00
  -4.79328930150094834062e+00
  -4.59821245402797629254e+00
  -4.40528907505880429341e+00
  -4.21461190653204997858e+00
  -4.02628226093246865958e+00
  -3.84040994535577651092e+00
  -3.65711313566200679759e+00
  -3.47651819259418237706e+00
  -3.29875941163810981749e+00
  -3.12397869846807330063e+00
  -2.95232516209425854825e+00
  -2.78395461834349999819e+00
  -2.61902899710435299596e+00
  -2.45771564787669971608e+00
  -2.30018653962312180639e+00
  -2.14661735273101772492e+00
  -1.99718646307371483495e+00
  -1.85207382068682457898e+00
  -1.71145972842656202140e+00
  -1.57552352908992743252e+00
  -1.44444221278075857207e+00
  -1.31838895969157321453e+00
  -1.19753163681980523414e+00
  -1.08203127030330570335e+00
  -9.72040517884493970868e-01
  -8.67702168339387513996e-01
  -7.69147696374029021804e-01
  -6.76495902359252165859e-01
  -5.89851666229440518840e-01
  -5.09304843835093556947e-01
  -4.34929331983723355126e-01
  -3.66782325353104898813e-01
  -3.04903784493248286580e-01
  -2.49316129385542817332e-01
  -2.00024167680715514450e-01
  -1.57015261012701856647e-01
  -1.20259726930434532322e-01
  -8.97114682570135241191e-02
  -6.53088163244409797281e-02
  -4.69755697629704108143e-02
  -3.46222065348419372199e-02
  -2.81472438288699056130e-02
  -2.74387183582524216141e-02
  -3.23757585573840808713e-02
  -4.28302201271107893521e-02
  -5.86683572586782359215e-02
  -7.97525035626878292527e-02
  -1.05942739101748228947e-01
  -1.37098522818222878783e-01
  -1.73080272902035342542e-01
  -2.13750881101921891281e-01
  -2.58977150504349995508e-01
  -3.08631149764069911967e-01
  -3.62591480067882498961e-01
  -4.20744454172332194020e-01
  -4.82985189624046573620e-01
  -5.49218620719909900174e-01
  -6.19360435884475202251e-01
  -6.93337948942627790849e-01
  -7.71090914270169291989e-01
  -8.52572297048448501933e-01
  -9.37749010873278776579e-01
  -1.02660263582159450024e+00
  -1.11913013081383105884e+00
  -1.21534455477888192476e+00
  -1.31527581178872443601e+00
  -1.41897143603556319391e+00
  -1.52649743333710929960e+00
  -1.63793919683266908649e+00
  -1.75340251574187444561e+00
  -1.87301469756801042266e+00
  -1.99692582602042190132e+00
  -2.12531017929851007153e+00
  -2.25836783633336768418e+00
  -2.39632650225879118011e+00
  -2.53944358894730148890e+00
</dep>
<dep S11_dB frequency>
  -4.47070525461713552673e-01
  -3.96554609919539946539e-01
  -3.52420843997024002547e-01
  -3.13682788954027291783e-01
  -2.79536436977315838615e-01
  -2.49321786621182373000e-01
  -2.22493424218741547849e-01
  -1.98597806845805635589e-01
  -1.77255577371536854336e-01
  -1.58147690698740239768e-01
  -1.41004450275917680990e-01
  -1.25596784345111650572e-01
  -1.11729258745974585620e-01
  -9.92344457115081624021e-02
  -8.79683586637477754611e-02
  -7.78067304491213973527e-02
  -6.86419630331728258810e-02
  -6.03806148889698829363e-02
  -5.29413213857517772620e-02
  -4.62530657470831066402e-02
  -4.02537353055908847521e-02
  -3.48889110846738320637e-02
  -3.01108491128693929462e-02
  -2.58776200136649273120e-02
  -2.21523798302369553936e-02
  -1.89027501296402354602e-02
  -1.61002894826382039750e-02
  -1.37200416572006416577e-02
  -1.17401484712679436695e-02
  -1.01415173561330406587e-02
  -8.90753538991940693736e-03
  -8.02382295229504653722e-03
  -7.47802128952740341461e-03
  -7.25960921366771826796e-03
  -7.35974492987009551448e-03
  -7.77112962325849591233e-03
  -8.48788996626602919304e-03
  -9.50547714827150794226e-03
  -1.08205803989750645733e-02
  -1.24310532864191723018e-02
  -1.43358513322468256873e-02
  -1.65349797075409234159e-02
  -1.90294499603721536940e-02
  -2.18212448863364417984e-02
  -2.49132907903581342357e-02
  -2.83094365061283721741e-02
  -3.20144386415896972653e-02
  -3.60339526072911836563e-02
  -4.03745290624668920487e-02
  -4.50436154815205339053e-02
  -5.00495626043873861888e-02
  -5.54016355881005104211e-02
  -6.11100297258500915754e-02
  -6.71858906438396880079e-02
  -7.36413389271123042246e-02
  -8.04894991631914524799e-02
  -8.77445334279187277859e-02
  -9.54216792712367367635e-02
  -1.03537292293423482947e-01
  -1.12108893433183615107e-01
  -1.21155221119955053277e-01
  -1.30696288473682198372e-01
  -1.40753445765192636285e-01
  -1.51349448382058604512e-01
  -1.62508530575904919235e-01
  -1.74256485299837560188e-01
  -1.86620750477724112182e-01
  -1.99630502082777244732e-01
  -2.13316754438105105063e-01
  -2.27712468191083039493e-01
  -2.42852666452956722498e-01
  -2.58774559637371059928e-01
  -2.75517679576799456864e-01
  -2.93124023542561673583e-01
  -3.11638208844913722206e-01
  -3.31107638743052323793e-01
  -3.51582680451441864644e-01
  -3.73116856089812709563e-01
  -3.95767047488296774826e-01
  -4.19593715827891622361e-01
  -4.44661137170377418482e-01
  -4.71037655009631128777e-01
  -4.98795951060359621376e-01
  -5.28013335590681642806e-01
  -5.58772058701066498543e-01
  -5.91159644056409749879e-01
  -6.25269246690382973775e-01
  -6.61200036622697218114e-01
  -6.99057610163037468354e-01
  -7.38954430919445792725e-01
  -7.81010302689850277602e-01
  -8.25352876591555428831e-01
  -8.72118194982053451803e-01
  -9.21451274947400644777e-01
  -9.73506734388350780662e-01
  -1.02844946402607551050e+00
  -1.08645534898773110655e+00
  -1.14771204402815096834e+00
  -1.21241980691292527972e+00
  -1.28079239504664954552e+00
  -1.35305803110262790057e+00
  -1.42946044422423401699e+00
  -1.51025999436085367478e+00
  -1.59573488851823186430e+00
  -1.68618249920102858397e+00
  -1.78192079717837370545e+00
  -1.88328991300054005009e+00
  -1.99065384455210248049e+00
  -2.10440233148823274689e+00
  -2.22495292184687443182e+00
  -2.35275326169286813638e+00
  -2.48828364561907777741e+00
  -2.63205987467811564073e+00
  -2.78463647932166669108e+00
  -2.94661037879284437579e+00
  -3.11862506594777677549e+00
  -3.30137542871078615292e+00
  -3.49561334766291764709e+00
  -3.70215424545267168810e+00
  -3.92188481024997104285e+00
  -4.15577217568737200537e+00
  -4.40487491824704147092e+00
  -4.67035633628408142215e+00
  -4.95350061189869528278e+00
  -5.25573264069361112405e+00
  -5.57864256396498081614e+00
  -5.92401638096995331040e+00
  -6.29387449739044413377e+00
  -6.69052074375972694043e+00
  -7.11660537361827572056e+00
  -7.57520698290492333626e+00
  -8.06994043512032632748e+00
  -8.60510115652724749680e+00
  -9.18586131037794295651e+00
  -9.81854165547015611537e+00
  -1.05109966970921391294e+01
  -1.12731745353085504036e+01
  -1.21179555654330499692e+01
  -1.30624547659869687521e+01
  -1.41301331170969373119e+01
  -1.53544075211972597117e+01
  -1.67852492474270356126e+01
  -1.85023397299911209757e+01
  -2.06445910872691449356e+01
  -2.34888296445622266617e+01
  -2.77277747709116475505e+01
  -3.62712349802265379139e+01
  -3.98256762749857387007e+01
  -2.89809475359946873141e+01
  -2.43378193710653434323e+01
  -2.13546793537817407582e+01
  -1.91609179530600783892e+01
  -1.74311119462643979716e+01
  -1.60075063562381316729e+01
  -1.48014942527964894481e+01
  -1.37582711977548317606e+01
  -1.28415359010556109354e+01
  -1.20259742047770306073e+01
  -1.12932108825251056317e+01
  -1.06294705707285324081e+01
  -1.00241490491889333470e+01
  -9.46890030366760271363e+00
  -8.95703093111813331006e+00
  -8.48308553840189816242e+00
  -8.04255512688724927273e+00
  -7.63166712453573037322e+00
  -7.24723107682689082765e+00
  -6.88652317182078022029e+00
  -6.54719842314962541252e+00
  -6.22722291567229380149e+00
  -5.92482084610383274992e+00
  -5.63843263797416316407e+00
  -5.36668145935650908740e+00
  -5.10834619624022234774e+00
  -4.86233944297425857428e+00
  -4.62768943361718054774e+00
  -4.40352509986855800150e+00
  -4.18906363283918814489e+00
  -3.98360006773592845164e+00
  -3.78649851664994985256e+00
  -3.59718475482483324157e+00
</dep>
<dep Zin_ohm frequency>
  +2.35623596995514191121e+02
  +2.03165009097960989948e+02
  +1.72572621515479340815e+02
  +1.43648060647916054222e+02
  +1.16253798102397041703e+02
  +9.03396905544241519692e+01
  +6.60375856463823964759e+01
  +4.40371478283063879644e+01
  +2.74184936192576849123e+01
  +2.60493083908654874392e+01
  +4.02449878386010411191e+01
  +5.90878240077574616862e+01
  +7.88889724149308335654e+01
  +9.87769665496826263507e+01
  +1.18498491213600274818e+02
  +1.37973158732748885313e+02
  +1.57180615999031431329e+02
  +1.76124300842674585965e+02
  +1.94817686158530023022e+02
  +2.13278421513663289488e+02
  +2.31525639535183898943e+02
  +2.49578661229794960263e+02
  +2.67456366607951224523e+02
  +2.85176899111674686083e+02
  +3.02757543773883753602e+02
  +3.20214697653241557873e+02
  +3.37563889365336365245e+02
  +3.54819824109514570409e+02
  +3.71996441020847328218e+02
  +3.89106975420921742170e+02
  +4.06164021789455262024e+02
  +4.23179595153324669354e+02
  +4.40165189686734436236e+02
  +4.57131833962548512318e+02
  +4.74090142675424999652e+02
  +4.91050364878589277851e+02
  +5.08022428901039006632e+02
  +5.25015984178266648996e+02
  +5.42040440260572154330e+02
  +5.59105003272455405749e+02
  +5.76218710093717390919e+02
  +5.93390460522767398288e+02
  +6.10629047669164833678e+02
  +6.27943186807155484530e+02
  +6.45341542906888093967e+02
  +6.62832757045204175483e+02
  +6.80425471884273633805e+02
  +6.98128356394150046071e+02
  +7.15950129984232830793e+02
  +7.33899586199213331383e+02
  +7.51985616126896047717e+02
  +7.70217231658586115373e+02
  +7.88603588737158247568e+02
  +8.07154010723740725552e+02
  +8.25878012010786505925e+02
  +8.44785322007272839073e+02
  +8.63885909620882557647e+02
  +8.83190008361899231204e+02
  +9.02708142194626702803e+02
  +9.22451152263923631835e+02
  +9.42430224627249117475e+02
  +9.62656919126160005362e+02
  +9.83143199535654048304e+02
  +1.00390146513489196423e+03
  +1.02494458384891345304e+03
  +1.04628592711750798117e+03
  +1.06793940665492073094e+03
  +1.08991951327205924827e+03
  +1.11224135794137305311e+03
  +1.13492071529376494254e+03
  +1.15797406974614204955e+03
  +1.18141866446792437273e+03
  +1.20527255340418673768e+03
  +1.22955465658239813820e+03
  +1.25428481893816183401e+03
  +1.27948387290246978409e+03
  +1.30517370499860157906e+03
  +1.33137732669927936513e+03
  +1.35811894979383055215e+03
  +1.38542406650904149501e+03
  +1.41331953461447528753e+03
  +1.44183366772138879242e+03
  +1.47099633095075409983e+03
  +1.50083904209736556368e+03
  +1.53139507834855271540e+03
  +1.56269958852246804781e+03
  +1.59478971066504777809e+03
  +1.62770469467717089174e+03
  +1.66148602942397747029e+03
  +1.69617757349070848250e+03
  +1.73182568837802091366e+03
  +1.76847937244923696198e+03
  +1.80619039332602574177e+03
  +1.84501341563964911074e+03
  +1.88500612003813853335e+03
  +1.92622930806769977607e+03
  +1.96874698591857122665e+03
  +2.01262641796229786451e+03
  +2.05793813839809718047e+03
  +2.10475590603372802434e+03
  +2.15315658308246474917e+03
  +2.20321991365582789513e+03
  +2.25502817112411230482e+03
  +2.30866563540654624376e+03
  +2.36421785119593323543e+03
  +2.42177060572827895157e+03
  +2.48140854955321310626e+03
  +2.54321336542041308348e+03
  +2.60726136850048624183e+03
  +2.67362039548918301080e+03
  +2.74234581081001942948e+03
  +2.81347542582692176438e+03
  +2.88702309340078045352e+03
  +2.96297070857046355741e+03
  +3.04125832236793621632e+03
  +3.12177206916680870563e+03
  +3.20432963295152512728e+03
  +3.28866305558500880579e+03
  +3.37439884970301318390e+03
  +3.46103565782800114903e+03
  +3.54792014145591201668e+03
  +3.63422243213618821756e+03
  +3.71891335776060213902e+03
  +3.80074675544865795018e+03
  +3.87825139946963463444e+03
  +3.94973818134504244881e+03
  +4.01332878618429822382e+03
  +4.06701166255416319473e+03
  +4.10872897428741180192e+03
  +4.13649402277333956590e+03
  +4.14853244280762282870e+03
  +4.14343328748249314231e+03
  +4.12028987288633743447e+03
  +4.07880742115702196315e+03
  +4.01935712083892076407e+03
  +3.94296458318761915507e+03
  +3.85123292988629282263e+03
  +3.74621327812516528866e+03
  +3.63024435123400462544e+03
  +3.50578596846020718658e+03
  +3.37526822679282577155e+03
  +3.24097122898337056540e+03
  +3.10494198039085995333e+03
  +2.96894791013393796675e+03
  +2.83446164329620887656e+03
  +2.70266935840593987450e+03
  +2.57449480355186233282e+03
  +2.45063205181846524283e+03
  +2.33158164739301764712e+03
  +2.21768642703122168314e+03
  +2.10916471704366085760e+03
  +2.00613969425419213621e+03
  +1.90866445795676531816e+03
  +1.81674283893594906658e+03
  +1.73034623801803240895e+03
  +1.64942690434200108029e+03
  +1.57392808541443559989e+03
  +1.50379144727039829377e+03
  +1.43896210308917216025e+03
  +1.37939152377133086702e+03
  +1.32503855021663321168e+03
  +1.27586869657539705258e+03
  +1.23185193546647633411e+03
  +1.19295919452422322138e+03
  +1.15915786641635804699e+03
  +1.13040673015038328231e+03
  +1.10665077804590100641e+03
  +1.08781650979054938944e+03
  +1.07380826049481174778e+03
  +1.06450605063916009385e+03
  +1.05976527928718087423e+03
  +1.05941835068849513846e+03
  +1.06327807308900355565e+03
  +1.07114245037197474630e+03
  +1.08280034612811004990e+03
  +1.09803745705029996316e+03
  +1.11664208233814042615e+03
  +1.13841029139982219931e+03
  +1.16315023798334004823e+03
  +1.19068551225472992883e+03
  +1.22085754079874550371e+03
</dep>
<dep Zin_norm frequency>
  +4.71247193991028368032e+00
  +4.06330018195922004764e+00
  +3.45145243030958681629e+00
  +2.87296121295832085352e+00
  +2.32507596204794086958e+00
  +1.80679381108848313708e+00
  +1.32075171292764803610e+00
  +8.80742956566127777052e-01
  +5.48369872385153667160e-01
  +5.20986167817309775430e-01
  +8.04899756772020857909e-01
  +1.18175648015514922484e+00
  +1.57777944829861671572e+00
  +1.97553933099365264248e+00
  +2.36996982427200553190e+00
  +2.75946317465497781285e+00
  +3.14361231998062873316e+00
  +3.52248601685349171930e+00
  +3.89635372317060069136e+00
  +4.26556843027326593187e+00
  +4.63051279070367804991e+00
  +4.99157322459589902763e+00
  +5.34912733215902402861e+00
  +5.70353798223349350849e+00
  +6.05515087547767549836e+00
  +6.40429395306483062456e+00
  +6.75127778730672734042e+00
  +7.09639648219029162135e+00
  +7.43992882041694691964e+00
  +7.78213950841843526973e+00
  +8.12328043578910552469e+00
  +8.46359190306649367130e+00
  +8.80330379373468829840e+00
  +9.14263667925096967792e+00
  +9.48180285350849949566e+00
  +9.82100729757178569912e+00
  +1.01604485780207802748e+01
  +1.05003196835653334062e+01
  +1.08408088052114432998e+01
  +1.11821000654491076176e+01
  +1.15243742018743482447e+01
  +1.18678092104553485342e+01
  +1.22125809533832967446e+01
  +1.25588637361431096906e+01
  +1.29068308581377610977e+01
  +1.32566551409040833676e+01
  +1.36085094376854733866e+01
  +1.39625671278830019162e+01
  +1.43190025996846568290e+01
  +1.46779917239842667698e+01
  +1.50397123225379214517e+01
  +1.54043446331717213127e+01
  +1.57720717747431642408e+01
  +1.61430802144748142268e+01
  +1.65175602402157295501e+01
  +1.68957064401454566394e+01
  +1.72777181924176517214e+01
  +1.76638001672379836293e+01
  +1.80541628438925343403e+01
  +1.84490230452784729209e+01
  +1.88486044925449824916e+01
  +1.92531383825232005336e+01
  +1.96628639907130811082e+01
  +2.00780293026978391424e+01
  +2.04988916769782711924e+01
  +2.09257185423501610444e+01
  +2.13587881330984146189e+01
  +2.17983902654411849653e+01
  +2.22448271588274621990e+01
  +2.26984143058752998456e+01
  +2.31594813949228424121e+01
  +2.36283732893584854651e+01
  +2.41054510680837346115e+01
  +2.45910931316479626219e+01
  +2.50856963787632345486e+01
  +2.55896774580493939766e+01
  +2.61034740999720327181e+01
  +2.66275465339855870184e+01
  +2.71623789958766117536e+01
  +2.77084813301808310371e+01
  +2.82663906922895051821e+01
  +2.88366733544277735746e+01
  +2.94199266190150829914e+01
  +3.00167808419473125525e+01
  +3.06279015669710545922e+01
  +3.12539917704493603878e+01
  +3.18957942133009559882e+01
  +3.25540938935434169821e+01
  +3.32297205884795516795e+01
  +3.39235514698141713552e+01
  +3.46365137675604159995e+01
  +3.53695874489847383870e+01
  +3.61238078665205151196e+01
  +3.69002683127929813622e+01
  +3.77001224007627726564e+01
  +3.85245861613539943846e+01
  +3.93749397183714222592e+01
  +4.02525283592459572901e+01
  +4.11587627679619458831e+01
  +4.20951181206745559393e+01
  +4.30631316616492938465e+01
  +4.40643982731165593236e+01
  +4.51005634224822458123e+01
  +4.61733127081309291384e+01
  +4.72843570239186661297e+01
  +4.84354121145655795999e+01
  +4.96281709910642589989e+01
  +5.08642673084082588275e+01
  +5.21452273700097208575e+01
  +5.34724079097836622054e+01
  +5.48469162162003911476e+01
  +5.62695085165384369930e+01
  +5.77404618680156076493e+01
  +5.92594141714092685902e+01
  +6.08251664473587254633e+01
  +6.24354413833361761021e+01
  +6.40865926590305008403e+01
  +6.57732611117001795265e+01
  +6.74879769940602614042e+01
  +6.92207131565600235490e+01
  +7.09584028291182420389e+01
  +7.26844486427237654880e+01
  +7.43782671552120433489e+01
  +7.60149351089731624143e+01
  +7.75650279893926892782e+01
  +7.89947636269008484078e+01
  +8.02665757236859604973e+01
  +8.13402332510832621892e+01
  +8.21745794857482394491e+01
  +8.27298804554667981392e+01
  +8.29706488561524651004e+01
  +8.28686657496498639830e+01
  +8.24057974577267486893e+01
  +8.15761484231404381262e+01
  +8.03871424167784169867e+01
  +7.88592916637523870804e+01
  +7.70246585977258604316e+01
  +7.49242655625033080469e+01
  +7.26048870246800959194e+01
  +7.01157193692041431632e+01
  +6.75053645358565148626e+01
  +6.48194245796674124449e+01
  +6.20988396078171973613e+01
  +5.93789582026787599034e+01
  +5.66892328659241755417e+01
  +5.40533871681187960689e+01
  +5.14898960710372506355e+01
  +4.90126410363693025829e+01
  +4.66316329478603535108e+01
  +4.43537285406244308206e+01
  +4.21832943408732177204e+01
  +4.01227938850838441454e+01
  +3.81732891591353080685e+01
  +3.63348567787189793421e+01
  +3.46069247603606484631e+01
  +3.29885380868400233112e+01
  +3.14785617082887121398e+01
  +3.00758289454079665859e+01
  +2.87792420617834423524e+01
  +2.75878304754266174825e+01
  +2.65007710043326625282e+01
  +2.55173739315079401990e+01
  +2.46370387093295271086e+01
  +2.38591838904844628644e+01
  +2.31831573283271588082e+01
  +2.26081346030076666409e+01
  +2.21330155609180216914e+01
  +2.17563301958109889256e+01
  +2.14761652098962336765e+01
  +2.12901210127832030139e+01
  +2.11953055857436183373e+01
  +2.11883670137699020586e+01
  +2.12655614617800701183e+01
  +2.14228490074394954945e+01
  +2.16560069225622022770e+01
  +2.19607491410059978421e+01
  +2.23328416467628088071e+01
  +2.27682058279964429914e+01
  +2.32630047596667992593e+01
  +2.38137102450945974397e+01
  +2.44171508159749102163e+01
</dep>
<dep S[2,2] frequency>
  -9.34341538217559053336e-01-j1.70837277273602844430e-01
  -9.43818190625888120415e-01-j1.48127902106012815375e-01
  -9.51913467889751396811e-01-j1.26166795977382478755e-01
  -9.58807222672612202707e-01-j1.04915901937836966717e-01
  -9.64650100715049640954e-01-j8.43342765336941718735e-02
  -9.69568718796893214140e-01-j6.43802456537905659628e-02
  -9.73669875851389421406e-01-j4.50127803043866986377e-02
  -9.77043976677302361544e-01-j2.61923451035440610357e-02
  -9.79767818217535668701e-01-j7.88139205682794261043e-03
  -9.81906861345315795653e-01+j9.95538251276322644356e-03
  -9.83517087782072585433e-01+j2.73509373495797840359e-02
  -9.84646522330554829772e-01+j4.43358869839461239293e-02
  -9.85336484724829597681e-01+j6.09385663221290868607e-02
  -9.85622622584327867656e-01+j7.71851336791324754705e-02
  -9.85535766696350901128e-01+j9.30996951033496444872e-02
  -9.85102641667085499044e-01+j1.08704438539845321676e-01
  -9.84346458467333818021e-01+j1.24019770298982853762e-01
  -9.83287410217519863842e-01+j1.39064448990083244784e-01
  -9.81943088432103650121e-01+j1.53855713923108650132e-01
  -9.80328833656127551777e-01+j1.68409406235966757626e-01
  -9.78458031801266225891e-01+j1.82740081851713892513e-01
  -9.76342365387243504848e-01+j1.96861115933000346834e-01
  -9.73992027207803978683e-01+j2.10784798868933087590e-01
  -9.71415902583012580429e-01+j2.24522424061496250758e-01
  -9.68621725263723032384e-01+j2.38084367918340478187e-01
  -9.65616211166914539810e-01+j2.51480162534812090591e-01
  -9.62405173399804247936e-01+j2.64718561581927747106e-01
  -9.58993621443590460451e-01+j2.77807599922427150840e-01
  -9.55385846887819467632e-01+j2.90754647464431692505e-01
  -9.51585497712942318671e-01+j3.03566457738546235934e-01
  -9.47595642795255432844e-01+j3.16249211653889028550e-01
  -9.43418828041625245895e-01+j3.28808556855010869491e-01
  -9.39057125340765019850e-01+j3.41249643067353836123e-01
  -9.34512175334895722756e-01+j3.53577153784402631320e-01
  -9.29785224863370229897e-01+j3.65795334617037004588e-01
  -9.24877159803037640629e-01+j3.77908018594211692065e-01
  -9.19788533924001616704e-01+j3.89918648675152135219e-01
  -9.14519594290639559198e-01+j4.01830297706191941209e-01
  -9.09070303663135792505e-01+j4.13645686030754355933e-01
  -9.03440360292091293459e-01+j4.25367196938261749040e-01
  -8.97629215445932771011e-01+j4.36996890117230307737e-01
  -8.91636088966295536906e-01+j4.48536513259007674215e-01
  -8.85459983108969783672e-01+j4.59987511941684690253e-01
  -8.79099694896267602751e-01+j4.71351037908254777431e-01
  -8.72553827179868624064e-01+j4.82627955839235678326e-01
  -8.65820798590662077387e-01+j4.93818848707262614273e-01
  -8.58898852533159895550e-01+j5.04924021789741939159e-01
  -8.51786065366121891707e-01+j5.15943505405390689944e-01
  -8.44480353897883562198e-01+j5.26877056430963275346e-01
  -8.36979482313947809047e-01+j5.37724158646092575964e-01
  -8.29281068645557062347e-01+j5.48484021946396671510e-01
  -8.21382590880840646186e-01+j5.59155580458097101193e-01
  -8.13281392814690806681e-01+j5.69737489581038758502e-01
  -8.04974689729400005866e-01+j5.80228121981381739225e-01
  -7.96459573995382474898e-01+j5.90625562550117333416e-01
  -7.87733020679671214204e-01+j6.00927602339032862488e-01
  -7.78791893249439315383e-01+j6.11131731481758144753e-01
  -7.69632949458406434573e-01+j6.21235131104044602246e-01
  -7.60252847505477724610e-01+j6.31234664224499142371e-01
  -7.50648152557584991129e-01+j6.41126865644545240741e-01
  -7.40815343732100894947e-01+j6.50907930824619618271e-01
  -7.30750821638609382447e-01+j6.60573703742266538086e-01
  -7.20450916585100631373e-01+j6.70119663727253511709e-01
  -7.09911897559891147402e-01+j6.79540911268877501072e-01
  -6.99129982107650316259e-01+j6.88832152791519769508e-01
  -6.88101347226033555060e-01+j6.97987684396177754387e-01
  -6.76822141418341183261e-01+j7.07001374568435148049e-01
  -6.65288498047553966686e-01+j7.15866645857048178314e-01
  -6.53496550148028432226e-01+j7.24576455532329632980e-01
  -6.41442446862831583410e-01+j7.33123275239896621258e-01
  -6.29122371687530379525e-01+j7.41499069673241750777e-01
  -6.16532562714837251150e-01+j7.49695274298421754366e-01
  -6.03669335089067504718e-01+j7.57702772175761429807e-01
  -5.90529105894684880340e-01+j7.65511869937642419615e-01
  -5.77108421719251585280e-01+j7.73112272997988569934e-01
  -5.63403989147792771952e-01+j7.80493060088584322820e-01
  -5.49412708462664323150e-01+j7.87642657240231858218e-01
  -5.35131710840366592308e-01+j7.94548811353132600210e-01
  -5.20558399354072776077e-01+j8.01198563531503982205e-01
  -5.05690494107542409807e-01+j8.07578222392559275100e-01
  -4.90526081842258210308e-01+j8.13673337600091306498e-01
  -4.75063670374392066353e-01+j8.19468673918692380731e-01
  -4.59302248231099219389e-01+j8.24948186136393091239e-01
  -4.43241349865633849081e-01+j8.30094995261991375202e-01
  -4.26881126837306501542e-01+j8.34891366468870410600e-01
  -4.10222425343806706977e-01+j8.39318689330451284114e-01
  -3.93266870488980180287e-01+j8.43357460973726102971e-01
  -3.76016957657079597954e-01+j8.46987272867236518081e-01
  -3.58476151342817295209e-01+j8.50186802058505386448e-01
  -3.40648991753854990527e-01+j8.52933807783402997416e-01
  -3.22541209455234512138e-01+j8.55205134486165641228e-01
  -3.04159848262444076905e-01+j8.56976722413281377655e-01
  -2.85513396507022509940e-01+j8.58223627076545536596e-01
  -2.66611926693720968640e-01+j8.58920049018752851389e-01
  -2.47467243436958167502e-01+j8.59039375458269693908e-01
  -2.28093039403464453718e-01+j8.58554235533088516696e-01
  -2.08505058793304498543e-01+j8.57436571007933578947e-01
  -1.88721267659205493850e-01+j8.55657724444860989799e-01
  -1.68762030090292586282e-01+j8.53188546963124627709e-01
  -1.48650288967408145124e-01+j8.49999527821029721153e-01
  -1.28411749630036320369e-01+j8.46060948132683510181e-01
  -1.08075064377430932194e-01+j8.41343061076019749223e-01
  -8.76720152575986150234e-02+j8.35816300943798107248e-01
  -6.72376920783480658272e-02+j8.29451523322899508806e-01
  -4.68106620075595461494e-02+j8.22220278544605442939e-01
  -2.64331265210259493126e-02+j8.14095120312790410111e-01
  -6.15106081524920481063e-03+j8.05049951070989200375e-01
  +1.39856698567791259968e-02+j7.95060405194681907304e-01
  +3.39232231279156942749e-02+j7.84104270473967357447e-01
  +5.36037285723749978850e-02+j7.72161947567316708785e-01
  +7.29652802881990414363e-02+j7.59216946144714799338e-01
  +9.19419809059568854392e-02+j7.45256415288379714390e-01
  +1.10464045271963073880e-01+j7.30271704377016495080e-01
  +1.28457972216853344438e-01+j7.14258949149292887704e-01
  +1.45846792741496894541e-01+j6.97219675939286354094e-01
  +1.62550402574387520271e-01+j6.79161415228523579479e-01
  +1.78485986319323691740e-01+j6.60098313709739370481e-01
  +1.93568539264290739865e-01+j6.40051732067769885148e-01
  +2.07711491314981427925e-01+j6.19050813731854665534e-01
  +2.20827435414854056361e-01+j5.97133008040338975064e-01
  +2.32828960203854518074e-01+j5.74344529697826677861e-01
  +2.43629583560602686054e-01+j5.50740735226959654547e-01
  +2.53144780111288658642e-01+j5.26386396459944116977e-01
  +2.61293091852646264250e-01+j5.01355851119127393645e-01
  +2.67997306847344518577e-01+j4.75733011331788469001e-01
  +2.73185686670015581701e-01+j4.49611212623150235945e-01
  +2.76793219113033117651e-01+j4.23092888610018702522e-01
  +2.78762868836528288075e-01+j3.96289060306234230957e-01
  +2.79046795422864368774e-01+j3.69318633622469916222e-01
  +2.77607505932752407496e-01+j3.42307504199558576552e-01
  +2.74418907806464718035e-01+j3.15387474988401694809e-01
  +2.69467228021532334559e-01+j2.88694998737389074694e-01
  +2.62751765963222971845e-01+j2.62369764464425947459e-01
  +2.54285450562524883988e-01+j2.36553153718105424463e-01
  +2.44095176890826326410e-01+j2.11386598587208540678e-01
  +2.32221903448653260726e-01+j1.87009878614345453895e-01
  +2.18720498620981473881e-01+j1.63559397654551352819e-01
  +2.03659332870039760932e-01+j1.41166483999208058897e-01
  +1.87119621798199936569e-01+j1.19955757557463460472e-01
  +1.69194533787697803939e-01+j1.00043606458365547107e-01
  +1.49988084044735181521e-01+j8.15368121385358080033e-02
  +1.29613844097174857328e-01+j6.45313569678640230887e-02
  +1.08193501727889579422e-01+j4.91114420084266048439e-02
  +8.58553106675462862629e-02+j3.53487349625042218682e-02
  +6.27324719269791719611e-02+j2.33018601689783735886e-02
  +3.89614893482546076342e-02+j1.30161341085343884583e-02
  +1.46805408437887807693e-02+j4.52354172357891104461e-03
  -9.97209596509454621049e-03-j2.15705864482941545024e-03
  -3.48595291531028084187e-02-j7.01952041542837357202e-03
  -5.98476196152226969094e-02-j1.00698080083919949690e-02
  -8.48062065428296374403e-02-j1.13252380417717402050e-02
  -1.09610174203875976318e-01-j1.08135927928005304288e-02
  -1.34140349318268847778e-01-j8.57213726452862867511e-03
  -1.58284224376460141981e-01-j4.64657093503492713005e-03
  -1.81936507777013062315e-01+j9.10056117262719732608e-04
  -2.04999506475105064407e-01+j8.03843531137504729855e-03
  -2.27383350822249419299e-01+j1.66740754549931924355e-02
  -2.49006074384074488348e-01+j2.67483414186107382182e-02
  -2.69793563749839815369e-01+j3.81894382315532132655e-02
  -2.89679394741518714262e-01+j5.09233269274563804530e-02
  -3.08604572072548988260e-01+j6.48745620339634954110e-02
  -3.26517189500960036685e-01+j7.99670439227697094076e-02
  -3.43372026983774558673e-01+j9.61246822222782404399e-02
  -3.59130100388447170978e-01+j1.13271969090029178684e-01
  -3.73758178066924240390e-01+j1.31334463318949712374e-01
  -3.87228277154111844016e-01+j1.50239188008143065289e-01
  -3.99517150906927354104e-01+j1.69914945882156082080e-01
  -4.10605776830358037977e-01+j1.90292557323207350839e-01
  -4.20478853805253238729e-01+j2.11305026829086639584e-01
  -4.29124314986366051095e-01+j2.32887643970325963760e-01
  -4.36532861912605707477e-01+j2.54978025041123324002e-01
  -4.42697524086783644748e-01+j2.77516101525604685918e-01
  -4.47613247251792634174e-01+j3.00444061278343110821e-01
  -4.51276512718381372924e-01+j3.23706247985374173659e-01
  -4.53684989384836312443e-01+j3.47249024065082345647e-01
  -4.54837219524410862892e-01+j3.71020601718021758586e-01
  -4.54732338992897722196e-01+j3.94970846367336758664e-01
  -4.53369832214637114021e-01+j4.19051056269035604451e-01
  -4.50749322128029650258e-01+j4.43213721632151114171e-01
  -4.46870395198041392426e-01+j4.67412266187851588306e-01
  -4.41732461620361505084e-01+j4.91600773796280532402e-01
</dep>
<dep S[2,1] frequency>
  +5.60241020648911680624e-02-j3.06320366336201688195e-01
  +4.55854032530623315411e-02-j2.90370503168709492847e-01
  +3.64813731174442323901e-02-j2.75166770560434648107e-01
  +2.85320653140257417257e-02-j2.60670999702968475553e-01
  +2.15867379169265884153e-02-j2.46842133452858381037e-01
  +1.55186752922196295745e-02-j2.33638382128710270225e-01
  +1.02209768500537041824e-02-j2.21018599233264778636e-01
  +5.60313322281780212819e-03-j2.08943129891946438592e-01
  +1.58823989597829304775e-03-j1.97374304569926134478e-01
  -1.88927465315139953353e-03-j1.86276695940984393651e-01
  -4.88550593571071209431e-03-j1.75617219439427763028e-01
  -7.44859573643161503725e-03-j1.65365132476087944857e-01
  -9.61998400703528190603e-03-j1.55491969781098693382e-01
  -1.14354418564627472593e-02-j1.45971440302055166516e-01
  -1.29259268634630032635e-02-j1.36779302808624603216e-01
  -1.41182937524986871353e-02-j1.27893231656954264874e-01
  -1.50358869599062049127e-02-j1.19292680247168603191e-01
  -1.56990364354641226408e-02-j1.10958747014389944030e-01
  -1.61254738999963113943e-02-j1.02874046950279310342e-01
  -1.63306834921114162051e-02-j9.50225903975628338749e-02
  -1.63281981117981700447e-02-j8.73896700132905240865e-02
  -1.61298506669908803257e-02-j7.99617562335113302163e-02
  -1.57459877425250617533e-02-j7.27264012041757973437e-02
  -1.51856518534212812238e-02-j6.56721509111893447797e-02
  -1.44567373485162183749e-02-j5.87884651027623453268e-02
  -1.35661241432150185549e-02-j5.20656445212187707350e-02
  -1.25197927394171786009e-02-j4.54947649275541793346e-02
  -1.13229234035218083443e-02-j3.90676173966137824101e-02
  -9.97998189356863983634e-03-j3.27766543733423454388e-02
  -8.49479373313966577841e-03-j2.66149410042811201960e-02
  -6.87060870625097203784e-03-j2.05761112888391203835e-02
  -5.11015698063983867666e-03-j1.46543286282926205066e-02
  -3.21569804626569734352e-03-j8.84425038497972486329e-03
  -1.18906347282915990891e-03-j3.14099609839328837435e-03
  +9.68305662078174545111e-04+j2.45988096224067104983e-03
  +3.25532594944911730234e-03+j7.96241919810889396680e-03
  +5.67124281129209682067e-03+j1.33702712938285356997e-02
  +8.21560511918991397129e-03+j1.86867242765103060143e-02
  +1.08882428137379964894e-02+j2.39147172293698584422e-02
  +1.36892471323277632039e-02+j2.90568568456829531832e-02
  +1.66189531055853170760e-02+j3.41154309883433398687e-02
  +1.96779240273113088799e-02+j3.90924204015246495869e-02
  +2.28669376403789828545e-02+j4.39895087039519072647e-02
  +2.61869738127652497417e-02+j4.88080907779134473556e-02
  +2.96392035046981611179e-02+j5.35492796541833238066e-02
  +3.32249788504445225934e-02+j5.82139119804352539456e-02
  +3.69458241972153295096e-02+j6.28025521492129590317e-02
  +4.08034279595938242924e-02+j6.73154951512971166938e-02
  +4.47996351610402479548e-02+j7.17527682107960279589e-02
  +4.89364405449785322411e-02+j7.61141312498868211067e-02
  +5.32159821467978327858e-02+j8.03990762233726119490e-02
  +5.76405352252288491477e-02+j8.46068253563080074908e-02
  +6.22125064570073771364e-02+j8.87363283115940454371e-02
  +6.69344283028564662752e-02+j9.27862583088309295087e-02
  +7.18089534555265002203e-02+j9.67550072105633762742e-02
  +7.68388492822726226761e-02+j1.00640679587574222165e-01
  +8.20269921745804403423e-02+j1.04441085770858754778e-01
  +8.73763617173707873853e-02+j1.08153733894425604922e-01
  +9.28900345883876960018e-02+j1.11775820930154604071e-01
  +9.85711780958917482831e-02+j1.15304222713500742481e-01
  +1.04423043259364231594e-01+j1.18735482957019231054e-01
  +1.10448957333514050094e-01+j1.22065801247421487630e-01
  +1.16652315670602149678e-01+j1.25291020021232962778e-01
  +1.23036572809882685520e-01+j1.28406610514258362477e-01
  +1.29605232675839121548e-01+j1.31407657680883527274e-01
  +1.36361837758840309665e-01+j1.34288844080953317928e-01
  +1.43309957142857963275e-01+j1.37044432734656218553e-01
  +1.50453173235004650232e-01+j1.39668248949611689680e-01
  +1.57795067040705977446e-01+j1.42153661129301361887e-01
  +1.65339201816623315722e-01+j1.44493560578411645023e-01
  +1.73089104920608444216e-01+j1.46680340328535829819e-01
  +1.81048247664407108148e-01+j1.48705873017488998666e-01
  +1.89220022960239236953e-01+j1.50561487867137550056e-01
  +1.97607720537109510239e-01+j1.52237946818770869539e-01
  +2.06214499486638613845e-01+j1.53725419901606125128e-01
  +2.15043357881491731254e-01+j1.55013459929543212512e-01
  +2.24097099192484855434e-01+j1.56090976644119999728e-01
  +2.33378295212979453011e-01+j1.56946210448041190144e-01
  +2.42889245181976271004e-01+j1.57566705904252229997e-01
  +2.52631930780313485041e-01+j1.57939285210608737486e-01
  +2.62607966658289226913e-01+j1.58050021900401183039e-01
  +2.72818546138208772867e-01+j1.57884215064652916327e-01
  +2.83264381722501012995e-01+j1.57426364443964350581e-01
  +2.93945640028025534374e-01+j1.56660146796097216049e-01
  +3.04861870760712971862e-01+j1.55568394011052879566e-01
  +3.16011929343115227642e-01+j1.54133073518703395122e-01
  +3.27393892811942477383e-01+j1.52335271615373663012e-01
  +3.39004968614702306695e-01+j1.50155180425656592513e-01
  +3.50841395956241086651e-01+j1.47572089314379734093e-01
  +3.62898339378721013215e-01+j1.44564381671144659425e-01
  +3.75169774305659453617e-01+j1.41109538106041931815e-01
  +3.87648364343483653460e-01+j1.37184147219683860719e-01
  +4.00325330216863617405e-01+j1.32763925242735919552e-01
  +4.13190310318941822487e-01+j1.27823745978334291085e-01
  +4.26231212988886276616e-01+j1.22337682623493093637e-01
  +4.39434060790025560195e-01+j1.16279063190004944284e-01
  +4.52782827256521913650e-01+j1.09620541388272679795e-01
  +4.66259266808847938623e-01+j1.02334184974382763622e-01
  +4.79842738812082059141e-01+j9.43915836860537288411e-02
  +4.93510027070034662522e-01+j8.57639790000428864358e-02
  +5.07235156415347110404e-01+j7.64224180237550038131e-02
  +5.20989208473105924746e-01+j6.63379338772836918414e-02
  +5.34740139144516013481e-01+j5.54817549174038138204e-02
  +5.48452600876557117004e-01+j4.38255450886792102816e-02
  +5.62087773350655295346e-01+j3.13416775441682574077e-02
  +5.75603206832165592566e-01+j1.80035434424700262201e-02
  +5.88952683063466486679e-01+j3.78589748187914019659e-03
  +6.02086099242786554342e-01-j1.13347587422232259219e-02
  +6.14949381290030405722e-01-j2.73797550918087120864e-02
  +6.27484433234828942183e-01-j4.43677932719780052095e-02
  +6.39629130140761725798e-01-j6.23144505300403939163e-02
  +6.51317362465176796782e-01-j8.12316490999295814923e-02
  +6.62479140103053532052e-01-j1.01127095166283514915e-01
  +6.73040764525922319272e-01-j1.22003692652751793979e-01
  +6.82925077347952824702e-01-j1.43858938842076372611e-01
  +6.92051793273506077320e-01-j1.66684310683618330806e-01
  +7.00337924645135556645e-01-j1.90464652593502536959e-01
  +7.07698303663056416113e-01-j2.15177578542293912456e-01
  +7.14046206739691324827e-01-j2.40792903176238637375e-01
  +7.19294083351310953311e-01-j2.67272118531450553203e-01
  +7.23354389139037934342e-01-j2.94567934461319125283e-01
  +7.26140519904127534900e-01-j3.22623902075350132979e-01
  +7.27567839580902098184e-01-j3.51374140144679603104e-01
  +7.27554791334821260307e-01-j3.80743184425366365531e-01
  +7.26024076744119173377e-01-j4.10645979054706233846e-01
  +7.22903883743349129354e-01-j4.40988027476959476569e-01
  +7.18129139838014074471e-01-j4.71665717676548745807e-01
  +7.11642763274877632185e-01-j5.02566832807966101804e-01
  +7.03396881628227221839e-01-j5.33571253640330311896e-01
  +6.93353984899345743287e-01-j5.64551853677885406846e-01
  +6.81487978972690422452e-01-j5.95375581543868159784e-01
  +6.67785105340211626590e-01-j6.25904718467336085297e-01
  +6.52244694550127901422e-01-j6.55998291796371701956e-01
  +6.34879723934893225312e-01-j6.85513618733645690995e-01
  +6.15717154807554623019e-01-j7.14307948335732967315e-01
  +5.94798030363830276812e-01-j7.42240164620901476944e-01
  +5.72177322762398188338e-01-j7.69172509745157606531e-01
  +5.47923525954269852178e-01-j7.94972283926760003858e-01
  +5.22117999393761578197e-01-j8.19513478327636657461e-01
  +4.94854076337722437184e-01-j8.42678298529113023463e-01
  +4.66235958560471508427e-01-j8.64358539537748993276e-01
  +4.36377426533518630869e-01-j8.84456778269471111109e-01
  +4.05400400051980136507e-01-j9.02887355917430856067e-01
  +3.73433388631291551807e-01-j9.19577130148416910238e-01
  +3.40609873554188646860e-01-j9.34465985269205656749e-01
  +3.07066664146816881154e-01-j9.47507096903139722777e-01
  +2.72942269753080057892e-01-j9.58666955871721238047e-01
  +2.38375326118361263728e-01-j9.67925163479656291976e-01
  +2.03503110739333525903e-01-j9.75274016916470865013e-01
  +1.68460176503739844645e-01-j9.80717908763259815785e-01
  +1.33377126987204441821e-01-j9.84272568476912801394e-01
  +9.83795504544623666821e-02-j9.85964176162671512849e-01
  +6.35871232734495778205e-02-j9.85828379976218860392e-01
  +2.91128873937777435388e-02-j9.83909248233351796387e-01
  -4.93729898670745154243e-03-j9.80258185921517255501e-01
  -3.84651432597643352929e-02-j9.74932843014836403306e-01
  -7.13801424298756842513e-02-j9.67996039022984033906e-01
  -1.03599662110111581659e-01-j9.59514724785340167301e-01
  -1.35048885505077903568e-01-j9.49558998872162329796e-01
  -1.65660648789503983647e-01-j9.38201192266021610777e-01
  -1.95375179933313963820e-01-j9.25515031429522405659e-01
  -2.24139758018693985298e-01-j9.11574886543964124641e-01
  -2.51908309556909404403e-01-j8.96455108717449822286e-01
  -2.78640957361518559754e-01-j8.80229457366049738987e-01
  -3.04303536284517617272e-01-j8.62970616794734524113e-01
  -3.28867088678190366835e-01-j8.44749799248092680948e-01
  -3.52307350899897564478e-01-j8.25636430347646332883e-01
  -3.74604240607308014432e-01-j8.05697911851968817665e-01
  -3.95741353059948175463e-01-j7.84999456027606012931e-01
  -4.15705473196806341019e-01-j7.63603985557878228718e-01
  -4.34486108933181180980e-01-j7.41572092795710124946e-01
  -4.52075049935387662803e-01-j7.18962052239543014664e-01
  -4.68465955101614539569e-01-j6.95829880333982075946e-01
  -4.83653971105515889661e-01-j6.72229437029520870972e-01
  -4.97635383644326245722e-01-j6.48212563942459185640e-01
  -5.10407302468871226786e-01-j6.23829254406453870274e-01
  -5.21967380849447271096e-01-j5.99127851174467540574e-01
  -5.32313569837516875616e-01-j5.74155267992239815023e-01
  -5.41443907505968491378e-01-j5.48957231703610659679e-01
  -5.49356343277195513508e-01-j5.23578541948897635550e-01
  -5.56048597465441662990e-01-j4.98063345867787610199e-01
</dep>
<dep S[1,2] frequency>
  +5.60241020648914941904e-02-j3.06320366336201577173e-01
  +4.55854032530620748020e-02-j2.90370503168709603870e-01
  +3.64813731174428793058e-02-j2.75166770560434703619e-01
  +2.85320653140257625424e-02-j2.60670999702968475553e-01
  +2.15867379169283717111e-02-j2.46842133452859879839e-01
  +1.55186752922190675241e-02-j2.33638382128710353491e-01
  +1.02209768500529027402e-02-j2.21018599233264917414e-01
  +5.60313322281787845602e-03-j2.08943129891944773258e-01
  +1.58823989597841751416e-03-j1.97374304569926051212e-01
  -1.88927465315217105180e-03-j1.86276695940985920208e-01
  -4.88550593571160374218e-03-j1.75617219439429289585e-01
  -7.44859573643093502565e-03-j1.65365132476088777524e-01
  -9.61998400703608681772e-03-j1.55491969781099442782e-01
  -1.14354418564632381861e-02-j1.45971440302055111005e-01
  -1.29259268634630709177e-02-j1.36779302808627378774e-01
  -1.41182937524989022410e-02-j1.27893231656954375897e-01
  -1.50358869599054034705e-02-j1.19292680247168741969e-01
  -1.56990364354640220268e-02-j1.10958747014389541574e-01
  -1.61254738999956730161e-02-j1.02874046950280115253e-01
  -1.63306834921111213021e-02-j9.50225903975620983521e-02
  -1.63281981117979514695e-02-j8.73896700132905934755e-02
  -1.61298506669907207312e-02-j7.99617562335113718497e-02
  -1.57459877425248535865e-02-j7.27264012041750063098e-02
  -1.51856518534212812238e-02-j6.56721509111893447797e-02
  -1.44567373485158887775e-02-j5.87884651027624355324e-02
  -1.35661241432146976310e-02-j5.20656445212171747894e-02
  -1.25197927394175394233e-02-j4.54947649275549356740e-02
  -1.13229234035221188598e-02-j3.90676173966145526273e-02
  -9.97998189356829809582e-03-j3.27766543733411727657e-02
  -8.49479373313999537587e-03-j2.66149410042810473376e-02
  -6.87060870625136408535e-03-j2.05761112888398871312e-02
  -5.11015698063912570531e-03-j1.46543286282918971269e-02
  -3.21569804626578841650e-03-j8.84425038497973006746e-03
  -1.18906347282934227172e-03-j3.14099609839320597499e-03
  +9.68305662078593263990e-04+j2.45988096224140657259e-03
  +3.25532594944889872718e-03+j7.96241919810894427378e-03
  +5.67124281129215406655e-03+j1.33702712938276041532e-02
  +8.21560511918973009060e-03+j1.86867242765104517310e-02
  +1.08882428137381144506e-02+j2.39147172293698480339e-02
  +1.36892471323279609624e-02+j2.90568568456835291114e-02
  +1.66189531055859172903e-02+j3.41154309883435133410e-02
  +1.96779240273110174464e-02+j3.90924204015240597809e-02
  +2.28669376403794755159e-02+j4.39895087039522195149e-02
  +2.61869738127648958581e-02+j4.88080907779132044944e-02
  +2.96392035046981403013e-02+j5.35492796541826576728e-02
  +3.32249788504445156545e-02+j5.82139119804350110843e-02
  +3.69458241972153156318e-02+j6.28025521492129035206e-02
  +4.08034279595935953089e-02+j6.73154951512973109828e-02
  +4.47996351610403936716e-02+j7.17527682107959030589e-02
  +4.89364405449779910073e-02+j7.61141312498861272173e-02
  +5.32159821467977703358e-02+j8.03990762233725841934e-02
  +5.76405352252288560866e-02+j8.46068253563075495238e-02
  +6.22125064570081195980e-02+j8.87363283115940315593e-02
  +6.69344283028560638193e-02+j9.27862583088306658308e-02
  +7.18089534555265140980e-02+j9.67550072105633068853e-02
  +7.68388492822726781872e-02+j1.00640679587574152776e-01
  +8.20269921745804958535e-02+j1.04441085770858935189e-01
  +8.73763617173705930963e-02+j1.08153733894426118400e-01
  +9.28900345883872657904e-02+j1.11775820930154867749e-01
  +9.85711780958920813500e-02+j1.15304222713499854303e-01
  +1.04423043259364203839e-01+j1.18735482957019911066e-01
  +1.10448957333513439472e-01+j1.22065801247421695797e-01
  +1.16652315670601663955e-01+j1.25291020021232768489e-01
  +1.23036572809883254509e-01+j1.28406610514257918387e-01
  +1.29605232675838732970e-01+j1.31407657680883277473e-01
  +1.36361837758840642731e-01+j1.34288844080952624038e-01
  +1.43309957142857963275e-01+j1.37044432734656218553e-01
  +1.50453173235004594721e-01+j1.39668248949611606413e-01
  +1.57795067040706116224e-01+j1.42153661129301361887e-01
  +1.65339201816622816121e-01+j1.44493560578411145423e-01
  +1.73089104920608222171e-01+j1.46680340328535968597e-01
  +1.81048247664406830593e-01+j1.48705873017488360288e-01
  +1.89220022960238654086e-01+j1.50561487867137133723e-01
  +1.97607720537109871062e-01+j1.52237946818770369939e-01
  +2.06214499486638003223e-01+j1.53725419901606069617e-01
  +2.15043357881492314121e-01+j1.55013459929543406801e-01
  +2.24097099192484605634e-01+j1.56090976644119833194e-01
  +2.33378295212979397499e-01+j1.56946210448042300367e-01
  +2.42889245181976187737e-01+j1.57566705904252229997e-01
  +2.52631930780313596063e-01+j1.57939285210608959531e-01
  +2.62607966658289393447e-01+j1.58050021900401627128e-01
  +2.72818546138209383489e-01+j1.57884215064652305704e-01
  +2.83264381722501068506e-01+j1.57426364443964961204e-01
  +2.93945640028025645396e-01+j1.56660146796096133581e-01
  +3.04861870760712971862e-01+j1.55568394011052685277e-01
  +3.16011929343114450486e-01+j1.54133073518702617966e-01
  +3.27393892811942588406e-01+j1.52335271615373912812e-01
  +3.39004968614702861807e-01+j1.50155180425657008847e-01
  +3.50841395956240476028e-01+j1.47572089314379789604e-01
  +3.62898339378720791171e-01+j1.44564381671145353314e-01
  +3.75169774305659897706e-01+j1.41109538106042181616e-01
  +3.87648364343483875505e-01+j1.37184147219684221541e-01
  +4.00325330216864061494e-01+j1.32763925242735586485e-01
  +4.13190310318941544931e-01+j1.27823745978334679663e-01
  +4.26231212988886165594e-01+j1.22337682623493343437e-01
  +4.39434060790025171617e-01+j1.16279063190003903450e-01
  +4.52782827256522357739e-01+j1.09620541388272860206e-01
  +4.66259266808848105157e-01+j1.02334184974382916278e-01
  +4.79842738812082059141e-01+j9.43915836860537288411e-02
  +4.93510027070034940078e-01+j8.57639790000424978578e-02
  +5.07235156415347221426e-01+j7.64224180237554756578e-02
  +5.20989208473106146791e-01+j6.63379338772846355310e-02
  +5.34740139144515902458e-01+j5.54817549174036819815e-02
  +5.48452600876556672915e-01+j4.38255450886794045706e-02
  +5.62087773350654962279e-01+j3.13416775441681394465e-02
  +5.75603206832165370521e-01+j1.80035434424697798894e-02
  +5.88952683063466597702e-01+j3.78589748187907904758e-03
  +6.02086099242786554342e-01-j1.13347587422236890931e-02
  +6.14949381290030183678e-01-j2.73797550918089584171e-02
  +6.27484433234830052406e-01-j4.43677932719775403037e-02
  +6.39629130140761947843e-01-j6.23144505300415874061e-02
  +6.51317362465176241670e-01-j8.12316490999292761810e-02
  +6.62479140103053754096e-01-j1.01127095166282710004e-01
  +6.73040764525923096429e-01-j1.22003692652753112369e-01
  +6.82925077347952602658e-01-j1.43858938842076733433e-01
  +6.92051793273505522208e-01-j1.66684310683617914473e-01
  +7.00337924645135112556e-01-j1.90464652593501315714e-01
  +7.07698303663055972024e-01-j2.15177578542295133701e-01
  +7.14046206739690214604e-01-j2.40792903176238859420e-01
  +7.19294083351312063535e-01-j2.67272118531450442180e-01
  +7.23354389139038156387e-01-j2.94567934461319458350e-01
  +7.26140519904127978990e-01-j3.22623902075349022756e-01
  +7.27567839580902209207e-01-j3.51374140144680047193e-01
  +7.27554791334821704396e-01-j3.80743184425365477352e-01
  +7.26024076744119506444e-01-j4.10645979054707233047e-01
  +7.22903883743349462421e-01-j4.40988027476959587592e-01
  +7.18129139838014296515e-01-j4.71665717676549134385e-01
  +7.11642763274878298319e-01-j5.02566832807965546692e-01
  +7.03396881628226888772e-01-j5.33571253640331200074e-01
  +6.93353984899346076354e-01-j5.64551853677884740712e-01
  +6.81487978972690866541e-01-j5.95375581543867382628e-01
  +6.67785105340211626590e-01-j6.25904718467336085297e-01
  +6.52244694550127013244e-01-j6.55998291796372257068e-01
  +6.34879723934892781223e-01-j6.85513618733645802017e-01
  +6.15717154807554623019e-01-j7.14307948335732967315e-01
  +5.94798030363831053968e-01-j7.42240164620900699788e-01
  +5.72177322762397966294e-01-j7.69172509745157606531e-01
  +5.47923525954270629335e-01-j7.94972283926759115680e-01
  +5.22117999393762799443e-01-j8.19513478327636768483e-01
  +4.94854076337721771051e-01-j8.42678298529113800619e-01
  +4.66235958560471674961e-01-j8.64358539537748438164e-01
  +4.36377426533518464336e-01-j8.84456778269471222131e-01
  +4.05400400051980858152e-01-j9.02887355917430411978e-01
  +3.73433388631290441584e-01-j9.19577130148416688193e-01
  +3.40609873554187980726e-01-j9.34465985269205656749e-01
  +3.07066664146816492575e-01-j9.47507096903139500732e-01
  +2.72942269753079391759e-01-j9.58666955871721904181e-01
  +2.38375326118361791083e-01-j9.67925163479656625043e-01
  +2.03503110739334275303e-01-j9.75274016916471198080e-01
  +1.68460176503740372000e-01-j9.80717908763259593741e-01
  +1.33377126987205135711e-01-j9.84272568476912912416e-01
  +9.83795504544621307597e-02-j9.85964176162671845915e-01
  +6.35871232734488839311e-02-j9.85828379976218749370e-01
  +2.91128873937784374282e-02-j9.83909248233351796387e-01
  -4.93729898670703347408e-03-j9.80258185921517699590e-01
  -3.84651432597634054811e-02-j9.74932843014836403306e-01
  -7.13801424298761560960e-02-j9.67996039022983922884e-01
  -1.03599662110111997992e-01-j9.59514724785339834234e-01
  -1.35048885505077487235e-01-j9.49558998872162329796e-01
  -1.65660648789504205691e-01-j9.38201192266021277710e-01
  -1.95375179933313575242e-01-j9.25515031429522072592e-01
  -2.24139758018693957542e-01-j9.11574886543963902596e-01
  -2.51908309556909515425e-01-j8.96455108717449600242e-01
  -2.78640957361518337709e-01-j8.80229457366049738987e-01
  -3.04303536284516951138e-01-j8.62970616794735079225e-01
  -3.28867088678190200302e-01-j8.44749799248092902992e-01
  -3.52307350899897453456e-01-j8.25636430347647110040e-01
  -3.74604240607307847899e-01-j8.05697911851968817665e-01
  -3.95741353059948230975e-01-j7.84999456027606234976e-01
  -4.15705473196805841418e-01-j7.63603985557878339741e-01
  -4.34486108933181014446e-01-j7.41572092795710124946e-01
  -4.52075049935387496269e-01-j7.18962052239543014664e-01
  -4.68465955101614206502e-01-j6.95829880333981853902e-01
  -4.83653971105516278239e-01-j6.72229437029520648927e-01
  -4.97635383644326467767e-01-j6.48212563942459518707e-01
  -5.10407302468871559853e-01-j6.23829254406454203341e-01
  -5.21967380849447271096e-01-j5.99127851174467762618e-01
  -5.32313569837516986638e-01-j5.74155267992239259911e-01
  -5.41443907505968824445e-01-j5.48957231703610104567e-01
  -5.49356343277195402486e-01-j5.23578541948897302483e-01
  -5.56048597465441329923e-01-j4.98063345867787776733e-01
</dep>
<dep S[1,1] frequency>
  -9.34341538217559053336e-01-j1.70837277273602705652e-01
  -9.43818190625888009393e-01-j1.48127902106012732109e-01
  -9.51913467889752173967e-01-j1.26166795977382562022e-01
  -9.58807222672612424752e-01-j1.04915901937836925084e-01
  -9.64650100715047420508e-01-j8.43342765336925759279e-02
  -9.69568718796894102319e-01-j6.43802456537905937184e-02
  -9.73669875851390420607e-01-j4.50127803043852761644e-02
  -9.77043976677302139500e-01-j2.61923451035424442734e-02
  -9.79767818217535446657e-01-j7.88139205682788362983e-03
  -9.81906861345316128720e-01+j9.95538251276163743686e-03
  -9.83517087782073029523e-01+j2.73509373495791213715e-02
  -9.84646522330554052616e-01+j4.43358869839460267848e-02
  -9.85336484724830707904e-01+j6.09385663221284068491e-02
  -9.85622622584328200723e-01+j7.71851336791317954589e-02
  -9.85535766696350457039e-01+j9.30996951033491726424e-02
  -9.85102641667085610067e-01+j1.08704438539845210654e-01
  -9.84346458467333484954e-01+j1.24019770298981993339e-01
  -9.83287410217519974864e-01+j1.39064448990084382762e-01
  -9.81943088432104094210e-01+j1.53855713923106346419e-01
  -9.80328833656127440754e-01+j1.68409406235967562537e-01
  -9.78458031801266447935e-01+j1.82740081851713975780e-01
  -9.76342365387243282804e-01+j1.96861115933000263567e-01
  -9.73992027207804089706e-01+j2.10784798868933087590e-01
  -9.71415902583012358384e-01+j2.24522424061496250758e-01
  -9.68621725263722588295e-01+j2.38084367918340478187e-01
  -9.65616211166914650832e-01+j2.51480162534812090591e-01
  -9.62405173399804136913e-01+j2.64718561581927858128e-01
  -9.58993621443590793518e-01+j2.77807599922426429195e-01
  -9.55385846887819245588e-01+j2.90754647464431248416e-01
  -9.51585497712941985604e-01+j3.03566457738547845757e-01
  -9.47595642795255432844e-01+j3.16249211653888140372e-01
  -9.43418828041624357716e-01+j3.28808556855011535625e-01
  -9.39057125340765352917e-01+j3.41249643067353003456e-01
  -9.34512175334896166845e-01+j3.53577153784402686831e-01
  -9.29785224863370007853e-01+j3.65795334617036782543e-01
  -9.24877159803037751651e-01+j3.77908018594211803087e-01
  -9.19788533924001172615e-01+j3.89918648675152079708e-01
  -9.14519594290639670220e-01+j4.01830297706191996721e-01
  -9.09070303663135459438e-01+j4.13645686030753800821e-01
  -9.03440360292091404482e-01+j4.25367196938260694328e-01
  -8.97629215445932326922e-01+j4.36996890117230640804e-01
  -8.91636088966295203839e-01+j4.48536513259007729726e-01
  -8.85459983108970227761e-01+j4.59987511941683968608e-01
  -8.79099694896268268884e-01+j4.71351037908254777431e-01
  -8.72553827179868290997e-01+j4.82627955839235900370e-01
  -8.65820798590662077387e-01+j4.93818848707262281206e-01
  -8.58898852533159673506e-01+j5.04924021789741939159e-01
  -8.51786065366121558640e-01+j5.15943505405390689944e-01
  -8.44480353897883118108e-01+j5.26877056430963053302e-01
  -8.36979482313948364158e-01+j5.37724158646092464942e-01
  -8.29281068645557506436e-01+j5.48484021946396449465e-01
  -8.21382590880840979253e-01+j5.59155580458097212215e-01
  -8.13281392814689696458e-01+j5.69737489581038758502e-01
  -8.04974689729399450755e-01+j5.80228121981380962069e-01
  -7.96459573995382030809e-01+j5.90625562550117444438e-01
  -7.87733020679670659092e-01+j6.00927602339033195555e-01
  -7.78791893249439093339e-01+j6.11131731481758144753e-01
  -7.69632949458406656618e-01+j6.21235131104045490424e-01
  -7.60252847505478168699e-01+j6.31234664224499364416e-01
  -7.50648152557584547040e-01+j6.41126865644544574607e-01
  -7.40815343732101339036e-01+j6.50907930824620173382e-01
  -7.30750821638610381648e-01+j6.60573703742266760131e-01
  -7.20450916585101186485e-01+j6.70119663727253622731e-01
  -7.09911897559890481268e-01+j6.79540911268877056983e-01
  -6.99129982107650427281e-01+j6.88832152791519880530e-01
  -6.88101347226033555060e-01+j6.97987684396177421320e-01
  -6.76822141418340961216e-01+j7.07001374568435037027e-01
  -6.65288498047553744641e-01+j7.15866645857047845247e-01
  -6.53496550148028432226e-01+j7.24576455532329966047e-01
  -6.41442446862831694432e-01+j7.33123275239896843303e-01
  -6.29122371687530379525e-01+j7.41499069673241750777e-01
  -6.16532562714837029105e-01+j7.49695274298421532322e-01
  -6.03669335089066727562e-01+j7.57702772175761762874e-01
  -5.90529105894685102385e-01+j7.65511869937642308592e-01
  -5.77108421719250808124e-01+j7.73112272997988680956e-01
  -5.63403989147791994796e-01+j7.80493060088584322820e-01
  -5.49412708462663657016e-01+j7.87642657240232302307e-01
  -5.35131710840366814352e-01+j7.94548811353133710433e-01
  -5.20558399354072776077e-01+j8.01198563531504315272e-01
  -5.05690494107541965718e-01+j8.07578222392558942033e-01
  -4.90526081842258654397e-01+j8.13673337600091528543e-01
  -4.75063670374393121065e-01+j8.19468673918691825619e-01
  -4.59302248231098386722e-01+j8.24948186136393313284e-01
  -4.43241349865633849081e-01+j8.30094995261990376001e-01
  -4.26881126837306390520e-01+j8.34891366468870299578e-01
  -4.10222425343807373110e-01+j8.39318689330451839226e-01
  -3.93266870488980346821e-01+j8.43357460973726436038e-01
  -3.76016957657079098354e-01+j8.46987272867236407059e-01
  -3.58476151342817850320e-01+j8.50186802058505719515e-01
  -3.40648991753855656661e-01+j8.52933807783403774572e-01
  -3.22541209455234512138e-01+j8.55205134486165419183e-01
  -3.04159848262443355260e-01+j8.56976722413281821744e-01
  -2.85513396507022287896e-01+j8.58223627076545425574e-01
  -2.66611926693720857617e-01+j8.58920049018753517522e-01
  -2.47467243436958472813e-01+j8.59039375458269915953e-01
  -2.28093039403464453718e-01+j8.58554235533088405674e-01
  -2.08505058793304109965e-01+j8.57436571007933467925e-01
  -1.88721267659206132228e-01+j8.55657724444861433888e-01
  -1.68762030090292725060e-01+j8.53188546963124294642e-01
  -1.48650288967409144325e-01+j8.49999527821029166041e-01
  -1.28411749630036459147e-01+j8.46060948132682955070e-01
  -1.08075064377430682394e-01+j8.41343061076020859446e-01
  -8.76720152575985733900e-02+j8.35816300943798440315e-01
  -6.72376920783486209388e-02+j8.29451523322899286761e-01
  -4.68106620075595877828e-02+j8.22220278544605109872e-01
  -2.64331265210250160314e-02+j8.14095120312790188066e-01
  -6.15106081524896541879e-03+j8.05049951070988867308e-01
  +1.39856698567792786525e-02+j7.95060405194681241170e-01
  +3.39232231279154999859e-02+j7.84104270473967579491e-01
  +5.36037285723763579082e-02+j7.72161947567317152874e-01
  +7.29652802881991247030e-02+j7.59216946144713356048e-01
  +9.19419809059566078835e-02+j7.45256415288379603368e-01
  +1.10464045271963559602e-01+j7.30271704377017383258e-01
  +1.28457972216853982816e-01+j7.14258949149291888503e-01
  +1.45846792741496672496e-01+j6.97219675939286576138e-01
  +1.62550402574387242716e-01+j6.79161415228523801524e-01
  +1.78485986319323802762e-01+j6.60098313709740258659e-01
  +1.93568539264290434554e-01+j6.40051732067768219814e-01
  +2.07711491314980956080e-01+j6.19050813731854665534e-01
  +2.20827435414854722495e-01+j5.97133008040339752220e-01
  +2.32828960203854268274e-01+j5.74344529697827343995e-01
  +2.43629583560603601988e-01+j5.50740735226960653748e-01
  +2.53144780111288658642e-01+j5.26386396459943783910e-01
  +2.61293091852647318962e-01+j5.01355851119128281823e-01
  +2.67997306847344740621e-01+j4.75733011331787747356e-01
  +2.73185686670015637212e-01+j4.49611212623150402479e-01
  +2.76793219113033228673e-01+j4.23092888610018702522e-01
  +2.78762868836529009720e-01+j3.96289060306235008113e-01
  +2.79046795422863480596e-01+j3.69318633622469305600e-01
  +2.77607505932752851585e-01+j3.42307504199559131663e-01
  +2.74418907806465051102e-01+j3.15387474988402360943e-01
  +2.69467228021532501092e-01+j2.88694998737388797139e-01
  +2.62751765963222361222e-01+j2.62369764464425503370e-01
  +2.54285450562524384388e-01+j2.36553153718105119152e-01
  +2.44095176890826076610e-01+j2.11386598587208734967e-01
  +2.32221903448654370949e-01+j1.87009878614346036763e-01
  +2.18720498620981140814e-01+j1.63559397654551602619e-01
  +2.03659332870039816443e-01+j1.41166483999208530742e-01
  +1.87119621798200713725e-01+j1.19955757557463377205e-01
  +1.69194533787696776983e-01+j1.00043606458365158529e-01
  +1.49988084044734848455e-01+j8.15368121385358635145e-02
  +1.29613844097174579773e-01+j6.45313569678636622662e-02
  +1.08193501727890356578e-01+j4.91114420084268754607e-02
  +8.58553106675448984841e-02+j3.53487349625040414569e-02
  +6.27324719269784780717e-02+j2.33018601689784499165e-02
  +3.89614893482543300784e-02+j1.30161341085348880586e-02
  +1.46805408437879481021e-02+j4.52354172357832817752e-03
  -9.97209596509407436571e-03-j2.15705864482979015051e-03
  -3.48595291531020312625e-02-j7.01952041542847071653e-03
  -5.98476196152222805758e-02-j1.00698080083918006800e-02
  -8.48062065428289713065e-02-j1.13252380417720732719e-02
  -1.09610174203876031829e-01-j1.08135927928008912513e-02
  -1.34140349318269347378e-01-j8.57213726452848989723e-03
  -1.58284224376459559114e-01-j4.64657093503484386332e-03
  -1.81936507777012812515e-01+j9.10056117262719732608e-04
  -2.04999506475103954184e-01+j8.03843531137493627625e-03
  -2.27383350822249447054e-01+j1.66740754549931369244e-02
  -2.49006074384074849171e-01+j2.67483414186109880184e-02
  -2.69793563749839981902e-01+j3.81894382315533797989e-02
  -2.89679394741518714262e-01+j5.09233269274566580087e-02
  -3.08604572072548766215e-01+j6.48745620339635786777e-02
  -3.26517189500960092197e-01+j7.99670439227699036966e-02
  -3.43372026983774669695e-01+j9.61246822222784347289e-02
  -3.59130100388447115467e-01+j1.13271969090029095417e-01
  -3.73758178066923962835e-01+j1.31334463318949185018e-01
  -3.87228277154111844016e-01+j1.50239188008142926511e-01
  -3.99517150906927409615e-01+j1.69914945882155332679e-01
  -4.10605776830357982465e-01+j1.90292557323207295328e-01
  -4.20478853805253571796e-01+j2.11305026829086445295e-01
  -4.29124314986366051095e-01+j2.32887643970325852738e-01
  -4.36532861912605985033e-01+j2.54978025041123657068e-01
  -4.42697524086784033326e-01+j2.77516101525604408362e-01
  -4.47613247251792467640e-01+j3.00444061278343332866e-01
  -4.51276512718381594969e-01+j3.23706247985374562237e-01
  -4.53684989384836256932e-01+j3.47249024065082068091e-01
  -4.54837219524410918403e-01+j3.71020601718021536541e-01
  -4.54732338992897056063e-01+j3.94970846367336758664e-01
  -4.53369832214636891976e-01+j4.19051056269036048540e-01
  -4.50749322128030094348e-01+j4.43213721632151447238e-01
  -4.46870395198041392426e-01+j4.67412266187851643817e-01
  -4.41732461620361060994e-01+j4.91600773796280199335e-01
</dep>
