<Qucs Dataset 1.0.7>
<indep frequency 181>
  +1.00000000000000000000e+09
  +1.05000000000000000000e+09
  +1.10000000000000000000e+09
  +1.15000000000000000000e+09
  +1.20000000000000000000e+09
  +1.25000000000000000000e+09
  +1.30000000000000000000e+09
  +1.35000000000000000000e+09
  +1.40000000000000000000e+09
  +1.45000000000000000000e+09
  +1.50000000000000000000e+09
  +1.55000000000000000000e+09
  +1.60000000000000000000e+09
  +1.65000000000000000000e+09
  +1.70000000000000000000e+09
  +1.75000000000000000000e+09
  +1.80000000000000000000e+09
  +1.85000000000000000000e+09
  +1.90000000000000000000e+09
  +1.95000000000000000000e+09
  +2.00000000000000000000e+09
  +2.05000000000000000000e+09
  +2.10000000000000000000e+09
  +2.15000000000000000000e+09
  +2.20000000000000000000e+09
  +2.25000000000000000000e+09
  +2.30000000000000000000e+09
  +2.35000000000000000000e+09
  +2.40000000000000000000e+09
  +2.45000000000000000000e+09
  +2.50000000000000000000e+09
  +2.55000000000000000000e+09
  +2.60000000000000000000e+09
  +2.65000000000000000000e+09
  +2.70000000000000000000e+09
  +2.75000000000000000000e+09
  +2.80000000000000000000e+09
  +2.85000000000000000000e+09
  +2.90000000000000000000e+09
  +2.95000000000000000000e+09
  +3.00000000000000000000e+09
  +3.05000000000000000000e+09
  +3.10000000000000000000e+09
  +3.15000000000000000000e+09
  +3.20000000000000000000e+09
  +3.25000000000000000000e+09
  +3.30000000000000000000e+09
  +3.35000000000000000000e+09
  +3.40000000000000000000e+09
  +3.45000000000000000000e+09
  +3.50000000000000000000e+09
  +3.55000000000000000000e+09
  +3.60000000000000000000e+09
  +3.65000000000000000000e+09
  +3.70000000000000000000e+09
  +3.75000000000000000000e+09
  +3.80000000000000000000e+09
  +3.85000000000000000000e+09
  +3.90000000000000000000e+09
  +3.95000000000000000000e+09
  +4.00000000000000000000e+09
  +4.05000000000000000000e+09
  +4.10000000000000000000e+09
  +4.15000000000000000000e+09
  +4.20000000000000000000e+09
  +4.25000000000000000000e+09
  +4.30000000000000000000e+09
  +4.35000000000000000000e+09
  +4.40000000000000000000e+09
  +4.45000000000000000000e+09
  +4.50000000000000000000e+09
  +4.55000000000000000000e+09
  +4.60000000000000000000e+09
  +4.65000000000000000000e+09
  +4.70000000000000000000e+09
  +4.75000000000000000000e+09
  +4.80000000000000000000e+09
  +4.85000000000000000000e+09
  +4.90000000000000000000e+09
  +4.95000000000000000000e+09
  +5.00000000000000000000e+09
  +5.05000000000000000000e+09
  +5.10000000000000000000e+09
  +5.15000000000000000000e+09
  +5.20000000000000000000e+09
  +5.25000000000000000000e+09
  +5.30000000000000000000e+09
  +5.35000000000000000000e+09
  +5.40000000000000000000e+09
  +5.45000000000000000000e+09
  +5.50000000000000000000e+09
  +5.55000000000000000000e+09
  +5.60000000000000000000e+09
  +5.65000000000000000000e+09
  +5.70000000000000000000e+09
  +5.75000000000000000000e+09
  +5.80000000000000000000e+09
  +5.85000000000000000000e+09
  +5.90000000000000000000e+09
  +5.95000000000000000000e+09
  +6.00000000000000000000e+09
  +6.05000000000000000000e+09
  +6.10000000000000000000e+09
  +6.15000000000000000000e+09
  +6.20000000000000000000e+09
  +6.25000000000000000000e+09
  +6.30000000000000000000e+09
  +6.35000000000000000000e+09
  +6.40000000000000000000e+09
  +6.45000000000000000000e+09
  +6.50000000000000000000e+09
  +6.55000000000000000000e+09
  +6.60000000000000000000e+09
  +6.65000000000000000000e+09
  +6.70000000000000000000e+09
  +6.75000000000000000000e+09
  +6.80000000000000000000e+09
  +6.85000000000000000000e+09
  +6.90000000000000000000e+09
  +6.95000000000000000000e+09
  +7.00000000000000000000e+09
  +7.05000000000000000000e+09
  +7.10000000000000000000e+09
  +7.15000000000000000000e+09
  +7.20000000000000000000e+09
  +7.25000000000000000000e+09
  +7.30000000000000000000e+09
  +7.35000000000000000000e+09
  +7.40000000000000000000e+09
  +7.45000000000000000000e+09
  +7.50000000000000000000e+09
  +7.55000000000000000000e+09
  +7.60000000000000000000e+09
  +7.65000000000000000000e+09
  +7.70000000000000000000e+09
  +7.75000000000000000000e+09
  +7.80000000000000000000e+09
  +7.85000000000000000000e+09
  +7.90000000000000000000e+09
  +7.95000000000000000000e+09
  +8.00000000000000000000e+09
  +8.05000000000000000000e+09
  +8.10000000000000000000e+09
  +8.15000000000000000000e+09
  +8.20000000000000000000e+09
  +8.25000000000000000000e+09
  +8.30000000000000000000e+09
  +8.35000000000000000000e+09
  +8.40000000000000000000e+09
  +8.45000000000000000000e+09
  +8.50000000000000000000e+09
  +8.55000000000000000000e+09
  +8.60000000000000000000e+09
  +8.65000000000000000000e+09
  +8.70000000000000000000e+09
  +8.75000000000000000000e+09
  +8.80000000000000000000e+09
  +8.85000000000000000000e+09
  +8.90000000000000000000e+09
  +8.95000000000000000000e+09
  +9.00000000000000000000e+09
  +9.05000000000000000000e+09
  +9.10000000000000000000e+09
  +9.15000000000000000000e+09
  +9.20000000000000000000e+09
  +9.25000000000000000000e+09
  +9.30000000000000000000e+09
  +9.35000000000000000000e+09
  +9.40000000000000000000e+09
  +9.45000000000000000000e+09
  +9.50000000000000000000e+09
  +9.55000000000000000000e+09
  +9.60000000000000000000e+09
  +9.65000000000000000000e+09
  +9.70000000000000000000e+09
  +9.75000000000000000000e+09
  +9.80000000000000000000e+09
  +9.85000000000000000000e+09
  +9.90000000000000000000e+09
  +9.95000000000000000000e+09
  +1.00000000000000000000e+10
</indep>
<dep S21_phase frequency>
  -6.71453165480711078317e+01
  -7.04807545426394881360e+01
  -7.38025115660867925271e+01
  -7.71080727808730017614e+01
  -8.03948565978586202618e+01
  -8.36602467524467954263e+01
  -8.69016250837859018930e+01
  -9.01164041345878814582e+01
  -9.33020587031916903697e+01
  -9.64561555351537691649e+01
  -9.95763804345099998727e+01
  -1.02660562198311808402e+02
  -1.05706692922759344810e+02
  -1.08712944385566714800e+02
  -1.11677680366848832705e+02
  -1.14599464920669277035e+02
  -1.17477066743624618539e+02
  -1.20309459899898882895e+02
  -1.23095821250568121741e+02
  -1.25835524997251084756e+02
  -1.28528134787117494398e+02
  -1.31173393839891531343e+02
  -1.33771213551052284174e+02
  -1.36321661002705241117e+02
  -1.38824945778714237576e+02
  -1.41281406437483781247e+02
  -1.43691496947899253200e+02
  -1.46055773344387631596e+02
  -1.48374880808321904624e+02
  -1.50649541336909209122e+02
  -1.52880542118591762346e+02
  -1.55068724696582108891e+02
  -1.57214974969896701396e+02
  -1.59320214054133060699e+02
  -1.61385390002084051275e+02
  -1.63411470366726575776e+02
  -1.65399435575712686841e+02
  -1.67350273076662915628e+02
  -1.69264972205846191855e+02
  -1.71144519728674453063e+02
  -1.72989895998357127382e+02
  -1.74802071678666493426e+02
  -1.76582004977621664921e+02
  -1.78330639340728140496e+02
  +1.79951098445086671518e+02
  +1.78262299782743724563e+02
  +1.76602075474152371726e+02
  +1.74969556646526115173e+02
  +1.73363895431779440059e+02
  +1.71784265431612368502e+02
  +1.70229861997659043027e+02
  +1.68699902353068182492e+02
  +1.67193625579021727390e+02
  +1.65710292487061991551e+02
  +1.64249185395677841370e+02
  +1.62809607827378613365e+02
  +1.61390884140479528241e+02
  +1.59992359108013744162e+02
  +1.58613397454552142563e+02
  +1.57253383360282498415e+02
  +1.55911719940383591165e+02
  +1.54587828706605989737e+02
  +1.53281149016953833097e+02
  +1.51991137518483981239e+02
  +1.50717267587442108834e+02
  +1.49459028770295390132e+02
  +1.48215926228617234983e+02
  +1.46987480190256889045e+02
  +1.45773225408799703473e+02
  +1.44572710632913185691e+02
  +1.43385498086889498381e+02
  -3.77888370367467274491e+01
  -3.89507070715456649168e+01
  -4.01005123582567151175e+01
  -4.12386417119278689825e+01
  -4.23654728751298748080e+01
  -4.34813729570468936458e+01
  -4.45866988585161010405e+01
  -4.56817976830857617188e+01
  -4.67670071343223270333e+01
  -4.78426558995494843884e+01
  -4.89090640203518773887e+01
  -4.99665432501329362935e+01
  -5.10153973990981128850e+01
  -5.20559226670273247350e+01
  -5.30884079642309458791e+01
  -5.41131352210839295935e+01
  -5.51303796865530131299e+01
  -5.61404102161145814875e+01
  -5.71434895494828154483e+01
  -5.81398745785496657845e+01
  -5.91298166059362699798e+01
  -6.01135615945576518016e+01
  -6.10913504085830609824e+01
  -6.20634190461739834177e+01
  -6.30299988643709880876e+01
  -6.39913167964836233637e+01
  -6.49475955623430536434e+01
  -6.58990538717468297136e+01
  -6.68459066214307853215e+01
  -6.77883650858804998052e+01
  -6.87266371022937221369e+01
  -6.96609272499882905549e+01
  -7.05914370245347697619e+01
  -7.15183650069013623352e+01
  -7.24419070278627543757e+01
  -7.33622563279360520028e+01
  -7.42796037130857911279e+01
  -7.51941377064346596626e+01
  -7.61060446962036962759e+01
  -7.70155090801053887617e+01
  -7.79227134063925319651e+01
  -7.88278385117678084271e+01
  -7.97310636563435082280e+01
  -8.06325666558393976402e+01
  -8.15325240111934732568e+01
  -8.24311110357555207884e+01
  -8.33285019802281965440e+01
  -8.42248701555076024761e+01
  -8.51203880535738619528e+01
  -8.60152274665758937999e+01
  -8.69095596042379696655e+01
  -8.78035552097266105420e+01
  -8.86973846740909692699e+01
  -8.95912181493962549439e+01
  -9.04852256606590685806e+01
  -9.13795772166846944629e+01
  -9.22744429199034783551e+01
  -9.31699930752938598744e+01
  -9.40663982984733593185e+01
  -9.49638296230320406721e+01
  -9.58624586071762081474e+01
  -9.67624574397376875368e+01
  -9.76639990456028357357e+01
  -9.85672571906019641119e+01
  -9.94724065858920738492e+01
  -1.00379622991854105862e+02
  -1.01289083321521118819e+02
  -1.02200965743536386299e+02
  -1.03115449784633824493e+02
  -1.04032716431615440911e+02
  -1.04952948232793289662e+02
  -1.05876329398842628393e+02
  -1.06803045903001361694e+02
  -1.07733285580533191705e+02
  -1.08667238227350892998e+02
  -1.09605095697683253775e+02
  -1.10547052000635886770e+02
  -1.11493303395488936758e+02
  -1.12444048485534537463e+02
  -1.13399488310241068234e+02
  -1.14359826435495321562e+02
  -1.15325269041645668722e+02
  -1.16296025009034906361e+02
  -1.17272306000676181270e+02
  -1.18254326541679063212e+02
  -1.19242304095004584497e+02
  -1.20236459133064329308e+02
  -1.21237015204649424049e+02
  -1.22244198996603969931e+02
  -1.23258240389618023869e+02
  -1.24279372507442786855e+02
  -1.25307831758776416109e+02
  -1.26343857870994625614e+02
  -1.27387693914831615416e+02
  -1.28439586319040870421e+02
  -1.29499784873984850719e+02
  -1.30568542723017486651e+02
  -1.31646116340436975634e+02
  -1.32732765494694376684e+02
  -1.33828753195445159463e+02
  -1.34934345622937399867e+02
  -1.36049812038126049174e+02
  -1.37175424671799646603e+02
  -1.38311458590903242794e+02
  -1.39458191540138358278e+02
  -1.40615903756813935388e+02
  -1.41784877756828990414e+02
  -1.42965398089562540918e+02
  -1.44157751059370212943e+02
  -1.45362224411291464321e+02
</dep>
<dep S11_phase frequency>
  -1.57104379136002165751e+02
  -1.60446058154817308150e+02
  -1.63773929672005806424e+02
  -1.67085483317630632882e+02
  -1.70378140307665546516e+02
  -1.73649285925199222902e+02
  -1.76896302616942563191e+02
  +1.79883397156861832400e+02
  +1.76692339172364086153e+02
  +1.73532957593402130669e+02
  +1.70407567735506034978e+02
  +1.67318342032569745470e+02
  +1.64267289652812081613e+02
  +1.61256240055474989958e+02
  +1.58286830622827466186e+02
  +1.55360498352837225866e+02
  +1.52478475464098892189e+02
  +1.49641788651915504715e+02
  +1.46851261646398057792e+02
  +1.44107520661339776780e+02
  +1.41411002285912104526e+02
  +1.38761963357749777970e+02
  +1.36160492362553412704e+02
  +1.33606521928178864300e+02
  +1.31099842016143583123e+02
  +1.28640113456767068101e+02
  +1.26226881522095524701e+02
  +1.23859589280371423570e+02
  +1.21537590524583052343e+02
  +1.19260162113760287639e+02
  +1.17026515607825899679e+02
  +1.14835808114243690170e+02
  +1.12687152296995037659e+02
  +1.10579625525548919995e+02
  +1.08512278163667531317e+02
  +1.06484141015452266288e+02
  +1.04494231959471619575e+02
  +1.02541561811636441348e+02
  +1.00625139464225341612e+02
  +9.87439763526219138612e+01
  +9.68970903034142168053e+01
  +9.50835088179123886221e+01
  +9.33022718442812504236e+01
  +9.15524340896624693187e+01
  +8.98330669211621852810e+01
  +8.81432599016189897156e+01
  +8.64821220028387216416e+01
  +8.48487825356149443223e+01
  +8.32423918324690106374e+01
  +8.16621217157252488050e+01
  +8.01071657803312149326e+01
  +7.85767395178008740686e+01
  +7.70700803048089397862e+01
  +7.55864472773337467970e+01
  +7.41251211088072636812e+01
  +7.26854037085264934603e+01
  +7.12666178545665047750e+01
  +6.98681067736223297970e+01
  +6.84892336785884907613e+01
  +6.71293812732247658914e+01
  +6.57879512319754837790e+01
  +6.44643636618577318131e+01
  +6.31580565523300236919e+01
  +6.18684852181627960022e+01
  +6.05951217395506205321e+01
  +5.93374544030295538732e+01
  +5.80949871461636035974e+01
  +5.68672390084508805330e+01
  +5.56537435904515334073e+01
  +5.44540485227520107969e+01
  +5.32677149460479171239e+01
  +5.20943170033392988216e+01
  +5.09334413449902072557e+01
  +4.97846866471925935116e+01
  +4.86476631441988160987e+01
  +4.75219921745367912536e+01
  +4.64073057412953460243e+01
  +4.53032460864617192442e+01
  +4.42094652792081745929e+01
  +4.31256248179477097437e+01
  +4.20513952459252067229e+01
  +4.09864557800597779647e+01
  +3.99304939527182511938e+01
  +3.88832052660692824020e+01
  +3.78442928586470443975e+01
  +3.68134671837354048307e+01
  +3.57904456991756418915e+01
  +3.47749525681903079999e+01
  +3.37667183708166760425e+01
  +3.27654798255404386964e+01
  +3.17709795207237704062e+01
  +3.07829656554278017211e+01
  +2.98011917892319289081e+01
  +2.88254166006643366416e+01
  +2.78554036538637923570e+01
  +2.68909211731015140856e+01
  +2.59317418248056377195e+01
  +2.49776425067351439679e+01
  +2.40284041439671334217e+01
  +2.30838114913664718131e+01
  +2.21436529422214221086e+01
  +2.12077203427381846268e+01
  +2.02758088120968835710e+01
  +1.93477165677853655268e+01
  +1.84232447559330765330e+01
  +1.75021972863816301924e+01
  +1.65843806722355253669e+01
  +1.56696038736482083920e+01
  +1.47576781456061940645e+01
  +1.38484168894854988707e+01
  +1.29416355081601626154e+01
  +1.20371512644548346316e+01
  +1.11347831427388967995e+01
  +1.02343517134692021386e+01
  +9.33567900049523835548e+00
  +8.43858835095009318650e+00
  +7.54290430755406493546e+00
  +6.64845248317080539380e+00
  +5.75505943745610526463e+00
  +4.86255255545274511775e+00
  +3.97075992798589272326e+00
  +3.07951023372563970071e+00
  +2.18863262278437975539e+00
  +1.29795660172744753424e+00
  +4.07311919880464612387e-01
  -4.83471543177652951506e-01
  -1.37456388903858139905e+00
  -2.26613531090253372824e+00
  -3.15835620312052522962e+00
  -4.05139726992373994108e+00
  -4.94542963341552077594e+00
  -5.84062494089519113061e+00
  -6.73715547157362681929e+00
  -7.63519424273371338785e+00
  -8.53491511537913716268e+00
  -9.43649289940703361879e+00
  -1.03401034583293629510e+01
  -1.12459238135589405516e+01
  -1.21541322482639877478e+01
  -1.30649084107849464687e+01
  -1.39784334175919635612e+01
  -1.48948899557534577553e+01
  -1.58144623848646830311e+01
  -1.67373368383761977896e+01
  -1.76637013242412663772e+01
  -1.85937458247851772342e+01
  -1.95276623956790729153e+01
  -2.04656452638799848387e+01
  -2.14078909243758808145e+01
  -2.23545982355506751560e+01
  -2.33059685129553635363e+01
  -2.42622056212463270697e+01
  -2.52235160640156657053e+01
  -2.61901090712096298319e+01
  -2.71621966837939332606e+01
  -2.81399938352809400044e+01
  -2.91237184297010891498e+01
  -3.01135914155451374086e+01
  -3.11098368551653585712e+01
  -3.21126819890634180865e+01
  -3.31223572944439297316e+01
  -3.41390965373483368239e+01
  -3.51631368176239149648e+01
  -3.61947186059146162052e+01
  -3.72340857717875053368e+01
  -3.82814856020356657496e+01
  -3.93371688081177168783e+01
  -4.04013895216103122721e+01
  -4.14744052764628960972e+01
  -4.25564769767526627220e+01
  -4.36478688485422097187e+01
  -4.47488483743465437215e+01
  -4.58596862086130556690e+01
  -4.69806560725180517579e+01
  -4.81120346262788416425e+01
  -4.92541013170779535812e+01
  -5.04071382005926622583e+01
  -5.15714297340268004177e+01
  -5.27472625384406654803e+01
  -5.39349251280939796516e+01
  -5.51347076044301331876e+01
</dep>
<dep S21_dB frequency>
  -1.45030156957412525998e+00
  -1.61163745052549911563e+00
  -1.78280973938728548589e+00
  -1.96389248381204617466e+00
  -2.15492546840744969572e+00
  -2.35591319028778389821e+00
  -2.56682459711646426825e+00
  -2.78759359378491877735e+00
  -3.01812029660961567146e+00
  -3.25827298805721188302e+00
  -3.50789070212250386760e+00
  -3.76678635189480726098e+00
  -4.03475029747341285002e+00
  -4.31155424471566650624e+00
  -4.59695536335960497354e+00
  -4.89070051646266001910e+00
  -5.19253050110637026648e+00
  -5.50218421200503193802e+00
  -5.81940265392597666505e+00
  -6.14393274462179306283e+00
  -6.47553086626465024267e+00
  -6.81396613932062944485e+00
  -7.15902340772798240209e+00
  -7.51050593766525498296e+00
  -7.86823784386805336055e+00
  -8.23206626724528334194e+00
  -8.60186333554293725001e+00
  -8.97752794515202268144e+00
  -9.35898740712729093616e+00
  -9.74619900437659580916e+00
  -1.01391515101565374835e+01
  -1.05378667208210856643e+01
  -1.09424010586085014296e+01
  -1.13528473035035641914e+01
  -1.17693365172758195314e+01
  -1.21920402281222788332e+01
  -1.26211729514088197845e+01
  -1.30569951313792991243e+01
  -1.34998166010725544339e+01
  -1.39500006739207353945e+01
  -1.44079690016843322553e+01
  -1.48742073609928304734e+01
  -1.53492725667280023316e+01
  -1.58338007574566930202e+01
  -1.63285173597039872107e+01
  -1.68342491190737320039e+01
  -1.73519386941196742669e+01
  -1.78826624534543086043e+01
  -1.84276523122701476609e+01
  -1.89883227122591975444e+01
  -1.95663042200227188516e+01
  -2.01634857403442389057e+01
  -2.07820680840487348462e+01
  -2.14246327078408498323e+01
  -2.20942310347272332649e+01
  -2.27945021610215725616e+01
  -2.35298304502543516037e+01
  -2.43055603523601782001e+01
  -2.51282952778719419484e+01
  -2.60063232933432431082e+01
  -2.69502401698499198801e+01
  -2.79738908087641746647e+01
  -2.90958466252861995827e+01
  -3.03418325241478683552e+01
  -3.17489452844584896241e+01
  -3.33735292596923329711e+01
  -3.53073287183070121387e+01
  -3.77152061905437037126e+01
  -4.09420566975276685184e+01
  -4.59356643428389901374e+01
  -5.81690640435799934949e+01
  -5.21243441929919626432e+01
  -4.43103306209464093968e+01
  -4.03494105539785721248e+01
  -3.76989036921023910054e+01
  -3.57163032884368689679e+01
  -3.41392889442882747630e+01
  -3.28346660716103784239e+01
  -3.17254491096792570204e+01
  -3.07631015478351024228e+01
  -2.99150446756848751306e+01
  -2.91583488772971044511e+01
  -2.84762639797941403685e+01
  -2.78561813083228528853e+01
  -2.72883722497043734734e+01
  -2.67651732837563542944e+01
  -2.62804403273564837207e+01
  -2.58291721830512415181e+01
  -2.54072438562122293604e+01
  -2.50112133834681387157e+01
  -2.46381791209792488928e+01
  -2.42856724571314650518e+01
  -2.39515758946858845491e+01
  -2.36340596273247847137e+01
  -2.33315318156169126951e+01
  -2.30425991579609821258e+01
  -2.27660353000213078190e+01
  -2.25007552839497968478e+01
  -2.22457947025779745331e+01
  -2.20002925557550810254e+01
  -2.17634770468646578934e+01
  -2.15346537344820809778e+01
  -2.13131955856122878856e+01
  -2.10985345757082320972e+01
  -2.08901545555862035997e+01
  -2.06875851627290430201e+01
  -2.04903965987712979313e+01
  -2.02981951294723685919e+01
  -2.01106191905506683781e+01
  -1.99273360041541529597e+01
  -1.97480386277625932223e+01
  -1.95724433709540797111e+01
  -1.94002875264480891815e+01
  -1.92313273707364693621e+01
  -1.90653363968640974235e+01
  -1.89021037478564650769e+01
  -1.87414328241731844571e+01
  -1.85831400426097417267e+01
  -1.84270537274173165088e+01
  -1.82730131172111640581e+01
  -1.81208674735757071517e+01
  -1.79704752792473883005e+01
  -1.78217035154104657124e+01
  -1.76744270090535238182e+01
  -1.75285278425246957568e+01
  -1.73838948184433021993e+01
  -1.72404229739970844548e+01
  -1.70980131394006242829e+01
  -1.69565715359322233269e+01
  -1.68160094095233567657e+01
  -1.66762426963520908885e+01
  -1.65371917173091347308e+01
  -1.63987808985670824313e+01
  -1.62609385157983012959e+01
  -1.61235964598634566869e+01
  -1.59866900220333096883e+01
  -1.58501576970200233063e+01
  -1.57139410022791015109e+01
  -1.55779843122090451146e+01
  -1.54422347060209670389e+01
  -1.53066418281804050849e+01
  -1.51711577604347898074e+01
  -1.50357369045470274926e+01
  -1.49003358749414402951e+01
  -1.47649134005523414714e+01
  -1.46294302352370149123e+01
  -1.44938490761797709183e+01
  -1.43581344897724960674e+01
  -1.42222528445092883942e+01
  -1.40861722504797164390e+01
  -1.39498625050887596899e+01
  -1.38132950446682301049e+01
  -1.36764429016817210538e+01
  -1.35392806672540260138e+01
  -1.34017844587845331716e+01
  -1.32639318924332769711e+01
  -1.31257020602848921698e+01
  -1.29870755120238534630e+01
  -1.28480342409662018355e+01
  -1.27085616743154332653e+01
  -1.25686426675201996517e+01
  -1.24282635026277823442e+01
  -1.22874118905368128196e+01
  -1.21460769770614351870e+01
  -1.20042493527293991917e+01
  -1.18619210662397467360e+01
  -1.17190856415116009259e+01
  -1.15757380982574318296e+01
  -1.14318749760153366424e+01
  -1.12874943615727136859e+01
  -1.11425959197114679000e+01
  -1.09971809271979896749e+01
  -1.08512523099347397704e+01
  -1.07048146831795811806e+01
  -1.05578743947258715252e+01
  -1.04104395709216142052e+01
  -1.02625201653873094898e+01
  -1.01141280102695603205e+01
  -9.96527686984567040440e+00
  -9.81598249626224905739e+00
  -9.66626268716280279136e+00
</dep>
<dep S11_dB frequency>
  -5.55593742373610410823e+00
  -5.16972511653246691310e+00
  -4.80779526490877540112e+00
  -4.46855004233372188338e+00
  -4.15057962312499206803e+00
  -3.85262401916239571875e+00
  -3.57354287016833627177e+00
  -3.31229156623678555604e+00
  -3.06790246837254798606e+00
  -2.83947026471075059106e+00
  -2.62614069404443739586e+00
  -2.42710200946392706811e+00
  -2.24157866061264510193e+00
  -2.06882675500453538930e+00
  -1.90813092499612646513e+00
  -1.75880228257544901638e+00
  -1.62017719244122027078e+00
  -1.49161663684933731844e+00
  -1.37250598447779026401e+00
  -1.26225501059744371624e+00
  -1.16029804730375118993e+00
  -1.06609417048214738521e+00
  -9.79127354533952498628e-01
  -8.98906546708416742675e-01
  -8.24965630262278759588e-01
  -7.56863259788112086035e-01
  -6.94182563167852317854e-01
  -6.36530713031331130125e-01
  -5.83538376677862014041e-01
  -5.34859057510611690667e-01
  -4.90168343490417768304e-01
  -4.49163079273471821384e-01
  -4.11560478852216249379e-01
  -3.77097194937913049451e-01
  -3.45528360228845088375e-01
  -3.16626614283941398842e-01
  -2.90181128114690045638e-01
  -2.65996636933203245423e-01
  -2.43892489833177211755e-01
  -2.23701723595053303395e-01
  -2.05270166336120496453e-01
  -1.88455575393590035738e-01
  -1.73126812646645811267e-01
  -1.59163059453871630344e-01
  -1.46453072501019188056e-01
  -1.34894481113229769420e-01
  -1.24393125973236096105e-01
  -1.14862438691034490779e-01
  -1.06222861276725047408e-01
  -9.84013042650423441771e-02
  -9.13306420126765855505e-02
  -8.49492435291135383757e-02
  -7.92005370947063830345e-02
  -7.40326068588984254060e-02
  -6.93978195871994829602e-02
  -6.52524797309528559186e-02
  -6.15565110224210038092e-02
  -5.82731628445461932730e-02
  -5.53687396844607382373e-02
  -5.28123520500231036223e-02
  -5.05756873045014321288e-02
  -4.86327989552232733961e-02
  -4.69599130143805582049e-02
  -4.55352501331573872312e-02
  -4.43388622921318947823e-02
  -4.33524829114651788498e-02
  -4.25593893218529639721e-02
  -4.19442766119852636364e-02
  -4.14931419394251460586e-02
  -4.11931784594579061820e-02
  -4.10326780902749502222e-02
  -4.10009423927449462299e-02
  -4.10882008994743197494e-02
  -4.12855362801816810903e-02
  -4.15848157793871353594e-02
  -4.19786284079794735913e-02
  -4.24602274121898479176e-02
  -4.30234775828313223411e-02
  -4.36628070033655349413e-02
  -4.43731628690308271823e-02
  -4.51499710396489062347e-02
  -4.59890990172928046387e-02
  -4.68868220656887407793e-02
  -4.78397922123848032272e-02
  -4.88450098965783410798e-02
  -4.98997980456546835759e-02
  -5.10017783819870298978e-02
  -5.21488497785799823281e-02
  -5.33391684975803928581e-02
  -5.45711301601123355276e-02
  -5.58433533088183095550e-02
  -5.71546644364929259940e-02
  -5.85040843653361689047e-02
  -5.98908158711708091260e-02
  -6.13142324563887772260e-02
  -6.27738681837438916578e-02
  -6.42694084909073704015e-02
  -6.58006819128229836213e-02
  -6.73676526453587665166e-02
  -6.89704138898214330622e-02
  -7.06091819233436862602e-02
  -7.22842908452571847322e-02
  -7.39961879542132550114e-02
  -7.57454297149677685530e-02
  -7.75326782779788420408e-02
  -7.93586985182711396325e-02
  -8.12243555636216474358e-02
  -8.31306127851316467581e-02
  -8.50785302261615472563e-02
  -8.70692634482220229053e-02
  -8.91040627750733366108e-02
  -9.11842729182748834571e-02
  -9.33113329700534926969e-02
  -9.54867767508110754093e-02
  -9.77122335011473136523e-02
  -9.99894289094763188963e-02
  -1.02320186468307525174e-01
  -1.04706429153978541891e-01
  -1.07150181425705065541e-01
  -1.09653571541884362062e-01
  -1.12218834192353983381e-01
  -1.14848313447186822778e-01
  -1.17544466023531440912e-01
  -1.20309864873503813421e-01
  -1.23147203097151991535e-01
  -1.26059298185937918024e-01
  -1.29049096603209872969e-01
  -1.32119678709269383621e-01
  -1.35274264039986241714e-01
  -1.38516216948749382176e-01
  -1.41849052622958549108e-01
  -1.45276443487219797390e-01
  -1.48802226006548382609e-01
  -1.52430407903992065632e-01
  -1.56165175808406525571e-01
  -1.60010903348891231346e-01
  -1.63972159713765941458e-01
  -1.68053718693148168573e-01
  -1.72260568225024113254e-01
  -1.76597920466226521174e-01
  -1.81071222410485344056e-01
  -1.85686167077113134516e-01
  -1.90448705294822689948e-01
  -1.95365058106319294806e-01
  -2.00441729820427239073e-01
  -2.05685521739320920087e-01
  -2.11103546589767876451e-01
  -2.16703243687763558167e-01
  -2.22492394867246479073e-01
  -2.28479141203912439195e-01
  -2.34672000566201216509e-01
  -2.41079886025658302051e-01
  -2.47712125159619100945e-01
  -2.54578480278998153796e-01
  -2.61689169614335137570e-01
  -2.69054889492452931066e-01
  -2.76686837536066709831e-01
  -2.84596736917346215812e-01
  -2.92796861695386489988e-01
  -3.01300063265611428598e-01
  -3.10119797947030817475e-01
  -3.19270155730312810149e-01
  -3.28765890206166200294e-01
  -3.38622449689308713250e-01
  -3.48856009547993339837e-01
  -3.59483505743316444914e-01
  -3.70522669575097995942e-01
  -3.81992063622991706584e-01
  -3.93911118861635989319e-01
  -4.06300172917802793204e-01
  -4.19180509424345648650e-01
  -4.32574398411509297713e-01
  -4.46505137659407580486e-01
  -4.60997094916812844012e-01
  -4.76075750870174174700e-01
  -4.91767742723329792653e-01
  -5.08100908221648217555e-01
  -5.25104329925199064810e-01
  -5.42808379502451088250e-01
  -5.61244761780628542702e-01
  -5.80446558248400745761e-01
</dep>
<dep Zin_ohm frequency>
  +9.22531555012026387885e+02
  +8.40372639101695085628e+02
  +7.62525391704964931705e+02
  +6.89666896091583907946e+02
  +6.22701323348580785932e+02
  +5.62835983666638298928e+02
  +5.11635667494521044318e+02
  +4.70990131422234185266e+02
  +4.42889205317317646404e+02
  +4.28933467148637589617e+02
  +4.29716495893727653765e+02
  +4.44478317100075514645e+02
  +4.71334184010421267885e+02
  +5.07898000943469469348e+02
  +5.51861902216418570788e+02
  +6.01299414048143944456e+02
  +6.54729795244234082929e+02
  +7.11064010074110683490e+02
  +7.69518354217545493157e+02
  +8.29534286424950209948e+02
  +8.90715389920675761459e+02
  +9.52781146140063697203e+02
  +1.01553404058438536595e+03
  +1.07883640219735252685e+03
  +1.14259410289310881126e+03
  +1.20674502843441518962e+03
  +1.27125086158292765504e+03
  +1.33609117443531386016e+03
  +1.40125914294151834838e+03
  +1.46675841175872665190e+03
  +1.53260078327440191970e+03
  +1.59880450343106576838e+03
  +1.66539298436709827911e+03
  +1.73239385020305712715e+03
  +1.79983822442766381755e+03
  +1.86776019983715650596e+03
  +1.93619644789729318290e+03
  +2.00518593576914440746e+03
  +2.07476972744650811364e+03
  +2.14499085143456159130e+03
  +2.21589422180167139231e+03
  +2.28752660270955675514e+03
  +2.35993660898471853216e+03
  +2.43317473715934920619e+03
  +2.50729342284171480060e+03
  +2.58234712138879331178e+03
  +2.65839240973109872357e+03
  +2.73548810790259176429e+03
  +2.81369541940279032133e+03
  +2.89307808999763710744e+03
  +2.97370258497706117851e+03
  +3.05563828524992868552e+03
  +3.13895770298792876929e+03
  +3.22373671784070393187e+03
  +3.31005483504777021153e+03
  +3.39799546707552144653e+03
  +3.48764624072014430567e+03
  +3.57909933194671884849e+03
  +3.67245183108810897465e+03
  +3.76780614141427622599e+03
  +3.86527041450904835074e+03
  +3.96495902636899654681e+03
  +4.06699309867562351428e+03
  +4.17150107030055369250e+03
  +4.27861932479657843942e+03
  +4.38849288042013995437e+03
  +4.50127615014208004141e+03
  +4.61713378015372745722e+03
  +4.73624157659021875588e+03
  +4.85878753160262476740e+03
  +4.98497296155085405189e+03
  +5.11501377200439037551e+03
  +5.24914186647931546759e+03
  +5.38760671847281537339e+03
  +5.53067712945665243751e+03
  +5.67864319915444866638e+03
  +5.83181853876992954611e+03
  +5.99054276299754110369e+03
  +6.15518430280926804699e+03
  +6.32614358839317628735e+03
  +6.50385666049108385778e+03
  +6.68879927909019625076e+03
  +6.88149161139604802884e+03
  +7.08250359679795747070e+03
  +7.29246110582656274346e+03
  +7.51205303378249845991e+03
  +7.74203949892400123645e+03
  +7.98326135131409864698e+03
  +8.23665124355791522248e+03
  +8.50324657121899690537e+03
  +8.78420466199501424853e+03
  +9.08082068314832940814e+03
  +9.39454885210015709163e+03
  +9.72702768342330818996e+03
  +1.00801101974781176978e+04
  +1.04559002663967494300e+04
  +1.08567966024827546789e+04
  +1.12855463309652805037e+04
  +1.17453106738544793188e+04
  +1.22397460621970021748e+04
  +1.27731050739532984153e+04
  +1.33503630866009189049e+04
  +1.39773786195883076289e+04
  +1.46610982967301115423e+04
  +1.54098216038139180455e+04
  +1.62335468091379771067e+04
  +1.71444285988282281323e+04
  +1.81573918490970900166e+04
  +1.92909673259043956932e+04
  +2.05684487510479739285e+04
  +2.20195249607078840199e+04
  +2.36826308632693035179e+04
  +2.56084146251209458569e+04
  +2.78649902373412187444e+04
  +3.05461438951588497730e+04
  +3.37846216515037522186e+04
  +3.77745649570146852056e+04
  +4.28113240197614431963e+04
  +4.93664738453867903445e+04
  +5.82399219219621591037e+04
  +7.08977895719614898553e+04
  +9.03136127786050346913e+04
  +1.23367020854076894466e+05
  +1.88300289060841489118e+05
  +3.15257043049213651102e+05
  +2.97837240569874702487e+05
  +1.77182545988973492058e+05
  +1.17979287082103110151e+05
  +8.72678261783357011154e+04
  +6.89513568848976574373e+04
  +5.68841090702994624735e+04
  +4.83613809009711185354e+04
  +4.20305297904499893775e+04
  +3.71455461819826814462e+04
  +3.32629390064991966938e+04
  +3.01031034221305490064e+04
  +2.74812615553090327012e+04
  +2.52705112013624020619e+04
  +2.33808629684626612288e+04
  +2.17467549256316742685e+04
  +2.03193048927026029560e+04
  +1.90613311173421679996e+04
  +1.79440537650394981029e+04
  +1.69448513681902368262e+04
  +1.60456989531941871974e+04
  +1.52320580947403923346e+04
  +1.44920734957453314564e+04
  +1.38159817609779875056e+04
  +1.31956697871296164521e+04
  +1.26243404153417923226e+04
  +1.20962561532502058981e+04
  +1.16065405086138689512e+04
  +1.11510223789171541284e+04
  +1.07261129955959404469e+04
  +1.03287077487533897511e+04
  +9.95610721741815541463e+03
  +9.60595316239933163160e+03
  +9.27617627687866479391e+03
  +8.96495325081996088556e+03
  +8.67067126889597602712e+03
  +8.39189848316558891383e+03
  +8.12735931988894753886e+03
  +7.87591372205448897148e+03
  +7.63653961504090966628e+03
  +7.40831802653890918009e+03
  +7.19042040376765635301e+03
  +6.98209775876644198433e+03
  +6.78267134178258129396e+03
  +6.59152459774847739027e+03
  +6.40809620473747963842e+03
  +6.23187402853438561579e+03
  +6.06238985590495485667e+03
  +5.89921479222686957655e+03
  +5.74195522795396846050e+03
  +5.59024929378728120355e+03
  +5.44376373709217659780e+03
  +5.30219116256098368467e+03
  +5.16524758879297405656e+03
  +5.03267027968339152721e+03
  +4.90421581554359454458e+03
  +4.77965837393231231545e+03
</dep>
<dep Zin_norm frequency>
  +1.84506311002405283261e+01
  +1.68074527820339021389e+01
  +1.52505078340992987762e+01
  +1.37933379218316787274e+01
  +1.24540264669716158608e+01
  +1.12567196733327659075e+01
  +1.02327133498904210285e+01
  +9.41980262844468363426e+00
  +8.85778410634635271492e+00
  +8.57866934297275207655e+00
  +8.59432991787455335952e+00
  +8.88956634200151007974e+00
  +9.42668368020842528665e+00
  +1.01579600188693888185e+01
  +1.10372380443283706342e+01
  +1.20259882809628777522e+01
  +1.30945959048846809480e+01
  +1.42212802014822141672e+01
  +1.53903670843509097210e+01
  +1.65906857284990039147e+01
  +1.78143077984135160818e+01
  +1.90556229228012732335e+01
  +2.03106808116877068926e+01
  +2.15767280439470496844e+01
  +2.28518820578621770778e+01
  +2.41349005686883018029e+01
  +2.54250172316585540955e+01
  +2.67218234887062777716e+01
  +2.80251828588303659728e+01
  +2.93351682351745353117e+01
  +3.06520156654880402414e+01
  +3.19760900686213140887e+01
  +3.33078596873419670032e+01
  +3.46478770040611436798e+01
  +3.59967644885532749299e+01
  +3.73552039967431284140e+01
  +3.87239289579458656476e+01
  +4.01037187153828895703e+01
  +4.14953945489301645466e+01
  +4.28998170286912312577e+01
  +4.43178844360334238672e+01
  +4.57505320541911331134e+01
  +4.71987321796943675167e+01
  +4.86634947431869875345e+01
  +5.01458684568342931698e+01
  +5.16469424277758619723e+01
  +5.31678481946219747556e+01
  +5.47097621580518307383e+01
  +5.62739083880558084161e+01
  +5.78615617999527458437e+01
  +5.94740516995412207280e+01
  +6.11127657049985728577e+01
  +6.27791540597585751016e+01
  +6.44747343568140820480e+01
  +6.62010967009554036622e+01
  +6.79599093415104249516e+01
  +6.97529248144028883871e+01
  +7.15819866389343815172e+01
  +7.34490366217621755140e+01
  +7.53561228282855211091e+01
  +7.73054082901809636041e+01
  +7.92991805273799315046e+01
  +8.13398619735124697172e+01
  +8.34300214060110647551e+01
  +8.55723864959315676515e+01
  +8.77698576084028019295e+01
  +9.00255230028415951438e+01
  +9.23426756030745536918e+01
  +9.47248315318043836442e+01
  +9.71757506320524981902e+01
  +9.96994592310170872906e+01
  +1.02300275440087816037e+02
  +1.04982837329586317310e+02
  +1.07752134369456300078e+02
  +1.10613542589133047045e+02
  +1.13572863983088979012e+02
  +1.16636370775398589217e+02
  +1.19810855259950827190e+02
  +1.23103686056185352982e+02
  +1.26522871767863520631e+02
  +1.30077133209821681703e+02
  +1.33775985581803922742e+02
  +1.37629832227920957166e+02
  +1.41650071935959147140e+02
  +1.45849222116531251459e+02
  +1.50241060675649976019e+02
  +1.54840789978480017908e+02
  +1.59665227026281968392e+02
  +1.64733024871158306723e+02
  +1.70064931424379921054e+02
  +1.75684093239900278149e+02
  +1.81616413662966579068e+02
  +1.87890977042003129327e+02
  +1.94540553668466145609e+02
  +2.01602203949562351681e+02
  +2.09118005327934980642e+02
  +2.17135932049655082210e+02
  +2.25710926619305610075e+02
  +2.34906213477089579555e+02
  +2.44794921243940052591e+02
  +2.55462101479065950116e+02
  +2.67007261732018378098e+02
  +2.79547572391766152577e+02
  +2.93221965934602224024e+02
  +3.08196432076278370005e+02
  +3.24670936182759533040e+02
  +3.42888571976564549004e+02
  +3.63147836981941793510e+02
  +3.85819346518087911591e+02
  +4.11368975020959510402e+02
  +4.40390499214157671304e+02
  +4.73652617265386084000e+02
  +5.12168292502418921686e+02
  +5.57299804746824406720e+02
  +6.10922877903176981818e+02
  +6.75692433030075108036e+02
  +7.55491299140293676828e+02
  +8.56226480395228918496e+02
  +9.87329476907735738678e+02
  +1.16479843843924322755e+03
  +1.41795579143922986987e+03
  +1.80627225557210067564e+03
  +2.46734041708153790751e+03
  +3.76600578121682974597e+03
  +6.30514086098427287652e+03
  +5.95674481139749423164e+03
  +3.54365091977946985935e+03
  +2.35958574164206220303e+03
  +1.74535652356671403140e+03
  +1.37902713769795309418e+03
  +1.13768218140598924037e+03
  +9.67227618019422379803e+02
  +8.40610595808999846668e+02
  +7.42910923639653674400e+02
  +6.65258780129983961160e+02
  +6.02062068442611007413e+02
  +5.49625231106180649476e+02
  +5.05410224027248034417e+02
  +4.67617259369253247314e+02
  +4.34935098512633487644e+02
  +4.06386097854052025014e+02
  +3.81226622346843328160e+02
  +3.58881075300789973426e+02
  +3.38897027363804738798e+02
  +3.20913979063883743947e+02
  +3.04641161894807851240e+02
  +2.89841469914906610938e+02
  +2.76319635219559756933e+02
  +2.63913395742592342685e+02
  +2.52486808306835854410e+02
  +2.41925123065004129330e+02
  +2.32130810172277392667e+02
  +2.23020447578343095074e+02
  +2.14522259911918808939e+02
  +2.06574154975067813211e+02
  +1.99122144348363121935e+02
  +1.92119063247986645138e+02
  +1.85523525537573306110e+02
  +1.79299065016399225669e+02
  +1.73413425377919537596e+02
  +1.67837969663311781687e+02
  +1.62547186397778943956e+02
  +1.57518274441089772608e+02
  +1.52730792300818194462e+02
  +1.48166360530778177917e+02
  +1.43808408075353128197e+02
  +1.39641955175328831729e+02
  +1.35653426835651629290e+02
  +1.31830491954969545532e+02
  +1.28161924094749593905e+02
  +1.24637480570687714021e+02
  +1.21247797118099100544e+02
  +1.17984295844537399489e+02
  +1.14839104559079373757e+02
  +1.11804985875745614976e+02
  +1.08875274741843526272e+02
  +1.06043823251219677672e+02
  +1.03304951775859478857e+02
  +1.00653405593667827134e+02
  +9.80843163108718840704e+01
  +9.55931674786462508564e+01
</dep>
<dep S[2,2] frequency>
  -4.85919354307973616613e-01-j2.05216607042898430135e-01
  -5.19655214952773003567e-01-j1.84570332949572368797e-01
  -5.52022589871380309212e-01-j1.60649802249191564485e-01
  -5.82700664402751034032e-01-j1.33611656299706005324e-01
  -6.11389718057696263109e-01-j1.03648778528774979102e-01
  -6.37816151718153867556e-01-j7.09870443074456791699e-02
  -6.61736905683647291809e-01-j3.58812180286135831708e-02
  -6.82943101219026238446e-01+j1.38986183481718678090e-03
  -7.01262776529182119134e-01+j4.05286332477478791758e-02
  -7.16562634166098888500e-01+j8.12244961865120629341e-02
  -7.28748766978072115563e-01+j1.23159621887105788507e-01
  -7.37766379815341655224e-01+j1.66014677062260307405e-01
  -7.43598570487277399366e-01+j2.09474269641837296252e-01
  -7.46264272724776689394e-01+j2.53231948400697071122e-01
  -7.45815493840389365232e-01+j2.96994622388152107462e-01
  -7.42333999162983260156e-01+j3.40486304155759811341e-01
  -7.35927603977996280804e-01+j3.83451120171223402977e-01
  -7.26726232390933257754e-01+j4.25655569597882199595e-01
  -7.14877892730678476951e-01+j4.66890046458746543756e-01
  -7.00544702756939807742e-01+j5.06969668436171083670e-01
  -6.83899077159665025327e-01+j5.45734477255710115351e-01
  -6.65120166719334937611e-01+j5.83049090516357670921e-01
  -6.44390614892876745223e-01+j6.18801893271247460682e-01
  -6.21893675016959135426e-01+j6.52903860358717169632e-01
  -5.97810710898325603502e-01+j6.85287098420553464351e-01
  -5.72319086013168720761e-01+j7.15903190821539303634e-01
  -5.45590432225689814238e-01+j7.44721420402690958973e-01
  -5.17789277923570101514e-01+j7.71726935168622230066e-01
  -4.89072007589872348454e-01+j7.96918911493776471744e-01
  -4.59586119767709633255e-01+j8.20308758926671877099e-01
  -4.29469747715236604968e-01+j8.41918400695161106562e-01
  -3.98851406348308457073e-01+j8.61778654922217279832e-01
  -3.67849929883993398416e-01+j8.79927733563039660147e-01
  -3.36574566520833062810e-01+j8.96409869264224390406e-01
  -3.05125199161866589304e-01+j9.11274074729579441900e-01
  -2.73592664302206856064e-01+j9.24573034696234974383e-01
  -2.42059144522644403841e-01+j9.36362127178379521908e-01
  -2.10598613368617126884e-01+j9.46698568100235671174e-01
  -1.79277314614674443405e-01+j9.55640671681703635088e-01
  -1.48154260925746544819e-01+j9.63247217826764590143e-01
  -1.17281739671385748514e-01+j9.69576917171406815754e-01
  -8.67058160974420732980e-02+j9.74687964262153760941e-01
  -5.64668262031267909062e-02+j9.78637669459208270339e-01
  -2.65998535161641354307e-02+j9.81482160506293888069e-01
  +2.86481447868793155653e-03+j9.83276145212953478492e-01
  +3.19012531992287143301e-02+j9.84072727298202831747e-01
  +6.04874929846760667207e-02+j9.83923268102922077283e-01
  +8.86051372801548581259e-02+j9.82877287558121759403e-01
  +1.16239007306514111062e-01+j9.80982398472025285407e-01
  +1.43376813000738817516e-01+j9.78284268852485094925e-01
  +1.70008849606323120263e-01+j9.74826607600370209639e-01
  +1.96127718993769240008e-01+j9.70651169486076215165e-01
  +2.21728074580075290578e-01+j9.65797775851124473689e-01
  +2.46806388575732754687e-01+j9.60304347958040205313e-01
  +2.71360740204645234375e-01+j9.54206950344530957508e-01
  +2.95390623503724358834e-01+j9.47539841924115000538e-01
  +3.18896773305180680769e-01+j9.40335532917151994958e-01
  +3.41881008027036636943e-01+j9.32624845996757545485e-01
  +3.64346087939127039057e-01+j9.24436980296858390460e-01
  +3.86295587627641434647e-01+j9.15799577157853650355e-01
  +4.07733781446083798361e-01+j9.06738786682838360242e-01
  +4.28665540811364098595e-01+j8.97279334347036328090e-01
  +4.49096242277351842542e-01+j8.87444587048461963619e-01
  +4.69031685392787056621e-01+j8.77256618111605934729e-01
  +4.88478019424257725589e-01+j8.66736270860889002066e-01
  +5.07441678096691828337e-01+j8.55903220469158232397e-01
  +5.25929321572899954873e-01+j8.44776033860767494588e-01
  +5.43947784959304847519e-01+j8.33372227510781327098e-01
  +5.61504032686884535508e-01+j8.21708323033269461000e-01
  +5.78605118174332466729e-01+j8.09799900494008961793e-01
  +5.95258148234361073037e-01+j7.97661649417571561038e-01
  +6.11470251734090641804e-01+j7.85307417486834080655e-01
  +6.27248552066479891920e-01+j7.72750256955494596589e-01
  +6.42600143032162396395e-01+j7.60002468811979858820e-01
  +6.57532067769794892342e-01+j7.47075644747055678252e-01
  +6.72051300408454288515e-01+j7.33980706988025422000e-01
  +6.86164730147898027646e-01+j7.20727946070293779002e-01
  +6.99879147501838660972e-01+j7.07327056622617411641e-01
  +7.13201232465997425614e-01+j6.93787171246170064620e-01
  +7.26137544396859069273e-01+j6.80116892569637365717e-01
  +7.38694513408842290403e-01+j6.66324323563608045262e-01
  +7.50878433117325938539e-01+j6.52417096197424495330e-01
  +7.62695454572776765367e-01+j6.38402398520855562936e-01
  +7.74151581247257358775e-01+j6.24287000251477208757e-01
  +7.85252664949045220411e-01+j6.10077276946720647999e-01
  +7.96004402554112866497e-01+j5.95779232837239991483e-01
  +8.06412333454890273288e-01+j5.81398522395720762646e-01
  +8.16481837637285989828e-01+j5.66940470712461230818e-01
  +8.26218134306356821739e-01+j5.52410092746263736707e-01
  +8.35626280989510528130e-01+j5.37812111516205448858e-01
  +8.44711173053755426388e-01+j5.23150975296949760640e-01
  +8.53477543580313136040e-01+j5.08430873877361078073e-01
  +8.61929963546068544922e-01+j4.93655753939257313512e-01
  +8.70072842266812362944e-01+j4.78829333610398311105e-01
  +8.77910428062150693940e-01+j4.63955116243048637514e-01
  +8.85446809106407162204e-01+j4.49036403466812339413e-01
  +8.92685914433751892538e-01+j4.34076307561976570959e-01
  +8.99631515069394094297e-01+j4.19077763197094943504e-01
  +9.06287225261813600419e-01+j4.04043538572346483395e-01
  +9.12656503793889184450e-01+j3.88976246007924630899e-01
  +9.18742655353321890921e-01+j3.73878352014717363350e-01
  +9.24548831945051330372e-01+j3.58752186882546952873e-01
  +9.30078034330422687148e-01+j3.43599953819389958287e-01
  +9.35333113479713929017e-01+j3.28423737673327553743e-01
  +9.40316772026283498320e-01+j3.13225513267261779227e-01
  +9.45031565712111665256e-01+j2.98007153375014599561e-01
  +9.49479904815833886111e-01+j2.82770436365933741651e-01
  +9.53664055555603518144e-01+j2.67517053543866123455e-01
  +9.57586141460198714270e-01+j2.52248616205091313880e-01
  +9.61248144702804396822e-01+j2.36966662438721442641e-01
  +9.64651907392785834539e-01+j2.21672663691962118504e-01
  +9.67799132821626550971e-01+j2.06368031121732825595e-01
  +9.70691386659925492530e-01+j1.91054121753196914923e-01
  +9.73330098103092011819e-01+j1.75732244464977316323e-01
  +9.75716560963984513855e-01+j1.60403665820059604386e-01
  +9.77851934711371550968e-01+j1.45069615760754333511e-01
  +9.79737245453674021611e-01+j1.29731293185406881818e-01
  +9.81373386867945063372e-01+j1.14389871424094902164e-01
  +9.82761121074639087958e-01+j9.90465036299518208907e-02
  +9.83901079459142291483e-01+j8.37023281024219523161e-02
  +9.84793763441617953092e-01+j6.83584735582826036326e-02
  +9.85439545197135169374e-01+j5.30160643660219921269e-02
  +9.85838668328600120638e-01+j3.76762257587882898324e-02
  +9.85991248495465155699e-01+j2.23400890409543514958e-02
  +9.85897274001731549475e-01+j7.00879680312073427562e-03
  +9.85556606347257946332e-01-j8.31649183979948740386e-03
  +9.84968980746946276561e-01-j2.36345959728564043723e-02
  +9.84134006622951473808e-01-j3.89443075532538499073e-02
  +9.83051168075643855282e-01-j5.42443860160630245137e-02
  +9.81719824339706392813e-01-j6.95335527990862678482e-02
  +9.80139210232417346091e-01-j8.48104857724984451117e-02
  +9.78308436601887043693e-01-j1.00073813558893456865e-01
  +9.76226490783804745632e-01-j1.15322109729297364589e-01
  +9.73892237076073197244e-01-j1.30553886860678813875e-01
  +9.71304417241589335141e-01-j1.45767590440400801599e-01
  +9.68461651050417038356e-01-j1.60961592603007047630e-01
  +9.65362436873625551215e-01-j1.76134185684644617442e-01
  +9.62005152342154890022e-01-j1.91283575580369957780e-01
  +9.58388055085333534500e-01-j2.06407874889517950479e-01
  +9.54509283564907273778e-01-j2.21505095834284015943e-01
  +9.50366858021899574283e-01-j2.36573142936612940135e-01
  +9.45958681555084335280e-01-j2.51609805438592903926e-01
  +9.41282541351517565431e-01-j2.66612749451490937957e-01
  +9.36336110091303019942e-01-j2.81579509818796869247e-01
  +9.31116947550647000575e-01-j2.96507481678744022613e-01
  +9.25622502429309212957e-01-j3.11393911712080750931e-01
  +9.19850114430672105570e-01-j3.26235889061195993843e-01
  +9.13797016625041980120e-01-j3.41030335907184345423e-01
  +9.07460338129208010649e-01-j3.55773997692021559658e-01
  +9.00837107138003689855e-01-j3.70463432973797579528e-01
  +8.93924254346386670811e-01-j3.85095002903827865470e-01
  +8.86718616803601977772e-01-j3.99664860315669390189e-01
  +8.79216942244156030029e-01-j4.14168938417316889744e-01
  +8.71415893943727648541e-01-j4.28602939079575362413e-01
  +8.63312056151656515013e-01-j4.42962320715465929233e-01
  +8.54901940155495254636e-01-j4.57242285747729015899e-01
  +8.46181991036917491300e-01-j4.71437767664220519492e-01
  +8.37148595182492738509e-01-j4.85543417663898024816e-01
  +8.27798088617019200974e-01-j4.99553590899742050446e-01
  +8.18126766231602076118e-01-j5.13462332328879833554e-01
  +8.08130891983129817646e-01-j5.27263362184877570904e-01
  +7.97806710146517050752e-01-j5.40950061092375311667e-01
  +7.87150457705736439351e-01-j5.54515454850240674389e-01
  +7.76158377974410784716e-01-j5.67952198916157224851e-01
  +7.64826735541460300816e-01-j5.81252562633161495853e-01
  +7.53151832641847707173e-01-j5.94408413247182632055e-01
  +7.41130027056938422980e-01-j6.07411199774188892420e-01
  +7.28757751653130836367e-01-j6.20251936786178625916e-01
  +7.16031535671216801120e-01-j6.32921188197064443770e-01
  +7.02948027882201675887e-01-j6.45409051142567746773e-01
  +6.89504021727994076407e-01-j6.57705140062655013722e-01
  +6.75696482567152201248e-01-j6.69798571110866713951e-01
  +6.61522577146748780308e-01-j6.81677947032165776342e-01
  +6.46979705420977158070e-01-j6.93331342669778694088e-01
  +6.32065534835261511049e-01-j7.04746291281917902616e-01
  +6.16778037190986117011e-01-j7.15909771871252709197e-01
  +6.01115528200286908245e-01-j7.26808197753622708959e-01
  +5.85076709832203278872e-01-j7.37427406617663594446e-01
  +5.68660715540708849858e-01-j7.47752652353638302962e-01
  +5.51867158450943584569e-01-j7.57768598957853978249e-01
  +5.34696182562433341978e-01-j7.67459316848263073396e-01
</dep>
<dep S[2,1] frequency>
  +3.28669059676975572337e-01-j7.79788646298736898288e-01
  +2.77539697850826161396e-01-j7.82912078795847343748e-01
  +2.27187451239151350091e-01-j7.82112301280790234159e-01
  +1.77963037708588317498e-01-j7.77530827880147268338e-01
  +1.30196356136136365267e-01-j7.69347062938096959428e-01
  +8.41913550338705685139e-02-j7.57775034549946546747e-01
  +4.02215142587565091525e-02-j7.43059268413125084685e-01
  -1.47389245459020280446e-03-j7.25469943278429396649e-01
  -4.06926247192707993272e-02-j7.05297504975908373659e-01
  -7.72713091913653227216e-02-j6.82846940080962361286e-01
  -1.11086246604429186857e-01-j6.58431921156244714943e-01
  -1.42053209170386607330e-01-j6.32369032832177824233e-01
  -1.70126291707568766398e-01-j6.04972272725438298124e-01
  -1.95295919166201259465e-01-j5.76547995376596511541e-01
  -2.17586143209083648919e-01-j5.47390433824735733737e-01
  -2.37051379935066974802e-01-j5.17777895336484883515e-01
  -2.53772749529446450811e-01-j4.87969688394607192805e-01
  -2.67854177350344335728e-01-j4.58203800234920799461e-01
  -2.79418406193765789247e-01-j4.28695310353906955392e-01
  -2.88603053158181188653e-01-j3.99635497148085216956e-01
  -2.95556823779612010128e-01-j3.71191573118339612769e-01
  -3.00435973011681622946e-01-j3.43506969127211125858e-01
  -3.03401079039630594547e-01-j3.16702079723385099275e-01
  -3.04614173359148698861e-01-j2.90875378819744290215e-01
  -3.04236250140156760935e-01-j2.66104817042710828368e-01
  -3.02425160356010525042e-01-j2.42449417762236801854e-01
  -2.99333881851748306868e-01-j2.19950997063373204776e-01
  -2.95109145514684811928e-01-j1.98635942723259378839e-01
  -2.89890389832119899083e-01-j1.78516997745492900229e-01
  -2.83809011055022430980e-01-j1.59595004483211566626e-01
  -2.76987873523198369075e-01-j1.41860575333934008091e-01
  -2.69541044000800256164e-01-j1.25295665059848654321e-01
  -2.61573714679094126989e-01-j1.09875027764947272302e-01
  -2.53182281416962862153e-01-j9.55675483511924384050e-02
  -2.44454546449751591863e-01-j8.23374438745988479482e-02
  -2.35470017901922484826e-01-j7.01453346873402577843e-02
  -2.26300281747265269461e-01-j5.89491886842951340331e-02
  -2.17009425186422855170e-01-j4.87051444958304519117e-02
  -2.07654493620197694304e-01-j3.93682212160470085260e-02
  -1.98285966396090668207e-01-j3.08929233597857247351e-02
  -1.88948239238240306426e-01-j2.32337503271796037840e-02
  -1.79680103707197336149e-01-j1.63456198337162093848e-02
  -1.70515216167685446091e-01-j1.01842146355420066356e-02
  -1.61482550575776262480e-01-j4.70626152750446783563e-03
  -1.52606830948385174818e-01+j1.30248915352316178449e-04
  -1.43908940670625928870e-01+j4.36589398747440262522e-03
  -1.35406306856637431713e-01+j8.03969468812133769564e-03
  -1.27113258834691489341e-01+j1.11890292171170184499e-02
  -1.19041360504870644133e-01+j1.38495782815602971882e-02
  -1.11199716843455878590e-01+j1.60552970169317923976e-02
  -1.03595255225998925108e-01+j1.78384089439690314560e-02
  -9.62329825327733201501e-02+j1.92294179576010249022e-02
  -8.91162192046266316003e-02+j2.02571348720482595496e-02
  -8.22468115511758440794e-02+j2.09487155251279859314e-02
  -7.56253236904969594612e-02+j2.13297078750883661868e-02
  -6.92512105326886645562e-02+j2.14241059066710391734e-02
  -6.31229732185169256642e-02+j2.12544085019835890527e-02
  -5.72382983973873799011e-02+j2.08416817292954095753e-02
  -5.15941826830865896136e-02+j2.02056232625017519189e-02
  -4.61870435663638903567e-02+j1.93646278691057480148e-02
  -4.10128179953632571175e-02+j1.83358530988527619610e-02
  -3.60670497612371812601e-02+j1.71352844717162743071e-02
  -3.13449667500902973138e-02+j1.57777996061480886569e-02
  -2.68415490456975665279e-02+j1.42772308492346219899e-02
  -2.25515887916726068263e-02+j1.26464260723037416612e-02
  -1.84697426483916085638e-02+j1.08973073811304468211e-02
  -1.45905776095086141264e-02+j9.04092756130064206799e-03
  -1.09086108761299038772e-02+j7.08752413853796191245e-03
  -7.41834442386622369692e-03+j5.04657098255736468601e-03
  -4.11429483922929641049e-03+j2.92682742282106972409e-03
  -9.91018947332104015169e-04+j7.36384876794512837316e-04
  +1.95686429762554703685e-03-j1.51728898297538846926e-03
  +4.73465523391964401151e-03-j3.82730847630243647961e-03
  +7.34755784333794483704e-03-j6.18733051495334602371e-03
  +9.80066668794283765709e-03-j8.59151748010193554161e-03
  +1.20989561242226227600e-02-j1.10345022946421057047e-02
  +1.42472715184658923343e-02-j1.35113556012547656598e-02
  +1.62503222163538178779e-02-j1.60175549532056808733e-02
  +1.81126760461552405168e-02-j1.85489559226680797432e-02
  +1.98387551587447148738e-02-j2.11017650306755295830e-02
  +2.14328330291381277672e-02-j2.36725144031623459251e-02
  +2.28990324635780333196e-02-j2.62580380589185029272e-02
  +2.42413244735998484325e-02-j2.88554497372786357412e-02
  +2.54635278940954813687e-02-j3.14621221759385297223e-02
  +2.65693096363960011563e-02-j3.40756677522447773421e-02
  +2.75621854799318194429e-02-j3.66939204045667599630e-02
  +2.84455213172271244304e-02-j3.93149187537673028281e-02
  +2.92225347770235163725e-02-j4.19368903483738758586e-02
  +2.98962971592704601642e-02-j4.45582369606187383981e-02
  +3.04697356237050957783e-02-j4.71775208641478302485e-02
  +3.09456355808690082576e-02-j4.97934520277532183252e-02
  +3.13266432407294584395e-02-j5.24048761629494000425e-02
  +3.16152682797452566632e-02-j5.50107635666782918138e-02
  +3.18138865922004757114e-02-j5.76101987036437487855e-02
  +3.19247430961018680007e-02-j6.02023704759771308148e-02
  +3.19499545678983837282e-02-j6.27865631309744015587e-02
  +3.18915124837674951452e-02-j6.53621477604733186473e-02
  +3.17512858483472368287e-02-j6.79285743482627574208e-02
  +3.15310239945313097731e-02-j7.04853643244349181707e-02
  +3.12323593403890202580e-02-j7.30321035880941160645e-02
  +3.08568100914325196826e-02-j7.55684359621239531979e-02
  +3.04057828783467036515e-02-j7.80940570458813487775e-02
  +2.98805753219970673951e-02-j8.06087084337355902486e-02
  +2.92823785190125078504e-02-j8.31121722692357151052e-02
  +2.86122794425465627743e-02-j8.56042661065192084235e-02
  +2.78712632539935729892e-02-j8.80848380521525864406e-02
  +2.70602155224575029180e-02-j9.05537621622077848471e-02
  +2.61799243496677984389e-02-j9.30109340707223480882e-02
  +2.52310823988572893728e-02-j9.54562668270729774989e-02
  +2.42142888268172505606e-02-j9.78896869209498338149e-02
  +2.31300511189808898072e-02-j1.00311130474787651989e-01
  +2.19787868279583305242e-02-j1.02720539584482198348e-01
  +2.07608252164500212134e-02-j1.05117858790194473873e-01
  +1.94764088059354301130e-02-j1.07503031659892986371e-01
  +1.81256948329412345688e-02-j1.09875997469049413446e-01
  +1.67087566150937449905e-02-j1.12236687960604042402e-01
  +1.52255848295225273969e-02-j1.14585024169989752041e-01
  +1.36760887065112881483e-02-j1.16920913300499057508e-01
  +1.20600971416439002593e-02-j1.19244245634855222660e-01
  +1.03773597299974679187e-02-j1.21554891469237091872e-01
  +8.62754772625749441484e-03-j1.23852698056446705599e-01
  +6.81025493496725808917e-03-j1.26137486545178006958e-01
  +4.92499853542519364091e-03-j1.28409048902724282071e-01
  +2.97121984611496041742e-03-j1.30667144808608609585e-01
  +9.48285033891657917933e-04-j1.32911498506882802539e-01
  -1.14451422646845370375e-03-j1.35141795604977354994e-01
  -3.30796013633669581944e-03-j1.37357679807096705327e-01
  -5.54290819447360218891e-03-j1.39558749570245055338e-01
  -7.85028664852461047219e-03-j1.41744554671038552884e-01
  -1.02310959693404854298e-02-j1.43914592671445962235e-01
  -1.26864083401438485638e-02-j1.46068305271637360887e-01
  -1.52173671519633766508e-02-j1.48205074538078795943e-01
  -1.78251864960881287181e-02-j1.50324218994969976970e-01
  -2.05111506436007375032e-02-j1.52424989567077784347e-01
  -2.32766135012536616589e-02-j1.54506565361938491554e-01
  -2.61229980321111207586e-02-j1.56568049279348531222e-01
  -2.90517956284451518700e-02-j1.58608463435966740018e-01
  -3.20645654233863569571e-02-j1.60626744392816378504e-01
  -3.51629335267169898516e-02-j1.62621738173398672211e-01
  -3.83485921690200348699e-02-j1.64592195060100671133e-01
  -4.16232987370886917122e-02-j1.66536764156551553295e-01
  -4.49888746821355337002e-02-j1.68453987703664237463e-01
  -4.84472042807882335991e-02-j1.70342295137074162259e-01
  -5.20002332272568035254e-02-j1.72199996873901195471e-01
  -5.56499670332767579217e-02-j1.74025277816895695970e-01
  -5.93984692105304357135e-02-j1.75816190564323016066e-01
  -6.32478592082225260507e-02-j1.77570648314300860715e-01
  -6.72003100762529614887e-02-j1.79286417452788976457e-01
  -7.12580458221262202922e-02-j1.80961109815030302128e-01
  -7.54233384271743301230e-02-j1.82592174611023616571e-01
  -7.96985044850128665495e-02-j1.84176890006518823029e-01
  -8.40859014222786610437e-02-j1.85712354352201902685e-01
  -8.85879232586504056224e-02-j1.87195477055050074622e-01
  -9.32069958599521103393e-02-j1.88622969087514025244e-01
  -9.79455716347473193117e-02-j1.89991333132101480885e-01
  -1.02806123621191361495e-01-j1.91296853361122121129e-01
  -1.07791138907271655256e-01-j1.92535584854099994789e-01
  -1.12903111323510413344e-01-j1.93703342658274407784e-01
  -1.18144533343267563175e-01-j1.94795690501238405457e-01
  -1.23517887121441197196e-01-j1.95807929168701544409e-01
  -1.29025634598144756104e-01-j1.96735084565049289651e-01
  -1.34670206589434238165e-01-j1.97571895479567799514e-01
  -1.40453990782739374099e-01-j1.98312801087174361836e-01
  -1.46379318550157871970e-01-j1.98951928219249257745e-01
  -1.52448450488304104722e-01-j1.99483078447674211375e-01
  -1.58663560589114210897e-01-j1.99899715033739461267e-01
  -1.65026718941838068666e-01-j2.00194949803048027892e-01
  -1.71539872862588788083e-01-j2.00361530018138972453e-01
  -1.78204826344336236810e-01-j2.00391825332278922245e-01
  -1.85023217717280502592e-01-j2.00277814920880758986e-01
  -1.91996495407200290506e-01-j2.00011074901299296114e-01
  -1.99125891677946226244e-01-j1.99582766167481440167e-01
  -2.06412394243750435541e-01-j1.98983622783091007591e-01
  -2.13856715637827682341e-01-j1.98203941095428159969e-01
  -2.21459260226032406127e-01-j1.97233569752704396283e-01
  -2.29220088758373102822e-01-j1.96061900829034935212e-01
  -2.37138880357300158019e-01-j1.94677862284915403901e-01
  -2.45214891850284222308e-01-j1.93069912015881473000e-01
  -2.53446914365429709637e-01-j1.91226033768410325075e-01
  -2.61833227123557610305e-01-j1.89133735229900540320e-01
  -2.70371548378215975639e-01-j1.86780048628449824033e-01
</dep>
<dep S[1,2] frequency>
  +3.28669059676975572337e-01-j7.79788646298736898288e-01
  +2.77539697850826161396e-01-j7.82912078795847343748e-01
  +2.27187451239151350091e-01-j7.82112301280790234159e-01
  +1.77963037708588317498e-01-j7.77530827880147268338e-01
  +1.30196356136136365267e-01-j7.69347062938096959428e-01
  +8.41913550338705685139e-02-j7.57775034549946546747e-01
  +4.02215142587565091525e-02-j7.43059268413125084685e-01
  -1.47389245459020280446e-03-j7.25469943278429396649e-01
  -4.06926247192707993272e-02-j7.05297504975908373659e-01
  -7.72713091913653227216e-02-j6.82846940080962361286e-01
  -1.11086246604429186857e-01-j6.58431921156244714943e-01
  -1.42053209170386607330e-01-j6.32369032832177824233e-01
  -1.70126291707568766398e-01-j6.04972272725438298124e-01
  -1.95295919166201259465e-01-j5.76547995376596511541e-01
  -2.17586143209083648919e-01-j5.47390433824735733737e-01
  -2.37051379935066974802e-01-j5.17777895336484883515e-01
  -2.53772749529446450811e-01-j4.87969688394607192805e-01
  -2.67854177350344335728e-01-j4.58203800234920799461e-01
  -2.79418406193765789247e-01-j4.28695310353906955392e-01
  -2.88603053158181188653e-01-j3.99635497148085216956e-01
  -2.95556823779612010128e-01-j3.71191573118339612769e-01
  -3.00435973011681622946e-01-j3.43506969127211125858e-01
  -3.03401079039630594547e-01-j3.16702079723385099275e-01
  -3.04614173359148698861e-01-j2.90875378819744290215e-01
  -3.04236250140156760935e-01-j2.66104817042710828368e-01
  -3.02425160356010525042e-01-j2.42449417762236801854e-01
  -2.99333881851748306868e-01-j2.19950997063373204776e-01
  -2.95109145514684811928e-01-j1.98635942723259378839e-01
  -2.89890389832119899083e-01-j1.78516997745492900229e-01
  -2.83809011055022430980e-01-j1.59595004483211566626e-01
  -2.76987873523198369075e-01-j1.41860575333934008091e-01
  -2.69541044000800256164e-01-j1.25295665059848654321e-01
  -2.61573714679094126989e-01-j1.09875027764947272302e-01
  -2.53182281416962862153e-01-j9.55675483511924384050e-02
  -2.44454546449751591863e-01-j8.23374438745988479482e-02
  -2.35470017901922484826e-01-j7.01453346873402577843e-02
  -2.26300281747265269461e-01-j5.89491886842951340331e-02
  -2.17009425186422855170e-01-j4.87051444958304519117e-02
  -2.07654493620197694304e-01-j3.93682212160470085260e-02
  -1.98285966396090668207e-01-j3.08929233597857247351e-02
  -1.88948239238240306426e-01-j2.32337503271796037840e-02
  -1.79680103707197336149e-01-j1.63456198337162093848e-02
  -1.70515216167685446091e-01-j1.01842146355420066356e-02
  -1.61482550575776262480e-01-j4.70626152750446783563e-03
  -1.52606830948385174818e-01+j1.30248915352316178449e-04
  -1.43908940670625928870e-01+j4.36589398747440262522e-03
  -1.35406306856637431713e-01+j8.03969468812133769564e-03
  -1.27113258834691489341e-01+j1.11890292171170184499e-02
  -1.19041360504870644133e-01+j1.38495782815602971882e-02
  -1.11199716843455878590e-01+j1.60552970169317923976e-02
  -1.03595255225998925108e-01+j1.78384089439690314560e-02
  -9.62329825327733201501e-02+j1.92294179576010249022e-02
  -8.91162192046266316003e-02+j2.02571348720482595496e-02
  -8.22468115511758440794e-02+j2.09487155251279859314e-02
  -7.56253236904969594612e-02+j2.13297078750883661868e-02
  -6.92512105326886645562e-02+j2.14241059066710391734e-02
  -6.31229732185169256642e-02+j2.12544085019835890527e-02
  -5.72382983973873799011e-02+j2.08416817292954095753e-02
  -5.15941826830865896136e-02+j2.02056232625017519189e-02
  -4.61870435663638903567e-02+j1.93646278691057480148e-02
  -4.10128179953632571175e-02+j1.83358530988527619610e-02
  -3.60670497612371812601e-02+j1.71352844717162743071e-02
  -3.13449667500902973138e-02+j1.57777996061480886569e-02
  -2.68415490456975665279e-02+j1.42772308492346219899e-02
  -2.25515887916726068263e-02+j1.26464260723037416612e-02
  -1.84697426483916085638e-02+j1.08973073811304468211e-02
  -1.45905776095086141264e-02+j9.04092756130064206799e-03
  -1.09086108761299038772e-02+j7.08752413853796191245e-03
  -7.41834442386622369692e-03+j5.04657098255736468601e-03
  -4.11429483922929641049e-03+j2.92682742282106972409e-03
  -9.91018947332104015169e-04+j7.36384876794512837316e-04
  +1.95686429762554703685e-03-j1.51728898297538846926e-03
  +4.73465523391964401151e-03-j3.82730847630243647961e-03
  +7.34755784333794483704e-03-j6.18733051495334602371e-03
  +9.80066668794283765709e-03-j8.59151748010193554161e-03
  +1.20989561242226227600e-02-j1.10345022946421057047e-02
  +1.42472715184658923343e-02-j1.35113556012547656598e-02
  +1.62503222163538178779e-02-j1.60175549532056808733e-02
  +1.81126760461552405168e-02-j1.85489559226680797432e-02
  +1.98387551587447148738e-02-j2.11017650306755295830e-02
  +2.14328330291381277672e-02-j2.36725144031623459251e-02
  +2.28990324635780333196e-02-j2.62580380589185029272e-02
  +2.42413244735998484325e-02-j2.88554497372786357412e-02
  +2.54635278940954813687e-02-j3.14621221759385297223e-02
  +2.65693096363960011563e-02-j3.40756677522447773421e-02
  +2.75621854799318194429e-02-j3.66939204045667599630e-02
  +2.84455213172271244304e-02-j3.93149187537673028281e-02
  +2.92225347770235163725e-02-j4.19368903483738758586e-02
  +2.98962971592704601642e-02-j4.45582369606187383981e-02
  +3.04697356237050957783e-02-j4.71775208641478302485e-02
  +3.09456355808690082576e-02-j4.97934520277532183252e-02
  +3.13266432407294584395e-02-j5.24048761629494000425e-02
  +3.16152682797452566632e-02-j5.50107635666782918138e-02
  +3.18138865922004757114e-02-j5.76101987036437487855e-02
  +3.19247430961018680007e-02-j6.02023704759771308148e-02
  +3.19499545678983837282e-02-j6.27865631309744015587e-02
  +3.18915124837674951452e-02-j6.53621477604733186473e-02
  +3.17512858483472368287e-02-j6.79285743482627574208e-02
  +3.15310239945313097731e-02-j7.04853643244349181707e-02
  +3.12323593403890202580e-02-j7.30321035880941160645e-02
  +3.08568100914325196826e-02-j7.55684359621239531979e-02
  +3.04057828783467036515e-02-j7.80940570458813487775e-02
  +2.98805753219970673951e-02-j8.06087084337355902486e-02
  +2.92823785190125078504e-02-j8.31121722692357151052e-02
  +2.86122794425465627743e-02-j8.56042661065192084235e-02
  +2.78712632539935729892e-02-j8.80848380521525864406e-02
  +2.70602155224575029180e-02-j9.05537621622077848471e-02
  +2.61799243496677984389e-02-j9.30109340707223480882e-02
  +2.52310823988572893728e-02-j9.54562668270729774989e-02
  +2.42142888268172505606e-02-j9.78896869209498338149e-02
  +2.31300511189808898072e-02-j1.00311130474787651989e-01
  +2.19787868279583305242e-02-j1.02720539584482198348e-01
  +2.07608252164500212134e-02-j1.05117858790194473873e-01
  +1.94764088059354301130e-02-j1.07503031659892986371e-01
  +1.81256948329412345688e-02-j1.09875997469049413446e-01
  +1.67087566150937449905e-02-j1.12236687960604042402e-01
  +1.52255848295225273969e-02-j1.14585024169989752041e-01
  +1.36760887065112881483e-02-j1.16920913300499057508e-01
  +1.20600971416439002593e-02-j1.19244245634855222660e-01
  +1.03773597299974679187e-02-j1.21554891469237091872e-01
  +8.62754772625749441484e-03-j1.23852698056446705599e-01
  +6.81025493496725808917e-03-j1.26137486545178006958e-01
  +4.92499853542519364091e-03-j1.28409048902724282071e-01
  +2.97121984611496041742e-03-j1.30667144808608609585e-01
  +9.48285033891657917933e-04-j1.32911498506882802539e-01
  -1.14451422646845370375e-03-j1.35141795604977354994e-01
  -3.30796013633669581944e-03-j1.37357679807096705327e-01
  -5.54290819447360218891e-03-j1.39558749570245055338e-01
  -7.85028664852461047219e-03-j1.41744554671038552884e-01
  -1.02310959693404854298e-02-j1.43914592671445962235e-01
  -1.26864083401438485638e-02-j1.46068305271637360887e-01
  -1.52173671519633766508e-02-j1.48205074538078795943e-01
  -1.78251864960881287181e-02-j1.50324218994969976970e-01
  -2.05111506436007375032e-02-j1.52424989567077784347e-01
  -2.32766135012536616589e-02-j1.54506565361938491554e-01
  -2.61229980321111207586e-02-j1.56568049279348531222e-01
  -2.90517956284451518700e-02-j1.58608463435966740018e-01
  -3.20645654233863569571e-02-j1.60626744392816378504e-01
  -3.51629335267169898516e-02-j1.62621738173398672211e-01
  -3.83485921690200348699e-02-j1.64592195060100671133e-01
  -4.16232987370886917122e-02-j1.66536764156551553295e-01
  -4.49888746821355337002e-02-j1.68453987703664237463e-01
  -4.84472042807882335991e-02-j1.70342295137074162259e-01
  -5.20002332272568035254e-02-j1.72199996873901195471e-01
  -5.56499670332767579217e-02-j1.74025277816895695970e-01
  -5.93984692105304357135e-02-j1.75816190564323016066e-01
  -6.32478592082225260507e-02-j1.77570648314300860715e-01
  -6.72003100762529614887e-02-j1.79286417452788976457e-01
  -7.12580458221262202922e-02-j1.80961109815030302128e-01
  -7.54233384271743301230e-02-j1.82592174611023616571e-01
  -7.96985044850128665495e-02-j1.84176890006518823029e-01
  -8.40859014222786610437e-02-j1.85712354352201902685e-01
  -8.85879232586504056224e-02-j1.87195477055050074622e-01
  -9.32069958599521103393e-02-j1.88622969087514025244e-01
  -9.79455716347473193117e-02-j1.89991333132101480885e-01
  -1.02806123621191361495e-01-j1.91296853361122121129e-01
  -1.07791138907271655256e-01-j1.92535584854099994789e-01
  -1.12903111323510413344e-01-j1.93703342658274407784e-01
  -1.18144533343267563175e-01-j1.94795690501238405457e-01
  -1.23517887121441197196e-01-j1.95807929168701544409e-01
  -1.29025634598144756104e-01-j1.96735084565049289651e-01
  -1.34670206589434238165e-01-j1.97571895479567799514e-01
  -1.40453990782739374099e-01-j1.98312801087174361836e-01
  -1.46379318550157871970e-01-j1.98951928219249257745e-01
  -1.52448450488304104722e-01-j1.99483078447674211375e-01
  -1.58663560589114210897e-01-j1.99899715033739461267e-01
  -1.65026718941838068666e-01-j2.00194949803048027892e-01
  -1.71539872862588788083e-01-j2.00361530018138972453e-01
  -1.78204826344336236810e-01-j2.00391825332278922245e-01
  -1.85023217717280502592e-01-j2.00277814920880758986e-01
  -1.91996495407200290506e-01-j2.00011074901299296114e-01
  -1.99125891677946226244e-01-j1.99582766167481440167e-01
  -2.06412394243750435541e-01-j1.98983622783091007591e-01
  -2.13856715637827682341e-01-j1.98203941095428159969e-01
  -2.21459260226032406127e-01-j1.97233569752704396283e-01
  -2.29220088758373102822e-01-j1.96061900829034935212e-01
  -2.37138880357300158019e-01-j1.94677862284915403901e-01
  -2.45214891850284222308e-01-j1.93069912015881473000e-01
  -2.53446914365429709637e-01-j1.91226033768410325075e-01
  -2.61833227123557610305e-01-j1.89133735229900540320e-01
  -2.70371548378215975639e-01-j1.86780048628449824033e-01
</dep>
<dep S[1,1] frequency>
  -4.85919354307973505591e-01-j2.05216607042898457891e-01
  -5.19655214952772892545e-01-j1.84570332949572424308e-01
  -5.52022589871380309212e-01-j1.60649802249191619996e-01
  -5.82700664402751256077e-01-j1.33611656299706005324e-01
  -6.11389718057696263109e-01-j1.03648778528775034613e-01
  -6.37816151718153978578e-01-j7.09870443074456791699e-02
  -6.61736905683647402832e-01-j3.58812180286134513318e-02
  -6.82943101219026349469e-01+j1.38986183481712433085e-03
  -7.01262776529182119134e-01+j4.05286332477478583591e-02
  -7.16562634166098888500e-01+j8.12244961865121878342e-02
  -7.28748766978072115563e-01+j1.23159621887105830140e-01
  -7.37766379815341655224e-01+j1.66014677062260307405e-01
  -7.43598570487277288343e-01+j2.09474269641837351763e-01
  -7.46264272724776800416e-01+j2.53231948400697015611e-01
  -7.45815493840389365232e-01+j2.96994622388152107462e-01
  -7.42333999162983260156e-01+j3.40486304155759811341e-01
  -7.35927603977996391826e-01+j3.83451120171223458488e-01
  -7.26726232390933146732e-01+j4.25655569597882088573e-01
  -7.14877892730678365929e-01+j4.66890046458746543756e-01
  -7.00544702756939696719e-01+j5.06969668436171083670e-01
  -6.83899077159665025327e-01+j5.45734477255710226373e-01
  -6.65120166719334715566e-01+j5.83049090516357559899e-01
  -6.44390614892876745223e-01+j6.18801893271247460682e-01
  -6.21893675016959246449e-01+j6.52903860358717280654e-01
  -5.97810710898325381457e-01+j6.85287098420553353328e-01
  -5.72319086013168720761e-01+j7.15903190821539414657e-01
  -5.45590432225689703216e-01+j7.44721420402691069995e-01
  -5.17789277923569990492e-01+j7.71726935168622230066e-01
  -4.89072007589872348454e-01+j7.96918911493776471744e-01
  -4.59586119767709633255e-01+j8.20308758926671877099e-01
  -4.29469747715236604968e-01+j8.41918400695161217584e-01
  -3.98851406348308290539e-01+j8.61778654922217390855e-01
  -3.67849929883993342905e-01+j8.79927733563039771170e-01
  -3.36574566520833062810e-01+j8.96409869264224501428e-01
  -3.05125199161866533792e-01+j9.11274074729579552923e-01
  -2.73592664302206800553e-01+j9.24573034696235196428e-01
  -2.42059144522644376085e-01+j9.36362127178379743953e-01
  -2.10598613368617182395e-01+j9.46698568100235449130e-01
  -1.79277314614674637694e-01+j9.55640671681703857132e-01
  -1.48154260925746544819e-01+j9.63247217826764479121e-01
  -1.17281739671385804025e-01+j9.69576917171406815754e-01
  -8.67058160974421010536e-02+j9.74687964262153871964e-01
  -5.64668262031268464174e-02+j9.78637669459208270339e-01
  -2.65998535161640903279e-02+j9.81482160506293999092e-01
  +2.86481447868799921075e-03+j9.83276145212953700536e-01
  +3.19012531992287073912e-02+j9.84072727298202720725e-01
  +6.04874929846760389651e-02+j9.83923268102921966261e-01
  +8.86051372801547748592e-02+j9.82877287558121759403e-01
  +1.16239007306514208206e-01+j9.80982398472025507452e-01
  +1.43376813000738789761e-01+j9.78284268852485205947e-01
  +1.70008849606323120263e-01+j9.74826607600370431683e-01
  +1.96127718993769295519e-01+j9.70651169486076215165e-01
  +2.21728074580075346089e-01+j9.65797775851124584712e-01
  +2.46806388575732726931e-01+j9.60304347958040205313e-01
  +2.71360740204645178864e-01+j9.54206950344530957508e-01
  +2.95390623503724469856e-01+j9.47539841924115000538e-01
  +3.18896773305180736280e-01+j9.40335532917152105981e-01
  +3.41881008027036692454e-01+j9.32624845996757656508e-01
  +3.64346087939126928035e-01+j9.24436980296858279438e-01
  +3.86295587627641379136e-01+j9.15799577157853539333e-01
  +4.07733781446083798361e-01+j9.06738786682838249220e-01
  +4.28665540811364098595e-01+j8.97279334347036217068e-01
  +4.49096242277351842542e-01+j8.87444587048461963619e-01
  +4.69031685392787056621e-01+j8.77256618111605934729e-01
  +4.88478019424257725589e-01+j8.66736270860889002066e-01
  +5.07441678096691717315e-01+j8.55903220469158343420e-01
  +5.25929321572899954873e-01+j8.44776033860767494588e-01
  +5.43947784959304847519e-01+j8.33372227510781216075e-01
  +5.61504032686884535508e-01+j8.21708323033269349978e-01
  +5.78605118174332466729e-01+j8.09799900494008850771e-01
  +5.95258148234361073037e-01+j7.97661649417571338994e-01
  +6.11470251734090530782e-01+j7.85307417486833969633e-01
  +6.27248552066479891920e-01+j7.72750256955494485567e-01
  +6.42600143032162174350e-01+j7.60002468811979969843e-01
  +6.57532067769794892342e-01+j7.47075644747055678252e-01
  +6.72051300408454288515e-01+j7.33980706988025533022e-01
  +6.86164730147897916623e-01+j7.20727946070293667979e-01
  +6.99879147501838771994e-01+j7.07327056622617300619e-01
  +7.13201232465997425614e-01+j6.93787171246170064620e-01
  +7.26137544396858958251e-01+j6.80116892569637254695e-01
  +7.38694513408842290403e-01+j6.66324323563608045262e-01
  +7.50878433117326049562e-01+j6.52417096197424495330e-01
  +7.62695454572776765367e-01+j6.38402398520855562936e-01
  +7.74151581247257247753e-01+j6.24287000251477097734e-01
  +7.85252664949045220411e-01+j6.10077276946720647999e-01
  +7.96004402554112866497e-01+j5.95779232837240102505e-01
  +8.06412333454890273288e-01+j5.81398522395720762646e-01
  +8.16481837637286211873e-01+j5.66940470712461119795e-01
  +8.26218134306356821739e-01+j5.52410092746263625685e-01
  +8.35626280989510528130e-01+j5.37812111516205448858e-01
  +8.44711173053755537410e-01+j5.23150975296949649618e-01
  +8.53477543580313025018e-01+j5.08430873877361189095e-01
  +8.61929963546068655944e-01+j4.93655753939257369023e-01
  +8.70072842266812473966e-01+j4.78829333610398311105e-01
  +8.77910428062150693940e-01+j4.63955116243048693025e-01
  +8.85446809106407162204e-01+j4.49036403466812339413e-01
  +8.92685914433751781516e-01+j4.34076307561976459937e-01
  +8.99631515069394094297e-01+j4.19077763197094999015e-01
  +9.06287225261813600419e-01+j4.04043538572346427884e-01
  +9.12656503793889073428e-01+j3.88976246007924575387e-01
  +9.18742655353322001943e-01+j3.73878352014717418861e-01
  +9.24548831945051441394e-01+j3.58752186882546897362e-01
  +9.30078034330422687148e-01+j3.43599953819390013798e-01
  +9.35333113479713595950e-01+j3.28423737673327553743e-01
  +9.40316772026283498320e-01+j3.13225513267261890249e-01
  +9.45031565712111554234e-01+j2.98007153375014599561e-01
  +9.49479904815833997134e-01+j2.82770436365933741651e-01
  +9.53664055555603518144e-01+j2.67517053543866123455e-01
  +9.57586141460198714270e-01+j2.52248616205091313880e-01
  +9.61248144702804396822e-01+j2.36966662438721442641e-01
  +9.64651907392785723516e-01+j2.21672663691962090748e-01
  +9.67799132821626661993e-01+j2.06368031121732881106e-01
  +9.70691386659925159464e-01+j1.91054121753196859412e-01
  +9.73330098103091900796e-01+j1.75732244464977288567e-01
  +9.75716560963984513855e-01+j1.60403665820059604386e-01
  +9.77851934711371550968e-01+j1.45069615760754333511e-01
  +9.79737245453674021611e-01+j1.29731293185406881818e-01
  +9.81373386867945063372e-01+j1.14389871424094929919e-01
  +9.82761121074638976935e-01+j9.90465036299518070129e-02
  +9.83901079459142291483e-01+j8.37023281024219245605e-02
  +9.84793763441617953092e-01+j6.83584735582826036326e-02
  +9.85439545197135169374e-01+j5.30160643660219990658e-02
  +9.85838668328600120638e-01+j3.76762257587882759546e-02
  +9.85991248495465155699e-01+j2.23400890409543723125e-02
  +9.85897274001731660498e-01+j7.00879680312074121451e-03
  +9.85556606347258057355e-01-j8.31649183979949607748e-03
  +9.84968980746946054516e-01-j2.36345959728563870250e-02
  +9.84134006622951584831e-01-j3.89443075532538152128e-02
  +9.83051168075643966304e-01-j5.42443860160630175749e-02
  +9.81719824339706614857e-01-j6.95335527990862678482e-02
  +9.80139210232417568136e-01-j8.48104857724984451117e-02
  +9.78308436601887265738e-01-j1.00073813558893470743e-01
  +9.76226490783804745632e-01-j1.15322109729297350711e-01
  +9.73892237076073308266e-01-j1.30553886860678786119e-01
  +9.71304417241589224119e-01-j1.45767590440400773844e-01
  +9.68461651050417149378e-01-j1.60961592603007158653e-01
  +9.65362436873625551215e-01-j1.76134185684644645198e-01
  +9.62005152342154890022e-01-j1.91283575580369930025e-01
  +9.58388055085333645522e-01-j2.06407874889517922723e-01
  +9.54509283564907384800e-01-j2.21505095834283904921e-01
  +9.50366858021899685305e-01-j2.36573142936612940135e-01
  +9.45958681555084224257e-01-j2.51609805438592903926e-01
  +9.41282541351517565431e-01-j2.66612749451490882446e-01
  +9.36336110091302908920e-01-j2.81579509818796869247e-01
  +9.31116947550647111598e-01-j2.96507481678743967102e-01
  +9.25622502429309212957e-01-j3.11393911712080806442e-01
  +9.19850114430672327615e-01-j3.26235889061196104866e-01
  +9.13797016625041980120e-01-j3.41030335907184345423e-01
  +9.07460338129208121671e-01-j3.55773997692021615169e-01
  +9.00837107138003689855e-01-j3.70463432973797524017e-01
  +8.93924254346386781833e-01-j3.85095002903827976493e-01
  +8.86718616803601977772e-01-j3.99664860315669390189e-01
  +8.79216942244156141051e-01-j4.14168938417316945255e-01
  +8.71415893943727759563e-01-j4.28602939079575417924e-01
  +8.63312056151656403991e-01-j4.42962320715466040255e-01
  +8.54901940155495365659e-01-j4.57242285747729182432e-01
  +8.46181991036917602322e-01-j4.71437767664220630515e-01
  +8.37148595182492627487e-01-j4.85543417663897969305e-01
  +8.27798088617019311997e-01-j4.99553590899742216980e-01
  +8.18126766231602076118e-01-j5.13462332328879833554e-01
  +8.08130891983129928668e-01-j5.27263362184877459882e-01
  +7.97806710146517161775e-01-j5.40950061092375422689e-01
  +7.87150457705736328329e-01-j5.54515454850240674389e-01
  +7.76158377974410784716e-01-j5.67952198916157113828e-01
  +7.64826735541460189793e-01-j5.81252562633161495853e-01
  +7.53151832641847596150e-01-j5.94408413247182298988e-01
  +7.41130027056938422980e-01-j6.07411199774188892420e-01
  +7.28757751653130947389e-01-j6.20251936786178736938e-01
  +7.16031535671216801120e-01-j6.32921188197064554792e-01
  +7.02948027882201786909e-01-j6.45409051142567746773e-01
  +6.89504021727994076407e-01-j6.57705140062654902700e-01
  +6.75696482567152090226e-01-j6.69798571110866824974e-01
  +6.61522577146748780308e-01-j6.81677947032165776342e-01
  +6.46979705420977158070e-01-j6.93331342669778694088e-01
  +6.32065534835261622071e-01-j7.04746291281918013638e-01
  +6.16778037190986117011e-01-j7.15909771871252598174e-01
  +6.01115528200286908245e-01-j7.26808197753622819981e-01
  +5.85076709832203389894e-01-j7.37427406617663483424e-01
  +5.68660715540708738835e-01-j7.47752652353638302962e-01
  +5.51867158450943473547e-01-j7.57768598957853867226e-01
  +5.34696182562433341978e-01-j7.67459316848262851352e-01
</dep>
