<Qucs Dataset 1.0.7>
<indep frequency 181>
  +1.00000000000000000000e+09
  +1.05000000000000000000e+09
  +1.10000000000000000000e+09
  +1.15000000000000000000e+09
  +1.20000000000000000000e+09
  +1.25000000000000000000e+09
  +1.30000000000000000000e+09
  +1.35000000000000000000e+09
  +1.40000000000000000000e+09
  +1.45000000000000000000e+09
  +1.50000000000000000000e+09
  +1.55000000000000000000e+09
  +1.60000000000000000000e+09
  +1.65000000000000000000e+09
  +1.70000000000000000000e+09
  +1.75000000000000000000e+09
  +1.80000000000000000000e+09
  +1.85000000000000000000e+09
  +1.90000000000000000000e+09
  +1.95000000000000000000e+09
  +2.00000000000000000000e+09
  +2.05000000000000000000e+09
  +2.10000000000000000000e+09
  +2.15000000000000000000e+09
  +2.20000000000000000000e+09
  +2.25000000000000000000e+09
  +2.30000000000000000000e+09
  +2.35000000000000000000e+09
  +2.40000000000000000000e+09
  +2.45000000000000000000e+09
  +2.50000000000000000000e+09
  +2.55000000000000000000e+09
  +2.60000000000000000000e+09
  +2.65000000000000000000e+09
  +2.70000000000000000000e+09
  +2.75000000000000000000e+09
  +2.80000000000000000000e+09
  +2.85000000000000000000e+09
  +2.90000000000000000000e+09
  +2.95000000000000000000e+09
  +3.00000000000000000000e+09
  +3.05000000000000000000e+09
  +3.10000000000000000000e+09
  +3.15000000000000000000e+09
  +3.20000000000000000000e+09
  +3.25000000000000000000e+09
  +3.30000000000000000000e+09
  +3.35000000000000000000e+09
  +3.40000000000000000000e+09
  +3.45000000000000000000e+09
  +3.50000000000000000000e+09
  +3.55000000000000000000e+09
  +3.60000000000000000000e+09
  +3.65000000000000000000e+09
  +3.70000000000000000000e+09
  +3.75000000000000000000e+09
  +3.80000000000000000000e+09
  +3.85000000000000000000e+09
  +3.90000000000000000000e+09
  +3.95000000000000000000e+09
  +4.00000000000000000000e+09
  +4.05000000000000000000e+09
  +4.10000000000000000000e+09
  +4.15000000000000000000e+09
  +4.20000000000000000000e+09
  +4.25000000000000000000e+09
  +4.30000000000000000000e+09
  +4.35000000000000000000e+09
  +4.40000000000000000000e+09
  +4.45000000000000000000e+09
  +4.50000000000000000000e+09
  +4.55000000000000000000e+09
  +4.60000000000000000000e+09
  +4.65000000000000000000e+09
  +4.70000000000000000000e+09
  +4.75000000000000000000e+09
  +4.80000000000000000000e+09
  +4.85000000000000000000e+09
  +4.90000000000000000000e+09
  +4.95000000000000000000e+09
  +5.00000000000000000000e+09
  +5.05000000000000000000e+09
  +5.10000000000000000000e+09
  +5.15000000000000000000e+09
  +5.20000000000000000000e+09
  +5.25000000000000000000e+09
  +5.30000000000000000000e+09
  +5.35000000000000000000e+09
  +5.40000000000000000000e+09
  +5.45000000000000000000e+09
  +5.50000000000000000000e+09
  +5.55000000000000000000e+09
  +5.60000000000000000000e+09
  +5.65000000000000000000e+09
  +5.70000000000000000000e+09
  +5.75000000000000000000e+09
  +5.80000000000000000000e+09
  +5.85000000000000000000e+09
  +5.90000000000000000000e+09
  +5.95000000000000000000e+09
  +6.00000000000000000000e+09
  +6.05000000000000000000e+09
  +6.10000000000000000000e+09
  +6.15000000000000000000e+09
  +6.20000000000000000000e+09
  +6.25000000000000000000e+09
  +6.30000000000000000000e+09
  +6.35000000000000000000e+09
  +6.40000000000000000000e+09
  +6.45000000000000000000e+09
  +6.50000000000000000000e+09
  +6.55000000000000000000e+09
  +6.60000000000000000000e+09
  +6.65000000000000000000e+09
  +6.70000000000000000000e+09
  +6.75000000000000000000e+09
  +6.80000000000000000000e+09
  +6.85000000000000000000e+09
  +6.90000000000000000000e+09
  +6.95000000000000000000e+09
  +7.00000000000000000000e+09
  +7.05000000000000000000e+09
  +7.10000000000000000000e+09
  +7.15000000000000000000e+09
  +7.20000000000000000000e+09
  +7.25000000000000000000e+09
  +7.30000000000000000000e+09
  +7.35000000000000000000e+09
  +7.40000000000000000000e+09
  +7.45000000000000000000e+09
  +7.50000000000000000000e+09
  +7.55000000000000000000e+09
  +7.60000000000000000000e+09
  +7.65000000000000000000e+09
  +7.70000000000000000000e+09
  +7.75000000000000000000e+09
  +7.80000000000000000000e+09
  +7.85000000000000000000e+09
  +7.90000000000000000000e+09
  +7.95000000000000000000e+09
  +8.00000000000000000000e+09
  +8.05000000000000000000e+09
  +8.10000000000000000000e+09
  +8.15000000000000000000e+09
  +8.20000000000000000000e+09
  +8.25000000000000000000e+09
  +8.30000000000000000000e+09
  +8.35000000000000000000e+09
  +8.40000000000000000000e+09
  +8.45000000000000000000e+09
  +8.50000000000000000000e+09
  +8.55000000000000000000e+09
  +8.60000000000000000000e+09
  +8.65000000000000000000e+09
  +8.70000000000000000000e+09
  +8.75000000000000000000e+09
  +8.80000000000000000000e+09
  +8.85000000000000000000e+09
  +8.90000000000000000000e+09
  +8.95000000000000000000e+09
  +9.00000000000000000000e+09
  +9.05000000000000000000e+09
  +9.10000000000000000000e+09
  +9.15000000000000000000e+09
  +9.20000000000000000000e+09
  +9.25000000000000000000e+09
  +9.30000000000000000000e+09
  +9.35000000000000000000e+09
  +9.40000000000000000000e+09
  +9.45000000000000000000e+09
  +9.50000000000000000000e+09
  +9.55000000000000000000e+09
  +9.60000000000000000000e+09
  +9.65000000000000000000e+09
  +9.70000000000000000000e+09
  +9.75000000000000000000e+09
  +9.80000000000000000000e+09
  +9.85000000000000000000e+09
  +9.90000000000000000000e+09
  +9.95000000000000000000e+09
  +1.00000000000000000000e+10
</indep>
<dep S21_phase frequency>
  -6.50606397871895438811e+01
  -6.85913633586077366999e+01
  -7.21609030435497231792e+01
  -7.57695577668840059005e+01
  -7.94170699658806711341e+01
  -8.31025452242888746923e+01
  -8.68243775952957577147e+01
  -9.05801854598036300104e+01
  -9.43667632468950188240e+01
  -9.81800544653078759438e+01
  -1.02015151131929314943e+02
  -1.05866323741968614058e+02
  -1.09727084376568242874e+02
  -1.13590283446394678890e+02
  -1.17448238087507448313e+02
  -1.21292887617107282949e+02
  -1.25115969043296246355e+02
  -1.28909203737336270024e+02
  -1.32664485296933918335e+02
  -1.36374058520771939129e+02
  -1.40030680294078337056e+02
  -1.43627754916419064557e+02
  -1.47159438727058983432e+02
  -1.50620711474061636181e+02
  -1.54007414401340923860e+02
  -1.57316257218131852369e+02
  -1.60544797782953253318e+02
  -1.63691399398423413913e+02
  -1.66755171086580389783e+02
  -1.69735896179605333600e+02
  -1.72633954139844519204e+02
  -1.75450239850383894691e+02
  -1.78186083817387611816e+02
  +1.79156824099887387547e+02
  +1.76576505592381749921e+02
  +1.74070758280822104780e+02
  +1.71637212979158164217e+02
  +1.69273383691432286469e+02
  +1.66976710518473140610e+02
  +1.64744595876520463662e+02
  +1.62574434571916071945e+02
  +1.60463638352007876620e+02
  +1.58409655578908711959e+02
  +1.56409986663852379252e+02
  +1.54462195867288528461e+02
  +1.52563920022748362726e+02
  +1.50712874687662321094e+02
  +1.48906858166860757819e+02
  +1.47143753797696859920e+02
  +1.45421530831948501827e+02
  +1.43738244200114110072e+02
  +1.42092033399110562186e+02
  +1.40481120704916349951e+02
  +1.38903808877242113340e+02
  +1.37358478493618690663e+02
  +1.35843585024906616354e+02
  +1.34357655742769964036e+02
  +1.32899286531594896132e+02
  +1.31467138662288846263e+02
  +1.30059935572899377121e+02
  +1.28676459690716001205e+02
  +1.27315549322085516337e+02
  +1.25976095629307735635e+02
  +1.24657039708442979986e+02
  +1.23357369777384292320e+02
  +1.22076118480008489087e+02
  +1.20812360309397661240e+02
  +1.19565209150923635661e+02
  +1.18333815944290378752e+02
  +1.17117366462327041177e+02
  +1.15915079203364001614e+02
  +1.14726203393312246703e+02
  +1.13550017093085287456e+02
  +1.12385825406673276916e+02
  +1.11232958784992902679e+02
  +1.10090771420549856430e+02
  +1.08958639727944870401e+02
  +1.07835960905314792058e+02
  +1.06722151571898535849e+02
  +1.05616646477055326159e+02
  +1.04518897276225985138e+02
  +1.03428371369497725141e+02
  +1.02344550798624695176e+02
  +1.01266931198544412496e+02
  +1.00195020799623549124e+02
  +9.91283394770525347894e+01
  +9.80664178440026574890e+01
  +9.70087963853281678439e+01
  +9.59550246287845709503e+01
  +9.49046603508857771203e+01
  +9.38572688146942510912e+01
  +9.28124220369794414864e+01
  +9.17696980823303078978e+01
  +9.07286803819352201117e+01
  +8.96889570748747217976e+01
  +8.86501203698891799831e+01
  +8.76117659256938736689e+01
  +8.65734922480258006772e+01
  +8.55349001016958681021e+01
  +8.44955919360235867543e+01
  +8.34551713221083559802e+01
  +8.24132424004863679556e+01
  +8.13694093377901737085e+01
  +8.03232757911092960512e+01
  +7.92744443788220110036e+01
  +7.82225161567363471704e+01
  +7.71670900984446603843e+01
  +7.61077625788695257825e+01
  +7.50441268600358029062e+01
  +7.39757725781828270328e+01
  +7.29022852313793663370e+01
  +7.18232456668988135107e+01
  +7.07382295676652859129e+01
  +6.96468069371655928990e+01
  +6.85485415823072372632e+01
  +6.74429905937832643303e+01
  +6.63297038236135279021e+01
  +6.52082233596205895765e+01
  +6.40780829967318226181e+01
  +6.29388077051166234810e+01
  +6.17899130953122153187e+01
  +6.06309048806576171842e+01
  +5.94612783375336064751e+01
  +5.82805177640888345536e+01
  +5.70880959383895643100e+01
  +5.58834735771470434429e+01
  +5.46660987964956248675e+01
  +5.34354065765909425068e+01
  +5.21908182321307663187e+01
  +5.09317408913591549435e+01
  +4.96575669865403170888e+01
  +4.83676737593297758622e+01
  +4.70614227851138835490e+01
  -1.34261840478968849766e+02
  -1.35602787117203007483e+02
  -1.36962105143153877407e+02
  -1.38340499845647769916e+02
  -1.39738694084715945110e+02
  -1.41157428528657760580e+02
  -1.42597461822130213704e+02
  -1.44059570673991828471e+02
  -1.45544549852208660923e+02
  -1.47053212071785907256e+02
  -1.48586387760036302552e+02
  -1.50144924681895588492e+02
  -1.51729687406179834852e+02
  -1.53341556591899433215e+02
  -1.54981428071759836484e+02
  -1.56650211708060965066e+02
  -1.58348829994211854455e+02
  -1.60078216373150894469e+02
  -1.61839313242099763102e+02
  -1.63633069611379056596e+02
  -1.65460438383571471377e+02
  -1.67322373218193405364e+02
  -1.69219824946410881239e+02
  -1.71153737500291640572e+02
  -1.73125043321834795051e+02
  -1.75134658218732653268e+02
  -1.77183475636691099453e+02
  -1.79272360322394689547e+02
  +1.78597858642899382176e+02
  +1.76426395451411877957e+02
  +1.74212515820975738734e+02
  +1.71955545881577137379e+02
  +1.69654881672037362250e+02
  +1.67309999205470347761e+02
  +1.64920465042477843554e+02
  +1.62485947288935136612e+02
  +1.60006226910998208268e+02
  +1.57481209233973885375e+02
  +1.54910935464719273114e+02
  +1.52295594050065034253e+02
  +1.49635531657584124332e+02
  +1.46931263541127805183e+02
  +1.44183483033509673987e+02
  +1.41393069894142968224e+02
  +1.38561097232053924699e+02
  +1.35688836726119944842e+02
  +1.32777761876020946374e+02
  +1.29829549040331698961e+02
</dep>
<dep S11_phase frequency>
  -1.54758279957784310454e+02
  -1.58347842381204259254e+02
  -1.61970331036596633112e+02
  -1.65626637100986187079e+02
  -1.69317036736675902375e+02
  -1.73041115457941202749e+02
  -1.76797698084786844674e+02
  +1.79415210929531127704e+02
  +1.75600471525582975119e+02
  +1.71761831012498163318e+02
  +1.67903920930885021789e+02
  +1.64032223671836618450e+02
  +1.60153006257404598500e+02
  +1.56273220776449164759e+02
  +1.52400373446099024477e+02
  +1.48542366873799238647e+02
  +1.44707322506320480215e+02
  +1.40903392136845326377e+02
  +1.37138568421270804265e+02
  +1.33420504463845873033e+02
  +1.29756351653749732122e+02
  +1.26152623204161571380e+02
  +1.22615088522580364838e+02
  +1.19148700951833703243e+02
  +1.15757558894519945625e+02
  +1.12444898144774668935e+02
  +1.09213111584862815562e+02
  +1.06063791340988061052e+02
  +1.02997788020468078685e+02
  +1.00015281688112196434e+02
  +9.71158596615189111390e+01
  +9.42985968783812609217e+01
  +9.15621353896184757559e+01
  +8.89047603580555545477e+01
  +8.63244707197669640664e+01
  +8.38190433476966063608e+01
  +8.13860901221259211979e+01
  +7.90231077549451441655e+01
  +7.67275205418140728852e+01
  +7.44967164422861003459e+01
  +7.23280770302344819811e+01
  +7.02190019331563490823e+01
  +6.81669284055913351494e+01
  +6.61693466731757382604e+01
  +6.42238116513819079501e+01
  +6.23279515960128520646e+01
  +6.04794741877854278300e+01
  +5.86761704959720873376e+01
  +5.69159172093799270442e+01
  +5.51966774692221733289e+01
  +5.35165005889734004541e+01
  +5.18735209017491598615e+01
  +5.02659559363305135093e+01
  +4.86921040885460101322e+01
  +4.71503419250701654164e+01
  +4.56391212313438217052e+01
  +4.41569658938944726856e+01
  +4.27024686893011775624e+01
  +4.12742880370238509613e+01
  +3.98711447608508251506e+01
  +3.84918188934516081190e+01
  +3.71351465501122603996e+01
  +3.58000168908879601304e+01
  +3.44853691848691212840e+01
  +3.31901899858102780172e+01
  +3.19135104248306120667e+01
  +3.06544036230843808255e+01
  +2.94119822251142828407e+01
  +2.81853960519038402310e+01
  +2.69738298713560524789e+01
  +2.57765012829633235469e+01
  +2.45926587127393858623e+01
  +2.34215795139929099378e+01
  +2.22625681692107129095e+01
  +2.11149545881263485114e+01
  +1.99780924969734137164e+01
  +1.88513579139171127963e+01
  +1.77341477057199270462e+01
  +1.66258782208006650194e+01
  +1.55259839939849051405e+01
  +1.44339165184078179749e+01
  +1.33491430802065131900e+01
  +1.22711456518285064732e+01
  +1.11994198399719824266e+01
  +1.01334738843701490651e+01
  +9.07282770381820036221e+00
  +8.01701198603392128916e+00
  +6.96556731811808926835e+00
  +5.91804335456067942545e+00
  +4.87399801990197989454e+00
  +3.83299674331924666859e+00
  +2.79461172255809531251e+00
  +1.75842121477172486088e+00
  +7.24008851965278310558e-01
  -3.09037021131333577983e-01
  -1.34112398882014827173e+00
  -2.37265618776795639278e+00
  -3.40403491375627575977e+00
  -4.43565921359317361095e+00
  -5.46792646383795499787e+00
  -6.50123293790338241394e+00
  -7.53597436301912626533e+00
  -8.57254646846136836302e+00
  -9.61134552638095129851e+00
  -1.06527688864922716050e+01
  -1.16972155058147890827e+01
  -1.27450864745978815762e+01
  -1.37967855394899086008e+01
  -1.48527196249518986804e+01
  -1.59132993538518121568e+01
  -1.69789395681070018895e+01
  -1.80500598501805100682e+01
  -1.91270850461613584059e+01
  -2.02104457910904393714e+01
  -2.13005790371103742586e+01
  -2.23979285849363982663e+01
  -2.35029456190509371538e+01
  -2.46160892469235221824e+01
  -2.57378270424465256383e+01
  -2.68686355936521827914e+01
  -2.80090010546379559742e+01
  -2.91594197014722702477e+01
  -3.03203984916781514869e+01
  -3.14924556266979607244e+01
  -3.26761211165199441098e+01
  -3.38719373454022942838e+01
  -3.50804596373497545869e+01
  -3.63022568196835777599e+01
  -3.75379117826941168801e+01
  -3.87880220329657063871e+01
  -4.00532002375206701572e+01
  -4.13340747554265135477e+01
  -4.26312901529525589694e+01
  -4.39455076977378453762e+01
  -4.52774058267309982284e+01
  -4.66276805818923349989e+01
  -4.79970460067832576101e+01
  -4.93862344962161827766e+01
  -5.07959970900882353817e+01
  -5.22271037013627008605e+01
  -5.36803432669001594491e+01
  -5.51565238084549847031e+01
  -5.66564723896599176101e+01
  -5.81810349531990524952e+01
  -5.97310760206397830530e+01
  -6.13074782355453677951e+01
  -6.29111417285453242698e+01
  -6.45429832810083610184e+01
  -6.62039352618630658753e+01
  -6.78949443099903078291e+01
  -6.96169697324881298073e+01
  -7.13709815870589210363e+01
  -7.31579584148482240380e+01
  -7.49788845883551999805e+01
  -7.68347472376537012906e+01
  -7.87265327172160596092e+01
  -8.06552225752772500300e+01
  -8.26217889880788476376e+01
  -8.46271896226744786418e+01
  -8.66723618944917717499e+01
  -8.87582165897384811615e+01
  -9.08856308282805542831e+01
  -9.30554403500484283995e+01
  -9.52684311175879514622e+01
  -9.75253302393101222378e+01
  -9.98267962324799071894e+01
  -1.02173408662152397142e+02
  -1.04565657212169384138e+02
  -1.07003930266863250154e+02
  -1.09488503107077633558e+02
  -1.12019525851067385247e+02
  -1.14597011299181772870e+02
  -1.17220822870086223588e+02
  -1.19890662844554370281e+02
  -1.22606061159216096712e+02
  -1.25366365015540225158e+02
  -1.28170729587057650178e+02
  -1.31018110118616732507e+02
  -1.33907255713577654888e+02
  -1.36836705096728053377e+02
  -1.39804784621074730921e+02
</dep>
<dep S21_dB frequency>
  -1.68215654692814908788e-01
  -1.99349948111719910138e-01
  -2.36043941735074841448e-01
  -2.79059212536429512852e-01
  -3.29203778256488777121e-01
  -3.87322749889675521651e-01
  -4.54286028479625847432e-01
  -5.30973009503110882079e-01
  -6.18254451459996801077e-01
  -7.16971898732293277945e-01
  -8.27915306160499908650e-01
  -9.51799768715172356259e-01
  -1.08924248130587342231e+00
  -1.24074120486856154244e+00
  -1.40665556193604013302e+00
  -1.58719240461948540855e+00
  -1.78239628373681702200e+00
  -1.99214571408888452275e+00
  -2.21615551245952246973e+00
  -2.45398503219004293641e+00
  -2.70505168793239780811e+00
  -2.96864880899291128102e+00
  -3.24396661826967536157e+00
  -3.53011502498747509193e+00
  -3.82614694089886731021e+00
  -4.13108096106124911273e+00
  -4.44392245972314103852e+00
  -4.76368240303722334517e+00
  -5.08939343919921771686e+00
  -5.42012306611458161143e+00
  -5.75498387855545168179e+00
  -6.09314105200089439762e+00
  -6.43381732740573042406e+00
  -6.77629582410826714067e+00
  -7.11992103420917121781e+00
  -7.46409834965296781206e+00
  -7.80829245138232330703e+00
  -8.15202485584684310993e+00
  -8.49487087386519945653e+00
  -8.83645619493853295978e+00
  -9.17645326971563513041e+00
  -9.51457762638322179782e+00
  -9.85058422432642011302e+00
  -1.01842639208480818525e+01
  -1.05154401039814242580e+01
  -1.08439655260872527265e+01
  -1.11697193585460912146e+01
  -1.14926044768095358961e+01
  -1.18125449768632400094e+01
  -1.21294839182192060179e+01
  -1.24433812844500231165e+01
  -1.27542121496023455052e+01
  -1.30619650372467184241e+01
  -1.33666404581679092445e+01
  -1.36682496125394479236e+01
  -1.39668132427146733932e+01
  -1.42623606233296627011e+01
  -1.45549286761879503871e+01
  -1.48445611982740963697e+01
  -1.51313081921860721479e+01
  -1.54152252892338523793e+01
  -1.56963732563988500601e+01
  -1.59748175792651476712e+01
  -1.62506281139093466948e+01
  -1.65238788015634909812e+01
  -1.67946474406341792474e+01
  -1.70630155113945960466e+01
  -1.73290680493315853994e+01
  -1.75928935637651022716e+01
  -1.78545839989435322082e+01
  -1.81142347353741151039e+01
  -1.83719446296681319097e+01
  -1.86278160916872081998e+01
  -1.88819551982534434842e+01
  -1.91344718431682174753e+01
  -1.93854799237480719398e+01
  -1.96350975645693210936e+01
  -1.98834473795943083019e+01
  -2.01306567743682407468e+01
  -2.03768582905136383943e+01
  -2.06221899953328104971e+01
  -2.08667959199686734451e+01
  -2.11108265502758598586e+01
  -2.13544393753500116873e+01
  -2.15977994995521136445e+01
  -2.18410803248925269315e+01
  -2.20844643118087589073e+01
  -2.23281438277420818395e+01
  -2.25723220945018709926e+01
  -2.28172142472803152202e+01
  -2.30630485203806259165e+01
  -2.33100675773415417780e+01
  -2.35585300062605398352e+01
  -2.38087120048567797426e+01
  -2.40609092843254330774e+01
  -2.43154392264891647812e+01
  -2.45726433353974229590e+01
  -2.48328900326482759908e+01
  -2.50965778557122192183e+01
  -2.53641391309081782879e+01
  -2.56360442080913557561e+01
  -2.59128063634115477498e+01
  -2.61949875008423092027e+01
  -2.64832048141004428032e+01
  -2.67781386101317941950e+01
  -2.70805415463626708572e+01
  -2.73912496002859313649e+01
  -2.77111951770482853874e+01
  -2.80414228761423487413e+01
  -2.83831085928705562083e+01
  -2.87375828395399857129e+01
  -2.91063594581838103181e+01
  -2.94911712948716484561e+01
  -2.98940149665935734902e+01
  -3.03172076540225248209e+01
  -3.07634600207651978110e+01
  -3.12359710901059699495e+01
  -3.17385535290013436338e+01
  -3.22758018447602381684e+01
  -3.28533224450792076254e+01
  -3.34780550577251716504e+01
  -3.41587328422676534956e+01
  -3.49065598639452545626e+01
  -3.57362421499321953888e+01
  -3.66676198877657029129e+01
  -3.77283775854232388269e+01
  -3.89588184346395252078e+01
  -4.04209344822910665584e+01
  -4.22174507474656337536e+01
  -4.45378219672009905139e+01
  -4.77958032135333468204e+01
  -5.32340989772549875170e+01
  -7.24644022984420956845e+01
  -5.51370604845377698666e+01
  -4.84282911306120595896e+01
  -4.46090087778968964471e+01
  -4.19034040653593891079e+01
  -3.97920973116078400267e+01
  -3.80505466471053424016e+01
  -3.65610391512015127091e+01
  -3.52541245325910850283e+01
  -3.40853875014565659285e+01
  -3.30247058193580258489e+01
  -3.20507166801786524957e+01
  -3.11477272988365463391e+01
  -3.03038787867474610493e+01
  -2.95099988144734339812e+01
  -2.87588545976312026653e+01
  -2.80446495384183620558e+01
  -2.73626740291361230106e+01
  -2.67090570724174440898e+01
  -2.60805857401922871475e+01
  -2.54745714306838344498e+01
  -2.48887491227659438664e+01
  -2.43212003519063486578e+01
  -2.37702935358473688154e+01
  -2.32346371863643312849e+01
  -2.27130428240448623001e+01
  -2.22044952889701185939e+01
  -2.17081287496634374179e+01
  -2.12232071434244105035e+01
  -2.07491080899140136751e+01
  -2.02853095440497313007e+01
  -1.98313786190235106233e+01
  -1.93869621326872945133e+01
  -1.89517785225293167173e+01
  -1.85256108443358797899e+01
  -1.81083006233171097676e+01
  -1.76997423683079233570e+01
  -1.72998785927527265471e+01
  -1.69086952129139760359e+01
  -1.65262172158482272266e+01
  -1.61525045085116083499e+01
  -1.57876478758738887365e+01
  -1.54317649909052807544e+01
  -1.50849964332636155007e+01
  -1.47475016868383477231e+01
  -1.44194550991794567807e+01
  -1.41010417983287226207e+01
  -1.37924535746007208559e+01
  -1.34938847462593756177e+01
</dep>
<dep S11_dB frequency>
  -1.53581808029156086093e+01
  -1.44807878372621505747e+01
  -1.36336106384668624969e+01
  -1.28163973606684713502e+01
  -1.20290144398797558267e+01
  -1.12714231978465058148e+01
  -1.05436579347484276070e+01
  -9.84580402354193573444e+00
  -9.17797517217871572370e+00
  -8.54028956990456400433e+00
  -7.93284510877356741076e+00
  -7.35569427698318811792e+00
  -6.80881964459654209776e+00
  -6.29211108325732304536e+00
  -5.80534595602729108776e+00
  -5.34817346512804636660e+00
  -4.92010415256281241625e+00
  -4.52050522888117090048e+00
  -4.14860199604325341483e+00
  -3.80348518332174156953e+00
  -3.48412358843463110247e+00
  -3.18938106289404199600e+00
  -2.91803664016637931411e+00
  -2.66880649683853832244e+00
  -2.44036645849479594261e+00
  -2.23137389323437185240e+00
  -2.04048804490206991957e+00
  -1.86638810890516104735e+00
  -1.70778861205067467033e+00
  -1.56345189695498798521e+00
  -1.43219771317356880935e+00
  -1.31291007212701726914e+00
  -1.20454162974382605888e+00
  -1.10611592350283816089e+00
  -1.01672781653631827403e+00
  -9.35542499220702650220e-01
  -8.61793376740718430895e-01
  -7.94779136942147634848e-01
  -7.33860252466225770895e-01
  -6.78455129221735120382e-01
  -6.28036072838589642942e-01
  -5.82125207810284317489e-01
  -5.40290451609667821131e-01
  -5.02141618517170540414e-01
  -4.67326705151914656433e-01
  -4.35528391387868918372e-01
  -4.06460775956578868051e-01
  -3.79866355031503344364e-01
  -3.55513243888045671337e-01
  -3.33192635824516969478e-01
  -3.12716488444424345339e-01
  -2.93915424743891762205e-01
  -2.76636834885606919254e-01
  -2.60743163798029198297e-01
  -2.46110369597884959258e-01
  -2.32626538119393488913e-01
  -2.20190639412218697180e-01
  -2.08711412836558890538e-01
  -1.98106368262205179143e-01
  -1.88300891809851600467e-01
  -1.79227445517320532753e-01
  -1.70824851240852559897e-01
  -1.63037649992407412958e-01
  -1.55815528756804377863e-01
  -1.49112807617929415960e-01
  -1.42887980750304427469e-01
  -1.37103305497923211309e-01
  -1.31724434369526965938e-01
  -1.26720085329271314745e-01
  -1.22061746258552150657e-01
  -1.17723409911268173111e-01
  -1.13681336085432890814e-01
  -1.09913838092834004190e-01
  -1.06401090928474301167e-01
  -1.03124958827376378423e-01
  -1.00068840150720470006e-01
  -9.72175277698775763824e-02
  -9.45570833181277881074e-02
  -9.20747238591072825198e-02
  -8.97587196798829978217e-02
  -8.75983020580044235981e-02
  -8.55835799772827476861e-02
  -8.37054648785725552429e-02
  -8.19556026308923546431e-02
  -8.03263119961734883834e-02
  -7.88105289391712732217e-02
  -7.74017562035876488524e-02
  -7.60940176374210741628e-02
  -7.48818168054796728939e-02
  -7.37600994761964667834e-02
  -7.27242196135016172320e-02
  -7.17699085435280492717e-02
  -7.08932470007141435353e-02
  -7.00906397890580096233e-02
  -6.93587928218726973428e-02
  -6.86946923286286814658e-02
  -6.80955860394497625165e-02
  -6.75589661781922923289e-02
  -6.70825541128384217338e-02
  -6.66642865282955354722e-02
  -6.63023030013987352271e-02
  -6.59949348710061056700e-02
  -6.57406953082923239950e-02
  -6.55382705032068330064e-02
  -6.53865118930270355913e-02
  -6.52844293680958226433e-02
  -6.52311853982440736921e-02
  -6.52260900311529001616e-02
  -6.52685967210211853695e-02
  -6.53582989527602825630e-02
  -6.54949276329883367520e-02
  -6.56783492252497880237e-02
  -6.59085646123136748020e-02
  -6.61857086738616151589e-02
  -6.65100505729503549412e-02
  -6.68819947495295497042e-02
  -6.73020826243367897845e-02
  -6.77709950207955186263e-02
  -6.82895553175289077297e-02
  -6.88587333482135743878e-02
  -6.94796500702922620318e-02
  -7.01535830280370087397e-02
  -7.08819726400652799780e-02
  -7.16664293452806966389e-02
  -7.25087416453982225306e-02
  -7.34108850860361455970e-02
  -7.43750322219913495569e-02
  -7.54035636156364930116e-02
  -7.64990799201562543530e-02
  -7.76644151019977718731e-02
  -7.89026508583229452265e-02
  -8.02171322862282876187e-02
  -8.16114848600534015244e-02
  -8.30896327715383298251e-02
  -8.46558186839683896041e-02
  -8.63146249459504355528e-02
  -8.80709963021698988284e-02
  -8.99302641269711516836e-02
  -9.18981721914223642633e-02
  -9.39809039543808150130e-02
  -9.61851113427068804551e-02
  -9.85179449536918855346e-02
  -1.00987085573006785122e-01
  -1.03600776852779810633e-01
  -1.06367858935208239868e-01
  -1.09297802735921295580e-01
  -1.12400744516646264315e-01
  -1.15687520276227098770e-01
  -1.19169699371569140500e-01
  -1.22859616643483104959e-01
  -1.26770402164897960651e-01
  -1.30916007549259055809e-01
  -1.35311227554110763416e-01
  -1.39971715488028447538e-01
  -1.44913990679412602036e-01
  -1.50155435993919783577e-01
  -1.55714283097590722171e-01
  -1.61609582859678413413e-01
  -1.67861157980990799432e-01
  -1.74489534631251885788e-01
  -1.81515849596569411872e-01
  -1.88961729195255168090e-01
  -1.96849136040055550101e-01
  -2.05200179635649543330e-01
  -2.14036886835980433297e-01
  -2.23380928385414928572e-01
  -2.33253298171632872382e-01
  -2.43673942472945909143e-01
  -2.54661337432332046671e-01
  -2.66232014275398831682e-01
  -2.78400033445597383519e-01
  -2.91176410876136604333e-01
  -3.04568502057106837988e-01
  -3.18579352363011214511e-01
  -3.33207025224052044710e-01
  -3.48443923056477589117e-01
  -3.64276119274627163680e-01
  -3.80682723004665046762e-01
  -3.97635301081072589646e-01
  -4.15097384269166813642e-01
  -4.33024086139477348834e-01
</dep>
<dep Zin_ohm frequency>
  +1.83456728366959077903e+03
  +1.75681211202000008598e+03
  +1.67692695123190060258e+03
  +1.59584364692447502421e+03
  +1.51461556289496411409e+03
  +1.43442144213641950046e+03
  +1.35657206619344674436e+03
  +1.28251714587979040516e+03
  +1.21384649755671671301e+03
  +1.15227504417058889885e+03
  +1.09959671696921918738e+03
  +1.05759129787249139554e+03
  +1.02787637816190863305e+03
  +1.01171860888329467798e+03
  +1.00984955135721247643e+03
  +1.02235153767526207957e+03
  +1.04866408797627491367e+03
  +1.08771177959361716603e+03
  +1.13810339603877901027e+03
  +1.19833480451319269378e+03
  +1.26694719522954892454e+03
  +1.34262452748044347572e+03
  +1.42423766929567113948e+03
  +1.51085191764779801815e+03
  +1.60171389910989432792e+03
  +1.69622937261839251732e+03
  +1.79393887790374833457e+03
  +1.89449481162553070135e+03
  +1.99764143465182814907e+03
  +2.10319817948182844702e+03
  +2.21104608089186012876e+03
  +2.32111693635662595625e+03
  +2.43338475435471400488e+03
  +2.54785907709034017898e+03
  +2.66457982153169905359e+03
  +2.78361334565609786296e+03
  +2.90504950519086241911e+03
  +3.02899951635999195787e+03
  +3.15559448170671930711e+03
  +3.28498446980543121754e+03
  +3.41733806687359992793e+03
  +3.55284234025498335541e+03
  +3.69170317164669177146e+03
  +3.83414593278979145907e+03
  +3.98041648897468076029e+03
  +4.13078252681646790734e+03
  +4.28553521292624827765e+03
  +4.44499119983761556796e+03
  +4.60949500531264493475e+03
  +4.77942180138245748822e+03
  +4.95518066062270463590e+03
  +5.13721831970683069812e+03
  +5.32602353476367170515e+03
  +5.52213212013741849660e+03
  +5.72613278258744412597e+03
  +5.93867388775593281025e+03
  +6.16047132610184962687e+03
  +6.39231768304825072846e+03
  +6.63509296487278515997e+03
  +6.88977719059761966491e+03
  +7.15746523438016447471e+03
  +7.43938439744211700599e+03
  +7.73691530982018775831e+03
  +8.05161691888965833641e+03
  +8.38525652563066068979e+03
  +8.73984609746796013496e+03
  +9.11768644125284663460e+03
  +9.52142129406492313137e+03
  +9.95410402938640436332e+03
  +1.04192805488494614110e+04
  +1.09210931332314921747e+04
  +1.14644117061443230341e+04
  +1.20550013389870673564e+04
  +1.26997382313835878449e+04
  +1.34068913593708366534e+04
  +1.41864943219995348045e+04
  +1.50508429766851713794e+04
  +1.60151714557202267315e+04
  +1.70985858721879048971e+04
  +1.83253780344053411682e+04
  +1.97269126338167116046e+04
  +2.13444026898601478024e+04
  +2.32331021515277352592e+04
  +2.54688375871125426784e+04
  +2.81585557578637162806e+04
  +3.14580923089729440107e+04
  +3.56036611172641423764e+04
  +4.09712187609517714009e+04
  +4.81973693846143578412e+04
  +5.84513679008437611628e+04
  +7.41343906912983366055e+04
  +1.01051666117976652458e+05
  +1.57434105571740161395e+05
  +3.33483697509933903348e+05
  +5.18879264722117397469e+05
  +2.02363315307790995575e+05
  +1.18618205891425037407e+05
  +8.34224270399268280016e+04
  +6.42346308605836820789e+04
  +5.21846021060706771095e+04
  +4.39189752690021996386e+04
  +3.78970308511159382761e+04
  +3.33133787326875317376e+04
  +2.97065040718999225646e+04
  +2.67930971853079827270e+04
  +2.43896740148827448138e+04
  +2.23721944091795958229e+04
  +2.06538051929509892943e+04
  +1.91718820811855330248e+04
  +1.78801348192970144737e+04
  +1.67436093628578346397e+04
  +1.57354187144461066055e+04
  +1.48345430718307452480e+04
  +1.40243124314666947612e+04
  +1.32913368445603737200e+04
  +1.26247375042207386286e+04
  +1.20155844023413301329e+04
  +1.14564785975839458843e+04
  +1.09412374984813777701e+04
  +1.04646546978506812593e+04
  +1.00223145404367005540e+04
  +9.61044740552806069900e+03
  +9.22581564422462179209e+03
  +8.86562285479305319313e+03
  +8.52744110930282113259e+03
  +8.20915212022276136850e+03
  +7.90889932828090149997e+03
  +7.62504861749391875492e+03
  +7.35615589791859474644e+03
  +7.10094019512715840392e+03
  +6.85826118514646168478e+03
  +6.62710034107101546397e+03
  +6.40654503161451157212e+03
  +6.19577504608600338543e+03
  +5.99405112454291884205e+03
  +5.80070515343033912359e+03
  +5.61513175123163091484e+03
  +5.43678101953069108276e+03
  +5.26515227543079436145e+03
  +5.09978861376918666792e+03
  +4.94027217374682186346e+03
  +4.78622000579480027227e+03
  +4.63728045175130137068e+03
  +4.49312996552829736174e+03
  +4.35347031302896266425e+03
  +4.21802609962837777857e+03
  +4.08654258143818015014e+03
  +3.95878372314926127729e+03
  +3.83453047073140987777e+03
  +3.71357921186018347726e+03
  +3.59574040080001668684e+03
  +3.48083732772435769220e+03
  +3.36870501520368270576e+03
  +3.25918922692491014459e+03
  +3.15214557568969121348e+03
  +3.04743871943192925755e+03
  +2.94494163544303819435e+03
  +2.84453496423577962560e+03
  +2.74610641554708445256e+03
  +2.64955022990317002041e+03
  +2.55476668997109436532e+03
  +2.46166167661829786084e+03
  +2.37014626521403351944e+03
  +2.28013635824982975464e+03
  +2.19155235084458854544e+03
  +2.10431882614957066835e+03
  +2.01836427809493488894e+03
  +1.93362085934045467184e+03
  +1.85002415273176484334e+03
  +1.76751296504764968631e+03
  +1.68602914239356096004e+03
  +1.60551740730642586641e+03
  +1.52592521856834696337e+03
  +1.44720265600470952450e+03
  +1.36930233435794752950e+03
  +1.29217935298747329398e+03
  +1.21579129215038869916e+03
  +1.14009827280889453505e+03
  +1.06506310674540941363e+03
  +9.90651579841985721941e+02
  +9.16832938482498434496e+02
</dep>
<dep Zin_norm frequency>
  +3.66913456733918152963e+01
  +3.51362422404000014353e+01
  +3.35385390246380126200e+01
  +3.19168729384895009105e+01
  +3.02923112578992821398e+01
  +2.86884288427283884459e+01
  +2.71314413238689340346e+01
  +2.56503429175958075348e+01
  +2.42769299511343348286e+01
  +2.30455008834117762717e+01
  +2.19919343393843824686e+01
  +2.11518259574498301845e+01
  +2.05575275632381710977e+01
  +2.02343721776658931333e+01
  +2.01969910271442500971e+01
  +2.04470307535052420178e+01
  +2.09732817595254985577e+01
  +2.17542355918723444574e+01
  +2.27620679207755820528e+01
  +2.39666960902638521702e+01
  +2.53389439045909803383e+01
  +2.68524905496088699408e+01
  +2.84847533859134216527e+01
  +3.02170383529559600788e+01
  +3.20342779821978851373e+01
  +3.39245874523678523360e+01
  +3.58787775580749652704e+01
  +3.78898962325106154481e+01
  +3.99528286930365652552e+01
  +4.20639635896365717826e+01
  +4.42209216178371988804e+01
  +4.64223387271325194092e+01
  +4.86676950870942803817e+01
  +5.09571815418068041481e+01
  +5.32915964306339802192e+01
  +5.56722669131219589644e+01
  +5.81009901038172458243e+01
  +6.05799903271998374521e+01
  +6.31118896341343855738e+01
  +6.56996893961086243507e+01
  +6.83467613374720031061e+01
  +7.10568468050996671082e+01
  +7.38340634329338314501e+01
  +7.66829186557958308867e+01
  +7.96083297794936157743e+01
  +8.26156505363293547362e+01
  +8.57107042585249701006e+01
  +8.88998239967523034011e+01
  +9.21899001062529066530e+01
  +9.55884360276491520381e+01
  +9.91036132124540927180e+01
  +1.02744366394136619647e+02
  +1.06520470695273431261e+02
  +1.10442642402748376185e+02
  +1.14522655651748877403e+02
  +1.18773477755118662458e+02
  +1.23209426522036991969e+02
  +1.27846353660965021959e+02
  +1.32701859297455712294e+02
  +1.37795543811952398983e+02
  +1.43149304687603290631e+02
  +1.48787687948842346941e+02
  +1.54738306196403755166e+02
  +1.61032338377793166728e+02
  +1.67705130512613209248e+02
  +1.74796921949359187920e+02
  +1.82353728825056947471e+02
  +1.90428425881298466038e+02
  +1.99082080587728086130e+02
  +2.08385610976989227083e+02
  +2.18421862664629827577e+02
  +2.29288234122886450450e+02
  +2.41100026779741341443e+02
  +2.53994764627671742119e+02
  +2.68137827187416746710e+02
  +2.83729886439990707458e+02
  +3.01016859533703438956e+02
  +3.20303429114404536904e+02
  +3.41971717443758109312e+02
  +3.66507560688106821090e+02
  +3.94538252676334252556e+02
  +4.26888053797202985606e+02
  +4.64662043030554684719e+02
  +5.09376751742250860389e+02
  +5.63171115157274357443e+02
  +6.29161846179458848383e+02
  +7.12073222345282829338e+02
  +8.19424375219035368900e+02
  +9.63947387692287179561e+02
  +1.16902735801687526873e+03
  +1.48268781382596671392e+03
  +2.02103332235953303098e+03
  +3.14868211143480311875e+03
  +6.66967395019867853989e+03
  +1.03775852944423477311e+04
  +4.04726630615581962047e+03
  +2.37236411782850063901e+03
  +1.66844854079853644180e+03
  +1.28469261721167367796e+03
  +1.04369204212141357857e+03
  +8.78379505380044065532e+02
  +7.57940617022318747331e+02
  +6.66267574653750671132e+02
  +5.94130081437998455840e+02
  +5.35861943706159649992e+02
  +4.87793480297654866717e+02
  +4.47443888183591923280e+02
  +4.13076103859019781339e+02
  +3.83437641623710646854e+02
  +3.57602696385940305390e+02
  +3.34872187257156724627e+02
  +3.14708374288922129836e+02
  +2.96690861436614909508e+02
  +2.80486248629333886129e+02
  +2.65826736891207474400e+02
  +2.52494750084414789626e+02
  +2.40311688046826589016e+02
  +2.29129571951678912001e+02
  +2.18824749969627561086e+02
  +2.09293093957013610407e+02
  +2.00446290808734005395e+02
  +1.92208948110561209432e+02
  +1.84516312884492435842e+02
  +1.77312457095861077505e+02
  +1.70548822186056412420e+02
  +1.64183042404455221686e+02
  +1.58177986565618027726e+02
  +1.52500972349878367140e+02
  +1.47123117958371892655e+02
  +1.42018803902543169215e+02
  +1.37165223702929239380e+02
  +1.32542006821420301321e+02
  +1.28130900632290234853e+02
  +1.23915500921720067140e+02
  +1.19881022490858384799e+02
  +1.16014103068606786451e+02
  +1.12302635024632621707e+02
  +1.08735620390613817676e+02
  +1.05303045508615895187e+02
  +1.01995772275383728811e+02
  +9.88054434749364389745e+01
  +9.57244001158960031717e+01
  +9.27456090350260211608e+01
  +8.98625993105659546245e+01
  +8.70694062605792566956e+01
  +8.43605219925675555714e+01
  +8.17308516287636024344e+01
  +7.91756744629852278194e+01
  +7.66906094146281986923e+01
  +7.42715842372036689767e+01
  +7.19148080160003360106e+01
  +6.96167465544871504335e+01
  +6.73741003040736501362e+01
  +6.51837845384982017549e+01
  +6.30429115137938254065e+01
  +6.09487743886385828773e+01
  +5.88988327088607661608e+01
  +5.68906992847155947857e+01
  +5.49221283109416873458e+01
  +5.29910045980633981344e+01
  +5.10953337994218870222e+01
  +4.92332335323659577853e+01
  +4.74029253042806715257e+01
  +4.56027271649965939559e+01
  +4.38310470168917731826e+01
  +4.20863765229914150723e+01
  +4.03672855618986972104e+01
  +3.86724171868090920157e+01
  +3.70004830546352962983e+01
  +3.53502593009529917367e+01
  +3.37205828478712206220e+01
  +3.21103481461285156229e+01
  +3.05185043713669372778e+01
  +2.89440531200941926215e+01
  +2.73860466871589487425e+01
  +2.58435870597494670164e+01
  +2.43158258430077722778e+01
  +2.28019654561778892798e+01
  +2.13012621349081889832e+01
  +1.98130315968397141546e+01
  +1.83366587696499685478e+01
</dep>
<dep S[2,2] frequency>
  -1.54350339165715916279e-01-j7.27690807226390179441e-02
  -1.75461738975915049199e-01-j6.96550489116863347228e-02
  -1.97903128219623386519e-01-j6.44159407294020852630e-02
  -2.21497504221587787621e-01-j5.67611422569331836030e-02
  -2.46011876864765249850e-01-j4.64086683346537770545e-02
  -2.71155053158257497437e-01-j3.30961570980193992009e-02
  -2.96577658046963787974e-01-j1.65932178976690158922e-02
  -3.21874949058532977553e-01+j3.28532904578432427556e-03
  -3.46592892928546170150e-01+j2.66660004354358215473e-02
  -3.70237796258118090353e-01+j5.36038702988834436791e-02
  -3.92289516578006369762e-01+j8.40715062774118615518e-02
  -4.12217938210079903882e-01+j1.17950734826778980135e-01
  -4.29502011811502271144e-01+j1.55028292855242472159e-01
  -4.43650278715003454355e-01+j1.94996219416304295002e-01
  -4.54221494373202749895e-01+j2.37457489043180786092e-01
  -4.60843792600467760945e-01+j2.81936918071475861591e-01
  -4.63230841990856234691e-01+j3.27896845788085422591e-01
  -4.61193656754317338198e-01+j3.74756582604880261744e-01
  -4.54647117545621204382e-01+j4.21914211022552998465e-01
  -4.43610778379845083208e-01+j4.68769090448564962337e-01
  -4.28204102560937438504e-01+j5.14743391257607707523e-01
  -4.08636795332730562436e-01+j5.59301164381264981351e-01
  -3.85195307568934275366e-01+j6.01963799937891286262e-01
  -3.58226824828287049307e-01+j6.42321175378027686698e-01
  -3.28122115872163166994e-01+j6.80038264230985567416e-01
  -2.95298513185888400479e-01+j7.14857402031492839001e-01
  -2.60184077192944340773e-01+j7.46596737191109749432e-01
  -2.23203708132928224650e-01+j7.75145607229731470333e-01
  -1.84767665782330392510e-01+j8.00457674313224565310e-01
  -1.45262677894952341173e-01+j8.22542645622398760352e-01
  -1.05045589672215139432e-01+j8.41457320772761696581e-01
  -6.44393405764425164506e-02+j8.57296579938890523920e-01
  -2.37309514460283116355e-02+j8.70184779201666369630e-01
  +1.68288437000960328094e-02+j8.80267874622950419194e-01
  +5.70246925104874041734e-02+j8.87706467379504760018e-01
  +9.66747929571752095956e-02+j8.92669856253052951267e-01
  +1.35628440677794337432e-01+j8.95331103093534363957e-01
  +1.73763209135337298727e-01+j8.95863060285988499487e-01
  +2.10981964572752922482e-01+j8.94435273479341819147e-01
  +2.47209868835106288953e-01+j8.91211653742014942026e-01
  +2.82391480130878946841e-01+j8.86348806698194269238e-01
  +3.16488025855773236206e-01+j8.79994908290585575728e-01
  +3.49474892822853655527e-01+j8.72289024474838248224e-01
  +3.81339358112346205054e-01+j8.63360782943557447666e-01
  +4.12078567419103036773e-01+j8.53330317123931259005e-01
  +4.41697756255867435282e-01+j8.42308414970845520386e-01
  +4.70208701701345488377e-01+j8.30396816708398044504e-01
  +4.97628387681836925616e-01+j8.17688616211864616190e-01
  +5.23977864291328421231e-01+j8.04268729962099193642e-01
  +5.49281280765119062082e-01+j7.90214405397540509135e-01
  +5.73565071933676118299e-01+j7.75595747089457332457e-01
  +5.96857278916717581829e-01+j7.60476244584916249991e-01
  +6.19186986188057453262e-01+j7.44913290138432993004e-01
  +6.40583858743332013042e-01+j7.28958678034219209607e-01
  +6.61077764789419486391e-01+j7.12659079928773420143e-01
  +6.80698471048602260502e-01+j6.96056492748656108205e-01
  +6.99475399367814665297e-01+j6.79188657276901031068e-01
  +7.17437434807044804863e-01+j6.62089446752786026096e-01
  +7.34612776730656280577e-01+j6.44789225678170541123e-01
  +7.51028825634718844029e-01+j6.27315179638889719449e-01
  +7.66712099513441658338e-01+j6.09691617368882887718e-01
  +7.81688174505326349717e-01+j5.91940246553953941522e-01
  +7.95981645374402302373e-01+j5.74080425028193230830e-01
  +8.09616102085156663648e-01+j5.56129389088111047990e-01
  +8.22614119333402338263e-01+j5.38102460660504600121e-01
  +8.34997256410740962274e-01+j5.20013235027564135748e-01
  +8.46786065218803618571e-01+j5.01873750750254976616e-01
  +8.58000104620826875568e-01+j4.83694643349180941616e-01
  +8.68657959631872089723e-01+j4.65485284208461191913e-01
  +8.78777264213107311974e-01+j4.47253906068494522241e-01
  +8.88374726657343405378e-01+j4.29007716372007241734e-01
  +8.97466156738726206221e-01+j4.10752999627536530269e-01
  +9.06066493954626239749e-01+j3.92495209857333826609e-01
  +9.14189836317012338718e-01+j3.74239054104304136317e-01
  +9.21849469258067988342e-01+j3.55988567885425044590e-01
  +9.29057894303849995943e-01+j3.37747183398017070122e-01
  +9.35826857243445608958e-01+j3.19517791210055301931e-01
  +9.42167375581781318949e-01+j3.01302796096712399709e-01
  +9.48089765114109583877e-01+j2.83104167622094671231e-01
  +9.53603665501047581543e-01+j2.64923486007594688463e-01
  +9.58718064756315491159e-01+j2.46761983776043136718e-01
  +9.63441322586366499792e-01+j2.28620583613561578762e-01
  +9.67781192542888191177e-01+j2.10499932848384307960e-01
  +9.71744842966650312910e-01+j1.92400434907481793223e-01
  +9.75338876715086455782e-01+j1.74322278077387732287e-01
  +9.78569349676972954910e-01+j1.56265461864636301392e-01
  +9.81441788086099053956e-01+j1.38229821223655874318e-01
  +9.83961204652415211136e-01+j1.20215048895170387167e-01
  +9.86132113534062937354e-01+j1.02220716076249232285e-01
  +9.87958544177360398209e-01+j8.42462916235259123843e-02
  +9.89444054054382737817e-01+j6.62911599738048445962e-02
  +9.90591740329546444066e-01+j4.83546379509026055810e-02
  +9.91404250487688099014e-01+j3.04359906140782496275e-02
  +9.91883791956715721305e-01+j1.25344462915402635877e-02
  +9.92032140758135727587e-01-j5.35078906785025395360e-03
  +9.91850649218671831520e-01-j2.32205181005598233768e-02
  +9.91340252775976593647e-01-j4.10755386756752466360e-02
  +9.90501475911077067238e-01-j5.89166308737336941181e-02
  +9.89334437239837494182e-01-j7.67445441929100746759e-02
  +9.87838853795375615441e-01-j9.45599848829603711886e-02
  +9.86014044533105704637e-01-j1.12363603311040796684e-01
  +9.83858933089974518893e-01-j1.30155981266429354726e-01
  +9.81372049829496773121e-01-j1.47937619113276824789e-01
  +9.78551533204499390806e-01-j1.65708922701938737854e-01
  +9.75395130470018800750e-01-j1.83470189950175860405e-01
  +9.71900197779704488887e-01-j2.01221597005562635729e-01
  +9.68063699700281388161e-01-j2.18963183900015651018e-01
  +9.63882208180306343515e-01-j2.36694839606181900438e-01
  +9.59351901011565422195e-01-j2.54416286403863489696e-01
  +9.54468559824086515420e-01-j2.72127063462500262681e-01
  +9.49227567659006399303e-01-j2.89826509543040844452e-01
  +9.43623906167378900811e-01-j3.07513744719497383873e-01
  +9.37652152487647883028e-01-j3.25187651016830281403e-01
  +9.31306475859931870431e-01-j3.42846851857909362682e-01
  +9.24580634041593185657e-01-j3.60489690207859259097e-01
  +9.17467969595922805404e-01-j3.78114205299435290897e-01
  +9.09961406134190853301e-01-j3.95718107818008368870e-01
  +9.02053444601062626163e-01-j4.13298753419473474668e-01
  +8.93736159704407895354e-01-j4.30853114448913998569e-01
  +8.85001196603167228361e-01-j4.48377749722269569599e-01
  +8.75839767981203110025e-01-j4.65868772227629734939e-01
  +8.66242651651250361589e-01-j4.83321814597264198810e-01
  +8.56200188851257149025e-01-j5.00731992196201902701e-01
  +8.45702283415916800102e-01-j5.18093863668291798596e-01
  +8.34738402029149839656e-01-j5.35401388776362119337e-01
  +8.23297575788969893118e-01-j5.52647883369669967735e-01
  +8.11368403344836952584e-01-j5.69825971309496970285e-01
  +7.98939055899490768731e-01-j5.86927533182896477015e-01
  +7.85997284402644158519e-01-j6.03943651635668432576e-01
  +7.72530429303054599899e-01-j6.20864553158998688787e-01
  +7.58525433268676718690e-01-j6.37679546170585975773e-01
  +7.43968857332067190491e-01-j6.54376955240975166639e-01
  +7.28846900970184230495e-01-j6.70944051330147894774e-01
  +7.13145426684377969906e-01-j6.87366977918992483332e-01
  +6.96849989707948536122e-01-j7.03630672946117474709e-01
  +6.79945873534996914067e-01-j7.19718786493888762479e-01
  +6.62418132035636042509e-01-j7.35613594209740484509e-01
  +6.44251638998568521011e-01-j7.51295906501419863410e-01
  +6.25431146022294548459e-01-j7.66744973609568170048e-01
  +6.05941349760237502053e-01-j7.81938386739773783063e-01
  +5.85766969611857701850e-01-j7.96851975531299383526e-01
  +5.64892837040310680230e-01-j8.11459702253155223950e-01
  +5.43303997785472891913e-01-j8.25733553252964824765e-01
  +5.20985828327279909544e-01-j8.39643428342504161144e-01
  +4.97924168035141001543e-01-j8.53157028989085075565e-01
  +4.74105468511397676323e-01-j8.66239746396748500068e-01
  +4.49516961695600958393e-01-j8.78854550808556345132e-01
  +4.24146848336496018472e-01-j8.90961883643882068817e-01
  +3.97984508453281649043e-01-j9.02519554404734303255e-01
  +3.71020735388797984200e-01-j9.13482644644859620442e-01
  +3.43247994995722338629e-01-j9.23803421695488125032e-01
  +3.14660711381371693829e-01-j9.33431265281991606741e-01
  +2.85255580454978119320e-01-j9.42312610644583492636e-01
  +2.55031912259366277951e-01-j9.50390912289411637914e-01
  +2.23992002711088794564e-01-j9.57606633037355270410e-01
  +1.92141534902979527200e-01-j9.63897263596117492845e-01
  +1.59490009523114678602e-01-j9.69197378442534618337e-01
  +1.26051203197050015747e-01-j9.73438734346763534511e-01
  +9.18436526494567362366e-02-j9.76550418372947759416e-01
  +5.68911614922735370259e-02-j9.78459052620185842919e-01
  +2.12233251690467222828e-02-j9.79089063284136695842e-01
  -1.51239318857867375417e-02-j9.78363021776879948632e-01
  -5.21078144744616458817e-02-j9.76202065586907252737e-01
  -8.96781196873045888251e-02-j9.72526406231920659273e-01
  -1.27776716196036643769e-01-j9.67255930988885848087e-01
  -1.66337053286726044288e-01-j9.60310904010340804504e-01
  -2.05283715241256908834e-01-j9.51612770886540504378e-01
  -2.44532038728244999204e-01-j9.41085068628826237891e-01
  -2.83987812741302914077e-01-j9.28654440383054002872e-01
  -3.23547082184563739027e-01-j9.14251750906254212481e-01
  -3.63096077288911522896e-01-j8.97813294957965801757e-01
  -4.02511291467197829252e-01-j8.79282086312749622259e-01
  -4.41659729792913013924e-01-j8.58609210184139604038e-01
  -4.80399348828584982218e-01-j8.35755216611571816188e-01
  -5.18579705871128338046e-01-j8.10691527011860646468e-01
  -5.56042831695208628062e-01-j7.83401820909656154690e-01
  -5.92624335497458964994e-01-j7.53883365168456665018e-01
  -6.28154743993631803356e-01-j7.22148244221019530720e-01
  -6.62461068621350901431e-01-j6.88224447243696801912e-01
  -6.95368585796118154896e-01-j6.52156767324427399934e-01
  -7.26702805525130446362e-01-j6.14007468785297993996e-01
</dep>
<dep S[2,1] frequency>
  +4.13571314366535658369e-01-j8.89362814702649884246e-01
  +3.56735018394070402259e-01-j9.09876731563797558344e-01
  +2.98131944471151655307e-01-j9.26399935445922695365e-01
  +2.38050201960752355612e-01-j9.38667794804519894925e-01
  +1.76827921686266653634e-01-j9.46431004940283537863e-01
  +1.14855185776759849414e-01-j9.49465752620316294497e-01
  +5.25738215182169274509e-02-j9.47585254305502000527e-01
  -9.52550777193188549785e-03-j9.40652216365577609203e-01
  -7.09093928806192458358e-02-j9.28591546123795241741e-01
  -1.31011251973134512649e-01-j9.11402434702851205195e-01
  -1.89244423358492924736e-01-j8.89168772776618876463e-01
  -2.45018471796857512102e-01-j8.62066789022422841349e-01
  -2.97758016399113145667e-01-j8.30368855189657528726e-01
  -3.46923009772145130025e-01-j7.94442604428687970675e-01
  -3.92029090544926017703e-01-j7.54744860568130615519e-01
  -4.32666458031130241046e-01-j7.11810345467867366942e-01
  -4.68515726682477484655e-01-j6.66235660454164935196e-01
  -4.99359428067530752848e-01-j6.18659547009177912535e-01
  -5.25088220683038953140e-01-j5.69740837984926029591e-01
  -5.45701387702393736490e-01-j5.20135745097923707370e-01
  -5.61301768924980959419e-01-j4.70476154022720971515e-01
  -5.72085797355340486270e-01-j4.21350417475595540040e-01
  -5.78329716889371625577e-01-j3.73287789495274469065e-01
  -5.80373297096539064732e-01-j3.26747197257291566164e-01
  -5.78602420419841667609e-01-j2.82110576283625902327e-01
  -5.73431815178783166331e-01-j2.39680569581266073032e-01
  -5.65288986582532904102e-01-j1.99682060243231151997e-01
  -5.54600109966682297546e-01-j1.62266794592999530344e-01
  -5.41778346445908831619e-01-j1.27520259626322379765e-01
  -5.27214761684956623178e-01-j9.54699871294639595964e-02
  -5.11271799773091339958e-01-j6.60945403590681296313e-02
  -4.94279098071870648390e-01-j3.93325679280836434937e-02
  -4.76531325462050570074e-01-j1.50914568620427631818e-02
  -4.58287677778405289075e-01+j6.74473802280845056295e-03
  -4.39772658447067643639e-01+j2.63082819335610576528e-02
  -4.21177796498801604308e-01+j4.37417524367114118888e-02
  -4.02663996395632162173e-01+j5.91930428294194718730e-02
  -3.84364264853539194799e-01+j7.28113263480902606073e-02
  -3.66386612006095568894e-01+j8.47438951318400107704e-02
  -3.48816973173911026862e-01+j9.51337686641139657073e-02
  -3.31722040526986283737e-01+j1.04117959714557895001e-01
  -3.15151929900749305791e-01+j1.11826287815265129622e-01
  -2.99142636834582364980e-01+j1.18380637894326165571e-01
  -2.83718258062614248072e-01+j1.23894572420357368392e-01
  -2.68892971053633078604e-01+j1.28473217503723979860e-01
  -2.54672775748986779387e-01+j1.32213355631040779814e-01
  -2.41057010348643102615e-01+j1.35203669300008932908e-01
  -2.28039657727472200310e-01+j1.37525090326009874486e-01
  -2.15610461578488704637e-01+j1.39251218802105114491e-01
  -2.03755872299396678660e-01+j1.40448783562191259477e-01
  -1.92459842455593888033e-01+j1.41178122576374548425e-01
  -1.81704490746627006503e-01+j1.41493667108934462195e-01
  -1.71470652058139133578e-01+j1.41444417831221108672e-01
  -1.61738329603902109000e-01+j1.41074404550996013175e-01
  -1.52487063498387809268e-01+j1.40423123938089033924e-01
  -1.43696228447203117051e-01+j1.39525951723926205927e-01
  -1.35345271664973149095e-01+j1.38414527445339857747e-01
  -1.27413900664731460921e-01+j1.37117110990142426763e-01
  -1.19882229229939074600e-01+j1.35658911067445375753e-01
  -1.12730888686404892574e-01+j1.34062386339067196594e-01
  -1.05941110535611796029e-01+j1.32347520366532411806e-01
  -9.94947855864725116959e-02+j1.30532071797114263001e-01
  -9.33745039197515502849e-02+j1.28631801368800896546e-01
  -8.75635793270598539184e-02+j1.26660677386929404475e-01
  -8.20460612726584687104e-02+j1.24631061337384205223e-01
  -7.68067369199792598922e-02+j1.22553875270307588430e-01
  -7.18311253344817712829e-02+j1.20438752527516915181e-01
  -6.71054656105909558272e-02+j1.18294173307002231654e-01
  -6.26167003634975904980e-02+j1.16127586466204843485e-01
  -5.83524557686388167799e-02+j1.13945518868327141937e-01
  -5.43010191154645049938e-02+j1.11753673476618783922e-01
  -5.04513146614089941222e-02+j1.09557017303550580101e-01
  -4.67928784213607756870e-02+j1.07359860226821118845e-01
  -4.33158324027733895867e-02+j1.05165925593921558145e-01
  -4.00108586927470713523e-02+j1.02978413451924363797e-01
  -3.68691737176808642662e-02+j1.00800057160126799172e-01
  -3.38825029253787476935e-02+j9.86331740699397802041e-02
  -3.10430560814951468640e-02+j9.64797108892987975715e-02
  -2.83435033246752336733e-02+j9.43412842873906504204e-02
  -2.57769520860722627098e-02+j9.22192172396324033601e-02
  -2.33369249475467374633e-02+j9.01145715621498033521e-02
  -2.10173384875384401671e-02+j8.80281770391545814736e-02
  -1.88124831433615080645e-02+j8.59606575053392246710e-02
  -1.67170041025527689460e-02+j8.39124542081720187214e-02
  -1.47258832232591771461e-02+j8.18838467416427295831e-02
  -1.28344219737881043431e-02+j7.98749718130182251308e-02
  -1.10382253739521301455e-02+j7.78858400774386089305e-02
  -9.33318691517815574032e-03+j7.59163512511699806184e-02
  -7.71547443229966822820e-03+j7.39663076930298923894e-02
  -6.18151689708000898205e-03+j7.20354266244019464382e-02
  -4.72799210170468837966e-03+j7.01233511413489468689e-02
  -3.35181519942992414002e-03+j6.82296601572474764597e-02
  -2.05012806918961889777e-03+j6.63538774010246773516e-02
  -8.20289471049873131735e-04+j6.44954795842778011439e-02
  +3.40134040119253588247e-04+j6.26539038400921871608e-02
  +1.43337647462788591625e-03+j6.08285545272156669139e-02
  +2.46148007251959476116e-03+j5.90188094851720190803e-02
  +3.42630230250164091732e-03+j5.72240258188898703873e-02
  +4.32952222389059587782e-03+j5.54435452852875751417e-02
  +5.17264623898979446215e-03+j5.36766993490233462749e-02
  +5.95701326212155855139e-03+j5.19228139701061880418e-02
  +6.68379933036518554534e-03+j5.01812141822940913083e-02
  +7.35402167997824436629e-03+j4.84512285180672616636e-02
  +7.96854231148903281723e-03+j4.67321933334144956618e-02
  +8.52807106560267945417e-03+j4.50234570837108813435e-02
  +9.03316823137283002321e-03+j4.33243846005026689294e-02
  +9.48424670758344495747e-03+j4.16343614180224169674e-02
  +9.88157373798961499722e-03+j3.99527981977802065794e-02
  +1.02252722410172795786e-02+j3.82791352994720501801e-02
  +1.05153217547332405307e-02+j3.66128475468030095685e-02
  +1.07515590184385414346e-02+j3.49534492375595667868e-02
  +1.09336782130879262703e-02+j3.33004994483719340970e-02
  +1.10612308840157946149e-02+j3.16536076861077403377e-02
  +1.11336255711295562670e-02+j3.00124399396445792898e-02
  +1.11501271739173034303e-02+j2.83767251879577520057e-02
  +1.11098560813471577274e-02+j2.67462624229262146969e-02
  +1.10117871000638099799e-02+j2.51209282480131766702e-02
  +1.08547482183485068108e-02+j2.35006851170645597593e-02
  +1.06374192480824664164e-02+j2.18855902806864947852e-02
  +1.03583303926569249981e-02+j2.02758055111933212233e-02
  +1.00158607954025109105e-02+j1.86716076807072507704e-02
  +9.60823713085017308555e-03+j1.70734002707304752255e-02
  +9.13353231008369459420e-03+j1.54817258952422657364e-02
  +8.58966438174374805059e-03+j1.38972799230199870607e-02
  +7.97439572204830353364e-03+j1.23209252883760746883e-02
  +7.28533262066405166990e-03+j1.07537085826112065179e-02
  +6.51992538456583597267e-03+j9.19687752112321316167e-03
  +5.67546909937508090721e-03+j7.65189988303785137425e-03
  +4.74910520721186658194e-03+j6.12048402115156209291e-03
  +3.73782408206015104302e-03+j4.60460103966411470749e-03
  +2.63846880824054278586e-03+j3.10650873520924679372e-03
  +1.44774039498944489222e-03+j1.62877739265488265599e-03
  +1.62204690511934734518e-04+j1.74317520518448362691e-04
  -1.22169870756457421730e-03-j1.25359039895905628563e-03
  -2.70764521157935891121e-03-j2.65126408372393053067e-03
  -4.29941129916755569035e-03-j4.01458550688490751340e-03
  -6.00085744707217014909e-03-j5.33896481386302978328e-03
  -7.81590747921651410324e-03-j6.61930211363845940470e-03
  -9.74852381502246817524e-03-j7.84994719478956416714e-03
  -1.18026780515106989589e-02-j9.02465726512406002380e-03
  -1.39823162583173187662e-02-j1.01365528727480995463e-02
  -1.62913183091752157561e-02-j1.11780722380587227427e-02
  -1.87334505179916101236e-02-j1.21409243122641233997e-02
  -2.13123107939140431222e-02-j1.30160409806329216420e-02
  -2.40312654799660872784e-02-j1.37935289498244892381e-02
  -2.68933769965698545035e-02-j1.44626220005022385062e-02
  -2.99013213780984360435e-02-j1.50116344510619788288e-02
  -3.30572947716297055321e-02-j1.54279168677137843574e-02
  -3.63629079675468411259e-02-j1.56978152719506880430e-02
  -3.98190680577216321590e-02-j1.58066353398814939124e-02
  -4.34258463760230223327e-02-j1.57386133593998070457e-02
  -4.71823319763287896134e-02-j1.54768960101891988462e-02
  -5.10864700548650171874e-02-j1.50035313561627421663e-02
  -5.51348849374978244864e-02-j1.42994737862767104519e-02
  -5.93226875404186462792e-02-j1.33446060015704262569e-02
  -6.36432675876161951800e-02-j1.21177815146820376524e-02
  -6.80880713434355439029e-02-j1.05968914901817014285e-02
  -7.26463662067612092610e-02-j8.75896009293869459711e-03
  -7.73049942265184586443e-02-j6.58027280540250669727e-03
  -8.20481174461472617665e-02-j4.03654239578515004749e-03
  -8.68569589730685820417e-02-j1.10311733426792218243e-03
  -9.17095447983949374482e-02+j2.24476257590859769320e-03
  -9.65804526544477709438e-02+j6.03165880655240609770e-03
  -1.01440575574978972262e-01+j1.02815708678138089532e-02
  -1.06256909284280734451e-01+j1.50175138991730551530e-02
  -1.10992374039417029952e-01+j2.02610348663402849156e-02
  -1.15605683018840443843e-01+j2.60316666487119090234e-02
  -1.20051270704766885333e-01+j3.23463212531142768613e-02
  -1.24279295837675343717e-01+j3.92186258149314903587e-02
  -1.28235734301007875402e-01+j4.66582079553980663689e-02
  -1.31862577575463213453e-01+j5.46699404320219045639e-02
  -1.35098152026396023384e-01+j6.32531587868466887992e-02
  -1.37877573092056920911e-01+j7.24008697567902204106e-02
  -1.40133346272007575095e-01+j8.20989723998624687518e-02
  -1.41796123546362617951e-01+j9.23255179916573770482e-02
  -1.42795619405958473802e-01+j1.03050038482890363167e-01
  -1.43061685025045570718e-01+j1.14232976356751170233e-01
  -1.42525532334013743663e-01+j1.25825250726729676032e-01
  -1.41121092027470029784e-01+j1.37767995103127732781e-01
  -1.38786481168382713758e-01+j1.49992501083027002240e-01
  -1.35465547437763844663e-01+j1.62420398996695442007e-01
</dep>
<dep S[1,2] frequency>
  +4.13571314366535658369e-01-j8.89362814702649884246e-01
  +3.56735018394070402259e-01-j9.09876731563797558344e-01
  +2.98131944471151655307e-01-j9.26399935445922695365e-01
  +2.38050201960752355612e-01-j9.38667794804519894925e-01
  +1.76827921686266653634e-01-j9.46431004940283537863e-01
  +1.14855185776759849414e-01-j9.49465752620316294497e-01
  +5.25738215182169274509e-02-j9.47585254305502000527e-01
  -9.52550777193188549785e-03-j9.40652216365577609203e-01
  -7.09093928806192458358e-02-j9.28591546123795241741e-01
  -1.31011251973134512649e-01-j9.11402434702851205195e-01
  -1.89244423358492924736e-01-j8.89168772776618876463e-01
  -2.45018471796857512102e-01-j8.62066789022422841349e-01
  -2.97758016399113145667e-01-j8.30368855189657528726e-01
  -3.46923009772145130025e-01-j7.94442604428687970675e-01
  -3.92029090544926017703e-01-j7.54744860568130615519e-01
  -4.32666458031130241046e-01-j7.11810345467867366942e-01
  -4.68515726682477484655e-01-j6.66235660454164935196e-01
  -4.99359428067530752848e-01-j6.18659547009177912535e-01
  -5.25088220683038953140e-01-j5.69740837984926029591e-01
  -5.45701387702393736490e-01-j5.20135745097923707370e-01
  -5.61301768924980959419e-01-j4.70476154022720971515e-01
  -5.72085797355340486270e-01-j4.21350417475595540040e-01
  -5.78329716889371625577e-01-j3.73287789495274469065e-01
  -5.80373297096539064732e-01-j3.26747197257291566164e-01
  -5.78602420419841667609e-01-j2.82110576283625902327e-01
  -5.73431815178783166331e-01-j2.39680569581266073032e-01
  -5.65288986582532904102e-01-j1.99682060243231151997e-01
  -5.54600109966682297546e-01-j1.62266794592999530344e-01
  -5.41778346445908831619e-01-j1.27520259626322379765e-01
  -5.27214761684956623178e-01-j9.54699871294639595964e-02
  -5.11271799773091339958e-01-j6.60945403590681296313e-02
  -4.94279098071870648390e-01-j3.93325679280836434937e-02
  -4.76531325462050570074e-01-j1.50914568620427631818e-02
  -4.58287677778405289075e-01+j6.74473802280845056295e-03
  -4.39772658447067643639e-01+j2.63082819335610576528e-02
  -4.21177796498801604308e-01+j4.37417524367114118888e-02
  -4.02663996395632162173e-01+j5.91930428294194718730e-02
  -3.84364264853539194799e-01+j7.28113263480902606073e-02
  -3.66386612006095568894e-01+j8.47438951318400107704e-02
  -3.48816973173911026862e-01+j9.51337686641139657073e-02
  -3.31722040526986283737e-01+j1.04117959714557895001e-01
  -3.15151929900749305791e-01+j1.11826287815265129622e-01
  -2.99142636834582364980e-01+j1.18380637894326165571e-01
  -2.83718258062614248072e-01+j1.23894572420357368392e-01
  -2.68892971053633078604e-01+j1.28473217503723979860e-01
  -2.54672775748986779387e-01+j1.32213355631040779814e-01
  -2.41057010348643102615e-01+j1.35203669300008932908e-01
  -2.28039657727472200310e-01+j1.37525090326009874486e-01
  -2.15610461578488704637e-01+j1.39251218802105114491e-01
  -2.03755872299396678660e-01+j1.40448783562191259477e-01
  -1.92459842455593888033e-01+j1.41178122576374548425e-01
  -1.81704490746627006503e-01+j1.41493667108934462195e-01
  -1.71470652058139133578e-01+j1.41444417831221108672e-01
  -1.61738329603902109000e-01+j1.41074404550996013175e-01
  -1.52487063498387809268e-01+j1.40423123938089033924e-01
  -1.43696228447203117051e-01+j1.39525951723926205927e-01
  -1.35345271664973149095e-01+j1.38414527445339857747e-01
  -1.27413900664731460921e-01+j1.37117110990142426763e-01
  -1.19882229229939074600e-01+j1.35658911067445375753e-01
  -1.12730888686404892574e-01+j1.34062386339067196594e-01
  -1.05941110535611796029e-01+j1.32347520366532411806e-01
  -9.94947855864725116959e-02+j1.30532071797114263001e-01
  -9.33745039197515502849e-02+j1.28631801368800896546e-01
  -8.75635793270598539184e-02+j1.26660677386929404475e-01
  -8.20460612726584687104e-02+j1.24631061337384205223e-01
  -7.68067369199792598922e-02+j1.22553875270307588430e-01
  -7.18311253344817712829e-02+j1.20438752527516915181e-01
  -6.71054656105909558272e-02+j1.18294173307002231654e-01
  -6.26167003634975904980e-02+j1.16127586466204843485e-01
  -5.83524557686388167799e-02+j1.13945518868327141937e-01
  -5.43010191154645049938e-02+j1.11753673476618783922e-01
  -5.04513146614089941222e-02+j1.09557017303550580101e-01
  -4.67928784213607756870e-02+j1.07359860226821118845e-01
  -4.33158324027733895867e-02+j1.05165925593921558145e-01
  -4.00108586927470713523e-02+j1.02978413451924363797e-01
  -3.68691737176808642662e-02+j1.00800057160126799172e-01
  -3.38825029253787476935e-02+j9.86331740699397802041e-02
  -3.10430560814951468640e-02+j9.64797108892987975715e-02
  -2.83435033246752336733e-02+j9.43412842873906504204e-02
  -2.57769520860722627098e-02+j9.22192172396324033601e-02
  -2.33369249475467374633e-02+j9.01145715621498033521e-02
  -2.10173384875384401671e-02+j8.80281770391545814736e-02
  -1.88124831433615080645e-02+j8.59606575053392246710e-02
  -1.67170041025527689460e-02+j8.39124542081720187214e-02
  -1.47258832232591771461e-02+j8.18838467416427295831e-02
  -1.28344219737881043431e-02+j7.98749718130182251308e-02
  -1.10382253739521301455e-02+j7.78858400774386089305e-02
  -9.33318691517815574032e-03+j7.59163512511699806184e-02
  -7.71547443229966822820e-03+j7.39663076930298923894e-02
  -6.18151689708000898205e-03+j7.20354266244019464382e-02
  -4.72799210170468837966e-03+j7.01233511413489468689e-02
  -3.35181519942992414002e-03+j6.82296601572474764597e-02
  -2.05012806918961889777e-03+j6.63538774010246773516e-02
  -8.20289471049873131735e-04+j6.44954795842778011439e-02
  +3.40134040119253588247e-04+j6.26539038400921871608e-02
  +1.43337647462788591625e-03+j6.08285545272156669139e-02
  +2.46148007251959476116e-03+j5.90188094851720190803e-02
  +3.42630230250164091732e-03+j5.72240258188898703873e-02
  +4.32952222389059587782e-03+j5.54435452852875751417e-02
  +5.17264623898979446215e-03+j5.36766993490233462749e-02
  +5.95701326212155855139e-03+j5.19228139701061880418e-02
  +6.68379933036518554534e-03+j5.01812141822940913083e-02
  +7.35402167997824436629e-03+j4.84512285180672616636e-02
  +7.96854231148903281723e-03+j4.67321933334144956618e-02
  +8.52807106560267945417e-03+j4.50234570837108813435e-02
  +9.03316823137283002321e-03+j4.33243846005026689294e-02
  +9.48424670758344495747e-03+j4.16343614180224169674e-02
  +9.88157373798961499722e-03+j3.99527981977802065794e-02
  +1.02252722410172795786e-02+j3.82791352994720501801e-02
  +1.05153217547332405307e-02+j3.66128475468030095685e-02
  +1.07515590184385414346e-02+j3.49534492375595667868e-02
  +1.09336782130879262703e-02+j3.33004994483719340970e-02
  +1.10612308840157946149e-02+j3.16536076861077403377e-02
  +1.11336255711295562670e-02+j3.00124399396445792898e-02
  +1.11501271739173034303e-02+j2.83767251879577520057e-02
  +1.11098560813471577274e-02+j2.67462624229262146969e-02
  +1.10117871000638099799e-02+j2.51209282480131766702e-02
  +1.08547482183485068108e-02+j2.35006851170645597593e-02
  +1.06374192480824664164e-02+j2.18855902806864947852e-02
  +1.03583303926569249981e-02+j2.02758055111933212233e-02
  +1.00158607954025109105e-02+j1.86716076807072507704e-02
  +9.60823713085017308555e-03+j1.70734002707304752255e-02
  +9.13353231008369459420e-03+j1.54817258952422657364e-02
  +8.58966438174374805059e-03+j1.38972799230199870607e-02
  +7.97439572204830353364e-03+j1.23209252883760746883e-02
  +7.28533262066405166990e-03+j1.07537085826112065179e-02
  +6.51992538456583597267e-03+j9.19687752112321316167e-03
  +5.67546909937508090721e-03+j7.65189988303785137425e-03
  +4.74910520721186658194e-03+j6.12048402115156209291e-03
  +3.73782408206015104302e-03+j4.60460103966411470749e-03
  +2.63846880824054278586e-03+j3.10650873520924679372e-03
  +1.44774039498944489222e-03+j1.62877739265488265599e-03
  +1.62204690511934734518e-04+j1.74317520518448362691e-04
  -1.22169870756457421730e-03-j1.25359039895905628563e-03
  -2.70764521157935891121e-03-j2.65126408372393053067e-03
  -4.29941129916755569035e-03-j4.01458550688490751340e-03
  -6.00085744707217014909e-03-j5.33896481386302978328e-03
  -7.81590747921651410324e-03-j6.61930211363845940470e-03
  -9.74852381502246817524e-03-j7.84994719478956416714e-03
  -1.18026780515106989589e-02-j9.02465726512406002380e-03
  -1.39823162583173187662e-02-j1.01365528727480995463e-02
  -1.62913183091752157561e-02-j1.11780722380587227427e-02
  -1.87334505179916101236e-02-j1.21409243122641233997e-02
  -2.13123107939140431222e-02-j1.30160409806329216420e-02
  -2.40312654799660872784e-02-j1.37935289498244892381e-02
  -2.68933769965698545035e-02-j1.44626220005022385062e-02
  -2.99013213780984360435e-02-j1.50116344510619788288e-02
  -3.30572947716297055321e-02-j1.54279168677137843574e-02
  -3.63629079675468411259e-02-j1.56978152719506880430e-02
  -3.98190680577216321590e-02-j1.58066353398814939124e-02
  -4.34258463760230223327e-02-j1.57386133593998070457e-02
  -4.71823319763287896134e-02-j1.54768960101891988462e-02
  -5.10864700548650171874e-02-j1.50035313561627421663e-02
  -5.51348849374978244864e-02-j1.42994737862767104519e-02
  -5.93226875404186462792e-02-j1.33446060015704262569e-02
  -6.36432675876161951800e-02-j1.21177815146820376524e-02
  -6.80880713434355439029e-02-j1.05968914901817014285e-02
  -7.26463662067612092610e-02-j8.75896009293869459711e-03
  -7.73049942265184586443e-02-j6.58027280540250669727e-03
  -8.20481174461472617665e-02-j4.03654239578515004749e-03
  -8.68569589730685820417e-02-j1.10311733426792218243e-03
  -9.17095447983949374482e-02+j2.24476257590859769320e-03
  -9.65804526544477709438e-02+j6.03165880655240609770e-03
  -1.01440575574978972262e-01+j1.02815708678138089532e-02
  -1.06256909284280734451e-01+j1.50175138991730551530e-02
  -1.10992374039417029952e-01+j2.02610348663402849156e-02
  -1.15605683018840443843e-01+j2.60316666487119090234e-02
  -1.20051270704766885333e-01+j3.23463212531142768613e-02
  -1.24279295837675343717e-01+j3.92186258149314903587e-02
  -1.28235734301007875402e-01+j4.66582079553980663689e-02
  -1.31862577575463213453e-01+j5.46699404320219045639e-02
  -1.35098152026396023384e-01+j6.32531587868466887992e-02
  -1.37877573092056920911e-01+j7.24008697567902204106e-02
  -1.40133346272007575095e-01+j8.20989723998624687518e-02
  -1.41796123546362617951e-01+j9.23255179916573770482e-02
  -1.42795619405958473802e-01+j1.03050038482890363167e-01
  -1.43061685025045570718e-01+j1.14232976356751170233e-01
  -1.42525532334013743663e-01+j1.25825250726729676032e-01
  -1.41121092027470029784e-01+j1.37767995103127732781e-01
  -1.38786481168382713758e-01+j1.49992501083027002240e-01
  -1.35465547437763844663e-01+j1.62420398996695442007e-01
</dep>
<dep S[1,1] frequency>
  -1.54350339165715888523e-01-j7.27690807226389624329e-02
  -1.75461738975914993688e-01-j6.96550489116863347228e-02
  -1.97903128219623469786e-01-j6.44159407294020158741e-02
  -2.21497504221587676598e-01-j5.67611422569332113586e-02
  -2.46011876864765277606e-01-j4.64086683346537076655e-02
  -2.71155053158257552948e-01-j3.30961570980194685898e-02
  -2.96577658046963787974e-01-j1.65932178976690991590e-02
  -3.21874949058533088575e-01+j3.28532904578429651998e-03
  -3.46592892928546225662e-01+j2.66660004354357660361e-02
  -3.70237796258118145865e-01+j5.36038702988834159235e-02
  -3.92289516578006480785e-01+j8.40715062774119448186e-02
  -4.12217938210079848371e-01+j1.17950734826779021769e-01
  -4.29502011811502160121e-01+j1.55028292855242388892e-01
  -4.43650278715003509866e-01+j1.94996219416304378269e-01
  -4.54221494373202583361e-01+j2.37457489043180924870e-01
  -4.60843792600467705434e-01+j2.81936918071475861591e-01
  -4.63230841990856290202e-01+j3.27896845788085367079e-01
  -4.61193656754317227175e-01+j3.74756582604880206233e-01
  -4.54647117545621037848e-01+j4.21914211022553109487e-01
  -4.43610778379844972186e-01+j4.68769090448564740292e-01
  -4.28204102560937549526e-01+j5.14743391257607818545e-01
  -4.08636795332730562436e-01+j5.59301164381264981351e-01
  -3.85195307568934275366e-01+j6.01963799937891397285e-01
  -3.58226824828286882774e-01+j6.42321175378027575675e-01
  -3.28122115872163222505e-01+j6.80038264230985456393e-01
  -2.95298513185888289456e-01+j7.14857402031492616956e-01
  -2.60184077192944396284e-01+j7.46596737191109860454e-01
  -2.23203708132928113628e-01+j7.75145607229731248289e-01
  -1.84767665782330336999e-01+j8.00457674313224454288e-01
  -1.45262677894952285662e-01+j8.22542645622398760352e-01
  -1.05045589672215111676e-01+j8.41457320772761585559e-01
  -6.44393405764426274729e-02+j8.57296579938890856987e-01
  -2.37309514460282700021e-02+j8.70184779201666147586e-01
  +1.68288437000960189316e-02+j8.80267874622950308172e-01
  +5.70246925104873902956e-02+j8.87706467379504760018e-01
  +9.66747929571752095956e-02+j8.92669856253052840245e-01
  +1.35628440677794337432e-01+j8.95331103093534252935e-01
  +1.73763209135337270972e-01+j8.95863060285988277442e-01
  +2.10981964572752866971e-01+j8.94435273479341819147e-01
  +2.47209868835106205687e-01+j8.91211653742014942026e-01
  +2.82391480130878946841e-01+j8.86348806698194269238e-01
  +3.16488025855773236206e-01+j8.79994908290585575728e-01
  +3.49474892822853655527e-01+j8.72289024474838137202e-01
  +3.81339358112346260565e-01+j8.63360782943557669711e-01
  +4.12078567419103036773e-01+j8.53330317123931259005e-01
  +4.41697756255867435282e-01+j8.42308414970845298342e-01
  +4.70208701701345599400e-01+j8.30396816708398155527e-01
  +4.97628387681836925616e-01+j8.17688616211864616190e-01
  +5.23977864291328421231e-01+j8.04268729962099082620e-01
  +5.49281280765119062082e-01+j7.90214405397540398113e-01
  +5.73565071933676118299e-01+j7.75595747089457443479e-01
  +5.96857278916717470807e-01+j7.60476244584916249991e-01
  +6.19186986188057342240e-01+j7.44913290138432993004e-01
  +6.40583858743331902019e-01+j7.28958678034219209607e-01
  +6.61077764789419486391e-01+j7.12659079928773531165e-01
  +6.80698471048602260502e-01+j6.96056492748655886160e-01
  +6.99475399367814665297e-01+j6.79188657276900920046e-01
  +7.17437434807044915885e-01+j6.62089446752786026096e-01
  +7.34612776730656502622e-01+j6.44789225678170652145e-01
  +7.51028825634718844029e-01+j6.27315179638889719449e-01
  +7.66712099513441547316e-01+j6.09691617368882887718e-01
  +7.81688174505326127672e-01+j5.91940246553953941522e-01
  +7.95981645374402302373e-01+j5.74080425028193008785e-01
  +8.09616102085156552626e-01+j5.56129389088110936967e-01
  +8.22614119333402449286e-01+j5.38102460660504600121e-01
  +8.34997256410741073296e-01+j5.20013235027564135748e-01
  +8.46786065218803729593e-01+j5.01873750750255087638e-01
  +8.58000104620826764545e-01+j4.83694643349180886105e-01
  +8.68657959631872089723e-01+j4.65485284208461191913e-01
  +8.78777264213107311974e-01+j4.47253906068494466730e-01
  +8.88374726657343294356e-01+j4.29007716372007241734e-01
  +8.97466156738726095199e-01+j4.10752999627536530269e-01
  +9.06066493954626350771e-01+j3.92495209857333882120e-01
  +9.14189836317012449740e-01+j3.74239054104304136317e-01
  +9.21849469258067988342e-01+j3.55988567885425100101e-01
  +9.29057894303850106965e-01+j3.37747183398017125633e-01
  +9.35826857243445608958e-01+j3.19517791210055301931e-01
  +9.42167375581781207927e-01+j3.01302796096712288687e-01
  +9.48089765114109583877e-01+j2.83104167622094726742e-01
  +9.53603665501047581543e-01+j2.64923486007594632952e-01
  +9.58718064756315380137e-01+j2.46761983776043136718e-01
  +9.63441322586366499792e-01+j2.28620583613561578762e-01
  +9.67781192542888080155e-01+j2.10499932848384280204e-01
  +9.71744842966650312910e-01+j1.92400434907481765467e-01
  +9.75338876715086788849e-01+j1.74322278077387760042e-01
  +9.78569349676972843888e-01+j1.56265461864636273637e-01
  +9.81441788086099276001e-01+j1.38229821223655902074e-01
  +9.83961204652415322158e-01+j1.20215048895170401044e-01
  +9.86132113534063048377e-01+j1.02220716076249246163e-01
  +9.87958544177360398209e-01+j8.42462916235259123843e-02
  +9.89444054054382737817e-01+j6.62911599738048307184e-02
  +9.90591740329546333044e-01+j4.83546379509025986421e-02
  +9.91404250487688099014e-01+j3.04359906140782600359e-02
  +9.91883791956715610283e-01+j1.25344462915402635877e-02
  +9.92032140758135838610e-01-j5.35078906785026522930e-03
  +9.91850649218671831520e-01-j2.32205181005598268462e-02
  +9.91340252775976593647e-01-j4.10755386756752466360e-02
  +9.90501475911076956216e-01-j5.89166308737336941181e-02
  +9.89334437239837272138e-01-j7.67445441929100607981e-02
  +9.87838853795375504419e-01-j9.45599848829603573108e-02
  +9.86014044533105815660e-01-j1.12363603311040782806e-01
  +9.83858933089974296848e-01-j1.30155981266429354726e-01
  +9.81372049829496884144e-01-j1.47937619113276852545e-01
  +9.78551533204499390806e-01-j1.65708922701938737854e-01
  +9.75395130470018800750e-01-j1.83470189950175832649e-01
  +9.71900197779704488887e-01-j2.01221597005562580218e-01
  +9.68063699700281388161e-01-j2.18963183900015623262e-01
  +9.63882208180306454537e-01-j2.36694839606181872682e-01
  +9.59351901011565644239e-01-j2.54416286403863434185e-01
  +9.54468559824086404397e-01-j2.72127063462500262681e-01
  +9.49227567659006510326e-01-j2.89826509543040788941e-01
  +9.43623906167378678767e-01-j3.07513744719497328362e-01
  +9.37652152487647994050e-01-j3.25187651016830225892e-01
  +9.31306475859931870431e-01-j3.42846851857909418193e-01
  +9.24580634041593296679e-01-j3.60489690207859259097e-01
  +9.17467969595922916426e-01-j3.78114205299435290897e-01
  +9.09961406134190742279e-01-j3.95718107818008424381e-01
  +9.02053444601062737185e-01-j4.13298753419473585691e-01
  +8.93736159704408006377e-01-j4.30853114448913943058e-01
  +8.85001196603167117338e-01-j4.48377749722269625110e-01
  +8.75839767981203110025e-01-j4.65868772227629679428e-01
  +8.66242651651250361589e-01-j4.83321814597264309832e-01
  +8.56200188851257149025e-01-j5.00731992196201902701e-01
  +8.45702283415916689080e-01-j5.18093863668291798596e-01
  +8.34738402029149728634e-01-j5.35401388776362008315e-01
  +8.23297575788969893118e-01-j5.52647883369669856712e-01
  +8.11368403344836952584e-01-j5.69825971309496970285e-01
  +7.98939055899490768731e-01-j5.86927533182896477015e-01
  +7.85997284402644158519e-01-j6.03943651635668432576e-01
  +7.72530429303054599899e-01-j6.20864553158998688787e-01
  +7.58525433268676718690e-01-j6.37679546170585975773e-01
  +7.43968857332067190491e-01-j6.54376955240975277661e-01
  +7.28846900970184119473e-01-j6.70944051330147894774e-01
  +7.13145426684377969906e-01-j6.87366977918992483332e-01
  +6.96849989707948536122e-01-j7.03630672946117474709e-01
  +6.79945873534997025089e-01-j7.19718786493888873501e-01
  +6.62418132035635931487e-01-j7.35613594209740151442e-01
  +6.44251638998568521011e-01-j7.51295906501419974433e-01
  +6.25431146022294548459e-01-j7.66744973609568170048e-01
  +6.05941349760237502053e-01-j7.81938386739773783063e-01
  +5.85766969611857590827e-01-j7.96851975531299050459e-01
  +5.64892837040310569208e-01-j8.11459702253155112928e-01
  +5.43303997785473002935e-01-j8.25733553252964935787e-01
  +5.20985828327279909544e-01-j8.39643428342503939099e-01
  +4.97924168035141057054e-01-j8.53157028989085297610e-01
  +4.74105468511397731834e-01-j8.66239746396748611090e-01
  +4.49516961695601013904e-01-j8.78854550808556123087e-01
  +4.24146848336495907450e-01-j8.90961883643882068817e-01
  +3.97984508453281538021e-01-j9.02519554404734192232e-01
  +3.71020735388798039711e-01-j9.13482644644859620442e-01
  +3.43247994995722394140e-01-j9.23803421695487902987e-01
  +3.14660711381371638318e-01-j9.33431265281991828786e-01
  +2.85255580454978174831e-01-j9.42312610644583270592e-01
  +2.55031912259366277951e-01-j9.50390912289411748937e-01
  +2.23992002711088822320e-01-j9.57606633037354937343e-01
  +1.92141534902979499444e-01-j9.63897263596117159778e-01
  +1.59490009523114706358e-01-j9.69197378442534618337e-01
  +1.26051203197050043503e-01-j9.73438734346763645533e-01
  +9.18436526494568472589e-02-j9.76550418372947648393e-01
  +5.68911614922734676369e-02-j9.78459052620185731897e-01
  +2.12233251690465696271e-02-j9.79089063284136695842e-01
  -1.51239318857868121349e-02-j9.78363021776879948632e-01
  -5.21078144744616666983e-02-j9.76202065586907252737e-01
  -8.96781196873045749474e-02-j9.72526406231920437229e-01
  -1.27776716196036838058e-01-j9.67255930988885959110e-01
  -1.66337053286726016532e-01-j9.60310904010340915526e-01
  -2.05283715241256825568e-01-j9.51612770886540282333e-01
  -2.44532038728244943693e-01-j9.41085068628826126869e-01
  -2.83987812741302858566e-01-j9.28654440383053780828e-01
  -3.23547082184563683516e-01-j9.14251750906254323503e-01
  -3.63096077288911578407e-01-j8.97813294957965690735e-01
  -4.02511291467197829252e-01-j8.79282086312749511237e-01
  -4.41659729792913013924e-01-j8.58609210184139493016e-01
  -4.80399348828584926707e-01-j8.35755216611571816188e-01
  -5.18579705871128449068e-01-j8.10691527011860868512e-01
  -5.56042831695208628062e-01-j7.83401820909656265712e-01
  -5.92624335497458742950e-01-j7.53883365168456553995e-01
  -6.28154743993631692334e-01-j7.22148244221019308675e-01
  -6.62461068621351012453e-01-j6.88224447243696690890e-01
  -6.95368585796117932851e-01-j6.52156767324427288912e-01
  -7.26702805525130668407e-01-j6.14007468785297993996e-01
</dep>
