<Qucs Dataset 1.0.7>
<indep frequency 181>
  +1.00000000000000000000e+09
  +1.05000000000000000000e+09
  +1.10000000000000000000e+09
  +1.15000000000000000000e+09
  +1.20000000000000000000e+09
  +1.25000000000000000000e+09
  +1.30000000000000000000e+09
  +1.35000000000000000000e+09
  +1.40000000000000000000e+09
  +1.45000000000000000000e+09
  +1.50000000000000000000e+09
  +1.55000000000000000000e+09
  +1.60000000000000000000e+09
  +1.65000000000000000000e+09
  +1.70000000000000000000e+09
  +1.75000000000000000000e+09
  +1.80000000000000000000e+09
  +1.85000000000000000000e+09
  +1.90000000000000000000e+09
  +1.95000000000000000000e+09
  +2.00000000000000000000e+09
  +2.05000000000000000000e+09
  +2.10000000000000000000e+09
  +2.15000000000000000000e+09
  +2.20000000000000000000e+09
  +2.25000000000000000000e+09
  +2.30000000000000000000e+09
  +2.35000000000000000000e+09
  +2.40000000000000000000e+09
  +2.45000000000000000000e+09
  +2.50000000000000000000e+09
  +2.55000000000000000000e+09
  +2.60000000000000000000e+09
  +2.65000000000000000000e+09
  +2.70000000000000000000e+09
  +2.75000000000000000000e+09
  +2.80000000000000000000e+09
  +2.85000000000000000000e+09
  +2.90000000000000000000e+09
  +2.95000000000000000000e+09
  +3.00000000000000000000e+09
  +3.05000000000000000000e+09
  +3.10000000000000000000e+09
  +3.15000000000000000000e+09
  +3.20000000000000000000e+09
  +3.25000000000000000000e+09
  +3.30000000000000000000e+09
  +3.35000000000000000000e+09
  +3.40000000000000000000e+09
  +3.45000000000000000000e+09
  +3.50000000000000000000e+09
  +3.55000000000000000000e+09
  +3.60000000000000000000e+09
  +3.65000000000000000000e+09
  +3.70000000000000000000e+09
  +3.75000000000000000000e+09
  +3.80000000000000000000e+09
  +3.85000000000000000000e+09
  +3.90000000000000000000e+09
  +3.95000000000000000000e+09
  +4.00000000000000000000e+09
  +4.05000000000000000000e+09
  +4.10000000000000000000e+09
  +4.15000000000000000000e+09
  +4.20000000000000000000e+09
  +4.25000000000000000000e+09
  +4.30000000000000000000e+09
  +4.35000000000000000000e+09
  +4.40000000000000000000e+09
  +4.45000000000000000000e+09
  +4.50000000000000000000e+09
  +4.55000000000000000000e+09
  +4.60000000000000000000e+09
  +4.65000000000000000000e+09
  +4.70000000000000000000e+09
  +4.75000000000000000000e+09
  +4.80000000000000000000e+09
  +4.85000000000000000000e+09
  +4.90000000000000000000e+09
  +4.95000000000000000000e+09
  +5.00000000000000000000e+09
  +5.05000000000000000000e+09
  +5.10000000000000000000e+09
  +5.15000000000000000000e+09
  +5.20000000000000000000e+09
  +5.25000000000000000000e+09
  +5.30000000000000000000e+09
  +5.35000000000000000000e+09
  +5.40000000000000000000e+09
  +5.45000000000000000000e+09
  +5.50000000000000000000e+09
  +5.55000000000000000000e+09
  +5.60000000000000000000e+09
  +5.65000000000000000000e+09
  +5.70000000000000000000e+09
  +5.75000000000000000000e+09
  +5.80000000000000000000e+09
  +5.85000000000000000000e+09
  +5.90000000000000000000e+09
  +5.95000000000000000000e+09
  +6.00000000000000000000e+09
  +6.05000000000000000000e+09
  +6.10000000000000000000e+09
  +6.15000000000000000000e+09
  +6.20000000000000000000e+09
  +6.25000000000000000000e+09
  +6.30000000000000000000e+09
  +6.35000000000000000000e+09
  +6.40000000000000000000e+09
  +6.45000000000000000000e+09
  +6.50000000000000000000e+09
  +6.55000000000000000000e+09
  +6.60000000000000000000e+09
  +6.65000000000000000000e+09
  +6.70000000000000000000e+09
  +6.75000000000000000000e+09
  +6.80000000000000000000e+09
  +6.85000000000000000000e+09
  +6.90000000000000000000e+09
  +6.95000000000000000000e+09
  +7.00000000000000000000e+09
  +7.05000000000000000000e+09
  +7.10000000000000000000e+09
  +7.15000000000000000000e+09
  +7.20000000000000000000e+09
  +7.25000000000000000000e+09
  +7.30000000000000000000e+09
  +7.35000000000000000000e+09
  +7.40000000000000000000e+09
  +7.45000000000000000000e+09
  +7.50000000000000000000e+09
  +7.55000000000000000000e+09
  +7.60000000000000000000e+09
  +7.65000000000000000000e+09
  +7.70000000000000000000e+09
  +7.75000000000000000000e+09
  +7.80000000000000000000e+09
  +7.85000000000000000000e+09
  +7.90000000000000000000e+09
  +7.95000000000000000000e+09
  +8.00000000000000000000e+09
  +8.05000000000000000000e+09
  +8.10000000000000000000e+09
  +8.15000000000000000000e+09
  +8.20000000000000000000e+09
  +8.25000000000000000000e+09
  +8.30000000000000000000e+09
  +8.35000000000000000000e+09
  +8.40000000000000000000e+09
  +8.45000000000000000000e+09
  +8.50000000000000000000e+09
  +8.55000000000000000000e+09
  +8.60000000000000000000e+09
  +8.65000000000000000000e+09
  +8.70000000000000000000e+09
  +8.75000000000000000000e+09
  +8.80000000000000000000e+09
  +8.85000000000000000000e+09
  +8.90000000000000000000e+09
  +8.95000000000000000000e+09
  +9.00000000000000000000e+09
  +9.05000000000000000000e+09
  +9.10000000000000000000e+09
  +9.15000000000000000000e+09
  +9.20000000000000000000e+09
  +9.25000000000000000000e+09
  +9.30000000000000000000e+09
  +9.35000000000000000000e+09
  +9.40000000000000000000e+09
  +9.45000000000000000000e+09
  +9.50000000000000000000e+09
  +9.55000000000000000000e+09
  +9.60000000000000000000e+09
  +9.65000000000000000000e+09
  +9.70000000000000000000e+09
  +9.75000000000000000000e+09
  +9.80000000000000000000e+09
  +9.85000000000000000000e+09
  +9.90000000000000000000e+09
  +9.95000000000000000000e+09
  +1.00000000000000000000e+10
</indep>
<dep S21_phase frequency>
  -2.95491364395208613303e+01
  -3.09376912943149768864e+01
  -3.23147464272795659213e+01
  -3.36800662164950423971e+01
  -3.50334454209951147163e+01
  -3.63747083526875556458e+01
  -3.77037079348136572321e+01
  -3.90203246637203875480e+01
  -4.03244654903990209505e+01
  -4.16160626375099269580e+01
  -4.28950723668220632590e+01
  -4.41614737111186457241e+01
  -4.54152671834970860232e+01
  -4.66564734759557921961e+01
  -4.78851321580103928000e+01
  -4.91013003849365929909e+01
  -5.03050516240662588530e+01
  -5.14964744065317177046e+01
  -5.26756711107105530800e+01
  -5.38427567826395048201e+01
  -5.49978579977428267966e+01
  -5.61411117672989377070e+01
  -5.72726644922900263168e+01
  -5.83926709665364427337e+01
  -5.95012934303600573571e+01
  -6.05987006754483275017e+01
  -6.16850672010543661372e+01
  -6.27605724212488809144e+01
  -6.38253999225356736247e+01
  -6.48797367708355352534e+01
  -6.59237728665671625095e+01
  -6.69577003463306112963e+01
  -6.79817130295429450371e+01
  -6.89960059082223438054e+01
  -7.00007746780327551051e+01
  -7.09962153086307949934e+01
  -7.19825236513229498314e+01
  -7.29598950820177094556e+01
  -7.39285241774726387121e+01
  -7.48886044228546836621e+01
  -7.58403279486695822698e+01
  -7.67838852951603740848e+01
  -7.77194652023450487377e+01
  -7.86472544239101125640e+01
  -7.95674375632650310308e+01
  -8.04801969301252313471e+01
  -8.13857124160702340987e+01
  -8.22841613876051525267e+01
  -8.31757185953305508974e+01
  -8.40605560979007719880e+01
  -8.49388431995309218792e+01
  -8.58107463998897941337e+01
  -8.66764293552859328429e+01
  -8.75360528501246193400e+01
  -8.83897747776892970251e+01
  -8.92377501293526620429e+01
  -9.00801309914030099435e+01
  -9.09170665487136346883e+01
  -9.17487030945531074622e+01
  -9.25751840458773926912e+01
  -9.33966499635062064044e+01
  -9.42132385766192470555e+01
  -9.50250848110658807855e+01
  -9.58323208210174612987e+01
  -9.66350760235280858979e+01
  -9.74334771356096922545e+01
  -9.82276482134638513344e+01
  -9.90177106935342550287e+01
  -9.98037834350859753840e+01
  -1.00585982764033630588e+02
  -1.01364422517771558319e+02
  -1.02139214090783397637e+02
  -1.02910466480822677227e+02
  -1.03678286335487342740e+02
  -1.04442777999016144008e+02
  -1.05204043559162997212e+02
  -1.05962182894013778878e+02
  -1.06717293718627601606e+02
  -1.07469471631395308009e+02
  -1.08218810160022741229e+02
  -1.08965400807053327981e+02
  -1.09709333094858209279e+02
  -1.10450694610030609510e+02
  -1.11189571047123905601e+02
  -1.11926046251691275302e+02
  -1.12660202262580526167e+02
  -1.13392119353450055996e+02
  -1.14121876073477537261e+02
  -1.14849549287234452777e+02
  -1.15575214213708918010e+02
  -1.16298944464458600123e+02
  -1.17020812080883175099e+02
  -1.17740887570607867474e+02
  -1.18459239942970455672e+02
  -1.19175936743611956103e+02
  -1.19891044088167433301e+02
  -1.20604626695059920394e+02
  -1.21316747917403617407e+02
  -1.22027469774015031589e+02
  -1.22736852979547890641e+02
  -1.23444956973751274631e+02
  -1.24151839949867550672e+02
  -1.24857558882175752046e+02
  -1.25562169552692907359e+02
  -1.26265726577048198465e+02
  -1.26968283429537791562e+02
  -1.27669892467377565026e+02
  -1.28370604954165742129e+02
  -1.29070471082568190013e+02
  -1.29769539996247857516e+02
  -1.30467859811040142404e+02
  -1.31165477635405295587e+02
  -1.31862439590153059044e+02
  -1.32558790827480834196e+02
  -1.33254575549312477278e+02
  -1.33949837024972708832e+02
  -1.34644617608206118575e+02
  -1.35338958753555345993e+02
  -1.36032901032112022222e+02
  -1.36726484146654911456e+02
  +4.25802530537427301738e+01
  +4.18872725599708672917e+01
  +4.11945371890733085252e+01
  +4.05020105717727645356e+01
  +3.98096571399805654323e+01
  +3.91174421150300801742e+01
  +3.84253314963850982622e+01
  +3.77332920508489806366e+01
  +3.70412913022404239882e+01
  +3.63492975215433062885e+01
  +3.56572797175023978866e+01
  +3.49652076276559071744e+01
  +3.42730517097944087368e+01
  +3.35807831338228410800e+01
  +3.28883737740302564134e+01
  +3.21957962017276315692e+01
  +3.15030236782688533026e+01
  +3.08100301484224310400e+01
  +3.01167902340862063681e+01
  +2.94232792283360993224e+01
  +2.87294730897911563261e+01
  +2.80353484372858936524e+01
  +2.73408825448319028339e+01
  +2.66460533368641350194e+01
  +2.59508393837512087998e+01
  +2.52552198975643165113e+01
  +2.45591747280849368451e+01
  +2.38626843590478046053e+01
  +2.31657299045978106733e+01
  +2.24682931059546966424e+01
  +2.17703563282728183026e+01
  +2.10719025576799730004e+01
  +2.03729153984855955173e+01
  +1.96733790705494477891e+01
  +1.89732784067898379021e+01
  +1.82725988508310308589e+01
  +1.75713264547670071636e+01
  +1.68694478770353022412e+01
  +1.61669503803904284212e+01
  +1.54638218299570393555e+01
  +1.47600506913624887062e+01
  +1.40556260289257348717e+01
  +1.33505375038980140801e+01
  +1.26447753727403426893e+01
  +1.19383304854275724693e+01
  +1.12311942837667331219e+01
  +1.05233587997166893047e+01
  +9.81481665370130151871e+00
  +9.10556105289966311034e+00
  +8.39558578950756029258e+00
  +7.68488523895351427484e+00
  +6.97345435806187197159e+00
  +6.26128868315190878491e+00
  +5.54838432805885428678e+00
  +4.83473798207013061301e+00
  +4.12034690776272682911e+00
  +3.40520893873561902865e+00
  +2.68932247722037942594e+00
  +1.97268649156726261218e+00
  +1.25530051359224215091e+00
  +5.37164635775944421248e-01
</dep>
<dep S11_phase frequency>
  -1.19556889013506534525e+02
  -1.20945252479209685248e+02
  -1.22322124423442289753e+02
  -1.23687268162527871596e+02
  -1.25040477552089242863e+02
  -1.26381576130096334509e+02
  -1.27710416152627985298e+02
  -1.29026877537626575077e+02
  -1.30330866731993836538e+02
  -1.31622315516944979663e+02
  -1.32901179765941094502e+02
  -1.34167438168789942665e+02
  -1.35421090934499034120e+02
  -1.36662158484501361499e+02
  -1.37890680146784603721e+02
  -1.39106712860363131767e+02
  -1.40310329898382917690e+02
  -1.41501619617154545949e+02
  -1.42680684237283458060e+02
  -1.43847638662099598150e+02
  -1.45002609337677085932e+02
  -1.46145733157822661497e+02
  -1.47277156416645624404e+02
  -1.48397033810575294410e+02
  -1.49505527491050457911e+02
  -1.50602806168528445596e+02
  -1.51689044267935400967e+02
  -1.52764421135255446416e+02
  -1.53829120294562272875e+02
  -1.54883328754483557077e+02
  -1.55927236362821588500e+02
  -1.56961035207826341775e+02
  -1.57984919064464747862e+02
  -1.58999082883877235872e+02
  -1.60003722324128290211e+02
  -1.60999033320289555604e+02
  -1.61985211691859717575e+02
  -1.62962452785501341168e+02
  -1.63930951151095541718e+02
  -1.64890900249126730159e+02
  -1.65842492187452364760e+02
  -1.66785917485558570661e+02
  -1.67721364864466067957e+02
  -1.68649021060503827130e+02
  -1.69569070661256063204e+02
  -1.70481695962044284443e+02
  -1.71387076841395440852e+02
  -1.72285390654019977319e+02
  -1.73176812139905564436e+02
  -1.74061513348205153306e+02
  -1.74939663574680054126e+02
  -1.75811429311533402142e+02
  -1.76676974208542105771e+02
  -1.77536459044463867940e+02
  -1.78390041707771388246e+02
  -1.79237877185822696902e+02
  +1.79919882438354164833e+02
  +1.79083087982426150120e+02
  +1.78251593154980440659e+02
  +1.77425254540261249758e+02
  +1.76603931578025054705e+02
  +1.75787486539069021774e+02
  +1.74975784496946886293e+02
  +1.74168693296339796461e+02
  +1.73366083518517058337e+02
  +1.72567828444280308986e+02
  +1.71773804014750680835e+02
  +1.70983888790332855478e+02
  +1.70197963908152615886e+02
  +1.69415913038243104438e+02
  +1.68637622338727595661e+02
  +1.67862980410224423622e+02
  +1.67091878249676142332e+02
  +1.66324209203788171862e+02
  +1.65559868922241065547e+02
  +1.64798755310826805953e+02
  +1.64040768484639954750e+02
  +1.63285810721445443505e+02
  +1.62533786415327114128e+02
  +1.61784602030711994303e+02
  +1.61038166056853896180e+02
  +1.60294388962849438940e+02
  +1.59553183153249989346e+02
  +1.58814462924327443716e+02
  +1.58078144421040377665e+02
  +1.57344145594744134087e+02
  +1.56612386161677079599e+02
  +1.55882787562257647096e+02
  +1.55155272921211718540e+02
  +1.54429767008554108543e+02
  +1.53706196201437620630e+02
  +1.52984488446883347024e+02
  +1.52264573225399743706e+02
  +1.51546381515497557757e+02
  +1.50829845759100777514e+02
  +1.50114899827858039316e+02
  +1.49401478990348891784e+02
  +1.48689519880183837586e+02
  +1.47978960464992127299e+02
  +1.47269740016289489404e+02
  +1.46561799080219486768e+02
  +1.45855079449156903593e+02
  +1.45149524134164636280e+02
  +1.44445077338291895330e+02
  +1.43741684430701610609e+02
  +1.43039291921614477587e+02
  +1.42337847438056513738e+02
  +1.41637299700396681601e+02
  +1.40937598499659003437e+02
  +1.40238694675596661909e+02
  +1.39540540095511829577e+02
  +1.38843087633807442671e+02
  +1.38146291152254661938e+02
  +1.37450105480962093907e+02
  +1.36754486400030486948e+02
  +1.36059390621878605998e+02
  +1.35364775774223886629e+02
  +1.34670600383703856551e+02
  +1.33976823860121839971e+02
  +1.33283406481303273949e+02
  +1.32590309378546265862e+02
  +1.31897494522651612670e+02
  +1.31204924710518866959e+02
  +1.30512563552291453561e+02
  +1.29820375459038189092e+02
  +1.29128325630955231418e+02
  +1.28436380046075271366e+02
  +1.27744505449468888969e+02
  +1.27052669342924247076e+02
  +1.26360839975091437282e+02
  +1.25668986332076784151e+02
  +1.24977078128474644814e+02
  +1.24285085798821867797e+02
  +1.23592980489461822913e+02
  +1.22900734050805212405e+02
  +1.22208319029973409897e+02
  +1.21515708663812475265e+02
  +1.20822876872262440884e+02
  +1.20129798252072362175e+02
  +1.19436448070844619451e+02
  +1.18742802261398438191e+02
  +1.18048837416438743730e+02
  +1.17354530783516850079e+02
  +1.16659860260272949972e+02
  +1.15964804389944831087e+02
  +1.15269342357132472898e+02
  +1.14573453983805833900e+02
  +1.13877119725542286233e+02
  +1.13180320667982925897e+02
  +1.12483038523494158767e+02
  +1.11785255628023577401e+02
  +1.11086954938136614146e+02
  +1.10388120028223113422e+02
  +1.09688735087860919748e+02
  +1.08988784919323677514e+02
  +1.08288254935223051234e+02
  +1.07587131156270842780e+02
  +1.06885400209150276396e+02
  +1.06183049324484485965e+02
  +1.05480066334889613699e+02
  +1.04776439673101236849e+02
  +1.04072158370162341612e+02
  +1.03367212053659869753e+02
  +1.02661590945999904534e+02
  +1.01955285862707540900e+02
  +1.01248288210742586557e+02
  +1.00540589986816513601e+02
  +9.98321837757013810233e+01
  +9.91230627485179240921e+01
  +9.84132206609924367058e+01
  +9.77026518516707369599e+01
  +9.69913512400773498712e+01
  +9.62793143248108407306e+01
  +9.55665371815625803720e+01
  +9.48530164610482700027e+01
  +9.41387493868431448618e+01
  +9.34237337531095164422e+01
  +9.27079679222052561727e+01
  +9.19914508221655893294e+01
  +9.12741819440464041691e+01
  +9.05561613391204076606e+01
</dep>
<dep S21_dB frequency>
  -7.18520768664166920026e-01
  -7.88178556509371075478e-01
  -8.60559077101634040119e-01
  -9.35587081450866664412e-01
  -1.01318759813104253276e+00
  -1.09328622831768118573e+00
  -1.17580942113117847825e+00
  -1.26068472869763104072e+00
  -1.34784104063273701968e+00
  -1.43720879791225053523e+00
  -1.52872018633055617443e+00
  -1.62230930996526989674e+00
  -1.71791234524052027766e+00
  -1.81546767634169681216e+00
  -1.91491601285834334156e+00
  -2.01620049063626005648e+00
  -2.11926675688880106208e+00
  -2.22406304068296067911e+00
  -2.33054020994036736880e+00
  -2.43865181611265224859e+00
  -2.54835412769529368049e+00
  -2.65960615372628605968e+00
  -2.77236965839680049584e+00
  -2.88660916786665566747e+00
  -3.00229197033987471599e+00
  -3.11938811041117203260e+00
  -3.23787037864479776417e+00
  -3.35771429729974935086e+00
  -3.47889810306129687589e+00
  -3.60140272758981483392e+00
  -3.72521177664731073520e+00
  -3.85031150851156489523e+00
  -3.97669081234574051109e+00
  -4.10434118714388773697e+00
  -4.23325672183530699044e+00
  -4.36343407709351893686e+00
  -4.49487246936415374421e+00
  -4.62757365759536209993e+00
  -4.76154193313330065251e+00
  -4.89678411322342288514e+00
  -5.03330953854387708191e+00
  -5.17113007518618772451e+00
  -5.31026012149415027608e+00
  -5.45071662016743285761e+00
  -5.59251907604483022851e+00
  -5.73568957998654305186e+00
  -5.88025283929191200372e+00
  -6.02623621510765339337e+00
  -6.17366976730778382887e+00
  -6.32258630735688775815e+00
  -6.47302145970742337511e+00
  -6.62501373232738544061e+00
  -6.77860459700665085592e+00
  -6.93383858015205412073e+00
  -7.09076336485257030517e+00
  -7.24942990507553375323e+00
  -7.40989255294891080439e+00
  -7.57220920018910881311e+00
  -7.73644143485381086123e+00
  -7.90265471473694081084e+00
  -8.07091855887696318916e+00
  -8.24130675882825514122e+00
  -8.41389761154592896730e+00
  -8.58877417596656478338e+00
  -8.76602455562904125941e+00
  -8.94574220998242886083e+00
  -9.12802629737546489253e+00
  -9.31298205311706084331e+00
  -9.50072120646056639259e+00
  -9.69136244089215992403e+00
  -9.88503190271912579590e+00
  -1.00818637636686503356e+01
  -1.02820008440387233861e+01
  -1.04855953039143798833e+01
  -1.06928094111030151936e+01
  -1.09038163957802431980e+01
  -1.11188014034197113489e+01
  -1.13379625594500197394e+01
  -1.15615121613066555994e+01
  -1.17896780161976533208e+01
  -1.20227049460804380487e+01
  -1.22608564851663075501e+01
  -1.25044167998853268386e+01
  -1.27536928668453501956e+01
  -1.30090169511496931420e+01
  -1.32707494358087672026e+01
  -1.35392820632990442675e+01
  -1.38150416631017627367e+01
  -1.40984944549943200798e+01
  -1.43901510378499768450e+01
  -1.46905721989482351830e+01
  -1.50003757108941613296e+01
  -1.53202443243750057178e+01
  -1.56509352180995353621e+01
  -1.59932912364588180054e+01
  -1.63482543363906813738e+01
  -1.67168817856573213021e+01
  -1.71003658166675833741e+01
  -1.75000576596441419497e+01
  -1.79174971805837941474e+01
  -1.83544497692033985459e+01
  -1.88129527146162587314e+01
  -1.92953741562244118768e+01
  -1.98044889370909658055e+01
  -2.03435775305802160062e+01
  -2.09165570106665867911e+01
  -2.15281573887435406789e+01
  -2.21841635865901238844e+01
  -2.28917547372553116247e+01
  -2.36599919326550818255e+01
  -2.45005398912420204738e+01
  -2.54287715892731540634e+01
  -2.64655289965488691450e+01
  -2.76400713825052726236e+01
  -2.89953244495168682704e+01
  -3.05979904991113116353e+01
  -3.25601770136447186133e+01
  -3.50930786936308720669e+01
  -3.86748438093600981347e+01
  -4.48606832927216103712e+01
  -7.36098640923877809428e+01
  -4.42630747172997018879e+01
  -3.83990168592799037128e+01
  -3.49346477027327324549e+01
  -3.24680982570810243715e+01
  -3.05518716767747413598e+01
  -2.89849935669824390061e+01
  -2.76597406580878022453e+01
  -2.65116065491742816107e+01
  -2.54988889031492860227e+01
  -2.45930655569207843314e+01
  -2.37737664123299481389e+01
  -2.30259356379678337134e+01
  -2.23381304354689191882e+01
  -2.17014504078981396162e+01
  -2.11088362906582993617e+01
  -2.05545949519176751608e+01
  -2.00340683394227703218e+01
  -1.95433970049991607709e+01
  -1.90793475281826587775e+01
  -1.86391841772337265581e+01
  -1.82205718610250215761e+01
  -1.78215016408705579920e+01
  -1.74402327876823974862e+01
  -1.70752471612997211992e+01
  -1.67252128952956553576e+01
  -1.63889551985235364384e+01
  -1.60654326626882060225e+01
  -1.57537178751210671379e+01
  -1.54529814307859965083e+01
  -1.51624786524532435550e+01
  -1.48815384865256383762e+01
  -1.46095541602982095242e+01
  -1.43459752756133855911e+01
  -1.40903010817660341303e+01
  -1.38420747226677995911e+01
  -1.36008782936824719201e+01
  -1.33663285750969134114e+01
  -1.31380733340157931366e+01
  -1.29157881061326627048e+01
  -1.26991733845180210238e+01
  -1.24879521551506265098e+01
  -1.22818677290806910207e+01
  -1.20806818293657780572e+01
  -1.18841728976498970383e+01
  -1.16921345907839668854e+01
  -1.15043744424341713994e+01
  -1.13207126683977428172e+01
  -1.11409810974785941085e+01
  -1.09650222123943343888e+01
  -1.07926882873812814978e+01
  -1.06238406110107597158e+01
  -1.04583487842923013034e+01
  -1.02960900854603494281e+01
  -1.01369488939677037109e+01
  -9.98081616716849318038e+00
  -9.82758896399568726565e+00
  -9.67717001064245607722e+00
  -9.52946730386554285985e+00
  -9.38439374805238912813e+00
  -9.24186682264739722825e+00
</dep>
<dep S11_dB frequency>
  -8.19102539401139750908e+00
  -7.82173234177510412479e+00
  -7.47409778142552827518e+00
  -7.14628651631289812940e+00
  -6.83668729700622002099e+00
  -6.54387650734365600158e+00
  -6.26658901323007100359e+00
  -6.00369454574479988196e+00
  -5.75417840514958456311e+00
  -5.51712557090881627886e+00
  -5.29170752033410529691e+00
  -5.07717121888826028453e+00
  -4.87282986488476144160e+00
  -4.67805506152154748634e+00
  -4.49227015784807903742e+00
  -4.31494455300001789055e+00
  -4.14558879888030951122e+00
  -3.98375036832460338587e+00
  -3.82900998086710231405e+00
  -3.68097839805731741336e+00
  -3.53929361607919190646e+00
  -3.40361839610290362046e+00
  -3.27363808300298586573e+00
  -3.14905867135402584012e+00
  -3.02960508435311526299e+00
  -2.91501963682734110961e+00
  -2.80506065801983872632e+00
  -2.69950125358179704449e+00
  -2.59812818929929134626e+00
  -2.50074088165837959963e+00
  -2.40715048250341556724e+00
  -2.31717904684817543881e+00
  -2.23065877440990867342e+00
  -2.14743131671887210743e+00
  -2.06734714273472874879e+00
  -1.99026495681977744212e+00
  -1.91605116369969152856e+00
  -1.84457937571142638333e+00
  -1.77572995820782919552e+00
  -1.70938960948082696589e+00
  -1.64545097198730450039e+00
  -1.58381227202838692492e+00
  -1.52437698534832044572e+00
  -1.46705352639615926869e+00
  -1.41175495923132299225e+00
  -1.35839872826577323650e+00
  -1.30690640721787421086e+00
  -1.25720346481543709949e+00
  -1.20921904592633544517e+00
  -1.16288576692301548476e+00
  -1.11813952419621021050e+00
  -1.07491931483350011689e+00
  -1.03316706856596529640e+00
  -9.92827490165055781546e-01
  -9.53847911541510051769e-01
  -9.16178152862315409166e-01
  -8.79770392057017125431e-01
  -8.44579042137427959958e-01
  -8.10560635799440598603e-01
  -7.77673716818593763200e-01
  -7.45878737787991630270e-01
  -7.15137963782537355861e-01
  -6.85415381563825754085e-01
  -6.56676613969244593605e-01
  -6.28888839154831735812e-01
  -6.02020714385031130433e-01
  -5.76042304084575573775e-01
  -5.50925011887989146686e-01
  -5.26641516440076284944e-01
  -5.03165710718439740390e-01
  -4.80472644664142134463e-01
  -4.58538470921345753251e-01
  -4.37340393500054824827e-01
  -4.16856619188360699724e-01
  -3.97066311551792949786e-01
  -3.77949547368553684379e-01
  -3.59487275358279068094e-01
  -3.41661277071951485773e-01
  -3.24454129818457448486e-01
  -3.07849171511178854033e-01
  -2.91830467325694009606e-01
  -2.76382778065901613118e-01
  -2.61491530142535177905e-01
  -2.47142787073978381640e-01
  -2.33323222424490744897e-01
  -2.20020094100252916469e-01
  -2.07221219928620525863e-01
  -1.94914954449938615522e-01
  -1.83090166855967184656e-01
  -1.71736220012554924308e-01
  -1.60842950507966320206e-01
  -1.50400649671646985395e-01
  -1.40400045511405835441e-01
  -1.30832285520074642626e-01
  -1.21688920305339356998e-01
  -1.12961887999237842184e-01
  -1.04643499406274403940e-01
  -9.67264238511530705100e-02
  -8.92036756897917060272e-02
  -8.20686014487465587131e-02
  -7.53148675606206963185e-02
  -6.89364486643860713277e-02
  -6.29276164416073396923e-02
  -5.72829289607421077157e-02
  -5.19972205036810519729e-02
  -4.70655918495459305029e-02
  -4.24834009925843247846e-02
  -3.82462542718527004348e-02
  -3.43499978917900100628e-02
  -3.07907098137530574333e-02
  -2.75646919997133942049e-02
  -2.46684629902208622798e-02
  -2.20987507996703649860e-02
  -1.98524861128205470928e-02
  -1.79267957672365439714e-02
  -1.63189965072887757658e-02
  -1.50265889957299902252e-02
  -1.40472520699778408854e-02
  -1.33788372305595863743e-02
  -1.30193633498656893138e-02
  -1.29670115900459986813e-02
  -1.32201205193006772476e-02
  -1.37771814163856892721e-02
  -1.46368337536431532275e-02
  -1.57978608492866101631e-02
  -1.72591856802440275775e-02
  -1.90198668469971528261e-02
  -2.10790946826276137660e-02
  -2.34361874982823917279e-02
  -2.60905879579130389745e-02
  -2.90418595752404938570e-02
  -3.22896833264259205953e-02
  -3.58338543720785884794e-02
  -3.96742788826395936796e-02
  -4.38109709611961550824e-02
  -4.82440496585581080069e-02
  -5.29737360750081043292e-02
  -5.80003505439241964781e-02
  -6.33243098924529124183e-02
  -6.89461247745374039564e-02
  -7.48663970721765159588e-02
  -8.10858173604754733921e-02
  -8.76051624326853878300e-02
  -9.44252928813774788930e-02
  -1.01547150732158669717e-01
  -1.08971757126370166757e-01
  -1.16700210049586902694e-01
  -1.24733682102717957640e-01
  -1.33073418312782770778e-01
  -1.41720733980383817308e-01
  -1.50677012561235446064e-01
  -1.59943703579317170194e-01
  -1.69522320568953499542e-01
  -1.79414439043686230191e-01
  -1.89621694489753300772e-01
  -2.00145780381972143713e-01
  -2.10988446220295416955e-01
  -2.22151495584996222510e-01
  -2.33636784208892056558e-01
  -2.45446218065062254921e-01
  -2.57581751468339392730e-01
  -2.70045385189447373353e-01
  -2.82839164580344026856e-01
  -2.95965177709702875752e-01
  -3.09425553507277850684e-01
  -3.23222459916441329231e-01
  -3.37358102053869735037e-01
  -3.51834720375480580756e-01
  -3.66654588848313145455e-01
  -3.81820013127403268260e-01
  -3.97333328737314805945e-01
  -4.13196899258092220641e-01
  -4.29413114515009852745e-01
  -4.45984388772240114562e-01
  -4.62913158930116308554e-01
  -4.80201882726106088484e-01
  -4.97853036939448934106e-01
  -5.15869115599712935172e-01
  -5.34252628199479051574e-01
  -5.53006097911436067527e-01
  -5.72132059810418036605e-01
</dep>
<dep Zin_ohm frequency>
  +1.76719841812332992959e+03
  +1.71757151692001320953e+03
  +1.66853988538286057519e+03
  +1.62019953972243297358e+03
  +1.57262675036936798278e+03
  +1.52588052364936606864e+03
  +1.48000491522049173909e+03
  +1.43503115007235192024e+03
  +1.39097953819296435540e+03
  +1.34786118543308748485e+03
  +1.30567950634027124579e+03
  +1.26443155046808146835e+03
  +1.22410915648662785316e+03
  +1.18469994981552713398e+03
  +1.14618819988015593481e+03
  +1.10855555277276130255e+03
  +1.07178165432747709929e+03
  +1.03584467756949675277e+03
  +1.00072176731720196585e+03
  +9.66389413486649004881e+02
  +9.32823763439432354971e+02
  +9.00000882572731484288e+02
  +8.67896971295845332861e+02
  +8.36488545591209003760e+02
  +8.05752587525093986187e+02
  +7.75666671358506732759e+02
  +7.46209070314745872565e+02
  +7.17358848585453870328e+02
  +6.89095942806970697347e+02
  +6.61401237016526579282e+02
  +6.34256635014441826570e+02
  +6.07645134130405949691e+02
  +5.81550904643198805388e+02
  +5.55959379574430613502e+02
  +5.30857360320940642850e+02
  +5.06233144688484344442e+02
  +4.82076685453940967818e+02
  +4.58379789776022505521e+02
  +4.35136372821942075007e+02
  +4.12342783203589135610e+02
  +3.89998223674119401494e+02
  +3.68105298660962262147e+02
  +3.46670731480633151023e+02
  +3.25706309674664055365e+02
  +3.05230138329149895071e+02
  +2.85268310218924057153e+02
  +2.65857139607153158067e+02
  +2.47046153292747789010e+02
  +2.28902082438460809044e+02
  +2.11514132352206416954e+02
  +1.95000772957637053651e+02
  +1.79518070594729408640e+02
  +1.65268929333869351694e+02
  +1.52511120021043154793e+02
  +1.41559211592636387422e+02
  +1.32771755703484416244e+02
  +1.26513081168413734190e+02
  +1.23085482271558021239e+02
  +1.22647803664879702978e+02
  +1.25159485277385144286e+02
  +1.30385877527205082060e+02
  +1.37962207057665267484e+02
  +1.47477479311356233893e+02
  +1.58540352156334847677e+02
  +1.70813677093929101147e+02
  +1.84023839168053854110e+02
  +1.97956226161534203811e+02
  +2.12445463148750491200e+02
  +2.27365071466179017534e+02
  +2.42618453740627813886e+02
  +2.58131678403448631798e+02
  +2.73847941502769288036e+02
  +2.89723401120487892513e+02
  +3.05724070117387839218e+02
  +3.21823501511746712822e+02
  +3.38001059590527688670e+02
  +3.54240621862440377754e+02
  +3.70529598094696950739e+02
  +3.86858183565998899667e+02
  +4.03218786282341056904e+02
  +4.19605584259175770967e+02
  +4.36014180752602499069e+02
  +4.52441333806139823537e+02
  +4.68884742608245289830e+02
  +4.85342877604131331282e+02
  +5.01814844552720899173e+02
  +5.18300275105773607720e+02
  +5.34799238251152473822e+02
  +5.51312168277331466015e+02
  +5.67839805902408443217e+02
  +5.84383149956102101896e+02
  +6.00943417569767007080e+02
  +6.17522011263291005889e+02
  +6.34120491651974361957e+02
  +6.50740554755722882874e+02
  +6.67384013094909391839e+02
  +6.84052779916044300990e+02
  +7.00748856015403362107e+02
  +7.17474318728108983123e+02
  +7.34231312729323235544e+02
  +7.51022042357609166174e+02
  +7.67848765221666781144e+02
  +7.84713786892903499393e+02
  +8.01619456519937443773e+02
  +8.18568163228512958085e+02
  +8.35562333192744290500e+02
  +8.52604427282102733443e+02
  +8.69696939203770625681e+02
  +8.86842394072703541497e+02
  +9.04043347352137175221e+02
  +9.21302384116172447648e+02
  +9.38622118593310233337e+02
  +9.56005193956070797867e+02
  +9.73454282326934730918e+02
  +9.90972084975332563772e+02
  +1.00856133268404062164e+03
  +1.02622478626658289613e+03
  +1.04396523721987546196e+03
  +1.06178550849869748163e+03
  +1.07968845540050597265e+03
  +1.09767696655084591839e+03
  +1.11575396498106556464e+03
  +1.13392240929124182003e+03
  +1.15218529489243451280e+03
  +1.17054565532320748389e+03
  +1.18900656363628240797e+03
  +1.20757113385183197352e+03
  +1.22624252247461663501e+03
  +1.24502393007266164204e+03
  +1.26391860291570105801e+03
  +1.28292983467201747771e+03
  +1.30206096816269950978e+03
  +1.32131539717266014122e+03
  +1.34069656831808401876e+03
  +1.36020798297019609890e+03
  +1.37985319923552924593e+03
  +1.39963583399302615362e+03
  +1.41955956498859086423e+03
  +1.43962813298774153736e+03
  +1.45984534398732671434e+03
  +1.48021507148727209824e+03
  +1.50074125882353678207e+03
  +1.52142792156355108091e+03
  +1.54227914996545996473e+03
  +1.56329911150268958409e+03
  +1.58449205345532595857e+03
  +1.60586230556992745733e+03
  +1.62741428278947432773e+03
  +1.64915248805513306252e+03
  +1.67108151518165686866e+03
  +1.69320605180817165092e+03
  +1.71553088242623630322e+03
  +1.73806089148697219571e+03
  +1.76080106658913109641e+03
  +1.78375650174997531394e+03
  +1.80693240076070605937e+03
  +1.83033408062832654650e+03
  +1.85396697510561057243e+03
  +1.87783663831088188090e+03
  +1.90194874843919387786e+03
  +1.92630911156640036097e+03
  +1.95092366554746058682e+03
  +1.97579848401025969906e+03
  +2.00093978044591199250e+03
  +2.02635391239647447037e+03
  +2.05204738574056864309e+03
  +2.07802685907735985893e+03
  +2.10429914820882186177e+03
  +2.13087123071999940294e+03
  +2.15775025065648378586e+03
  +2.18494352329790854128e+03
  +2.21245854002575742925e+03
  +2.24030297328306733107e+03
  +2.26848468162312246932e+03
  +2.29701171484337100992e+03
  +2.32589231919991470932e+03
  +2.35513494269708826323e+03
  +2.38474824044554998181e+03
  +2.41474108008103848988e+03
  +2.44512254723475143692e+03
  +2.47590195104474469190e+03
</dep>
<dep Zin_norm frequency>
  +3.53439683624665974548e+01
  +3.43514303384002630537e+01
  +3.33707977076572106512e+01
  +3.24039907944486600400e+01
  +3.14525350073873575241e+01
  +3.05176104729873216570e+01
  +2.96000983044098333608e+01
  +2.87006230014470382628e+01
  +2.78195907638592849764e+01
  +2.69572237086617505497e+01
  +2.61135901268054233526e+01
  +2.52886310093616302197e+01
  +2.44821831297325580579e+01
  +2.36939989963105439585e+01
  +2.29237639976031175593e+01
  +2.21711110554552277563e+01
  +2.14356330865495436910e+01
  +2.07168935513899334921e+01
  +2.00144353463440403118e+01
  +1.93277882697329808082e+01
  +1.86564752687886468152e+01
  +1.80000176514546303963e+01
  +1.73579394259169070835e+01
  +1.67297709118241790804e+01
  +1.61150517505018804343e+01
  +1.55133334271701350815e+01
  +1.49241814062949167408e+01
  +1.43471769717090769092e+01
  +1.37819188561394145864e+01
  +1.32280247403305306619e+01
  +1.26851327002888361051e+01
  +1.21529026826081185675e+01
  +1.16310180928639770315e+01
  +1.11191875914886129095e+01
  +1.06171472064188137097e+01
  +1.01246628937696865336e+01
  +9.64153370907881956953e+00
  +9.16759579552044989725e+00
  +8.70272745643884171329e+00
  +8.24685566407178249904e+00
  +7.79996447348238763908e+00
  +7.36210597321924531400e+00
  +6.93341462961266330467e+00
  +6.51412619349328103624e+00
  +6.10460276658299783037e+00
  +5.70536620437848096543e+00
  +5.31714279214306273502e+00
  +4.94092306585495588678e+00
  +4.57804164876921593219e+00
  +4.23028264704412837460e+00
  +3.90001545915274094867e+00
  +3.59036141189458790635e+00
  +3.30537858667738682072e+00
  +3.05022240042086334455e+00
  +2.83118423185272760634e+00
  +2.65543511406968812949e+00
  +2.53026162336827464827e+00
  +2.46170964543116044254e+00
  +2.45295607329759413062e+00
  +2.50318970554770281467e+00
  +2.60771755054410192542e+00
  +2.75924414115330529640e+00
  +2.94954958622712481997e+00
  +3.17080704312669681144e+00
  +3.41627354187858189860e+00
  +3.68047678336107697561e+00
  +3.95912452323068420057e+00
  +4.24890926297501003717e+00
  +4.54730142932358027963e+00
  +4.85236907481255652641e+00
  +5.16263356806897277806e+00
  +5.47695883005538597388e+00
  +5.79446802240975777920e+00
  +6.11448140234775650015e+00
  +6.43647003023493446960e+00
  +6.76002119181055416419e+00
  +7.08481243724880727086e+00
  +7.41059196189393887266e+00
  +7.73716367131997806439e+00
  +8.06437572564682092491e+00
  +8.39211168518351513512e+00
  +8.72028361505205040771e+00
  +9.04882667612279689706e+00
  +9.37769485216490572554e+00
  +9.70685755208262612825e+00
  +1.00362968910544179124e+01
  +1.03660055021154722255e+01
  +1.06959847650230504001e+01
  +1.10262433655466303151e+01
  +1.13567961180481677985e+01
  +1.16876629991220415405e+01
  +1.20188683513953407100e+01
  +1.23504402252658191941e+01
  +1.26824098330394861023e+01
  +1.30148110951144584391e+01
  +1.33476802618981889026e+01
  +1.36810555983208868014e+01
  +1.40149771203080675264e+01
  +1.43494863745621792361e+01
  +1.46846262545864636451e+01
  +1.50204408471521837498e+01
  +1.53569753044333356939e+01
  +1.56942757378580708405e+01
  +1.60323891303987480228e+01
  +1.63713632645702595880e+01
  +1.67112466638548866626e+01
  +1.70520885456420536741e+01
  +1.73939387840754129400e+01
  +1.77368478814540715405e+01
  +1.80808669470427432202e+01
  +1.84260476823234498056e+01
  +1.87724423718662052352e+01
  +1.91201038791214159573e+01
  +1.94690856465386943341e+01
  +1.98194416995066511333e+01
  +2.01712266536808115802e+01
  +2.05244957253316577805e+01
  +2.08793047443975083866e+01
  +2.12357101699739487799e+01
  +2.15937691080101181740e+01
  +2.19535393310169197889e+01
  +2.23150792996213134245e+01
  +2.26784481858248341268e+01
  +2.30437058978486923877e+01
  +2.34109131064641502462e+01
  +2.37801312727256473067e+01
  +2.41514226770366384756e+01
  +2.45248504494923338370e+01
  +2.49004786014532335514e+01
  +2.52783720583140230076e+01
  +2.56585966934403515438e+01
  +2.60412193632539903376e+01
  +2.64263079434532031087e+01
  +2.68139313663616825067e+01
  +2.72041596594039241097e+01
  +2.75970639847105836395e+01
  +2.79927166798605249198e+01
  +2.83911912997718189899e+01
  +2.87925626597548287577e+01
  +2.91969068797465354237e+01
  +2.96043014297454405437e+01
  +3.00148251764707367784e+01
  +3.04285584312710213339e+01
  +3.08455829993092010000e+01
  +3.12659822300537904027e+01
  +3.16898410691065208766e+01
  +3.21172461113985505676e+01
  +3.25482856557894848493e+01
  +3.29830497611026629556e+01
  +3.34216303036331368048e+01
  +3.38641210361634321657e+01
  +3.43106176485247260644e+01
  +3.47612178297394436299e+01
  +3.52160213317826205071e+01
  +3.56751300349995048578e+01
  +3.61386480152141231770e+01
  +3.66066816125665326354e+01
  +3.70793395021122123012e+01
  +3.75567327662176353442e+01
  +3.80389749687838758518e+01
  +3.85261822313280077879e+01
  +3.90184733109492114522e+01
  +3.95159696802051954023e+01
  +4.00187956089182392816e+01
  +4.05270782479294879863e+01
  +4.10409477148113737144e+01
  +4.15605371815471968944e+01
  +4.20859829641764378039e+01
  +4.26174246143999866376e+01
  +4.31550050131296742961e+01
  +4.36988704659581728151e+01
  +4.42491708005151451744e+01
  +4.48060594656613488951e+01
  +4.53696936324624502390e+01
  +4.59402342968674233248e+01
  +4.65178463839982967443e+01
  +4.71026988539417672541e+01
  +4.76949648089109956572e+01
  +4.82948216016207680923e+01
  +4.89024509446950261804e+01
  +4.95180390208948963959e+01
</dep>
<dep S[2,2] frequency>
  -1.92109497243947602296e-01-j3.38767122990680513706e-01
  -2.08959119551667127368e-01-j3.48520278899743185530e-01
  -2.26145523963937195022e-01-j3.57421200592663357298e-01
  -2.43619565226426859628e-01-j3.65468034746713965610e-01
  -2.61333318826754867903e-01-j3.72662041839160074197e-01
  -2.79240275553423789034e-01-j3.79007391591920816953e-01
  -2.97295508977201139444e-01-j3.84510949785590527839e-01
  -3.15455816375723452349e-01-j3.89182059713808314871e-01
  -3.33679833975086492792e-01-j3.93032321288842523277e-01
  -3.51928127673532042952e-01-j3.96075370519728131580e-01
  -3.70163260647562109007e-01-j3.98326661779395296836e-01
  -3.88349839421215425883e-01-j3.99803254964690990558e-01
  -4.06454540105511130665e-01-j4.00523609340971087356e-01
  -4.24446116596127909215e-01-j4.00507385559274453612e-01
  -4.42295392554810096186e-01-j3.99775257043539333779e-01
  -4.59975239000742663897e-01-j3.98348731672531319870e-01
  -4.77460539306423736861e-01-j3.96249984429749624315e-01
  -4.94728143336918335660e-01-j3.93501701466260733753e-01
  -5.11756812391902848880e-01-j3.90126935817475539725e-01
  -5.28527156516156670918e-01-j3.86148974835954672535e-01
  -5.45021565638684868382e-01-j3.81591219247780943924e-01
  -5.61224135886164821052e-01-j3.76477073609375323393e-01
  -5.77120592298887236105e-01-j3.70829847833243742006e-01
  -5.92698209057638703001e-01-j3.64672669363921342356e-01
  -6.07945728211696456711e-01-j3.58028405517086090182e-01
  -6.22853277782893788306e-01-j3.50919595443953402647e-01
  -6.37412290009704118887e-01-j3.43368391147549911757e-01
  -6.51615420390882715829e-01-j3.35396506955332018851e-01
  -6.65456468089655528431e-01-j3.27025176842218323614e-01
  -6.78930298168797907721e-01-j3.18275118997425943146e-01
  -6.92032766043472080675e-01-j3.09166507036104765138e-01
  -7.04760644462876784111e-01-j2.99718947271138402844e-01
  -7.17111553263921619461e-01-j2.89951461479997729676e-01
  -7.29083892079084638915e-01-j2.79882474625448240957e-01
  -7.40676776127132008298e-01-j2.69529807015711664331e-01
  -7.51889975168323010379e-01-j2.58910670418660948666e-01
  -7.62723855665130123782e-01-j2.48041667674941151978e-01
  -7.73179326154394108706e-01-j2.36938795386021194833e-01
  -7.83257785807453532634e-01-j2.25617449284111593055e-01
  -7.92961076129912179056e-01-j2.14092431921776515935e-01
  -8.02291435732328306329e-01-j2.02377962349044093759e-01
  -8.11251458086565513383e-01-j1.90487687474877043226e-01
  -8.19844052169632409033e-01-j1.78434694837606655504e-01
  -8.28072405886583151613e-01-j1.66231526535482398987e-01
  -8.35939952156967813757e-01-j1.53890194093246973628e-01
  -8.43450337544059736139e-01-j1.41422194064206974140e-01
  -8.50607393303099978965e-01-j1.28838524188924025138e-01
  -8.57415108723388441625e-01-j1.16149699951967680378e-01
  -8.63877606639080641848e-01-j1.03365771396715502850e-01
  -8.69999120984708218529e-01-j9.04963400754543179083e-02
  -8.75783976273597608575e-01-j7.75505760276207767312e-02
  -8.81236568880387927116e-01-j6.45372346932971963085e-02
  -8.86361350012303650381e-01-j5.14646736820723177397e-02
  -8.91162810257934090430e-01-j3.83408693290705135381e-02
  -8.95645465606665358571e-01-j2.51734329804684867082e-02
  -8.99813844836520493331e-01-j1.19696269602984663172e-02
  -9.03672478173012883040e-01+j1.26361982122534261680e-03
  -9.07225887126461127963e-01+j1.45196966501274296601e-02
  -9.10478575420159308429e-01+j2.77922962073789588111e-02
  -9.13435020926641971784e-01+j4.10754002036485196814e-02
  -9.16099668534161359901e-01+j5.43632654645767737778e-02
  -9.18476923870065964373e-01+j6.76504104765960345702e-02
  -9.20571147812504597674e-01+j8.09316023993381650214e-02
  -9.22386651726149198183e-01+j9.42018445473058879669e-02
  -9.23927693361957902418e-01+j1.07456364340465668206e-01
  -9.25198473365014706360e-01+j1.20690601720974011180e-01
  -9.26203132338407342239e-01+j1.33900198031127320997e-01
  -9.26945748414725212427e-01+j1.47080985345735187897e-01
  -9.27430335290305607465e-01+j1.60228976250751137256e-01
  -9.27660840680612164277e-01+j1.73340354058695078621e-01
  -9.27641145158257907077e-01+j1.86411463450405934239e-01
  -9.27375061338109651921e-01+j1.99438801531950760104e-01
  -9.26866333376627826723e-01+j2.12419009294855715142e-01
  -9.26118636755198676447e-01+j2.25348863467396520743e-01
  -9.25135578319577267514e-01+j2.38225268744434837132e-01
  -9.23920696549828890376e-01+j2.51045250383013562878e-01
  -9.22477462037229356540e-01+j2.63805947150959507752e-01
  -9.20809278146513254804e-01+j2.76504604615651516930e-01
  -9.18919481843690100220e-01+j2.89138568760258118928e-01
  -9.16811344671292882680e-01+j3.01705279914884272330e-01
  -9.14488073854485383762e-01+j3.14202266990256440238e-01
  -9.11952813522880822994e-01+j3.26627142001831072271e-01
  -9.09208646034264322822e-01+j3.38977594872521548197e-01
  -9.06258593387598287983e-01+j3.51251388502465566877e-01
  -9.03105618713868407710e-01+j3.63446354094708212745e-01
  -8.99752627834321638822e-01+j3.75560386725910466676e-01
  -8.96202470876610757244e-01+j3.87591441151663329556e-01
  -8.92457943940275888473e-01+j3.99537527836240025092e-01
  -8.88521790803732391950e-01+j4.11396709197135834746e-01
  -8.84396704665737720674e-01+j4.23167096054983260522e-01
  -8.80085329914944924923e-01+j4.34846844279932032151e-01
  -8.75590263921780520562e-01+j4.46434151625862141177e-01
  -8.70914058847464422897e-01+j4.57927254744237344219e-01
  -8.66059223465489247396e-01+j4.69324426369720437702e-01
  -8.61028224991336688099e-01+j4.80623972670095267468e-01
  -8.55823490916675311269e-01+j4.91824230753297619856e-01
  -8.50447410844624274162e-01+j5.02923566324797621796e-01
  -8.44902338323069823645e-01+j5.13920371488823080064e-01
  -8.39190592673289215142e-01+j5.24813062687289666464e-01
  -8.33314460811475643531e-01+j5.35600078770592236133e-01
  -8.27276199060976602517e-01+j5.46279879194695783262e-01
  -8.21078034953322322131e-01+j5.56850942339296328676e-01
  -8.14722169016314889944e-01+j5.67311763942029978480e-01
  -8.08210776547635512124e-01+j5.77660855644059112457e-01
  -8.01546009372616774513e-01+j5.87896743642538410768e-01
  -7.94729997584944114486e-01+j5.98017967445752307576e-01
  -7.87764851269203592032e-01+j6.08023078726949606221e-01
  -7.80652662204318503747e-01+j6.17910640273079736495e-01
  -7.73395505546974115774e-01+j6.27679225024914022590e-01
  -7.65995441494290552065e-01+j6.37327415205163561041e-01
  -7.58454516925001320793e-01+j6.46853801531447891726e-01
  -7.50774767018522637407e-01+j6.56256982511129072222e-01
  -7.42958216851314579010e-01+j6.65535563815191077985e-01
  -7.35006882970010932965e-01+j6.74688157728524529055e-01
  -7.26922774940793159359e-01+j6.83713382674113523407e-01
  -7.18707896874555940414e-01+j6.92609862808761578279e-01
  -7.10364248927410346646e-01+j7.01376227688155329254e-01
  -7.01893828776075978659e-01+j7.10011111999158006647e-01
  -6.93298633067751746140e-01+j7.18513155357363375586e-01
  -6.84580658844042622135e-01+j7.26881002168048739875e-01
  -6.75741904938521709134e-01+j7.35113301548766417959e-01
  -6.66784373347485193051e-01+j7.43208707311908578497e-01
  -6.57710070573500282798e-01+j7.51165878005668696815e-01
  -6.48521008941270071801e-01+j7.58983477011908935772e-01
  -6.39219207885368456701e-01+j7.66660172699510589212e-01
  -6.29806695209363387455e-01+j7.74194638631863440992e-01
  -6.20285508315836064952e-01+j7.81585553827196077847e-01
  -6.10657695406761402701e-01+j7.88831603070524134402e-01
  -6.00925316653719843174e-01+j7.95931477276026644319e-01
  -5.91090445337366765521e-01+j8.02883873898712296935e-01
  -5.81155168955554746191e-01+j8.09687497394280919494e-01
  -5.71121590299496495469e-01+j8.16341059726100382044e-01
  -5.60991828497315880853e-01+j8.22843280918271968716e-01
  -5.50768020024289817194e-01+j8.29192889653750819789e-01
  -5.40452319679104675743e-01+j8.35388623916539896364e-01
  -5.30046901525352498474e-01+j8.41429231676939282103e-01
  -5.19553959797540487742e-01+j8.47313471618895697191e-01
  -5.08975709770781992169e-01+j8.53040113908462349634e-01
  -4.98314388593385004800e-01+j8.58607941002377361706e-01
  -4.87572256081464205923e-01+j8.64015748495795210538e-01
  -4.76751595474723677270e-01+j8.69262346008144892728e-01
  -4.65854714152515336778e-01+j8.74346558106131266364e-01
  -4.54883944309232512992e-01+j8.79267225262824858589e-01
  -4.43841643588149148414e-01+j8.84023204851791644110e-01
  -4.32730195672697104392e-01+j8.88613372175192095526e-01
  -4.21552010834248036542e-01+j8.93036621524730400701e-01
  -4.10309526435405191869e-01+j8.97291867274302212820e-01
  -3.99005207387793658924e-01+j9.01378045003185857098e-01
  -3.87641546563368188938e-01+j9.05294112648526994036e-01
  -3.76221065158200751455e-01+j9.09039051685881394071e-01
  -3.64746313007765665670e-01+j9.12611868336493103904e-01
  -3.53219868852666818437e-01+j9.16011594799957640234e-01
  -3.41644340553836411978e-01+j9.19237290510862670168e-01
  -3.30022365256177563353e-01+j9.22288043417959779724e-01
  -3.18356609499649889639e-01+j9.25162971284337554145e-01
  -3.06649769276853334521e-01+j9.27861223007049207290e-01
  -2.94904570036110424969e-01+j9.30381979954545523803e-01
  -2.83123766629126361050e-01+j9.32724457320255884163e-01
  -2.71310143202324771661e-01+j9.34887905490553894339e-01
  -2.59466513030941592355e-01+j9.36871611425297956544e-01
  -2.47595718295076205884e-01+j9.38674900049114024903e-01
  -2.35700629796864763454e-01+j9.40297135651441462478e-01
  -2.23784146618004275986e-01+j9.41737723293396444824e-01
  -2.11849195716946325785e-01+j9.42996110219373795402e-01
  -1.99898731465060375267e-01+j9.44071787271289708521e-01
  -1.87935735121206315412e-01+j9.44964290303275111782e-01
  -1.75963214244131721520e-01+j9.45673201594603440867e-01
  -1.63984202042259247234e-01+j9.46198151258556552357e-01
  -1.52001756660443104741e-01+j9.46538818644870327823e-01
  -1.40018960403378134316e-01+j9.46694933733382315566e-01
  -1.28038918895431202971e-01+j9.46666278516401837884e-01
  -1.16064760176716436080e-01+j9.46452688367323213825e-01
  -1.04099633735390356692e-01+j9.46054053392920479837e-01
  -9.21467094761652949497e-02+j9.45470319766739786260e-01
  -8.02091766251861321146e-02+j9.44701491040955354528e-01
  -6.82902425715198740930e-02+j9.43747629434029677853e-01
  -5.63931316456046591301e-02+j9.42608857091481788792e-01
  -4.45210838350896462301e-02+j9.41285357317036552871e-01
  -3.26773534386752828595e-02+j9.39777375771421619177e-01
  -2.08652076586391919955e-02+j9.38085221636049904070e-01
  -9.08792513284997077738e-03+j9.36209268738826927425e-01
</dep>
<dep S[2,1] frequency>
  +8.00865906370728963815e-01-j4.54015235104717640446e-01
  +7.83321594954511923881e-01-j4.69508450515159214689e-01
  +7.65407341578858146924e-01-j4.84146204029156590476e-01
  +7.47172284753932158807e-01-j4.97926489295246355038e-01
  +7.28664343537411163254e-01-j5.10850413415364523750e-01
  +7.09930022825314921420e-01-j5.22921992398950985503e-01
  +6.91014245747962441158e-01-j5.34147937984376763865e-01
  +6.71960212644491239331e-01-j5.44537439099072373416e-01
  +6.52809285737798616900e-01-j5.54101940969420336813e-01
  +6.33600898341368123923e-01-j5.62854924602031903014e-01
  +6.14372487195086747214e-01-j5.70811689052939552624e-01
  +5.95159446347195197902e-01-j5.77989138588826723009e-01
  +5.75995100873787246876e-01-j5.84405576532047610350e-01
  +5.56910698646436830295e-01-j5.90080507277552235301e-01
  +5.37935418321475955494e-01-j5.95034447679294142830e-01
  +5.19096391723781636074e-01-j5.99288748730824605282e-01
  +5.00418738829888298802e-01-j6.02865428213424370263e-01
  +4.81925613610958147870e-01-j6.05787014756776209801e-01
  +4.63638259075748238036e-01-j6.08076403553229782872e-01
  +4.45576069947523356607e-01-j6.09756723787784782331e-01
  +4.27756661514410885250e-01-j6.10851217691388392872e-01
  +4.10195943307230470598e-01-j6.11383130994413992454e-01
  +3.92908196376416662954e-01-j6.11375614448879667329e-01
  +3.75906153059377412529e-01-j6.10851636000672382210e-01
  +3.59201078247964877832e-01-j6.09833903124761822490e-01
  +3.42802851280967157965e-01-j6.08344794785567910544e-01
  +3.26720047697537763209e-01-j6.06406302449069123384e-01
  +3.10960020191940578194e-01-j6.04039979551141525960e-01
  +2.95528978208525028304e-01-j6.01266898816211869949e-01
  +2.80432065706510857961e-01-j5.98107616819634424488e-01
  +2.65673436707651311472e-01-j5.94582145194777145214e-01
  +2.51256328315672905482e-01-j5.90709927900225362229e-01
  +2.37183130964207400382e-01-j5.86509823981968603235e-01
  +2.23455455711041944822e-01-j5.82000095289407437527e-01
  +2.10074198449954840928e-01-j5.77198398630765052708e-01
  +1.97039600958473504200e-01-j5.72121781882509061745e-01
  +1.84351308740518304852e-01-j5.66786683597675700064e-01
  +1.72008425657964592048e-01-j5.61208935689102905719e-01
  +1.60009565374573281549e-01-j5.55403768794524133057e-01
  +1.48352899660605636045e-01-j5.49385819961348054186e-01
  +1.37036203626810043632e-01-j5.43169142318939313085e-01
  +1.26056897973037262961e-01-j5.36767216435264815644e-01
  +1.15412088349640576390e-01-j5.30192963082506962813e-01
  +1.05098601940068037131e-01-j5.23458757162824861453e-01
  +9.51130213801560653319e-02-j5.16576442570141458610e-01
  +8.54517161348813808486e-02-j5.09557347787456760280e-01
  +7.61108714563266536279e-02-j5.02412302040819325200e-01
  +6.70865150480148969558e-02-j4.95151651851371665813e-01
  +5.83745415607499831823e-02-j4.87785277845496245686e-01
  +4.99707350439519207286e-02-j4.80322611700290613701e-01
  +4.18707894742723282788e-02-j4.72772653117228547348e-01
  +3.40703274803238267965e-02-j4.65143986731119341016e-01
  +2.65649173788331492696e-02-j4.57444798874485580864e-01
  +1.93500886334816990519e-02-j4.49682894129160404262e-01
  +1.24213458432578301854e-02-j4.41865711607416944418e-01
  +5.77418136260119275321e-03-j4.34000340914462823250e-01
  -5.95913349315758717091e-04-j4.26093537752500028937e-01
  -6.69343755757887542979e-03-j4.18151739134117406138e-01
  -1.25228721712226445661e-02-j4.10181078179448321830e-01
  -1.80886716708470625392e-02-j4.02187398477366342409e-01
  -2.33952569662770060166e-02-j3.94176267996227902568e-01
  -2.84470091109817330155e-02-j3.86152992534140149239e-01
  -3.32482638046359274542e-02-j3.78122628702725172012e-01
  -3.78033066195663305931e-02-j3.70089996441701429841e-01
  -4.21163688910689837375e-02-j3.62059691064620603473e-01
  -4.61916242156582765310e-02-j3.54036094838567572118e-01
  -5.00331855052007917761e-02-j3.46023388102714268832e-01
  -5.36451025485174884389e-02-j3.38025559932554564568e-01
  -5.70313600355906655248e-02-j3.30046418357964221890e-01
  -6.01958760027523770431e-02-j3.22089600144575660678e-01
  -6.31425006603730937238e-02-j3.14158580148914845509e-01
  -6.58750155674903553615e-02-j3.06256680258488456214e-01
  -6.83971331205214111426e-02-j2.98387077928652322267e-01
  -7.07124963258388555820e-02-j2.90552814328524366960e-01
  -7.28246788283044288459e-02-j2.82756802108473370705e-01
  -7.47371851701702782922e-02-j2.75001832801942847073e-01
  -7.64534512567908997038e-02-j2.67290583874399967357e-01
  -7.79768450075586372350e-02-j2.59625625432229667489e-01
  -7.93106671722573486338e-02-j2.52009426604271669081e-01
  -8.04581522947230565190e-02-j2.44444361608591481660e-01
  -8.14224698072211344746e-02-j2.36932715516819991652e-01
  -8.22067252404063281146e-02-j2.29476689728198707252e-01
  -8.28139615350511892888e-02-j2.22078407165157004632e-01
  -8.32471604429290690241e-02-j2.14739917201955954340e-01
  -8.35092440054036599939e-02-j2.07463200337571734844e-01
  -8.36030760992835519918e-02-j2.00250172623683303508e-01
  -8.35314640404545977193e-02-j1.93102689858199366713e-01
  -8.32971602367215818719e-02-j1.86022551554490045422e-01
  -8.29028638820268198861e-02-j1.79011504695977097246e-01
  -8.23512226850311584991e-02-j1.72071247285498107882e-01
  -8.16448346256463119985e-02-j1.65203431698363240043e-01
  -8.07862497337786950036e-02-j1.58409667847724533463e-01
  -7.97779718850880475989e-02-j1.51691526170468132806e-01
  -7.86224606090832750516e-02-j1.45050540441505698697e-01
  -7.73221329053411093879e-02-j1.38488210423917901259e-01
  -7.58793650640848249544e-02-j1.32006004362159451437e-01
  -7.42964944877127358991e-02-j1.25605361325077435897e-01
  -7.25758215102629000715e-02-j1.19287693405259562218e-01
  -7.07196112120738601403e-02-j1.13054387780854734280e-01
  -6.87300952272281162614e-02-j1.06906808645701956184e-01
  -6.66094735416041944243e-02-j1.00846299013344548046e-01
  -6.43599162796018586796e-02-j9.48741824001566591562e-02
  -6.19835654778248881791e-02-j8.89917643925990792253e-02
  -5.94825368441736224145e-02-j8.32003341032989673920e-02
  -5.68589215009929413447e-02-j7.75011655204278782083e-02
  -5.41147877110525199473e-02-j7.18955187546101021079e-02
  -5.12521825852651283228e-02-j6.63846411873260933145e-02
  -4.82731337711948746416e-02-j6.09697685246142068172e-02
  -4.51796511214575952087e-02-j5.56521257595913379501e-02
  -4.19737283412674813676e-02-j5.04329280471786864370e-02
  -3.86573446143965923638e-02-j4.53133814941870521897e-02
  -3.52324662069345775905e-02-j4.02946838677463725631e-02
  -3.17010480482421905246e-02-j3.53780252249030688350e-02
  -2.80650352885910350786e-02-j3.05645884660290211021e-02
  -2.43263648329526578629e-02-j2.58555498145463732995e-02
  -2.04869668505036003903e-02-j2.12520792253356148593e-02
  -1.65487662593722384408e-02-j1.67553407240325635819e-02
  -1.25136841862059332298e-02-j1.23664926793216663897e-02
  -8.38363940013137423635e-03-j8.08668801019806621211e-03
  -4.16054972069357549558e-03-j3.91707433006573645107e-03
  +1.53666600641093992977e-04+j1.41205970564656436072e-04
  +4.55708952586015951514e-03+j4.08701570111712209066e-03
  +9.04779590305914739601e-03+j7.91922290614198269576e-03
  +1.36238581668451600587e-02+j1.16367009571692239106e-02
  +1.82833430669319466078e-02+j1.52383286998009591373e-02
  +2.30243104254090578953e-02+j1.87229906546871847917e-02
  +2.78448119231789262273e-02+j2.20895772710922658200e-02
  +3.27428899160792236112e-02+j2.53369852318240315614e-02
  +3.77165762812331009646e-02+j2.84641178083267394616e-02
  +4.27638912941944657198e-02+j3.14698852648109816954e-02
  +4.78828425374796112779e-02+j3.43532053103052931187e-02
  +5.30714238411086891567e-02+j3.71130035975633099099e-02
  +5.83276142557987917203e-02+j3.97482142677830982413e-02
  +6.36493770595027430481e-02+j4.22577805401158010379e-02
  +6.90346587979694253923e-02+j4.46406553449647872100e-02
  +7.44813883600940890295e-02+j4.68958020000673908578e-02
  +7.99874760887864383330e-02+j4.90221949283945676590e-02
  +8.55508129281778439967e-02+j5.10188204168777470482e-02
  +9.11692696079551279098e-02+j5.28846774149666423726e-02
  +9.68406958656869015778e-02+j5.46187783720507927243e-02
  +1.02562919707992361573e-01+j5.62201501127237643352e-02
  +1.08333746711446826660e-01+j5.76878347488848225444e-02
  +1.14150959364155701881e-01+j5.90208906276416464531e-02
  +1.20012316448886852127e-01+j6.02183933139526506029e-02
  +1.25915552468762820260e-01+j6.12794366069340928904e-02
  +1.31858377116442104793e-01+j6.22031335887161529463e-02
  +1.37838474787784326381e-01+j6.29886177046906359234e-02
  +1.43853504140997290328e-01+j6.36350438739938240040e-02
  +1.49901097702254071375e-01+j6.41415896289723314050e-02
  +1.55978861518804190478e-01+j6.45074562823917535548e-02
  +1.62084374860563568133e-01+j6.47318701210676528124e-02
  +1.68215189971226031229e-01+j6.48140836245638812807e-02
  +1.74368831869875895446e-01+j6.47533767075466337726e-02
  +1.80542798204108456694e-01+j6.45490579843501222079e-02
  +1.86734559155665530428e-01+j6.42004660542162264303e-02
  +1.92941557399525148719e-01+j6.37069708056662437068e-02
  +1.99161208117432875220e-01+j6.30679747383511152270e-02
  +2.05390899066802856687e-01+j6.22829143007114366393e-02
  +2.11627990705872098820e-01+j6.13512612416998101561e-02
  +2.17869816376030256411e-01+j6.02725239747424756942e-02
  +2.24113682542117109708e-01+j5.90462489521012129368e-02
  +2.30356869091518978721e-01+j5.76720220476709538593e-02
  +2.36596629692829019120e-01+j5.61494699462507795840e-02
  +2.42830192214741835688e-01+j5.44782615372118445007e-02
  +2.49054759205892706220e-01+j5.26581093104676670191e-02
  +2.55267508436177903430e-01+j5.06887707525544434217e-02
  +2.61465593500146975536e-01+j4.85700497405937361983e-02
  +2.67646144482889813965e-01+j4.63017979318528852262e-02
  +2.73806268688840448444e-01+j4.38839161465377630700e-02
  +2.79943051433798828498e-01+j4.13163557414384791100e-02
  +2.86053556900404737373e-01+j3.85991199719489322395e-02
  +2.92134829057228317950e-01+j3.57322653399768444538e-02
  +2.98183892641501191445e-01+j3.27159029251914770797e-02
  +3.04197754205482284728e-01+j2.95501996970063129933e-02
  +3.10173403226299104762e-01+j2.62353798046841592273e-02
  +3.16107813279026261810e-01+j2.27717258428823676741e-02
  +3.21997943272631648171e-01+j1.91595800899647082660e-02
  +3.27840738748356730348e-01+j1.53993457163253966158e-02
  +3.33633133239922219371e-01+j1.14914879600204085375e-02
  +3.39372049694861011027e-01+j7.43653526692379402557e-03
  +3.45054401956166323373e-01+j3.23508039264437620083e-03
</dep>
<dep S[1,2] frequency>
  +8.00865906370731517327e-01-j4.54015235104710868086e-01
  +7.83321594954509703435e-01-j4.69508450515162989447e-01
  +7.65407341578859368170e-01-j4.84146204029153315318e-01
  +7.47172284753935045387e-01-j4.97926489295243190902e-01
  +7.28664343537409719964e-01-j5.10850413415366855219e-01
  +7.09930022825314810397e-01-j5.22921992398951762659e-01
  +6.91014245747960220712e-01-j5.34147937984380205556e-01
  +6.71960212644490129108e-01-j5.44537439099072928528e-01
  +6.52809285737798727922e-01-j5.54101940969420336813e-01
  +6.33600898341371676636e-01-j5.62854924602026351899e-01
  +6.14372487195086747214e-01-j5.70811689052939441602e-01
  +5.95159446347199638794e-01-j5.77989138588822948250e-01
  +5.75995100873788024032e-01-j5.84405576532046167060e-01
  +5.56910698646434498826e-01-j5.90080507277554344725e-01
  +5.37935418321474179137e-01-j5.95034447679295586120e-01
  +5.19096391723782524252e-01-j5.99288748730824161193e-01
  +5.00418738829890297204e-01-j6.02865428213422371861e-01
  +4.81925613610957814803e-01-j6.05787014756775765711e-01
  +4.63638259075745295945e-01-j6.08076403553231337185e-01
  +4.45576069947523634163e-01-j6.09756723787784893354e-01
  +4.27756661514410496672e-01-j6.10851217691388392872e-01
  +4.10195943307227472996e-01-j6.11383130994414880632e-01
  +3.92908196376415386197e-01-j6.11375614448880444485e-01
  +3.75906153059376024750e-01-j6.10851636000673048343e-01
  +3.59201078247962268808e-01-j6.09833903124762488623e-01
  +3.42802851280965215075e-01-j6.08344794785569686901e-01
  +3.26720047697535764808e-01-j6.06406302449069345428e-01
  +3.10960020191940189616e-01-j6.04039979551141748004e-01
  +2.95528978208523307458e-01-j6.01266898816212647105e-01
  +2.80432065706511912673e-01-j5.98107616819633869376e-01
  +2.65673436707652033117e-01-j5.94582145194776923169e-01
  +2.51256328315671850770e-01-j5.90709927900226139386e-01
  +2.37183130964207317115e-01-j5.86509823981969047324e-01
  +2.23455455711042361155e-01-j5.82000095289407104460e-01
  +2.10074198449955173995e-01-j5.77198398630765163730e-01
  +1.97039600958473365422e-01-j5.72121781882509172767e-01
  +1.84351308740517638718e-01-j5.66786683597675811086e-01
  +1.72008425657964203470e-01-j5.61208935689101906519e-01
  +1.60009565374573198282e-01-j5.55403768794524022034e-01
  +1.48352899660604414800e-01-j5.49385819961348054186e-01
  +1.37036203626810682010e-01-j5.43169142318940534331e-01
  +1.26056897973037457250e-01-j5.36767216435264593599e-01
  +1.15412088349639771478e-01-j5.30192963082507184858e-01
  +1.05098601940068578364e-01-j5.23458757162824306342e-01
  +9.51130213801562041098e-02-j5.16576442570141236565e-01
  +8.54517161348827825051e-02-j5.09557347787456760280e-01
  +7.61108714563250160490e-02-j5.02412302040819325200e-01
  +6.70865150480158128898e-02-j4.95151651851372720525e-01
  +5.83745415607501705324e-02-j4.87785277845496301197e-01
  +4.99707350439516084784e-02-j4.80322611700291002279e-01
  +4.18707894742710445835e-02-j4.72772653117228325304e-01
  +3.40703274803237504686e-02-j4.65143986731119174483e-01
  +2.65649173788340513258e-02-j4.57444798874485747398e-01
  +1.93500886334819315049e-02-j4.49682894129160404262e-01
  +1.24213458432577226326e-02-j4.41865711607416000728e-01
  +5.77418136260199593018e-03-j4.34000340914462379160e-01
  -5.95913349315995398425e-04-j4.26093537752499973426e-01
  -6.69343755757960661573e-03-j4.18151739134117239605e-01
  -1.25228721712227486496e-02-j4.10181078179449098986e-01
  -1.80886716708464345693e-02-j4.02187398477367230587e-01
  -2.33952569662770268333e-02-j3.94176267996227625012e-01
  -2.84470091109810772900e-02-j3.86152992534139927194e-01
  -3.32482638046350115202e-02-j3.78122628702725172012e-01
  -3.78033066195666220266e-02-j3.70089996441701263308e-01
  -4.21163688910696221157e-02-j3.62059691064620881029e-01
  -4.61916242156587275591e-02-j3.54036094838567572118e-01
  -5.00331855052006113649e-02-j3.46023388102714379855e-01
  -5.36451025485165794437e-02-j3.38025559932554675591e-01
  -5.70313600355908667527e-02-j3.30046418357964332913e-01
  -6.01958760027523839820e-02-j3.22089600144576437835e-01
  -6.31425006603731492349e-02-j3.14158580148914901020e-01
  -6.58750155674893006497e-02-j3.06256680258489011326e-01
  -6.83971331205217442095e-02-j2.98387077928652211245e-01
  -7.07124963258383837372e-02-j2.90552814328524477983e-01
  -7.28246788283043733347e-02-j2.82756802108472982127e-01
  -7.47371851701699035919e-02-j2.75001832801942847073e-01
  -7.64534512567908858260e-02-j2.67290583874400078379e-01
  -7.79768450075587621351e-02-j2.59625625432229445444e-01
  -7.93106671722574874117e-02-j2.52009426604271669081e-01
  -8.04581522947235144860e-02-j2.44444361608591315127e-01
  -8.14224698072207875299e-02-j2.36932715516820047164e-01
  -8.22067252404063281146e-02-j2.29476689728198707252e-01
  -8.28139615350512448000e-02-j2.22078407165156949121e-01
  -8.32471604429289441240e-02-j2.14739917201955676784e-01
  -8.35092440054035767272e-02-j2.07463200337571707088e-01
  -8.36030760992839544476e-02-j2.00250172623683581064e-01
  -8.35314640404549030306e-02-j1.93102689858199699779e-01
  -8.32971602367211794160e-02-j1.86022551554490128689e-01
  -8.29028638820262231413e-02-j1.79011504695977596846e-01
  -8.23512226850313666660e-02-j1.72071247285498468704e-01
  -8.16448346256460899539e-02-j1.65203431698363323310e-01
  -8.07862497337786950036e-02-j1.58409667847724505707e-01
  -7.97779718850880198433e-02-j1.51691526170468660162e-01
  -7.86224606090834970962e-02-j1.45050540441505920741e-01
  -7.73221329053407763210e-02-j1.38488210423918095549e-01
  -7.58793650640844780098e-02-j1.32006004362159645726e-01
  -7.42964944877127636547e-02-j1.25605361325077380386e-01
  -7.25758215102631915050e-02-j1.19287693405259437318e-01
  -7.07196112120735270734e-02-j1.13054387780854553869e-01
  -6.87300952272280468724e-02-j1.06906808645702205984e-01
  -6.66094735416041944243e-02-j1.00846299013344548046e-01
  -6.43599162796018170463e-02-j9.48741824001566452784e-02
  -6.19835654778245620511e-02-j8.89917643925992041254e-02
  -5.94825368441732060809e-02-j8.32003341032982596248e-02
  -5.68589215009928095057e-02-j7.75011655204279753528e-02
  -5.41147877110524436195e-02-j7.18955187546102270080e-02
  -5.12521825852651560784e-02-j6.63846411873261071923e-02
  -4.82731337711946248414e-02-j6.09697685246145884563e-02
  -4.51796511214575952087e-02-j5.56521257595915877503e-02
  -4.19737283412673009564e-02-j5.04329280471789431761e-02
  -3.86573446143969323696e-02-j4.53133814941868023896e-02
  -3.52324662069342930959e-02-j4.02946838677462199074e-02
  -3.17010480482422668524e-02-j3.53780252249032353684e-02
  -2.80650352885909795675e-02-j3.05645884660295068247e-02
  -2.43263648329526925573e-02-j2.58555498145464843218e-02
  -2.04869668505034477346e-02-j2.12520792253354795509e-02
  -1.65487662593725402826e-02-j1.67553407240327058292e-02
  -1.25136841862061396619e-02-j1.23664926793215588369e-02
  -8.38363940013116260008e-03-j8.08668801019842529987e-03
  -4.16054972069385825550e-03-j3.91707433006578675805e-03
  +1.53666600641010644935e-04+j1.41205970564287265233e-04
  +4.55708952586022196518e-03+j4.08701570111750893399e-03
  +9.04779590305896525004e-03+j7.91922290614233137518e-03
  +1.36238581668453890422e-02+j1.16367009571692377884e-02
  +1.82833430669316482353e-02+j1.52383286998007093371e-02
  +2.30243104254090162619e-02+j1.87229906546870321360e-02
  +2.78448119231788811245e-02+j2.20895772710923594950e-02
  +3.27428899160792583056e-02+j2.53369852318236395139e-02
  +3.77165762812329621867e-02+j2.84641178083265868060e-02
  +4.27638912941943477586e-02+j3.14698852648109261843e-02
  +4.78828425374800137337e-02+j3.43532053103053139353e-02
  +5.30714238411087030345e-02+j3.71130035975632821543e-02
  +5.83276142557993329540e-02+j3.97482142677831468136e-02
  +6.36493770595026320258e-02+j4.22577805401160022658e-02
  +6.90346587979693698811e-02+j4.46406553449648149656e-02
  +7.44813883600942139296e-02+j4.68958020000672243244e-02
  +7.99874760887864660885e-02+j4.90221949283945884757e-02
  +8.55508129281775664410e-02+j5.10188204168780592984e-02
  +9.11692696079551417876e-02+j5.28846774149665938003e-02
  +9.68406958656867627999e-02+j5.46187783720506539464e-02
  +1.02562919707992139529e-01+j5.62201501127237088240e-02
  +1.08333746711446993194e-01+j5.76878347488847878499e-02
  +1.14150959364155729636e-01+j5.90208906276409803193e-02
  +1.20012316448886754983e-01+j6.02183933139526436640e-02
  +1.25915552468762376170e-01+j6.12794366069344953463e-02
  +1.31858377116442049282e-01+j6.22031335887162431519e-02
  +1.37838474787784465159e-01+j6.29886177046904555121e-02
  +1.43853504140997123795e-01+j6.36350438739943374822e-02
  +1.49901097702254071375e-01+j6.41415896289725950830e-02
  +1.55978861518804273745e-01+j6.45074562823916702881e-02
  +1.62084374860563179555e-01+j6.47318701210675556679e-02
  +1.68215189971225809185e-01+j6.48140836245637841362e-02
  +1.74368831869875895446e-01+j6.47533767075466337726e-02
  +1.80542798204108456694e-01+j6.45490579843498446522e-02
  +1.86734559155665891250e-01+j6.42004660542160321413e-02
  +1.92941557399524787897e-01+j6.37069708056661188067e-02
  +1.99161208117432986242e-01+j6.30679747383513233938e-02
  +2.05390899066802301576e-01+j6.22829143007113603114e-02
  +2.11627990705872209842e-01+j6.13512612416995811726e-02
  +2.17869816376029923344e-01+j6.02725239747424618164e-02
  +2.24113682542116970930e-01+j5.90462489521009561977e-02
  +2.30356869091519284032e-01+j5.76720220476709052870e-02
  +2.36596629692829185654e-01+j5.61494699462510640786e-02
  +2.42830192214741835688e-01+j5.44782615372118028674e-02
  +2.49054759205892761731e-01+j5.26581093104678543693e-02
  +2.55267508436177847919e-01+j5.06887707525549915943e-02
  +2.61465593500146809003e-01+j4.85700497405935488482e-02
  +2.67646144482889536409e-01+j4.63017979318526007315e-02
  +2.73806268688840448444e-01+j4.38839161465379920535e-02
  +2.79943051433799272587e-01+j4.13163557414382293098e-02
  +2.86053556900404848395e-01+j3.85991199719487865227e-02
  +2.92134829057228095905e-01+j3.57322653399772122151e-02
  +2.98183892641501413490e-01+j3.27159029251917893300e-02
  +3.04197754205481785128e-01+j2.95501996970063858516e-02
  +3.10173403226299437829e-01+j2.62353798046835937074e-02
  +3.16107813279026261810e-01+j2.27717258428828221717e-02
  +3.21997943272631537148e-01+j1.91595800899646943882e-02
  +3.27840738748356841370e-01+j1.53993457163252526337e-02
  +3.33633133239922219371e-01+j1.14914879600198499565e-02
  +3.39372049694860788982e-01+j7.43653526692357978722e-03
  +3.45054401956166378884e-01+j3.23508039264446640645e-03
</dep>
<dep S[1,1] frequency>
  -1.92109497243946575340e-01-j3.38767122990677904681e-01
  -2.08959119551669625370e-01-j3.48520278899748403578e-01
  -2.26145523963935862755e-01-j3.57421200592659915607e-01
  -2.43619565226424000803e-01-j3.65468034746710690452e-01
  -2.61333318826756311193e-01-j3.72662041839162572199e-01
  -2.79240275553423900057e-01-j3.79007391591921538598e-01
  -2.97295508977201805578e-01-j3.84510949785591638062e-01
  -3.15455816375727171597e-01-j3.89182059713813033319e-01
  -3.33679833975086548303e-01-j3.93032321288842301232e-01
  -3.51928127673528434727e-01-j3.96075370519724467844e-01
  -3.70163260647562109007e-01-j3.98326661779395130303e-01
  -3.88349839421212539303e-01-j3.99803254964688936646e-01
  -4.06454540105510020442e-01-j4.00523609340968866910e-01
  -4.24446116596129352505e-01-j4.00507385559275841391e-01
  -4.42295392554811983565e-01-j3.99775257043540666047e-01
  -4.59975239000742719409e-01-j3.98348731672531986003e-01
  -4.77460539306422737660e-01-j3.96249984429750068404e-01
  -4.94728143336918502193e-01-j3.93501701466260400686e-01
  -5.11756812391905402393e-01-j3.90126935817478148749e-01
  -5.28527156516156559896e-01-j3.86148974835954894580e-01
  -5.45021565638685312472e-01-j3.81591219247781110457e-01
  -5.61224135886168262743e-01-j3.76477073609376933216e-01
  -5.77120592298888568372e-01-j3.70829847833244519162e-01
  -5.92698209057640035269e-01-j3.64672669363922119512e-01
  -6.07945728211699010224e-01-j3.58028405517086700804e-01
  -6.22853277782895675685e-01-j3.50919595443955179004e-01
  -6.37412290009705673199e-01-j3.43368391147550577891e-01
  -6.51615420390883381963e-01-j3.35396506955332296407e-01
  -6.65456468089657304787e-01-j3.27025176842219267304e-01
  -6.78930298168796908520e-01-j3.18275118997425388034e-01
  -6.92032766043472413742e-01-j3.09166507036105153716e-01
  -7.04760644462878116379e-01-j2.99718947271139346533e-01
  -7.17111553263921730483e-01-j2.89951461479998007231e-01
  -7.29083892079084416871e-01-j2.79882474625448074423e-01
  -7.40676776127132008298e-01-j2.69529807015711775353e-01
  -7.51889975168323121402e-01-j2.58910670418661059689e-01
  -7.62723855665130678894e-01-j2.48041667674940513599e-01
  -7.73179326154392887460e-01-j2.36938795386020834011e-01
  -7.83257785807453643656e-01-j2.25617449284112259189e-01
  -7.92961076129914177457e-01-j2.14092431921776932269e-01
  -8.02291435732329083486e-01-j2.02377962349043899470e-01
  -8.11251458086565402361e-01-j1.90487687474876848936e-01
  -8.19844052169632853122e-01-j1.78434694837606100393e-01
  -8.28072405886582485479e-01-j1.66231526535481732854e-01
  -8.35939952156967591712e-01-j1.53890194093246834850e-01
  -8.43450337544059181027e-01-j1.41422194064206002695e-01
  -8.50607393303101755322e-01-j1.28838524188924163916e-01
  -8.57415108723386665268e-01-j1.16149699951968027323e-01
  -8.63877606639080641848e-01-j1.03365771396715419583e-01
  -8.69999120984708773641e-01-j9.04963400754547897531e-02
  -8.75783976273598829820e-01-j7.75505760276205269310e-02
  -8.81236568880388038139e-01-j6.45372346932971130418e-02
  -8.86361350012303761403e-01-j5.14646736820709160831e-02
  -8.91162810257932980207e-01-j3.83408693290701110823e-02
  -8.95645465606665802660e-01-j2.51734329804685838528e-02
  -8.99813844836520160264e-01-j1.19696269602983535602e-02
  -9.03672478173013438152e-01+j1.26361982122549440510e-03
  -9.07225887126461905119e-01+j1.45196966501274747630e-02
  -9.10478575420159419451e-01+j2.77922962073787922777e-02
  -9.13435020926642748940e-01+j4.10754002036489984651e-02
  -9.16099668534161248878e-01+j5.43632654645769958224e-02
  -9.18476923870065631306e-01+j6.76504104765960623258e-02
  -9.20571147812503487451e-01+j8.09316023993380539991e-02
  -9.22386651726149642272e-01+j9.42018445473060822559e-02
  -9.23927693361958346507e-01+j1.07456364340466320462e-01
  -9.25198473365014595338e-01+j1.20690601720974038935e-01
  -9.26203132338407231217e-01+j1.33900198031127126708e-01
  -9.26945748414724657316e-01+j1.47080985345734743808e-01
  -9.27430335290305607465e-01+j1.60228976250751498078e-01
  -9.27660840680612275300e-01+j1.73340354058694356976e-01
  -9.27641145158257685033e-01+j1.86411463450405823217e-01
  -9.27375061338108985787e-01+j1.99438801531950760104e-01
  -9.26866333376628492857e-01+j2.12419009294855853920e-01
  -9.26118636755198343380e-01+j2.25348863467396826055e-01
  -9.25135578319577045470e-01+j2.38225268744435281221e-01
  -9.23920696549829001398e-01+j2.51045250383013229811e-01
  -9.22477462037229134495e-01+j2.63805947150959285707e-01
  -9.20809278146513809915e-01+j2.76504604615651738975e-01
  -9.18919481843690211242e-01+j2.89138568760258174439e-01
  -9.16811344671293215747e-01+j3.01705279914884438863e-01
  -9.14488073854485383762e-01+j3.14202266990256329215e-01
  -9.11952813522881156061e-01+j3.26627142001831183293e-01
  -9.09208646034264211799e-01+j3.38977594872521548197e-01
  -9.06258593387598843094e-01+j3.51251388502465677899e-01
  -9.03105618713868296688e-01+j3.63446354094708101723e-01
  -8.99752627834321971889e-01+j3.75560386725910189121e-01
  -8.96202470876611201334e-01+j3.87591441151662996489e-01
  -8.92457943940276110517e-01+j3.99537527836240191625e-01
  -8.88521790803732169906e-01+j4.11396709197135501679e-01
  -8.84396704665737942719e-01+j4.23167096054983371545e-01
  -8.80085329914944924923e-01+j4.34846844279932087662e-01
  -8.75590263921779854428e-01+j4.46434151625862363222e-01
  -8.70914058847464089830e-01+j4.57927254744237677286e-01
  -8.66059223465489580462e-01+j4.69324426369720104635e-01
  -8.61028224991336577077e-01+j4.80623972670094712356e-01
  -8.55823490916675200246e-01+j4.91824230753298008434e-01
  -8.50447410844624496207e-01+j5.02923566324797510774e-01
  -8.44902338323070045689e-01+j5.13920371488823191086e-01
  -8.39190592673289326164e-01+j5.24813062687289666464e-01
  -8.33314460811475199442e-01+j5.35600078770592236133e-01
  -8.27276199060976269450e-01+j5.46279879194696005307e-01
  -8.21078034953323321332e-01+j5.56850942339295884587e-01
  -8.14722169016314667900e-01+j5.67311763942029867458e-01
  -8.08210776547635512124e-01+j5.77660855644059778591e-01
  -8.01546009372616552469e-01+j5.87896743642538410768e-01
  -7.94729997584943781419e-01+j5.98017967445752418598e-01
  -7.87764851269203481010e-01+j6.08023078726949717243e-01
  -7.80652662204318170680e-01+j6.17910640273079736495e-01
  -7.73395505546974004751e-01+j6.27679225024914244635e-01
  -7.65995441494290774109e-01+j6.37327415205163338996e-01
  -7.58454516925001209771e-01+j6.46853801531448557860e-01
  -7.50774767018522415363e-01+j6.56256982511128961200e-01
  -7.42958216851314801055e-01+j6.65535563815191077985e-01
  -7.35006882970011043987e-01+j6.74688157728524195988e-01
  -7.26922774940792826293e-01+j6.83713382674113634430e-01
  -7.18707896874556051436e-01+j6.92609862808761467257e-01
  -7.10364248927410346646e-01+j7.01376227688155440276e-01
  -7.01893828776076089682e-01+j7.10011111999158006647e-01
  -6.93298633067751635117e-01+j7.18513155357363153541e-01
  -6.84580658844042955202e-01+j7.26881002168048961920e-01
  -6.75741904938522042201e-01+j7.35113301548766195914e-01
  -6.66784373347485304073e-01+j7.43208707311908911564e-01
  -6.57710070573500837909e-01+j7.51165878005669251927e-01
  -6.48521008941269960779e-01+j7.58983477011909268839e-01
  -6.39219207885368567723e-01+j7.66660172699511144323e-01
  -6.29806695209363498478e-01+j7.74194638631863663036e-01
  -6.20285508315836064952e-01+j7.81585553827196077847e-01
  -6.10657695406760847590e-01+j7.88831603070524023380e-01
  -6.00925316653719954196e-01+j7.95931477276026755341e-01
  -5.91090445337366987566e-01+j8.02883873898712630002e-01
  -5.81155168955554302102e-01+j8.09687497394281030516e-01
  -5.71121590299496384446e-01+j8.16341059726100493066e-01
  -5.60991828497315880853e-01+j8.22843280918271968716e-01
  -5.50768020024289928216e-01+j8.29192889653750708767e-01
  -5.40452319679104675743e-01+j8.35388623916539674319e-01
  -5.30046901525352387452e-01+j8.41429231676939282103e-01
  -5.19553959797540709786e-01+j8.47313471618895697191e-01
  -5.08975709770782325236e-01+j8.53040113908462793724e-01
  -4.98314388593385171333e-01+j8.58607941002377361706e-01
  -4.87572256081464205923e-01+j8.64015748495794766448e-01
  -4.76751595474724232382e-01+j8.69262346008145114773e-01
  -4.65854714152515336778e-01+j8.74346558106131266364e-01
  -4.54883944309232235437e-01+j8.79267225262824414500e-01
  -4.43841643588149370458e-01+j8.84023204851791644110e-01
  -4.32730195672697548481e-01+j8.88613372175192761659e-01
  -4.21552010834248369608e-01+j8.93036621524730511723e-01
  -4.10309526435404969824e-01+j8.97291867274302101798e-01
  -3.99005207387793714435e-01+j9.01378045003186079143e-01
  -3.87641546563367966893e-01+j9.05294112648527327103e-01
  -3.76221065158200695944e-01+j9.09039051685881061005e-01
  -3.64746313007765721181e-01+j9.12611868336492992881e-01
  -3.53219868852666707415e-01+j9.16011594799957307167e-01
  -3.41644340553836411978e-01+j9.19237290510862670168e-01
  -3.30022365256177507842e-01+j9.22288043417959668702e-01
  -3.18356609499649612083e-01+j9.25162971284337665168e-01
  -3.06649769276853445543e-01+j9.27861223007049096267e-01
  -2.94904570036110036391e-01+j9.30381979954545412781e-01
  -2.83123766629126916161e-01+j9.32724457320255773141e-01
  -2.71310143202324938194e-01+j9.34887905490553228205e-01
  -2.59466513030941647866e-01+j9.36871611425297956544e-01
  -2.47595718295076400173e-01+j9.38674900049113913880e-01
  -2.35700629796864624677e-01+j9.40297135651441129411e-01
  -2.23784146618004026186e-01+j9.41737723293396999935e-01
  -2.11849195716946409052e-01+j9.42996110219373906425e-01
  -1.99898731465060236490e-01+j9.44071787271289486476e-01
  -1.87935735121206398679e-01+j9.44964290303275555871e-01
  -1.75963214244131277431e-01+j9.45673201594603218822e-01
  -1.63984202042259746834e-01+j9.46198151258555997245e-01
  -1.52001756660443243518e-01+j9.46538818644870771912e-01
  -1.40018960403377745738e-01+j9.46694933733381982499e-01
  -1.28038918895430980927e-01+j9.46666278516402170951e-01
  -1.16064760176716547102e-01+j9.46452688367323546892e-01
  -1.04099633735390273426e-01+j9.46054053392921034948e-01
  -9.21467094761655725055e-02+j9.45470319766739453193e-01
  -8.02091766251859794590e-02+j9.44701491040954799416e-01
  -6.82902425715198047040e-02+j9.43747629434029566831e-01
  -5.63931316456049158692e-02+j9.42608857091481788792e-01
  -4.45210838350891396908e-02+j9.41285357317036552871e-01
  -3.26773534386753383707e-02+j9.39777375771420842021e-01
  -2.08652076586390740343e-02+j9.38085221636050015093e-01
  -9.08792513284997077738e-03+j9.36209268738826927425e-01
</dep>
