<Qucs Dataset 1.0.7>
<indep frequency 181>
  +1.00000000000000000000e+09
  +1.05000000000000000000e+09
  +1.10000000000000000000e+09
  +1.15000000000000000000e+09
  +1.20000000000000000000e+09
  +1.25000000000000000000e+09
  +1.30000000000000000000e+09
  +1.35000000000000000000e+09
  +1.40000000000000000000e+09
  +1.45000000000000000000e+09
  +1.50000000000000000000e+09
  +1.55000000000000000000e+09
  +1.60000000000000000000e+09
  +1.65000000000000000000e+09
  +1.70000000000000000000e+09
  +1.75000000000000000000e+09
  +1.80000000000000000000e+09
  +1.85000000000000000000e+09
  +1.90000000000000000000e+09
  +1.95000000000000000000e+09
  +2.00000000000000000000e+09
  +2.05000000000000000000e+09
  +2.10000000000000000000e+09
  +2.15000000000000000000e+09
  +2.20000000000000000000e+09
  +2.25000000000000000000e+09
  +2.30000000000000000000e+09
  +2.35000000000000000000e+09
  +2.40000000000000000000e+09
  +2.45000000000000000000e+09
  +2.50000000000000000000e+09
  +2.55000000000000000000e+09
  +2.60000000000000000000e+09
  +2.65000000000000000000e+09
  +2.70000000000000000000e+09
  +2.75000000000000000000e+09
  +2.80000000000000000000e+09
  +2.85000000000000000000e+09
  +2.90000000000000000000e+09
  +2.95000000000000000000e+09
  +3.00000000000000000000e+09
  +3.05000000000000000000e+09
  +3.10000000000000000000e+09
  +3.15000000000000000000e+09
  +3.20000000000000000000e+09
  +3.25000000000000000000e+09
  +3.30000000000000000000e+09
  +3.35000000000000000000e+09
  +3.40000000000000000000e+09
  +3.45000000000000000000e+09
  +3.50000000000000000000e+09
  +3.55000000000000000000e+09
  +3.60000000000000000000e+09
  +3.65000000000000000000e+09
  +3.70000000000000000000e+09
  +3.75000000000000000000e+09
  +3.80000000000000000000e+09
  +3.85000000000000000000e+09
  +3.90000000000000000000e+09
  +3.95000000000000000000e+09
  +4.00000000000000000000e+09
  +4.05000000000000000000e+09
  +4.10000000000000000000e+09
  +4.15000000000000000000e+09
  +4.20000000000000000000e+09
  +4.25000000000000000000e+09
  +4.30000000000000000000e+09
  +4.35000000000000000000e+09
  +4.40000000000000000000e+09
  +4.45000000000000000000e+09
  +4.50000000000000000000e+09
  +4.55000000000000000000e+09
  +4.60000000000000000000e+09
  +4.65000000000000000000e+09
  +4.70000000000000000000e+09
  +4.75000000000000000000e+09
  +4.80000000000000000000e+09
  +4.85000000000000000000e+09
  +4.90000000000000000000e+09
  +4.95000000000000000000e+09
  +5.00000000000000000000e+09
  +5.05000000000000000000e+09
  +5.10000000000000000000e+09
  +5.15000000000000000000e+09
  +5.20000000000000000000e+09
  +5.25000000000000000000e+09
  +5.30000000000000000000e+09
  +5.35000000000000000000e+09
  +5.40000000000000000000e+09
  +5.45000000000000000000e+09
  +5.50000000000000000000e+09
  +5.55000000000000000000e+09
  +5.60000000000000000000e+09
  +5.65000000000000000000e+09
  +5.70000000000000000000e+09
  +5.75000000000000000000e+09
  +5.80000000000000000000e+09
  +5.85000000000000000000e+09
  +5.90000000000000000000e+09
  +5.95000000000000000000e+09
  +6.00000000000000000000e+09
  +6.05000000000000000000e+09
  +6.10000000000000000000e+09
  +6.15000000000000000000e+09
  +6.20000000000000000000e+09
  +6.25000000000000000000e+09
  +6.30000000000000000000e+09
  +6.35000000000000000000e+09
  +6.40000000000000000000e+09
  +6.45000000000000000000e+09
  +6.50000000000000000000e+09
  +6.55000000000000000000e+09
  +6.60000000000000000000e+09
  +6.65000000000000000000e+09
  +6.70000000000000000000e+09
  +6.75000000000000000000e+09
  +6.80000000000000000000e+09
  +6.85000000000000000000e+09
  +6.90000000000000000000e+09
  +6.95000000000000000000e+09
  +7.00000000000000000000e+09
  +7.05000000000000000000e+09
  +7.10000000000000000000e+09
  +7.15000000000000000000e+09
  +7.20000000000000000000e+09
  +7.25000000000000000000e+09
  +7.30000000000000000000e+09
  +7.35000000000000000000e+09
  +7.40000000000000000000e+09
  +7.45000000000000000000e+09
  +7.50000000000000000000e+09
  +7.55000000000000000000e+09
  +7.60000000000000000000e+09
  +7.65000000000000000000e+09
  +7.70000000000000000000e+09
  +7.75000000000000000000e+09
  +7.80000000000000000000e+09
  +7.85000000000000000000e+09
  +7.90000000000000000000e+09
  +7.95000000000000000000e+09
  +8.00000000000000000000e+09
  +8.05000000000000000000e+09
  +8.10000000000000000000e+09
  +8.15000000000000000000e+09
  +8.20000000000000000000e+09
  +8.25000000000000000000e+09
  +8.30000000000000000000e+09
  +8.35000000000000000000e+09
  +8.40000000000000000000e+09
  +8.45000000000000000000e+09
  +8.50000000000000000000e+09
  +8.55000000000000000000e+09
  +8.60000000000000000000e+09
  +8.65000000000000000000e+09
  +8.70000000000000000000e+09
  +8.75000000000000000000e+09
  +8.80000000000000000000e+09
  +8.85000000000000000000e+09
  +8.90000000000000000000e+09
  +8.95000000000000000000e+09
  +9.00000000000000000000e+09
  +9.05000000000000000000e+09
  +9.10000000000000000000e+09
  +9.15000000000000000000e+09
  +9.20000000000000000000e+09
  +9.25000000000000000000e+09
  +9.30000000000000000000e+09
  +9.35000000000000000000e+09
  +9.40000000000000000000e+09
  +9.45000000000000000000e+09
  +9.50000000000000000000e+09
  +9.55000000000000000000e+09
  +9.60000000000000000000e+09
  +9.65000000000000000000e+09
  +9.70000000000000000000e+09
  +9.75000000000000000000e+09
  +9.80000000000000000000e+09
  +9.85000000000000000000e+09
  +9.90000000000000000000e+09
  +9.95000000000000000000e+09
  +1.00000000000000000000e+10
</indep>
<dep S21_phase frequency>
  -6.94253811346526390480e+01
  -7.20384495622214870991e+01
  -7.45904044900321707701e+01
  -7.70857259708551083577e+01
  -7.95287739137829987612e+01
  -8.19237657970797386042e+01
  -8.42747626031350165476e+01
  -8.65856612143971915430e+01
  -8.88601917942324774913e+01
  -9.11019189368846156185e+01
  -9.33142455998802802242e+01
  -9.55004190287965286643e+01
  -9.76635380495406195678e+01
  -9.98065612398107333547e+01
  -1.01932315602735272364e+02
  -1.04043505455291366957e+02
  -1.06142721315522507552e+02
  -1.08232448628802217172e+02
  -1.10315076217308202899e+02
  -1.12392904370715129403e+02
  -1.14468152521900549345e+02
  -1.16542966470845968274e+02
  -1.18619425134204007577e+02
  -1.20699546808275059107e+02
  -1.22785294940343362669e+02
  -1.24878583408044917746e+02
  -1.26981281309366337950e+02
  -1.29095217267340700573e+02
  -1.31222183253967443761e+02
  -1.33363937937523161281e+02
  -1.35522209556572818201e+02
  -1.37698698322733292798e+02
  -1.39895078352779250963e+02
  -1.42112999129120964881e+02
  -1.44354086486111867771e+02
  -1.46619943118141605964e+02
  -1.48912148604118328876e+02
  -1.51232258941757038428e+02
  -1.53581805584146167121e+02
  -1.55962293970348241601e+02
  -1.58375201541338668676e+02
  -1.60821975232379969611e+02
  -1.63304028432950843808e+02
  -1.65822737405557234069e+02
  -1.68379437155093881984e+02
  -1.70975416740825806983e+02
  -1.73611914023440249366e+02
  -1.76290109839883456289e+02
  -1.79011121598772035668e+02
  +1.78224003711001415695e+02
  +1.75414297106314279517e+02
  +1.72558875799014685981e+02
  +1.69656951997539266586e+02
  +1.66707842330741073056e+02
  +1.63710977903591782479e+02
  +1.60665914992968311026e+02
  +1.57572346388046980792e+02
  +1.54430113372782471970e+02
  +1.51239218336159495948e+02
  +1.47999837977807885636e+02
  +1.44712337050525150062e+02
  +1.41377282545627480204e+02
  +1.37995458180524735781e+02
  +1.34567878989659902800e+02
  +1.31095805749987789568e+02
  +1.27580758891750548401e+02
  +1.24024531457161501180e+02
  +1.20429200578380189768e+02
  +1.16797136858381264801e+02
  +1.13131010962501875383e+02
  +1.09433796674665984483e+02
  +1.05708769651494549180e+02
  +1.01959501130548574110e+02
  +9.81898459251173960638e+01
  +9.44039241735049188264e+01
  +9.06060965072345254612e+01
  +8.68009325556341195806e+01
  +8.29931730027636689329e+01
  +7.91876857388714370245e+01
  +7.53894169792351647175e+01
  +7.16033385315317332243e+01
  +6.78343926514451140974e+01
  +6.40874361103714562660e+01
  +6.03671851901483194069e+01
  +5.66781633075789912368e+01
  +5.30246528559907943645e+01
  +4.94106526420870224570e+01
  +4.58398420125695480465e+01
  +4.23155524312477027138e+01
  +3.88407469114391332710e+01
  +3.54180073579417324936e+01
  +3.20495295519070140244e+01
  +2.87371252393268648007e+01
  +2.54822305717285608750e+01
  +2.22859200013316964828e+01
  +1.91489246515341022814e+01
  +1.60716541614244015079e+01
  +1.30542210308529149643e+01
  +1.00964665595087055294e+01
  +7.19798756791749383410e+00
  +4.35816319950554031948e+00
  +1.57618122135484428625e+00
  -1.14893664067394429829e+00
  -3.81831068497513337334e+00
  -6.43318078632000744932e+00
  -8.99488567898475466222e+00
  -1.15048440573734591652e+01
  -1.39645375188377034448e+01
  -1.63754953244462981843e+01
  -1.87392809162843789750e+01
  -2.10574801028529847713e+01
  -2.33316908059415837329e+01
  -2.55635142512616120314e+01
  -2.77545474798140965333e+01
  -2.99063770562383304252e+01
  -3.20205738528385097652e+01
  -3.40986887931053459511e+01
  -3.61422494451378142344e+01
  -3.81527573630997096643e+01
  +1.39868313916819573706e+02
  +1.37919520311480056307e+02
  +1.35999448132638349307e+02
  +1.34106714606060648975e+02
  +1.32239968027313295806e+02
  +1.30397887609204559567e+02
  +1.28579183068011161595e+02
  +1.26782593989884375674e+02
  +1.25006889013459741022e+02
  +1.23250864859723094469e+02
  +1.21513345235855936721e+02
  +1.19793179635889387669e+02
  +1.18089242057558507781e+02
  +1.16400429651738278380e+02
  +1.14725661318154763535e+02
  +1.13063876258795176000e+02
  +1.11414032498375320301e+02
  +1.09775105379505347969e+02
  +1.08146086038665472984e+02
  +1.06525979867802874423e+02
  +1.04913804965260339941e+02
  +1.03308590578785839398e+02
  +1.01709375542591459407e+02
  +1.00115206709746971114e+02
  +9.85251373806753605322e+01
  +9.69382257280587111836e+01
  +9.53535332181486978698e+01
  +9.37701230282319357912e+01
  +9.21870584598499220874e+01
  +9.06034013473216361945e+01
  +8.90182104611446760600e+01
  +8.74305399059703631792e+01
  +8.58394375130719993194e+01
  +8.42439432275315169818e+01
  +8.26430874908151054115e+01
  +8.10358896199425373652e+01
  +7.94213561851604623598e+01
  +7.77984793888501684478e+01
  +7.61662354494299194130e+01
  +7.45235829952090966799e+01
  +7.28694614745895847818e+01
  +7.12027895906834515927e+01
  +6.95224637703898622476e+01
  +6.78273566802624259253e+01
  +6.61163158041461684888e+01
  +6.43881621006261468665e+01
  +6.26416887618362707713e+01
  +6.08756600991864402772e+01
  +5.90888105861171339939e+01
  +5.72798440931340024918e+01
  +5.54474333561464973741e+01
  +5.35902197255522310115e+01
  +5.17068132506108284474e+01
  +4.97957931613904207779e+01
  +4.78557088189479387097e+01
  +4.58850812132871368476e+01
  +4.38824050979307287434e+01
  +4.18461518593882928485e+01
  +3.97747732291197664267e+01
  +3.76667059543374165287e+01
  +3.55203775516102524534e+01
  +3.33342132730000955121e+01
</dep>
<dep S11_phase frequency>
  -1.59461786468730423394e+02
  -1.62070717827081978157e+02
  -1.64618511987802975227e+02
  -1.67109640880180535305e+02
  -1.69548457585270739401e+02
  -1.71939173826488143959e+02
  -1.74285845733160158488e+02
  -1.76592366103797360211e+02
  -1.78862461684226246916e+02
  +1.78900305761698575679e+02
  +1.76692535580258947903e+02
  +1.74510982348566102473e+02
  +1.72352548615331755855e+02
  +1.70214276752079030075e+02
  +1.68093340293336410696e+02
  +1.65987035054366629083e+02
  +1.63892770243298173227e+02
  +1.61808059728050352533e+02
  +1.59730513574372309904e+02
  +1.57657829937325658420e+02
  +1.55587787362653642731e+02
  +1.53518237535000992011e+02
  +1.51447098495613573732e+02
  +1.49372348341800403659e+02
  +1.47292019413235806269e+02
  +1.45204192965409646376e+02
  +1.43106994327625187680e+02
  +1.40998588541476209457e+02
  +1.38877176475310051273e+02
  +1.36740991410580591037e+02
  +1.34588296096924921130e+02
  +1.32417380274136604612e+02
  +1.30226558660783638288e+02
  +1.28014169410922306724e+02
  +1.25778573042098656742e+02
  +1.23518151839545311077e+02
  +1.21231309743076735685e+02
  +1.18916472724668722094e+02
  +1.16572089665988912088e+02
  +1.14196633746247869112e+02
  +1.11788604351628009681e+02
  +1.09346529518232514988e+02
  +1.06868968921003300920e+02
  +1.04354517421398682586e+02
  +1.01801809186859813394e+02
  +9.92095223952640168363e+01
  +9.65763845377280603088e+01
  +9.39011783333352241243e+01
  +9.11827482696533309081e+01
  +8.84200077832828128521e+01
  +8.56119470951004899462e+01
  +8.27576417151907577363e+01
  +7.98562616324947640578e+01
  +7.69070812035519963956e+01
  +7.39094897528692342803e+01
  +7.08630028936808287199e+01
  +6.77672745712412307739e+01
  +6.46221098201769166280e+01
  +6.14274782114983040060e+01
  +5.81835279421793032384e+01
  +5.48906004892974976883e+01
  +5.15492457102259109547e+01
  +4.81602372192924335081e+01
  +4.47245878092281330396e+01
  +4.12435646130816948585e+01
  +3.77187036207362069717e+01
  +3.41518230768757646842e+01
  +3.05450351990899520160e+01
  +2.69007555724775322403e+01
  +2.32217095090362164456e+01
  +1.95109346161108909712e+01
  +1.57717788086404038239e+01
  +1.20078930350619614842e+01
  +8.22321807489856482221e+00
  +4.42196491264701396773e+00
  +6.08588398255708429296e-01
  -3.21224583585989531542e+00
  -7.03570092931254276181e+00
  -1.08568142214128720013e+01
  -1.46705476261648115610e+01
  -1.84718417265291421359e+01
  -2.22556721097927834307e+01
  -2.60171062917728832531e+01
  -2.97513594973453727732e+01
  -3.34538475877201193498e+01
  -3.71202355504373500139e+01
  -4.07464801857223335446e+01
  -4.43288659135974967285e+01
  -4.78640329649718196947e+01
  -5.13489975789819368401e+01
  -5.47811641807222642342e+01
  -5.81583298342435242034e+01
  -6.14786815368167509632e+01
  -6.47407871301681439036e+01
  -6.79435807476832849261e+01
  -7.10863437945911016413e+01
  -7.41686824768587058543e+01
  -7.71905028633320284825e+01
  -8.01519843956562567655e+01
  -8.30535526632722138629e+01
  -8.58958521471988660778e+01
  -8.86797195158591478048e+01
  -9.14061579366026535354e+01
  -9.40763127535745695695e+01
  -9.66914487801251993915e+01
  -9.92529293643495265087e+01
  -1.01762197310581555598e+02
  -1.04220757677700461841e+02
  -1.06630162426182863555e+02
  -1.08991996848721285573e+02
  -1.11307867692457179487e+02
  -1.13579392862867692315e+02
  -1.15808192588556792657e+02
  -1.17995881921199384124e+02
  -1.20144064444367032252e+02
  -1.22254327067818564956e+02
  -1.24328235789109669440e+02
  -1.26367332311297005276e+02
  -1.28373131413449272031e+02
  -1.30347118979151360918e+02
  -1.32290750596817815676e+02
  -1.34205450654149416323e+02
  -1.36092611857274278009e+02
  -1.37953595112876428175e+02
  -1.39789729718858069418e+02
  -1.41602313815748260595e+02
  -1.43392615057161634695e+02
  -1.45161871463113897107e+02
  -1.46911292424954069702e+02
  -1.48642059835087650299e+02
  -1.50355329318593788912e+02
  -1.52052231547306178072e+02
  -1.53733873619980442982e+02
  -1.55401340494851240237e+02
  -1.57055696463212967728e+02
  -1.58697986654699860765e+02
  -1.60329238566697199531e+02
  -1.61950463611842252476e+02
  -1.63562658678882201002e+02
  -1.65166807703271842911e+02
  -1.66763883244851911059e+02
  -1.68354848070741013544e+02
  -1.69940656742252485856e+02
  -1.71522257205184899931e+02
  -1.73100592383277273711e+02
  -1.74676601774956878899e+02
  -1.76251223053746628011e+02
  -1.77825393672850594839e+02
  -1.79400052474503468147e+02
  +1.79023858695360473803e+02
  +1.77445393366675119751e+02
  +1.75863598818811482261e+02
  +1.74277514448225332444e+02
  +1.72686170130676345025e+02
  +1.71088584579054753476e+02
  +1.69483763698523802077e+02
  +1.67870698941511705016e+02
  +1.66248365666084254144e+02
  +1.64615721502418267619e+02
  +1.62971704733506214779e+02
  +1.61315232697880986734e+02
  +1.59645200224092121744e+02
  +1.57960478108927986796e+02
  +1.56259911653996624636e+02
  +1.54542319278305228636e+02
  +1.52806491227951056544e+02
  +1.51051188408002303731e+02
  +1.49275141366163126122e+02
  +1.47477049462906194321e+02
  +1.45655580268484214912e+02
  +1.43809369233599340987e+02
  +1.41937019687552577807e+02
  +1.40037103225386886152e+02
  +1.38108160553851320174e+02
  +1.36148702874852574496e+02
  +1.34157213894288958045e+02
  +1.32132152553571927456e+02
  +1.30071956590406898613e+02
  +1.27975047044132665519e+02
  +1.25839833828522543513e+02
  +1.23664722500733546440e+02
</dep>
<dep S21_dB frequency>
  -2.67632624108390215767e+00
  -2.84626203834992441699e+00
  -3.01240845976710147625e+00
  -3.17435675684741003266e+00
  -3.33176850109790700927e+00
  -3.48436706784760374944e+00
  -3.63192988234668145964e+00
  -3.77428145015666327566e+00
  -3.91128715832737761104e+00
  -4.04284781084546107621e+00
  -4.16889484811489818838e+00
  -4.28938619320635972088e+00
  -4.40430266525939995148e+00
  -4.51364490119848138505e+00
  -4.61743072970493262375e+00
  -4.71569294533344152143e+00
  -4.80847743520835635422e+00
  -4.89584161547448726282e+00
  -4.97785313935774009764e+00
  -5.05458884314149869965e+00
  -5.12613390048905603891e+00
  -5.19258115929961761026e+00
  -5.25403063865178232561e+00
  -5.31058916636916755749e+00
  -5.36237014036225012603e+00
  -5.40949339917053784177e+00
  -5.45208518909093697857e+00
  -5.49027821694724860180e+00
  -5.52421177897287396519e+00
  -5.55403195745797795269e+00
  -5.57989187778939044193e+00
  -5.60195201930161790216e+00
  -5.62038057398153068078e+00
  -5.63535384755316304251e+00
  -5.64705669781882324543e+00
  -5.65568300537267987238e+00
  -5.66143617194620230038e+00
  -5.66452964169861328259e+00
  -5.66518744075621416556e+00
  -5.66364473022798264878e+00
  -5.66014836780913199732e+00
  -5.65495747292879613610e+00
  -5.64834399021847310962e+00
  -5.64059324588012067636e+00
  -5.63200449132320990486e+00
  -5.62289142821748200163e+00
  -5.61358270887399157800e+00
  -5.60442240560567483953e+00
  -5.59577044241564180993e+00
  -5.58800298199376399566e+00
  -5.58151276052414146989e+00
  -5.57670936218460155942e+00
  -5.57401942438905351196e+00
  -5.57388676373252955898e+00
  -5.57677241117965216688e+00
  -5.58315454323894222455e+00
  -5.59352829364575665494e+00
  -5.60840542742598024972e+00
  -5.62831385616623158796e+00
  -5.65379696997240532852e+00
  -5.68541275813495516900e+00
  -5.72373268721918471158e+00
  -5.76934030255513086161e+00
  -5.82282951742259324845e+00
  -5.88480255424198350767e+00
  -5.95586750449525581530e+00
  -6.03663547966506008891e+00
  -6.12771733491180192743e+00
  -6.22971996110027070870e+00
  -6.34324215948850245184e+00
  -6.46887013688751899565e+00
  -6.60717268689018499828e+00
  -6.75869615377303034620e+00
  -6.92395930820949612183e+00
  -7.10344829572558733588e+00
  -7.29761184718169531038e+00
  -7.50685696256060097653e+00
  -7.73154529219519659478e+00
  -7.97199044099509723793e+00
  -8.22845640982084169934e+00
  -8.50115736371333419186e+00
  -8.79025888041724101640e+00
  -9.09588078715821524156e+00
  -9.41810164280446215912e+00
  -9.75696487109223120626e+00
  -1.01124865036533417850e+01
  -1.04846644541339877321e+01
  -1.08734892211244194016e+01
  -1.12789559113579169747e+01
  -1.17010774880800632047e+01
  -1.21398991840166452505e+01
  -1.25955140748011746865e+01
  -1.30680798877494446231e+01
  -1.35578372238483737533e+01
  -1.40651295006354182249e+01
  -1.45904250857997546120e+01
  -1.51343422953471744563e+01
  -1.56976781915417369362e+01
  -1.62814424588204786915e+01
  -1.68868980979388929597e+01
  -1.75156113174993031123e+01
  -1.81695139075783167470e+01
  -1.88509826943813720845e+01
  -1.95629426267265174033e+01
  -2.03090030131947720804e+01
  -2.10936410560310747542e+01
  -2.19224542410251608260e+01
  -2.28025153856127218432e+01
  -2.37428850770531560954e+01
  -2.47553734612179532348e+01
  -2.58557127008277589653e+01
  -2.70654379122484343156e+01
  -2.84150612909010362728e+01
  -2.99497781351119485294e+01
  -3.17405954030739110294e+01
  -3.39085492360652480670e+01
  -3.66863442123836094311e+01
  -4.06193839047964573297e+01
  -4.76319240358893694065e+01
  -6.15013349662382253769e+01
  -4.49084409475955226299e+01
  -3.96741593446442024629e+01
  -3.65076459349163471302e+01
  -3.42468165184242749888e+01
  -3.24958275249769030779e+01
  -3.10714521027833754374e+01
  -2.98736881533761113872e+01
  -2.88419155262431559095e+01
  -2.79365924996549850334e+01
  -2.71304880326809829683e+01
  -2.64040468657094287153e+01
  -2.57427498011355417873e+01
  -2.51355196913522718205e+01
  -2.45737122879768996597e+01
  -2.40504519279317818814e+01
  -2.35601796371163452193e+01
  -2.30983370084900521135e+01
  -2.26611396549756705099e+01
  -2.22454113999654445877e+01
  -2.18484606517902619771e+01
  -2.14679867033063302983e+01
  -2.11020076641644678261e+01
  -2.07488042975907625021e+01
  -2.04068757297636516057e+01
  -2.00749041453044583250e+01
  -1.97517263704222223453e+01
  -1.94363107966615729083e+01
  -1.91277384900395759360e+01
  -1.88251876127904544944e+01
  -1.85279204911819661561e+01
  -1.82352728153089103103e+01
  -1.79466445707092745465e+01
  -1.76614923877096465787e+01
  -1.73793230600441646061e+01
  -1.70996880348121322868e+01
  -1.68221787150669115363e+01
  -1.65464224470303200576e+01
  -1.62720790881465333655e+01
  -1.59988380714350704181e+01
  -1.57264158970027008166e+01
  -1.54545539939771785498e+01
  -1.51830169061802635611e+01
  -1.49115907630506416837e+01
  -1.46400820040372448005e+01
  -1.43683163302055678656e+01
  -1.40961378613451024933e+01
  -1.38234084806219428287e+01
  -1.35500073519035844072e+01
  -1.32758305974001160621e+01
  -1.30007911252878258779e+01
  -1.27248185985538064813e+01
  -1.24478595374599638745e+01
  -1.21698775487840364917e+01
  -1.18908536753569400446e+01
  -1.16107868593675238600e+01
  -1.13296945124248953363e+01
  -1.10476131844286289407e+01
  -1.07645993218493778443e+01
  -1.04807301040357092603e+01
  -1.01961043435812452884e+01
  -9.91084343357801422769e+00
</dep>
<dep S11_dB frequency>
  -3.41210128515158483964e+00
  -3.21972935180150843237e+00
  -3.04628983366965355728e+00
  -2.88961803501553937679e+00
  -2.74784283761878622698e+00
  -2.61934148065826333251e+00
  -2.50270227643116172089e+00
  -2.39669365532198153090e+00
  -2.30023831263119049595e+00
  -2.21239150501981551855e+00
  -2.13232274780434716277e+00
  -2.05930031746245534308e+00
  -1.99267808078004371453e+00
  -1.93188426283015468599e+00
  -1.87641183720190518613e+00
  -1.82581027839556142567e+00
  -1.77967846151903219543e+00
  -1.73765853089897692740e+00
  -1.69943058884025433031e+00
  -1.66470807995803760093e+00
  -1.63323376636305472864e+00
  -1.60477620534336451463e+00
  -1.57912665472783686482e+00
  -1.55609634235947980052e+00
  -1.53551404547213166119e+00
  -1.51722393359308593830e+00
  -1.50108363515981557690e+00
  -1.48696249357016996306e+00
  -1.47473998306678799608e+00
  -1.46430425884487624977e+00
  -1.45555081920045870092e+00
  -1.44838126051636617575e+00
  -1.44270210851152524967e+00
  -1.43842371154697934443e+00
  -1.43545918396025951047e+00
  -1.43372338946552568828e+00
  -1.43313195666965054187e+00
  -1.43360032077968546638e+00
  -1.43504278766588821981e+00
  -1.43737161865363072266e+00
  -1.44049613678853072329e+00
  -1.44432185789429112788e+00
  -1.44874965254969922945e+00
  -1.45367494816660092205e+00
  -1.45898698365413181932e+00
  -1.46456813268166241571e+00
  -1.47029331525407336301e+00
  -1.47602952109708174255e+00
  -1.48163547209612422861e+00
  -1.48696145455507489075e+00
  -1.49184935511824656729e+00
  -1.49613293654068790772e+00
  -1.49963839075899985076e+00
  -1.50218520651675291333e+00
  -1.50358738671038594248e+00
  -1.50365504620207879327e+00
  -1.50219641367285361433e+00
  -1.49902025080292977677e+00
  -1.49393868841351395993e+00
  -1.48677046211809438248e+00
  -1.47734450967622854556e+00
  -1.46550386909742447195e+00
  -1.45110979144551244246e+00
  -1.43404595647676935677e+00
  -1.41422265433958216363e+00
  -1.39158077454793849270e+00
  -1.36609542654829052566e+00
  -1.33777900675002259234e+00
  -1.30668352707895762954e+00
  -1.27290203174733029812e+00
  -1.23656895314791936968e+00
  -1.19785929476507990721e+00
  -1.15698657779037472615e+00
  -1.11419954650516994654e+00
  -1.06977769197488825625e+00
  -1.02402571968014255432e+00
  -9.77267149195653272997e-01
  -9.29837287565430825609e-01
  -8.82075857691499876090e-01
  -8.34319584978528872021e-01
  -7.86895047349874698916e-01
  -7.40112075179085504573e-01
  -6.94257950283638236577e-01
  -6.49592600374565454224e-01
  -6.06344922129293029123e-01
  -5.64710298052894077436e-01
  -5.24849305317010683680e-01
  -4.86887554060609406559e-01
  -4.50916542333087866368e-01
  -4.16995377643973930137e-01
  -3.85153192072014982639e-01
  -3.55392068739101563146e-01
  -3.27690300637724640787e-01
  -3.02005815967176904913e-01
  -2.78279624511740764081e-01
  -2.56439164362850746670e-01
  -2.36401454860776127909e-01
  -2.18075987855127384485e-01
  -2.01367313636208022931e-01
  -1.86177299089154313361e-01
  -1.72407053193216697196e-01
  -1.59958528761342783087e-01
  -1.48735819438961219818e-01
  -1.38646177813473686635e-01
  -1.29600784507345023755e-01
  -1.21515299865569609272e-01
  -1.14310229823436720897e-01
  -1.07911136231856594203e-01
  -1.02248719740608284834e-01
  -9.72588006366167934225e-02
  -9.28822200774907652532e-02
  -8.90646811512604136274e-02
  -8.57565462796130717482e-02
  -8.29126047588071152239e-02
  -8.04918217589158102587e-02
  -7.84570779066506851507e-02
  -7.67749066665352336569e-02
  -7.54152351016261213168e-02
  -7.43511322207650454663e-02
  -7.35585679803461012227e-02
  -7.30161850792905714469e-02
  -7.27050849389669073819e-02
  -7.26086286693577165341e-02
  -7.27122533648889707303e-02
  -7.30033037257180605906e-02
  -7.34708787436115229319e-02
  -7.41056930094951271659e-02
  -7.48999520766964743679e-02
  -7.58472412390369249424e-02
  -7.69424270449204361633e-02
  -7.81815708596715619461e-02
  -7.95618538017227455716e-02
  -8.10815124078806265251e-02
  -8.27397844252673597687e-02
  -8.45368641782053703571e-02
  -8.64738670155447697319e-02
  -8.85528024052492090945e-02
  -9.07765553068699826422e-02
  -9.31488755183783323499e-02
  -9.56743747600749400162e-02
  -9.83585313255977977676e-02
  -1.01207702197048249326e-01
  -1.04229142588845594131e-01
  -1.07431032952402652492e-01
  -1.10822513541843997720e-01
  -1.14413726709603064124e-01
  -1.18215867169895946787e-01
  -1.22241240538987577802e-01
  -1.26503330532730384750e-01
  -1.31016875275544980584e-01
  -1.35797953250236552725e-01
  -1.40864079495318011981e-01
  -1.46234312735573662723e-01
  -1.51929374212805723410e-01
  -1.57971779065973455536e-01
  -1.64385981193552299651e-01
  -1.71198532614797227502e-01
  -1.78438258428818025125e-01
  -1.86136448551016131514e-01
  -1.94327067480863147075e-01
  -2.03046983422966842436e-01
  -2.12336218138627352836e-01
  -2.22238218944641185981e-01
  -2.32800154292703120884e-01
  -2.44073234349324375003e-01
  -2.56113057942974731152e-01
  -2.68979987140434362303e-01
  -2.82739550544206075244e-01
  -2.97462876149609312115e-01
  -3.13227154243396421762e-01
  -3.30116130341155389338e-01
  -3.48220627518901593156e-01
  -3.67639096662287223616e-01
  -3.88478192095548180429e-01
  -4.10853368718876399424e-01
  -4.34889495128809144830e-01
  -4.60721475168579586157e-01
  -4.88494867900710727504e-01
  -5.18366493055009591728e-01
  -5.50505005531131574870e-01
  -5.85091418479806280040e-01
</dep>
<dep Zin_ohm frequency>
  +6.63068272295112365100e+02
  +6.04240415270267249070e+02
  +5.49661751280300677536e+02
  +4.99462365876164938072e+02
  +4.53921885993892601618e+02
  +4.13494545298026423552e+02
  +3.78822220088075880540e+02
  +3.50711952426721211395e+02
  +3.30043868998216680666e+02
  +3.17585790273491795688e+02
  +3.13747107484379853304e+02
  +3.18387307459550584099e+02
  +3.30806960865025814655e+02
  +3.49932291433761861299e+02
  +3.74572477475326252261e+02
  +4.03620748586664149116e+02
  +4.36153869469972903516e+02
  +4.71452088580683266628e+02
  +5.08978063783302559386e+02
  +5.48342568442878018686e+02
  +5.89270899451454056361e+02
  +6.31574975024928448875e+02
  +6.75131847254097124278e+02
  +7.19867779275130033056e+02
  +7.65746686197834947052e+02
  +8.12761845230964013354e+02
  +8.60930007396216751658e+02
  +9.10287264903730829246e+02
  +9.60886208345675413511e+02
  +1.01279404363314426973e+03
  +1.06609143762356302432e+03
  +1.12087193274362653028e+03
  +1.17724182241970424911e+03
  +1.23532041679060694150e+03
  +1.29524065640504045405e+03
  +1.35715005358454959605e+03
  +1.42121195918114972301e+03
  +1.48760716830859610127e+03
  +1.55653589364100730563e+03
  +1.62822015020673120489e+03
  +1.70290661233863215784e+03
  +1.78087002268910623570e+03
  +1.86241725623989145788e+03
  +1.94789217056210554802e+03
  +2.03768140915476328701e+03
  +2.13222137006696084427e+03
  +2.23200661062681274416e+03
  +2.33760003566088653315e+03
  +2.44964531761277794430e+03
  +2.56888213161989597211e+03
  +2.69616496990903215192e+03
  +2.83248654657652650712e+03
  +2.97900714326531442566e+03
  +3.13709171883668295777e+03
  +3.30835727240157439155e+03
  +3.49473390115237543796e+03
  +3.69854437480345904987e+03
  +3.92260908135446652523e+03
  +4.17038624398162028228e+03
  +4.44616195480385340488e+03
  +4.75531180304313329543e+03
  +5.10466738064370838401e+03
  +5.50303969611948286911e+03
  +5.96198288557105661312e+03
  +6.49693558389155623445e+03
  +7.12897316500880606327e+03
  +7.88758009213386048941e+03
  +8.81518661231652731658e+03
  +9.97487445400928663730e+03
  +1.14639970935434594139e+04
  +1.34392005820498834510e+04
  +1.61635020647163692047e+04
  +2.00912041932942702260e+04
  +2.59661526694679523644e+04
  +3.44271272077667235862e+04
  +4.22879356820762986899e+04
  +3.98067111695085841347e+04
  +3.06830771060005063191e+04
  +2.32080350253511023766e+04
  +1.81976104153700616735e+04
  +1.48116074446874335990e+04
  +1.24226439916244053165e+04
  +1.06635700415901937959e+04
  +9.32041318700112424267e+03
  +8.26368350772203848464e+03
  +7.41155297428428639250e+03
  +6.71018625740825609682e+03
  +6.12288274869872020645e+03
  +5.62383784437881331542e+03
  +5.19441526359178988059e+03
  +4.82083820611516966892e+03
  +4.49271235507102574047e+03
  +4.20205338632137591048e+03
  +3.94262998306160261563e+03
  +3.70950968255019279241e+03
  +3.49873840126079176116e+03
  +3.30711005917265174503e+03
  +3.13199817443159872710e+03
  +2.97123087266347511104e+03
  +2.82299682506083900080e+03
  +2.68577356005032379471e+03
  +2.55827218848047186839e+03
  +2.43939432635651292003e+03
  +2.32819819062638316609e+03
  +2.22387166988248964117e+03
  +2.12571075305375916287e+03
  +2.03310211329626440602e+03
  +1.94550894296787964777e+03
  +1.86245935342503730681e+03
  +1.78353681396547108307e+03
  +1.70837222378924548138e+03
  +1.63663730067871915708e+03
  +1.56803903818694811889e+03
  +1.50231503516101565765e+03
  +1.43922954150676491736e+03
  +1.37857009519918960905e+03
  +1.32014464984029245898e+03
  +1.26377911117610528891e+03
  +1.20931521610925710775e+03
  +1.15660869978592472762e+03
  +1.10552770597935295882e+03
  +1.05595140375706910163e+03
  +1.00776877970468467538e+03
  +9.60877580094629706764e+02
  +9.15183381572963980943e+02
  +8.70598772380534455806e+02
  +8.27042628974671970354e+02
  +7.84439475295008719513e+02
  +7.42718913919582973904e+02
  +7.01815120069456042984e+02
  +6.61666390916872046546e+02
  +6.22214744008987054258e+02
  +5.83405559921434814896e+02
  +5.45187265614938155522e+02
  +5.07511056552052934876e+02
  +4.70330657719501857628e+02
  +4.33602126801869246719e+02
  +3.97283707839568876352e+02
  +3.61335752766045516182e+02
  +3.25720745546688419836e+02
  +2.90403499104851960055e+02
  +2.55351673261774607226e+02
  +2.20536948641747386546e+02
  +1.85937686145569728069e+02
  +1.51545393301785082940e+02
  +1.17382667921198958538e+02
  +8.35648503080043951741e+01
  +5.06043651800855087686e+01
  +2.24218960840800001222e+01
  +2.84435838047305757925e+01
  +5.90685320796253563458e+01
  +9.25293547155877575960e+01
  +1.26708921419751590065e+02
  +1.61268966384012202298e+02
  +1.96131698364795113321e+02
  +2.31287834595989437503e+02
  +2.66752981542589452602e+02
  +3.02554097747182083822e+02
  +3.38724431683562613671e+02
  +3.75301409385723047762e+02
  +4.12325717010849530197e+02
  +4.49840929119878410347e+02
  +4.87893413890544991318e+02
  +5.26532394280215953586e+02
  +5.65810107411475541994e+02
  +6.05782033808075084380e+02
  +6.46507182751081813876e+02
  +6.88048427861533582472e+02
  +7.30472891542673323784e+02
  +7.73852379774598603035e+02
  +8.18263870763595377866e+02
  +8.63790062534293497265e+02
  +9.10519985952010188157e+02
  +9.58549691014093582453e+02
  +1.00798301564104940553e+03
  +1.05893244769136686045e+03
  +1.11152009256297469619e+03
  +1.16587876056547088410e+03
  +1.22215319027849432132e+03
  +1.28050142637498197473e+03
  +1.34109637289463398702e+03
</dep>
<dep Zin_norm frequency>
  +1.32613654459022480836e+01
  +1.20848083054053461183e+01
  +1.09932350256060136218e+01
  +9.98924731752329897461e+00
  +9.07843771987785252975e+00
  +8.26989090596052811577e+00
  +7.57644440176151778843e+00
  +7.01423904853442437002e+00
  +6.60087737996433343568e+00
  +6.35171580546983616244e+00
  +6.27494214968759678186e+00
  +6.36774614919101189514e+00
  +6.61613921730051668391e+00
  +6.99864582867523754572e+00
  +7.49144954950652497416e+00
  +8.07241497173328248493e+00
  +8.72307738939945842560e+00
  +9.42904177161366519044e+00
  +1.01795612756660514009e+01
  +1.09668513688575615106e+01
  +1.17854179890290815536e+01
  +1.26314995004985686222e+01
  +1.35026369450819423434e+01
  +1.43973555855026003059e+01
  +1.53149337239566989410e+01
  +1.62552369046192808355e+01
  +1.72186001479243344647e+01
  +1.82057452980746177218e+01
  +1.92177241669135092650e+01
  +2.02558808726628853947e+01
  +2.13218287524712621916e+01
  +2.24174386548725301793e+01
  +2.35448364483940864034e+01
  +2.47064083358121386880e+01
  +2.59048131281008089388e+01
  +2.71430010716909926316e+01
  +2.84242391836229941759e+01
  +2.97521433661719214570e+01
  +3.11307178728201456863e+01
  +3.25644030041346255189e+01
  +3.40581322467726437253e+01
  +3.56174004537821247141e+01
  +3.72483451247978294418e+01
  +3.89578434112421092550e+01
  +4.07536281830952660243e+01
  +4.26444274013392146117e+01
  +4.46401322125362582938e+01
  +4.67520007132177326525e+01
  +4.89929063522555594545e+01
  +5.13776426323979222843e+01
  +5.39232993981806387751e+01
  +5.66497309315305344057e+01
  +5.95801428653062927765e+01
  +6.27418343767336565975e+01
  +6.61671454480314906732e+01
  +6.98946780230475042117e+01
  +7.39708874960691815659e+01
  +7.84521816270893310730e+01
  +8.34077248796323971192e+01
  +8.89232390960770686661e+01
  +9.51062360608626704561e+01
  +1.02093347612874168817e+02
  +1.10060793922389649424e+02
  +1.19239657711421131125e+02
  +1.29938711677831122415e+02
  +1.42579463300176115581e+02
  +1.57751601842677217746e+02
  +1.76303732246330554290e+02
  +1.99497489080185715693e+02
  +2.29279941870869180320e+02
  +2.68784011640997675840e+02
  +3.23270041294327370451e+02
  +4.01824083865885427258e+02
  +5.19323053389359074572e+02
  +6.88542544155334439893e+02
  +8.45758713641526014726e+02
  +7.96134223390171655410e+02
  +6.13661542120010153667e+02
  +4.64160700507022056627e+02
  +3.63952208307401235743e+02
  +2.96232148893748671981e+02
  +2.48452879832488093825e+02
  +2.13271400831803873643e+02
  +1.86408263740022476895e+02
  +1.65273670154440765145e+02
  +1.48231059485685733534e+02
  +1.34203725148165119663e+02
  +1.22457654973974399581e+02
  +1.12476756887576257782e+02
  +1.03888305271835790222e+02
  +9.64167641223033911047e+01
  +8.98542471014205119673e+01
  +8.40410677264275136622e+01
  +7.88525996612320483337e+01
  +7.41901936510038524375e+01
  +6.99747680252158374969e+01
  +6.61422011834530394481e+01
  +6.26399634886319773841e+01
  +5.94246174532694979575e+01
  +5.64599365012167808686e+01
  +5.37154712010064798733e+01
  +5.11654437696094390731e+01
  +4.87878865271302615270e+01
  +4.65639638125276604796e+01
  +4.44774333976497970866e+01
  +4.25142150610751841100e+01
  +4.06620422659252866993e+01
  +3.89101788593575932396e+01
  +3.72491870685007455677e+01
  +3.56707362793094233666e+01
  +3.41674444757849116172e+01
  +3.27327460135743848468e+01
  +3.13607807637389619515e+01
  +3.00463007032203108793e+01
  +2.87845908301352970682e+01
  +2.75714019039837907599e+01
  +2.64028929968058498901e+01
  +2.52755822235221039307e+01
  +2.41863043221851441444e+01
  +2.31321739957184959735e+01
  +2.21105541195870607396e+01
  +2.11190280751413830274e+01
  +2.01553755940936945024e+01
  +1.92175516018925947037e+01
  +1.83036676314592803294e+01
  +1.74119754476106898267e+01
  +1.65408525794934391229e+01
  +1.56887895059001749587e+01
  +1.48543782783916604728e+01
  +1.40363024013891202202e+01
  +1.32333278183374414283e+01
  +1.24442948801797417246e+01
  +1.16681111984286971506e+01
  +1.09037453122987635368e+01
  +1.01502211310410590528e+01
  +9.40661315439003686834e+00
  +8.67204253603738450806e+00
  +7.94567415679137756257e+00
  +7.22671505532091007495e+00
  +6.51441491093376878752e+00
  +5.80806998209703895242e+00
  +5.10703346523549228664e+00
  +4.41073897283494797961e+00
  +3.71875372291139472125e+00
  +3.03090786603570183644e+00
  +2.34765335842397915300e+00
  +1.67129700616008780578e+00
  +1.01208730360171017537e+00
  +4.48437921681600015766e-01
  +5.68871676094611533614e-01
  +1.18137064159250715356e+00
  +1.85058709431175505422e+00
  +2.53417842839503171248e+00
  +3.22537932768024404595e+00
  +3.92263396729590230194e+00
  +4.62575669191978899875e+00
  +5.33505963085178880334e+00
  +6.05108195494364142775e+00
  +6.77448863367125220236e+00
  +7.50602818771446056445e+00
  +8.24651434021699003551e+00
  +8.99681858239756770956e+00
  +9.75786827781089982636e+00
  +1.05306478856043188586e+01
  +1.13162021482295109820e+01
  +1.21156406761615027534e+01
  +1.29301436550216362065e+01
  +1.37609685572306723600e+01
  +1.46094578308534668309e+01
  +1.54770475954919728423e+01
  +1.63652774152719082679e+01
  +1.72758012506858698032e+01
  +1.82103997190402040474e+01
  +1.91709938202818719333e+01
  +2.01596603128209892475e+01
  +2.11786489538273379196e+01
  +2.22304018512594936396e+01
  +2.33175752113094176821e+01
  +2.44430638055698885580e+01
  +2.56100285274996402052e+01
  +2.68219274578926807351e+01
</dep>
<dep S[2,2] frequency>
  -6.32228623786833532350e-01-j2.36861327021408496485e-01
  -6.56740288837690977530e-01-j2.12492050380262476050e-01
  -6.78959933583389241285e-01-j1.86780732503824681290e-01
  -6.98930608185394874887e-01-j1.59952708651670161277e-01
  -7.16707411611413824915e-01-j1.32206992351752983250e-01
  -7.32353320214520708831e-01-j1.03718500808295713278e-01
  -7.45935882833656971336e-01-j7.46404146744474028541e-02
  -7.57524649312462994288e-01-j4.51065439190857786489e-02
  -7.67189208292048951954e-01-j1.52336142595985990500e-02
  -7.74997723250029579845e-01+j1.48765791504613387186e-02
  -7.81015870459447314467e-01+j4.51351805288280477635e-02
  -7.85306097211725062657e-01+j7.54644578184940489907e-02
  -7.87927132353055670322e-01+j1.05796164219107827198e-01
  -7.88933693450006967574e-01+j1.36070071060679920194e-01
  -7.88376345554493096479e-01+j1.66232661611006027336e-01
  -7.86301475588303988573e-01+j1.96235972897384425284e-01
  -7.82751353924825865604e-01+j2.26036571546762682372e-01
  -7.77764260970734477851e-01+j2.55594649536922735589e-01
  -7.71374661622228230407e-01+j2.84873226264829693122e-01
  -7.63613414563216186259e-01+j3.13837444232491713514e-01
  -7.54508006649166618196e-01+j3.42453946755727545170e-01
  -7.44082805222783472132e-01+j3.70690327302143407540e-01
  -7.32359323259870520495e-01+j3.98514641284104409458e-01
  -7.19356493848516187484e-01+j4.25894972322911957718e-01
  -7.05090951748591265869e-01+j4.52799046133416038806e-01
  -6.89577320730150877814e-01+j4.79193886238041266701e-01
  -6.72828506105618839861e-01+j5.05045506700268598266e-01
  -6.54855992395651953508e-01+j5.30318637968333783661e-01
  -6.35670146437505745318e-01+j5.54976482743743670945e-01
  -6.15280526484880851967e-01+j5.78980499538881532295e-01
  -5.93696197980524864590e-01+j6.02290212269111613352e-01
  -5.70926056723495389811e-01+j6.24863044840190839935e-01
  -5.46979160114464235676e-01+j6.46654180244751519702e-01
  -5.21865067054526288182e-01+j6.67616444173972811704e-01
  -4.95594186903842714997e-01+j6.87700213581684982600e-01
  -4.68178137683637030086e-01+j7.06853351007257879601e-01
  -4.39630113435678315792e-01+j7.25021165767761877063e-01
  -4.09965260346145221604e-01+j7.42146403364996709584e-01
  -3.79201060904719000622e-01+j7.58169264615315752209e-01
  -3.47357725017366503195e-01+j7.73027456094613096838e-01
  -3.14458586636360837296e-01+j7.86656273494829139104e-01
  -2.80530504130897584414e-01+j7.98988719410083425565e-01
  -2.45604262316308358249e-01+j8.09955656912300425709e-01
  -2.09714973811060134690e-01+j8.19486000044918228014e-01
  -1.72902477222719952454e-01+j8.27506942072277262845e-01
  -1.35211729599829272308e-01+j8.33944221993058065756e-01
  -9.66931906475256564004e-02+j8.38722429489790588519e-01
  -5.74031964064320859853e-02+j8.41765348184371653417e-01
  -1.74043204424616099191e-02+j8.42996336854249683768e-01
  +2.32342789182715114826e-02+j8.42338748198062869932e-01
  +6.44365261784170667569e-02+j8.39716384892592371259e-01
  +1.06119111297704488139e-01+j8.35053993128974436644e-01
  +1.48191186949776815274e-01+j8.28277794623671126395e-01
  +1.90554079516753960277e-01+j8.19316059325308931882e-01
  +2.33101012752468472744e-01+j8.08099722711044021750e-01
  +2.75716843358744745363e-01+j7.94563053673111530095e-01
  +3.18277808742011003584e-01+j7.78644381465621648886e-01
  +3.60651289180527023781e-01+j7.60286892863100138840e-01
  +4.02695589757995575653e-01+j7.39439513331383357908e-01
  +4.44259751888804066411e-01+j7.16057888276482978895e-01
  +4.85183410174396090309e-01+j6.90105481855898150734e-01
  +5.25296717660770573488e-01+j6.61554810846392116197e-01
  +5.64420371103009466118e-01+j6.30388829025863572930e-01
  +6.02365777140497549169e-01+j5.96602472784283244245e-01
  +6.38935409628342498856e-01+j5.60204370622271796698e-01
  +6.73923416745236036896e-01+j5.21218707371473133350e-01
  +7.07116542616478049865e-01+j4.79687218201034049070e-01
  +7.38295430548060127585e-01+j4.35671267991337540781e-01
  +7.67236371965970498366e-01+j3.89253949228467677202e-01
  +7.93713555288271144228e-01+j3.40542107599753673952e-01
  +8.17501851055741690644e-01+j2.89668181014446801669e-01
  +8.38380143157988033664e-01+j2.36791717495792447545e-01
  +8.56135181263065314639e-01+j1.82100423371742897727e-01
  +8.70565888069489313139e-01+j1.25810588612369128603e-01
  +8.81488009477065848074e-01+j6.81667438740806153064e-02
  +8.88738950132944793836e-01+j9.44042582094977572593e-03
  +8.92182595875773198912e-01-j5.00720357413233507771e-02
  +8.91713893596825069032e-01-j1.10052744568128982317e-01
  +8.87262942888425110155e-01-j1.70166452563006692644e-01
  +8.78798356393839852352e-01-j2.30065668829806058149e-01
  +8.66329669016049019881e-01-j2.89396502774684705184e-01
  +8.49908619721301161754e-01-j3.47805021311370810011e-01
  +8.29629190658028980998e-01-j4.04943854842342521039e-01
  +8.05626361433825044500e-01-j4.60478760829660438425e-01
  +7.78073614688186587784e-01-j5.14094850636079625517e-01
  +7.47179304860555837386e-01-j5.65502205427082849098e-01
  +7.13182067928364915588e-01-j6.14440648027103297757e-01
  +6.76345499896991886324e-01-j6.60683495078695726122e-01
  +6.36952362113749837036e-01-j7.04040181381652807602e-01
  +5.95298580703087720778e-01-j7.44357718932679324197e-01
  +5.51687296683059269498e-01-j7.81521020291559675996e-01
  +5.06423195754503452370e-01-j8.15452173945823366452e-01
  +4.59807306848184660364e-01-j8.46108804488337917782e-01
  +4.12132411364384054764e-01-j8.73481680713179442499e-01
  +3.63679155623082062121e-01-j8.97591750032659452252e-01
  +3.14712911664266459244e-01-j9.18486779264992003746e-01
  +2.65481389472882522984e-01-j9.36237772210776308945e-01
  +2.16212969061050336306e-01-j9.50935316444656897339e-01
  +1.67115694607599230004e-01-j9.62685988419362814739e-01
  +1.18376855064750971525e-01-j9.71608920102343565084e-01
  +7.01630656120184881264e-02-j9.77832604273557448593e-01
  +2.26207609272196519257e-02-j9.81491991076905101465e-01
  -2.41229869137614023888e-02-j9.82725906630396828234e-01
  -6.99594074078938310546e-02-j9.81674806130508836866e-01
  -1.14796800737185442087e-01-j9.78478859171381221138e-01
  -1.58559200650540493838e-01-j9.73276353851430964248e-01
  -2.01184984594605265062e-01-j9.66202398350317959164e-01
  -2.42625474598603618759e-01-j9.57387893591444050223e-01
  -2.82843563091461580594e-01-j9.46958747867947536747e-01
  -3.21812389445195357052e-01-j9.35035303411195894974e-01
  -3.59514085747677070160e-01-j9.21731945362796234456e-01
  -3.95938604153577344835e-01-j9.07156865072774487579e-01
  -4.31082633110792368125e-01-j8.91411951751282183309e-01
  -4.64948605728014108252e-01-j8.74592788978823310053e-01
  -4.97543800425524651576e-01-j8.56788735221946207155e-01
  -5.28879531672154512556e-01-j8.38083070153632703203e-01
  -5.58970426931493347134e-01-j8.18553191132251112272e-01
  -5.87833784801544578791e-01-j7.98270846579012705035e-01
  -6.15489008626539324531e-01-j7.77302395169619964044e-01
  -6.41957109492988342581e-01-j7.55709081701340434911e-01
  -6.67260272413812693948e-01-j7.33547322208013330425e-01
  -6.91421479587063569916e-01-j7.10868992379442343754e-01
  -7.14464184834657012324e-01-j6.87721714612160250901e-01
  -7.36412033637485530235e-01-j6.64149140093983181288e-01
  -7.57288623552122230898e-01-j6.40191223225082817194e-01
  -7.77117300194328008978e-01-j6.15884486424509325353e-01
  -7.95920984386185970116e-01-j5.91262273982852137877e-01
  -8.13722026472234460925e-01-j5.66354994118524079916e-01
  -8.30542084205449504530e-01-j5.41190348793779585357e-01
  -8.46402020979368119313e-01-j5.15793551163087005129e-01
  -8.61321821533973963625e-01-j4.90187530774212343321e-01
  -8.75320522587710536655e-01-j4.64393126833637148732e-01
  -8.88416156145531932253e-01-j4.38429269992940406908e-01
  -9.00625703503277308393e-01-j4.12313153220263572951e-01
  -9.11965058212936385829e-01-j3.86060392398743679188e-01
  -9.22448996492983952500e-01-j3.59685177347687845550e-01
  -9.32091153764588398190e-01-j3.33200413998012978656e-01
  -9.40904006170246054452e-01-j3.06617858475053128853e-01
  -9.48898856088085440597e-01-j2.79948243853039624440e-01
  -9.56085820794904450715e-01-j2.53201400349411076540e-01
  -9.62473823555932250784e-01-j2.26386369725740943526e-01
  -9.68070586531173060685e-01-j1.99511514657841115827e-01
  -9.72882624989064970222e-01-j1.72584623831625066925e-01
  -9.76915242409696737980e-01-j1.45613013515338396431e-01
  -9.80172526143759159645e-01-j1.18603626353385560588e-01
  -9.82657343371462266290e-01-j9.15631281231348431726e-02
  -9.84371337179389294114e-01-j6.44980031944587112180e-02
  -9.85314922644199397972e-01-j3.74146494325438630502e-02
  -9.85487282881987725069e-01-j1.03194732880858858898e-02
  -9.84886365092269566723e-01+j1.67810141744794347196e-02
  -9.83508876697761547092e-01+j4.38800995507181504363e-02
  -9.81350281756916631437e-01+j7.09707668998620644363e-02
  -9.78404797907258871881e-01+j9.80455942919430251115e-02
  -9.74665394185701416951e-01+j1.25096646295704050367e-01
  -9.70123790169152733220e-01+j1.52115361587330383264e-01
  -9.64770456986773106145e-01+j1.79092434842706094145e-01
  -9.58594620876324743364e-01+j2.06017692059904167223e-01
  -9.51584270093547734959e-01+j2.32879958445617679663e-01
  -9.43726166137552890945e-01+j2.59666917991545675992e-01
  -9.35005860429565349712e-01+j2.86364963867019983734e-01
  -9.25407717779317073870e-01+j3.12959038766010277932e-01
  -9.14914948195660437946e-01+j3.39432464374235243199e-01
  -9.03509648847984903064e-01+j3.65766759170769728549e-01
  -8.91172858265008915879e-01+j3.91941443854841864436e-01
  -8.77884625169371157760e-01+j4.17933833799916387708e-01
  -8.63624094691346821939e-01+j4.43718818093415734438e-01
  -8.48369615083211403572e-01+j4.69268624932308975328e-01
  -8.32098868466062402405e-01+j4.94552573425544483854e-01
  -8.14789029580069712466e-01+j5.19536812219178578687e-01
  -7.96416956971403910970e-01+j5.44184045826349382935e-01
  -7.76959421524845761375e-01+j5.68453250132063159228e-01
  -7.56393377726433002728e-01+j5.92299379273773185517e-01
  -7.34696283495155477716e-01+j6.15673066996986206867e-01
  -7.11846474829377351412e-01+j6.38520326675453775422e-01
  -6.87823601835458764420e-01+j6.60782255493087111731e-01
  -6.62609132895353503123e-01+j6.82394749832963221081e-01
  -6.36186933726128334143e-01+j7.03288240727156455101e-01
  -6.08543927811692531016e-01+j7.23387460301742502011e-01
  -5.79670844054073430840e-01+j7.42611252504088770188e-01
  -5.49563056389165804916e-01+j7.60872444007115622533e-01
  -5.18221518414840098821e-01+j7.78077794004363942904e-01
</dep>
<dep S[2,1] frequency>
  +2.58237171627790529360e-01-j6.87954038081578067576e-01
  +2.22213924004407148427e-01-j6.85468987636205007163e-01
  +1.87845093411706992592e-01-j6.81521481250513372352e-01
  +1.55076499960664776490e-01-j6.76325246208529184955e-01
  +1.23841496281604901419e-01-j6.70066743792962160597e-01
  +9.40651625641215072271e-02-j6.62907326826496112737e-01
  +6.56676393444570460911e-02-j6.54985528315456644322e-01
  +3.85667316481607749812e-02-j6.46419352878840669518e-01
  +1.26799091933496900497e-02-j6.37308485418061287930e-01
  -1.20741856997041308724e-02-j6.27736363737207647695e-01
  -3.57746254894744722397e-02-j6.17772085429456163652e-01
  -5.84973976917014318322e-02-j6.07472136097742310135e-01
  -8.03148493066448559974e-02-j5.96881937462266365380e-01
  -1.01295318850487869877e-01-j5.86037221448764134024e-01
  -1.21502910038916264734e-01-j5.74965241013223216093e-01
  -1.40997370160224955171e-01-j5.63685831072054943647e-01
  -1.59834043674926401524e-01-j5.52212334101753965498e-01
  -1.78063877750391535981e-01-j5.40552405219613452125e-01
  -1.95733461464175806377e-01-j5.28708711198900171979e-01
  -2.12885084465231411155e-01-j5.16679537153765688906e-01
  -2.29556804133803749046e-01-j5.04459313722498303711e-01
  -2.45782512875512393347e-01-j4.92039076598967228815e-01
  -2.61591999250396667342e-01-j4.79406869289129011769e-01
  -2.77010998282381848412e-01-j4.66548099050990539016e-01
  -2.92061227610760199003e-01-j4.53445855140223896829e-01
  -3.06760407208759466879e-01-j4.40081197745198104965e-01
  -3.21122261269543740614e-01-j4.26433425357664375177e-01
  -3.35156501599492617771e-01-j4.12480327787501932502e-01
  -3.48868792506868474756e-01-j3.98198431583432876923e-01
  -3.62260697767512629408e-01-j3.83563244256954316569e-01
  -3.75329610819288506107e-01-j3.68549503409512646535e-01
  -3.88068669909207686342e-01-j3.53131436618471683531e-01
  -4.00466660513675687394e-01-j3.37283037727855006249e-01
  -4.12507907990742272997e-01-j3.20978364995288256711e-01
  -4.24172164118493622009e-01-j3.04191866345847328201e-01
  -4.35434491936459777683e-01-j2.86898736752076111145e-01
  -4.46265154144330489228e-01-j2.69075312470708594148e-01
  -4.56629511227348072744e-01-j2.50699506491857126989e-01
  -4.66487936467791075579e-01-j2.31751289063185345052e-01
  -4.75795756059457009002e-01-j2.12213216506646068504e-01
  -4.84503223651244097070e-01-j1.92071010712012490984e-01
  -4.92555539784041596096e-01-j1.71314190633116508744e-01
  -4.99892927819297561154e-01-j1.49936755791963055584e-01
  -5.06450779044702481535e-01-j1.27937920177231351238e-01
  -5.12159880627455876834e-01-j1.05322892974845053193e-01
  -5.16946740901218060316e-01-j8.21037002632218487763e-02
  -5.20734027038236901852e-01-j5.83000391273023818584e-02
  -5.23441130379895036562e-01-j3.39401525891692631975e-02
  -5.24984874470822648895e-01-j9.06171033101266232279e-03
  -5.25280380046558637019e-01+j1.62873235684718523086e-02
  -5.24242099737867950360e-01+j4.20478586911197382836e-02
  -5.21785032945829674311e-01+j6.81489091488464843183e-02
  -5.17826128082406578201e-01+j9.45069185556930702052e-02
  -5.12285875039569127409e-01+j1.21025214557560226170e-01
  -5.05090085241340136513e-01+j1.47593632225527710000e-01
  -4.96171849868703329633e-01+j1.74088348899633010847e-01
  -4.85473658788557083099e-01+j2.00371975477936448140e-01
  -4.72949653381019741172e-01+j2.26293950329730486626e-01
  -4.58567975933706739600e-01+j2.51691281577488490395e-01
  -4.42313166740336549676e-01+j2.76389681010010157536e-01
  -4.24188547804750959447e-01+j3.00205127908994617858e-01
  -4.04218519551943267221e-01+j3.22945893145928031309e-01
  -3.82450684792399464573e-01+j3.44415042625882350524e-01
  -3.58957703166595309963e-01+j3.64413424196469548644e-01
  -3.33838770396629069825e-01+j3.82743123330470502719e-01
  -3.07220611059024928391e-01+j3.99211350286303112700e-01
  -2.79257872578018595533e-01+j4.13634695429832166536e-01
  -2.50132813102853179821e-01+j4.25843660758295827762e-01
  -2.20054188201604883357e-01+j4.35687345697750583184e-01
  -1.89255261976327221474e-01+j4.43038135797728493959e-01
  -1.57990897931624546535e-01+j4.47796216416688597217e-01
  -1.26533723670389508520e-01+j4.49893712732074679828e-01
  -9.51694102737080244170e-02+j4.49298245529253958974e-01
  -6.41911599570847285490e-02+j4.46015692273737551776e-01
  -3.38935510044718613099e-02+j4.40091957517550702583e-01
  -4.56594269702633066832e-03+j4.31613587330554770993e-01
  +2.35143101728587967936e-02+j4.20707109334303275272e-01
  +5.00885489829156482777e-02+j4.07537041390572285504e-01
  +7.49231075108521549222e-02+j3.92302584432065726272e-01
  +9.78149145680521359125e-02+j3.75233092866057382775e-01
  +1.18596131102357185694e-01+j3.56582492630432290603e-01
  +1.37137598066912669292e-01+j3.36622884966745417046e-01
  +1.53350938293629085463e-01+j3.15637626342186783379e-01
  +1.67189235581319955992e-01+j2.93914206173760517160e-01
  +1.78646299835909183606e-01+j2.71737250830319243544e-01
  +1.87754610296251289725e-01+j2.49381964341207212899e-01
  +1.94582101957116698765e-01+j2.27108275700436373912e-01
  +1.99228017007584495834e-01+j2.05155904446949421960e-01
  +2.01818079384819298872e-01+j1.83740486827656618329e-01
  +2.02499264915958709921e-01+j1.63050831508636584477e-01
  +2.01434433015349467766e-01+j1.43247303386889651700e-01
  +1.98797061635656607814e-01+j1.24461272319817337073e-01
  +1.94766289663929698106e-01+j1.06795514581787057140e-01
  +1.89522425366730917773e-01+j9.03254206999101194597e-02
  +1.83243030891880959166e-01+j7.51008442981180579512e-02
  +1.76099645637101287488e-01+j6.11484214550815571854e-02
  +1.68255168886002975936e-01+j4.84741965605625657609e-02
  +1.59861886709883521673e-01+j3.70664058653347727734e-02
  +1.51060100831263671717e-01+j2.68982908608280980867e-02
  +1.41977298070334240210e-01+j1.79308375081036752707e-02
  +1.32727787550199316513e-01+j1.01153618141897657517e-02
  +1.23412727950360567863e-01+j3.39588553138383359917e-03
  +1.14120467460068111820e-01-j2.28873339449752345037e-03
  +1.04927123333898794644e-01-j7.00293328459114777090e-03
  +9.58973348173601802813e-02-j1.08128474478540112513e-02
  +8.70851315870236342143e-02-j1.37849615692925923233e-02
  +7.85348688459649724170e-02-j1.59850143179605212740e-02
  +7.02821891571787510378e-02-j1.74771205605366089508e-02
  +6.23549795140110121872e-02-j1.83230936269331359800e-02
  +5.47742997408168508233e-02-j1.85819418972284385039e-02
  +4.75552649319925663240e-02-j1.83095151298521448269e-02
  +4.07078702229365443910e-02-j1.75582770476387338421e-02
  +3.42377507666964953081e-02-j1.63771824203575687429e-02
  +2.81468734385676919163e-02-j1.48116389722002077256e-02
  +2.24341596092894023096e-02-j1.29035367019276602657e-02
  +1.70960404298420402813e-02-j1.06913294852275294472e-02
  +1.21269475727674436172e-02-j8.21015603104456419270e-03
  +7.51974338612001590859e-03-j5.49198931873873773257e-03
  +3.26609503618887709112e-03-j2.56580551164884091211e-03
  -6.43202468716851300835e-04+j5.42234993793656904273e-04
  -4.21794939468401845761e-03+j3.80860026963104024433e-03
  -7.46830564157800313313e-03+j7.21219794257502502810e-03
  -1.04045916476836579345e-02+j1.07341882357568935841e-02
  -1.30371214195017775389e-02+j1.43578016462283398341e-02
  -1.53760635915842526489e-02+j1.80681632012559476030e-02
  -1.74313267699476234784e-02+j2.18521246336752551775e-02
  -1.92124657677583132731e-02+j2.56981053299066321272e-02
  -2.07286056910220423122e-02+j2.95959425161187936193e-02
  -2.19883811664917487583e-02+j3.35367508430571559241e-02
  -2.29998883182766164501e-02+j3.75127912939289265282e-02
  -2.37706473905936153945e-02+j4.15173491604448677283e-02
  -2.43075741800773577339e-02+j4.55446206987977428304e-02
  -2.46169586819415080192e-02+j4.95896079811250639624e-02
  -2.47044495705441811972e-02+j5.36480213910881242878e-02
  -2.45750433279118135621e-02+j5.77161891681731153980e-02
  -2.42330770049691973655e-02+j6.17909733788765541673e-02
  -2.36822237516125626289e-02+j6.58696916796801812399e-02
  -2.29254903851246610857e-02+j6.99500442329674815278e-02
  -2.19652163838556374609e-02+j7.40300451399757142301e-02
  -2.08030737964728755507e-02+j7.81079577620309301045e-02
  -1.94400676482943367274e-02+j8.21822333109174379961e-02
  -1.78765365070863296859e-02+j8.62514520996164185673e-02
  -1.61121529429184770499e-02+j9.03142668548524707450e-02
  -1.41459236819027681098e-02+j9.43693475017741839617e-02
  -1.19761893133537074968e-02+j9.84153268381132984022e-02
  -9.60062346570826098680e-03+j1.02450746519801058620e-01
  -7.01623141974814807514e-03+j1.06474002781771381887e-01
  -4.21934817974506035099e-03+j1.10483291316538750904e-01
  -1.20563607547990764464e-03+j1.14476550728813311619e-01
  +2.02991797795704781437e-03+j1.18451403977042069027e-01
  +5.49300537866323664027e-03+j1.22405097202418614022e-01
  +9.18999864922798517797e-03+j1.26334435332926930950e-01
  +1.31279538477613363229e-02+j1.30235713834703448200e-01
  +1.73146121902107950896e-02+j1.34104645966087288045e-01
  +2.17584004108249823295e-02+j1.37936284871979036870e-01
  +2.64684292915572591531e-02+j1.41724939838528268821e-01
  +3.14544896819779831731e-02+j1.45464086012192239661e-01
  +3.67270452065905847472e-02+j1.49146266874523092394e-01
  +4.22972207142520567613e-02+j1.52762988756884043884e-01
  +4.81767853622297945182e-02+j1.56304606680434166055e-01
  +5.43781290429878189085e-02+j1.59760200819628939151e-01
  +6.09142306525730994893e-02+j1.63117442916368787786e-01
  +6.77986164632334992186e-02+j1.66362452022080831160e-01
  +7.50453065975250910302e-02+j1.69479639022810629756e-01
  +8.26687473048936249942e-02+j1.72451539515440704919e-01
  +9.06837264136247100943e-02+j1.75258634760900394722e-01
  +9.91052689709550627128e-02+j1.77879160653399953640e-01
  +1.07948509693525526720e-01+j1.80288904926515558547e-01
  +1.17228538432502943367e-01+j1.82460993182264413770e-01
  +1.26960214418683103865e-01+j1.84365664795482775418e-01
  +1.37157944602411818735e-01+j1.85970040332462005495e-01
  +1.47835420955408136656e-01+j1.87237882851579717780e-01
  +1.59005311176929148287e-01+j1.88129356348064047388e-01
  +1.70678896872731605816e-01+j1.88600785689737260320e-01
  +1.82865652988993238059e-01+j1.88604423690165140526e-01
  +1.95572762132508903843e-01+j1.88088232503215463387e-01
  +2.08804557453936806555e-01+j1.86995688317291852698e-01
  +2.22561888088325304791e-01+j1.85265620390163587849e-01
  +2.36841401828283920628e-01+j1.82832097795430303933e-01
  +2.51634740859001393432e-01+j1.79624379831027691790e-01
  +2.66927648136054462835e-01+j1.75566948824837809617e-01
</dep>
<dep S[1,2] frequency>
  +2.58237171627790307316e-01-j6.87954038081578067576e-01
  +2.22213924004410506852e-01-j6.85468987636206006364e-01
  +1.87845093411710462039e-01-j6.81521481250512817240e-01
  +1.55076499960664943023e-01-j6.76325246208529518022e-01
  +1.23841496281599752760e-01-j6.70066743792965158200e-01
  +9.40651625641217292717e-02-j6.62907326826496223759e-01
  +6.56676393444570044577e-02-j6.54985528315456755344e-01
  +3.85667316481574304343e-02-j6.46419352878840891563e-01
  +1.26799091933526651005e-02-j6.37308485418061509975e-01
  -1.20741856997070191870e-02-j6.27736363737207536673e-01
  -3.57746254894776363753e-02-j6.17772085429456052630e-01
  -5.84973976917016191823e-02-j6.07472136097741977068e-01
  -8.03148493066436902632e-02-j5.96881937462266365380e-01
  -1.01295318850490395635e-01-j5.86037221448763800957e-01
  -1.21502910038914974100e-01-j5.74965241013224659383e-01
  -1.40997370160223928215e-01-j5.63685831072056275914e-01
  -1.59834043674924958234e-01-j5.52212334101755075721e-01
  -1.78063877750391175159e-01-j5.40552405219613896215e-01
  -1.95733461464174446354e-01-j5.28708711198900616068e-01
  -2.12885084465231438910e-01-j5.16679537153765355839e-01
  -2.29556804133801223289e-01-j5.04459313722499191890e-01
  -2.45782512875514530526e-01-j4.92039076598965896547e-01
  -2.61591999250395834675e-01-j4.79406869289129233813e-01
  -2.77010998282380793700e-01-j4.66548099050991482706e-01
  -2.92061227610758589179e-01-j4.53445855140225229096e-01
  -3.06760407208760021991e-01-j4.40081197745197716387e-01
  -3.21122261269543074480e-01-j4.26433425357665207844e-01
  -3.35156501599493172883e-01-j4.12480327787501210857e-01
  -3.48868792506869973558e-01-j3.98198431583431267100e-01
  -3.62260697767511297140e-01-j3.83563244256955981903e-01
  -3.75329610819289394286e-01-j3.68549503409511536312e-01
  -3.88068669909207852875e-01-j3.53131436618472460687e-01
  -4.00466660513674743704e-01-j3.37283037727855006249e-01
  -4.12507907990742106463e-01-j3.20978364995288589778e-01
  -4.24172164118493622009e-01-j3.04191866345847383712e-01
  -4.35434491936459555639e-01-j2.86898736752074945411e-01
  -4.46265154144331210873e-01-j2.69075312470708927215e-01
  -4.56629511227347240077e-01-j2.50699506491856849433e-01
  -4.66487936467791075579e-01-j2.31751289063185317296e-01
  -4.75795756059456953491e-01-j2.12213216506645874215e-01
  -4.84503223651243930536e-01-j1.92071010712013823252e-01
  -4.92555539784041596096e-01-j1.71314190633116508744e-01
  -4.99892927819298171777e-01-j1.49936755791961806583e-01
  -5.06450779044701926423e-01-j1.27937920177228159346e-01
  -5.12159880627455765811e-01-j1.05322892974845996883e-01
  -5.16946740901217949293e-01-j8.21037002632227230770e-02
  -5.20734027038236901852e-01-j5.83000391273027288030e-02
  -5.23441130379894925539e-01-j3.39401525891702970927e-02
  -5.24984874470822093784e-01-j9.06171033101181751246e-03
  -5.25280380046557304752e-01+j1.62873235684720986394e-02
  -5.24242099737867728315e-01+j4.20478586911195439946e-02
  -5.21785032945829452267e-01+j6.81489091488472614744e-02
  -5.17826128082407355357e-01+j9.45069185556936114390e-02
  -5.12285875039568905365e-01+j1.21025214557561419659e-01
  -5.05090085241339914468e-01+j1.47593632225528376134e-01
  -4.96171849868704439857e-01+j1.74088348899632455735e-01
  -4.85473658788556583499e-01+j2.00371975477936947740e-01
  -4.72949653381019463616e-01+j2.26293950329729265381e-01
  -4.58567975933707794312e-01+j2.51691281577488157328e-01
  -4.42313166740335217408e-01+j2.76389681010009602424e-01
  -4.24188547804750515358e-01+j3.00205127908994007235e-01
  -4.04218519551942989665e-01+j3.22945893145929363577e-01
  -3.82450684792400408263e-01+j3.44415042625881462346e-01
  -3.58957703166595254451e-01+j3.64413424196469326599e-01
  -3.33838770396630013515e-01+j3.82743123330470003118e-01
  -3.07220611059025039413e-01+j3.99211350286302391055e-01
  -2.79257872578018095933e-01+j4.13634695429831444891e-01
  -2.50132813102853679421e-01+j4.25843660758296493896e-01
  -2.20054188201605965824e-01+j4.35687345697750749718e-01
  -1.89255261976326610851e-01+j4.43038135797729881737e-01
  -1.57990897931623186512e-01+j4.47796216416688042106e-01
  -1.26533723670389924854e-01+j4.49893712732074513294e-01
  -9.51694102737071362386e-02+j4.49298245529251905062e-01
  -6.41911599570845620155e-02+j4.46015692273736663598e-01
  -3.38935510044722429490e-02+j4.40091957517550425028e-01
  -4.56594269702594295762e-03+j4.31613587330554770993e-01
  +2.35143101728577524900e-02+j4.20707109334303330783e-01
  +5.00885489829154331720e-02+j4.07537041390572118971e-01
  +7.49231075108523075778e-02+j3.92302584432065393205e-01
  +9.78149145680515669232e-02+j3.75233092866057438286e-01
  +1.18596131102357046916e-01+j3.56582492630433345315e-01
  +1.37137598066912363981e-01+j3.36622884966745694602e-01
  +1.53350938293628696885e-01+j3.15637626342185062533e-01
  +1.67189235581320094770e-01+j2.93914206173760406138e-01
  +1.78646299835908795028e-01+j2.71737250830319354566e-01
  +1.87754610296251372992e-01+j2.49381964341208378633e-01
  +1.94582101957116171409e-01+j2.27108275700435735533e-01
  +1.99228017007584551346e-01+j2.05155904446950643205e-01
  +2.01818079384820131539e-01+j1.83740486827656979152e-01
  +2.02499264915958515632e-01+j1.63050831508637028566e-01
  +2.01434433015348662854e-01+j1.43247303386889207610e-01
  +1.98797061635655913925e-01+j1.24461272319817142784e-01
  +1.94766289663928254816e-01+j1.06795514581786779584e-01
  +1.89522425366730667973e-01+j9.03254206999097031261e-02
  +1.83243030891881070188e-01+j7.51008442981178497844e-02
  +1.76099645637101204221e-01+j6.11484214550813837130e-02
  +1.68255168886002920425e-01+j4.84741965605625171887e-02
  +1.59861886709883355140e-01+j3.70664058653345160343e-02
  +1.51060100831263671717e-01+j2.68982908608278101226e-02
  +1.41977298070334156943e-01+j1.79308375081034913900e-02
  +1.32727787550199344269e-01+j1.01153618141897883032e-02
  +1.23412727950361580942e-01+j3.39588553138421090152e-03
  +1.14120467460067487320e-01-j2.28873339449802782122e-03
  +1.04927123333897892588e-01-j7.00293328459066031361e-03
  +9.58973348173599443589e-02-j1.08128474478542419696e-02
  +8.70851315870231623695e-02-j1.37849615692924882399e-02
  +7.85348688459652916061e-02-j1.59850143179603963739e-02
  +7.02821891571788065489e-02-j1.74771205605366609925e-02
  +6.23549795140109081037e-02-j1.83230936269337327249e-02
  +5.47742997408168855178e-02-j1.85819418972285183012e-02
  +4.75552649319925455074e-02-j1.83095151298511629734e-02
  +4.07078702229367594967e-02-j1.75582770476389871117e-02
  +3.42377507666959748911e-02-j1.63771824203571489398e-02
  +2.81468734385672582354e-02-j1.48116389721999596601e-02
  +2.24341596092891316927e-02-j1.29035367019276498574e-02
  +1.70960404298423906955e-02-j1.06913294852277324098e-02
  +1.21269475727674765769e-02-j8.21015603104457633576e-03
  +7.51974338611984070152e-03-j5.49198931873808721127e-03
  +3.26609503618860473953e-03-j2.56580551164909418174e-03
  -6.43202468717371392617e-04+j5.42234993793158930216e-04
  -4.21794939468386319986e-03+j3.80860026963118379270e-03
  -7.46830564157773945516e-03+j7.21219794257547692357e-03
  -1.04045916476837134457e-02+j1.07341882357569317480e-02
  -1.30371214195017168236e-02+j1.43578016462284959592e-02
  -1.53760635915847244937e-02+j1.80681632012559302558e-02
  -1.74313267699480051176e-02+j2.18521246336750782358e-02
  -1.92124657677582924564e-02+j2.56981053299063857964e-02
  -2.07286056910221186400e-02+j2.95959425161187068831e-02
  -2.19883811664915961026e-02+j3.35367508430566771405e-02
  -2.29998883182766858391e-02+j3.75127912939287183614e-02
  -2.37706473905932719193e-02+j4.15173491604453742676e-02
  -2.43075741800775763091e-02+j4.55446206987982771253e-02
  -2.46169586819418549639e-02+j4.95896079811252721292e-02
  -2.47044495705442436473e-02+j5.36480213910881034711e-02
  -2.45750433279121813235e-02+j5.77161891681732056036e-02
  -2.42330770049687740930e-02+j6.17909733788765749840e-02
  -2.36822237516124585455e-02+j6.58696916796805004291e-02
  -2.29254903851246055746e-02+j6.99500442329675647946e-02
  -2.19652163838560086917e-02+j7.40300451399756725968e-02
  -2.08030737964724661559e-02+j7.81079577620306109154e-02
  -1.94400676482940591716e-02+j8.21822333109172992183e-02
  -1.78765365070861353969e-02+j8.62514520996162242783e-02
  -1.61121529429185221527e-02+j9.03142668548524013561e-02
  -1.41459236819025443305e-02+j9.43693475017742949840e-02
  -1.19761893133535305550e-02+j9.84153268381133122800e-02
  -9.60062346570807363666e-03+j1.02450746519800808820e-01
  -7.01623141974824955647e-03+j1.06474002781771118209e-01
  -4.21934817974486692932e-03+j1.10483291316538834170e-01
  -1.20563607548045256465e-03+j1.14476550728813006308e-01
  +2.02991797795743379035e-03+j1.18451403977042207805e-01
  +5.49300537866311174018e-03+j1.22405097202418350344e-01
  +9.18999864922802507661e-03+j1.26334435332926875439e-01
  +1.31279538477606563113e-02+j1.30235713834703531466e-01
  +1.73146121902106667201e-02+j1.34104645966087482334e-01
  +2.17584004108250829435e-02+j1.37936284871978870337e-01
  +2.64684292915570232307e-02+j1.41724939838528324332e-01
  +3.14544896819778860286e-02+j1.45464086012191962105e-01
  +3.67270452065905639305e-02+j1.49146266874523175661e-01
  +4.22972207142518763501e-02+j1.52762988756884127151e-01
  +4.81767853622299402350e-02+j1.56304606680434221566e-01
  +5.43781290429876315584e-02+j1.59760200819628744862e-01
  +6.09142306525732313283e-02+j1.63117442916368593497e-01
  +6.77986164632333604407e-02+j1.66362452022080858915e-01
  +7.50453065975255628750e-02+j1.69479639022810463223e-01
  +8.26687473048935000941e-02+j1.72451539515440843697e-01
  +9.06837264136246823387e-02+j1.75258634760900811056e-01
  +9.91052689709552292463e-02+j1.77879160653399953640e-01
  +1.07948509693525304676e-01+j1.80288904926515614058e-01
  +1.17228538432502540911e-01+j1.82460993182264663570e-01
  +1.26960214418682715287e-01+j1.84365664795482914196e-01
  +1.37157944602411180357e-01+j1.85970040332461949983e-01
  +1.47835420955408719523e-01+j1.87237882851579634513e-01
  +1.59005311176929342576e-01+j1.88129356348063880855e-01
  +1.70678896872731550305e-01+j1.88600785689737093787e-01
  +1.82865652988993210304e-01+j1.88604423690165556859e-01
  +1.95572762132509181399e-01+j1.88088232503215435631e-01
  +2.08804557453936778799e-01+j1.86995688317292324543e-01
  +2.22561888088324888457e-01+j1.85265620390163615605e-01
  +2.36841401828284170428e-01+j1.82832097795430081888e-01
  +2.51634740859001282409e-01+j1.79624379831027664034e-01
  +2.66927648136054518346e-01+j1.75566948824837532062e-01
</dep>
<dep S[1,1] frequency>
  -6.32228623786833754394e-01-j2.36861327021408413218e-01
  -6.56740288837689312196e-01-j2.12492050380262420539e-01
  -6.78959933583385799594e-01-j1.86780732503824070667e-01
  -6.98930608185394985910e-01-j1.59952708651670438833e-01
  -7.16707411611419265007e-01-j1.32206992351753260806e-01
  -7.32353320214520597808e-01-j1.03718500808295893689e-01
  -7.45935882833656638269e-01-j7.46404146744472779540e-02
  -7.57524649312465325757e-01-j4.51065439190866668273e-02
  -7.67189208292046065374e-01-j1.52336142595983214942e-02
  -7.74997723250032244380e-01+j1.48765791504611999407e-02
  -7.81015870459450867180e-01+j4.51351805288266738625e-02
  -7.85306097211725173679e-01+j7.54644578184942016463e-02
  -7.87927132353054560099e-01+j1.05796164219107619031e-01
  -7.88933693450008743930e-01+j1.36070071060680697350e-01
  -7.88376345554492097278e-01+j1.66232661611004695068e-01
  -7.86301475588303100395e-01+j1.96235972897383065261e-01
  -7.82751353924823756181e-01+j2.26036571546762016238e-01
  -7.77764260970735032963e-01+j2.55594649536922735589e-01
  -7.71374661622227120183e-01+j2.84873226264829360055e-01
  -7.63613414563215076036e-01+j3.13837444232492157603e-01
  -7.54508006649163953661e-01+j3.42453946755726601481e-01
  -7.44082805222785470534e-01+j3.70690327302144906341e-01
  -7.32359323259871297651e-01+j3.98514641284104742525e-01
  -7.19356493848515077261e-01+j4.25894972322911069540e-01
  -7.05090951748589489512e-01+j4.52799046133414595516e-01
  -6.89577320730150988837e-01+j4.79193886238041266701e-01
  -6.72828506105617840660e-01+j5.05045506700267377020e-01
  -6.54855992395653174754e-01+j5.30318637968334782862e-01
  -6.35670146437506522474e-01+j5.54976482743745669346e-01
  -6.15280526484879519700e-01+j5.78980499538879422872e-01
  -5.93696197980525974813e-01+j6.02290212269112945620e-01
  -5.70926056723495722878e-01+j6.24863044840189951756e-01
  -5.46979160114463347497e-01+j6.46654180244751630724e-01
  -5.21865067054525511026e-01+j6.67616444173971812504e-01
  -4.95594186903843880732e-01+j6.87700213581684649533e-01
  -4.68178137683636808042e-01+j7.06853351007258878802e-01
  -4.39630113435679092948e-01+j7.25021165767761988086e-01
  -4.09965260346146220805e-01+j7.42146403364996487539e-01
  -3.79201060904719111644e-01+j7.58169264615315863232e-01
  -3.47357725017366558706e-01+j7.73027456094613318882e-01
  -3.14458586636359282984e-01+j7.86656273494828472970e-01
  -2.80530504130897251347e-01+j7.98988719410083314543e-01
  -2.45604262316308746827e-01+j8.09955656912301313888e-01
  -2.09714973811059995912e-01+j8.19486000044921447660e-01
  -1.72902477222720368788e-01+j8.27506942072276152622e-01
  -1.35211729599828744952e-01+j8.33944221993057399622e-01
  -9.66931906475251845556e-02+j8.38722429489790366475e-01
  -5.74031964064316557739e-02+j8.41765348184369877060e-01
  -1.74043204424614850190e-02+j8.42996336854251460124e-01
  +2.32342789182729547726e-02+j8.42338748198062980954e-01
  +6.44365261784170528792e-02+j8.39716384892591816147e-01
  +1.06119111297704848962e-01+j8.35053993128975213800e-01
  +1.48191186949776509962e-01+j8.28277794623671681506e-01
  +1.90554079516754126811e-01+j8.19316059325309709038e-01
  +2.33101012752468528255e-01+j8.08099722711044909929e-01
  +2.75716843358744967407e-01+j7.94563053673110530895e-01
  +3.18277808742011281140e-01+j7.78644381465622092975e-01
  +3.60651289180527634404e-01+j7.60286892863099250661e-01
  +4.02695589757995298097e-01+j7.39439513331381803596e-01
  +4.44259751888804177433e-01+j7.16057888276483867074e-01
  +4.85183410174395979286e-01+j6.90105481855898927890e-01
  +5.25296717660770462466e-01+j6.61554810846393115398e-01
  +5.64420371103008355895e-01+j6.30388829025862795774e-01
  +6.02365777140498215303e-01+j5.96602472784282578111e-01
  +6.38935409628341943744e-01+j5.60204370622271463631e-01
  +6.73923416745235259739e-01+j5.21218707371473355394e-01
  +7.07116542616478049865e-01+j4.79687218201033882536e-01
  +7.38295430548059572473e-01+j4.35671267991337873848e-01
  +7.67236371965969832232e-01+j3.89253949228468620891e-01
  +7.93713555288271810362e-01+j3.40542107599755006220e-01
  +8.17501851055743244956e-01+j2.89668181014446357580e-01
  +8.38380143157988477753e-01+j2.36791717495792503057e-01
  +8.56135181263065869750e-01+j1.82100423371741509948e-01
  +8.70565888069490312340e-01+j1.25810588612368240424e-01
  +8.81488009477064848873e-01+j6.81667438740813647069e-02
  +8.88738950132945237925e-01+j9.44042582094974103146e-03
  +8.92182595875772532779e-01-j5.00720357413233230215e-02
  +8.91713893596824958010e-01-j1.10052744568128885172e-01
  +8.87262942888425332200e-01-j1.70166452563006859178e-01
  +8.78798356393839297240e-01-j2.30065668829805891615e-01
  +8.66329669016049130903e-01-j2.89396502774684760695e-01
  +8.49908619721301272776e-01-j3.47805021311370810011e-01
  +8.29629190658028647931e-01-j4.04943854842343409217e-01
  +8.05626361433824822456e-01-j4.60478760829661215581e-01
  +7.78073614688186365740e-01-j5.14094850636080513695e-01
  +7.47179304860556170453e-01-j5.65502205427082738076e-01
  +7.13182067928364693543e-01-j6.14440648027103186735e-01
  +6.76345499896991553257e-01-j6.60683495078695059988e-01
  +6.36952362113750503170e-01-j7.04040181381652585557e-01
  +5.95298580703087720778e-01-j7.44357718932678880108e-01
  +5.51687296683058381319e-01-j7.81521020291560009063e-01
  +5.06423195754502897259e-01-j8.15452173945824032586e-01
  +4.59807306848185881609e-01-j8.46108804488338139826e-01
  +4.12132411364384221297e-01-j8.73481680713180441700e-01
  +3.63679155623082284166e-01-j8.97591750032659230207e-01
  +3.14712911664266126177e-01-j9.18486779264991781702e-01
  +2.65481389472882300939e-01-j9.36237772210776530990e-01
  +2.16212969061049975483e-01-j9.50935316444657008361e-01
  +1.67115694607598952448e-01-j9.62685988419362703716e-01
  +1.18376855064751096425e-01-j9.71608920102343898151e-01
  +7.01630656120183493485e-02-j9.77832604273557448593e-01
  +2.26207609272204290818e-02-j9.81491991076904879421e-01
  -2.41229869137620234198e-02-j9.82725906630397383346e-01
  -6.99594074078933036986e-02-j9.81674806130509391977e-01
  -1.14796800737185983321e-01-j9.78478859171380888071e-01
  -1.58559200650540854660e-01-j9.73276353851431075270e-01
  -2.01184984594606375286e-01-j9.66202398350317737119e-01
  -2.42625474598603729781e-01-j9.57387893591444716357e-01
  -2.82843563091461636105e-01-j9.46958747867947536747e-01
  -3.21812389445195801141e-01-j9.35035303411195117818e-01
  -3.59514085747677181182e-01-j9.21731945362796123433e-01
  -3.95938604153577178302e-01-j9.07156865072774487579e-01
  -4.31082633110792312614e-01-j8.91411951751281961265e-01
  -4.64948605728014607852e-01-j8.74592788978822865964e-01
  -4.97543800425524596065e-01-j8.56788735221945985110e-01
  -5.28879531672154956645e-01-j8.38083070153632814225e-01
  -5.58970426931493236111e-01-j8.18553191132250668183e-01
  -5.87833784801544911858e-01-j7.98270846579012260946e-01
  -6.15489008626539324531e-01-j7.77302395169620186088e-01
  -6.41957109492988453603e-01-j7.55709081701340767978e-01
  -6.67260272413812582926e-01-j7.33547322208013330425e-01
  -6.91421479587063458894e-01-j7.10868992379442010687e-01
  -7.14464184834657234369e-01-j6.87721714612160361924e-01
  -7.36412033637485752280e-01-j6.64149140093983070265e-01
  -7.57288623552122452942e-01-j6.40191223225082817194e-01
  -7.77117300194328231022e-01-j6.15884486424509214331e-01
  -7.95920984386186081139e-01-j5.91262273982852581966e-01
  -8.13722026472234460925e-01-j5.66354994118523968893e-01
  -8.30542084205448949419e-01-j5.41190348793779474335e-01
  -8.46402020979368230336e-01-j5.15793551163086783085e-01
  -8.61321821533973963625e-01-j4.90187530774212176787e-01
  -8.75320522587710869722e-01-j4.64393126833636982198e-01
  -8.88416156145531710209e-01-j4.38429269992940406908e-01
  -9.00625703503277086348e-01-j4.12313153220263517440e-01
  -9.11965058212936385829e-01-j3.86060392398743568165e-01
  -9.22448996492983508411e-01-j3.59685177347687679017e-01
  -9.32091153764588176145e-01-j3.33200413998012812122e-01
  -9.40904006170246942631e-01-j3.06617858475052906808e-01
  -9.48898856088085440597e-01-j2.79948243853039624440e-01
  -9.56085820794904117648e-01-j2.53201400349411132051e-01
  -9.62473823555932139762e-01-j2.26386369725741082304e-01
  -9.68070586531172727618e-01-j1.99511514657841226850e-01
  -9.72882624989064970222e-01-j1.72584623831624983659e-01
  -9.76915242409696515935e-01-j1.45613013515338562964e-01
  -9.80172526143758604533e-01-j1.18603626353385477321e-01
  -9.82657343371462599357e-01-j9.15631281231349958283e-02
  -9.84371337179389738203e-01-j6.44980031944584197845e-02
  -9.85314922644199397972e-01-j3.74146494325438006001e-02
  -9.85487282881987503025e-01-j1.03194732880860784441e-02
  -9.84886365092269344679e-01+j1.67810141744794694141e-02
  -9.83508876697761547092e-01+j4.38800995507179769639e-02
  -9.81350281756916742459e-01+j7.09707668998620644363e-02
  -9.78404797907259315970e-01+j9.80455942919430389892e-02
  -9.74665394185701527974e-01+j1.25096646295704050367e-01
  -9.70123790169152511176e-01+j1.52115361587330216731e-01
  -9.64770456986772995123e-01+j1.79092434842706260678e-01
  -9.58594620876324632341e-01+j2.06017692059904500290e-01
  -9.51584270093548401093e-01+j2.32879958445617984975e-01
  -9.43726166137552779922e-01+j2.59666917991545620481e-01
  -9.35005860429564905623e-01+j2.86364963867020039245e-01
  -9.25407717779317184892e-01+j3.12959038766010111399e-01
  -9.14914948195660326924e-01+j3.39432464374234743598e-01
  -9.03509648847984569997e-01+j3.65766759170769895082e-01
  -8.91172858265008582812e-01+j3.91941443854841864436e-01
  -8.77884625169371157760e-01+j4.17933833799916554241e-01
  -8.63624094691346932962e-01+j4.43718818093415678927e-01
  -8.48369615083211181528e-01+j4.69268624932308919817e-01
  -8.32098868466062513427e-01+j4.94552573425544705898e-01
  -8.14789029580070378600e-01+j5.19536812219178911754e-01
  -7.96416956971404466081e-01+j5.44184045826349493957e-01
  -7.76959421524845983420e-01+j5.68453250132062937183e-01
  -7.56393377726432558639e-01+j5.92299379273773296539e-01
  -7.34696283495155477716e-01+j6.15673066996985873800e-01
  -7.11846474829377240390e-01+j6.38520326675453997467e-01
  -6.87823601835459208509e-01+j6.60782255493087444798e-01
  -6.62609132895353503123e-01+j6.82394749832962665970e-01
  -6.36186933726128556188e-01+j7.03288240727156677146e-01
  -6.08543927811692753060e-01+j7.23387460301742613034e-01
  -5.79670844054073652885e-01+j7.42611252504089103255e-01
  -5.49563056389165804916e-01+j7.60872444007115400488e-01
  -5.18221518414840542910e-01+j7.78077794004363831881e-01
</dep>
