<Qucs Dataset 1.0.7>
<indep frequency 181>
  +1.00000000000000000000e+09
  +1.05000000000000000000e+09
  +1.10000000000000000000e+09
  +1.15000000000000000000e+09
  +1.20000000000000000000e+09
  +1.25000000000000000000e+09
  +1.30000000000000000000e+09
  +1.35000000000000000000e+09
  +1.40000000000000000000e+09
  +1.45000000000000000000e+09
  +1.50000000000000000000e+09
  +1.55000000000000000000e+09
  +1.60000000000000000000e+09
  +1.65000000000000000000e+09
  +1.70000000000000000000e+09
  +1.75000000000000000000e+09
  +1.80000000000000000000e+09
  +1.85000000000000000000e+09
  +1.90000000000000000000e+09
  +1.95000000000000000000e+09
  +2.00000000000000000000e+09
  +2.05000000000000000000e+09
  +2.10000000000000000000e+09
  +2.15000000000000000000e+09
  +2.20000000000000000000e+09
  +2.25000000000000000000e+09
  +2.30000000000000000000e+09
  +2.35000000000000000000e+09
  +2.40000000000000000000e+09
  +2.45000000000000000000e+09
  +2.50000000000000000000e+09
  +2.55000000000000000000e+09
  +2.60000000000000000000e+09
  +2.65000000000000000000e+09
  +2.70000000000000000000e+09
  +2.75000000000000000000e+09
  +2.80000000000000000000e+09
  +2.85000000000000000000e+09
  +2.90000000000000000000e+09
  +2.95000000000000000000e+09
  +3.00000000000000000000e+09
  +3.05000000000000000000e+09
  +3.10000000000000000000e+09
  +3.15000000000000000000e+09
  +3.20000000000000000000e+09
  +3.25000000000000000000e+09
  +3.30000000000000000000e+09
  +3.35000000000000000000e+09
  +3.40000000000000000000e+09
  +3.45000000000000000000e+09
  +3.50000000000000000000e+09
  +3.55000000000000000000e+09
  +3.60000000000000000000e+09
  +3.65000000000000000000e+09
  +3.70000000000000000000e+09
  +3.75000000000000000000e+09
  +3.80000000000000000000e+09
  +3.85000000000000000000e+09
  +3.90000000000000000000e+09
  +3.95000000000000000000e+09
  +4.00000000000000000000e+09
  +4.05000000000000000000e+09
  +4.10000000000000000000e+09
  +4.15000000000000000000e+09
  +4.20000000000000000000e+09
  +4.25000000000000000000e+09
  +4.30000000000000000000e+09
  +4.35000000000000000000e+09
  +4.40000000000000000000e+09
  +4.45000000000000000000e+09
  +4.50000000000000000000e+09
  +4.55000000000000000000e+09
  +4.60000000000000000000e+09
  +4.65000000000000000000e+09
  +4.70000000000000000000e+09
  +4.75000000000000000000e+09
  +4.80000000000000000000e+09
  +4.85000000000000000000e+09
  +4.90000000000000000000e+09
  +4.95000000000000000000e+09
  +5.00000000000000000000e+09
  +5.05000000000000000000e+09
  +5.10000000000000000000e+09
  +5.15000000000000000000e+09
  +5.20000000000000000000e+09
  +5.25000000000000000000e+09
  +5.30000000000000000000e+09
  +5.35000000000000000000e+09
  +5.40000000000000000000e+09
  +5.45000000000000000000e+09
  +5.50000000000000000000e+09
  +5.55000000000000000000e+09
  +5.60000000000000000000e+09
  +5.65000000000000000000e+09
  +5.70000000000000000000e+09
  +5.75000000000000000000e+09
  +5.80000000000000000000e+09
  +5.85000000000000000000e+09
  +5.90000000000000000000e+09
  +5.95000000000000000000e+09
  +6.00000000000000000000e+09
  +6.05000000000000000000e+09
  +6.10000000000000000000e+09
  +6.15000000000000000000e+09
  +6.20000000000000000000e+09
  +6.25000000000000000000e+09
  +6.30000000000000000000e+09
  +6.35000000000000000000e+09
  +6.40000000000000000000e+09
  +6.45000000000000000000e+09
  +6.50000000000000000000e+09
  +6.55000000000000000000e+09
  +6.60000000000000000000e+09
  +6.65000000000000000000e+09
  +6.70000000000000000000e+09
  +6.75000000000000000000e+09
  +6.80000000000000000000e+09
  +6.85000000000000000000e+09
  +6.90000000000000000000e+09
  +6.95000000000000000000e+09
  +7.00000000000000000000e+09
  +7.05000000000000000000e+09
  +7.10000000000000000000e+09
  +7.15000000000000000000e+09
  +7.20000000000000000000e+09
  +7.25000000000000000000e+09
  +7.30000000000000000000e+09
  +7.35000000000000000000e+09
  +7.40000000000000000000e+09
  +7.45000000000000000000e+09
  +7.50000000000000000000e+09
  +7.55000000000000000000e+09
  +7.60000000000000000000e+09
  +7.65000000000000000000e+09
  +7.70000000000000000000e+09
  +7.75000000000000000000e+09
  +7.80000000000000000000e+09
  +7.85000000000000000000e+09
  +7.90000000000000000000e+09
  +7.95000000000000000000e+09
  +8.00000000000000000000e+09
  +8.05000000000000000000e+09
  +8.10000000000000000000e+09
  +8.15000000000000000000e+09
  +8.20000000000000000000e+09
  +8.25000000000000000000e+09
  +8.30000000000000000000e+09
  +8.35000000000000000000e+09
  +8.40000000000000000000e+09
  +8.45000000000000000000e+09
  +8.50000000000000000000e+09
  +8.55000000000000000000e+09
  +8.60000000000000000000e+09
  +8.65000000000000000000e+09
  +8.70000000000000000000e+09
  +8.75000000000000000000e+09
  +8.80000000000000000000e+09
  +8.85000000000000000000e+09
  +8.90000000000000000000e+09
  +8.95000000000000000000e+09
  +9.00000000000000000000e+09
  +9.05000000000000000000e+09
  +9.10000000000000000000e+09
  +9.15000000000000000000e+09
  +9.20000000000000000000e+09
  +9.25000000000000000000e+09
  +9.30000000000000000000e+09
  +9.35000000000000000000e+09
  +9.40000000000000000000e+09
  +9.45000000000000000000e+09
  +9.50000000000000000000e+09
  +9.55000000000000000000e+09
  +9.60000000000000000000e+09
  +9.65000000000000000000e+09
  +9.70000000000000000000e+09
  +9.75000000000000000000e+09
  +9.80000000000000000000e+09
  +9.85000000000000000000e+09
  +9.90000000000000000000e+09
  +9.95000000000000000000e+09
  +1.00000000000000000000e+10
</indep>
<dep S21_phase frequency>
  -6.60481495486530150174e+01
  -6.85934843034224428493e+01
  -7.10802324058818584263e+01
  -7.35120190081397169024e+01
  -7.58924245923738425290e+01
  -7.82249571577151527890e+01
  -8.05130318817774224271e+01
  -8.27599569372352164009e+01
  -8.49689242996341675962e+01
  -8.71430045416283149962e+01
  -8.92851447610622415141e+01
  -9.13981689301092927735e+01
  -9.34847800770995291941e+01
  -9.55475638209238837817e+01
  -9.75889928704361011569e+01
  -9.96114321790987702343e+01
  -1.01617144509885974912e+02
  -1.03608296218669011068e+02
  -1.05586963107678187157e+02
  -1.07555136235627117003e+02
  -1.09514727599097739130e+02
  -1.11467575621981296763e+02
  -1.13415450407242147435e+02
  -1.15360058718851846038e+02
  -1.17303048672188140245e+02
  -1.19246014119126812147e+02
  -1.21190498719975096265e+02
  -1.23137999698708668461e+02
  -1.25089971281053919938e+02
  -1.27047827817040470677e+02
  -1.29012946590992498841e+02
  -1.30986670322690827106e+02
  -1.32970309363801192148e+02
  -1.34965143593705363401e+02
  -1.36972424018732652939e+02
  -1.38993374078529967619e+02
  -1.41029190662991652516e+02
  -1.43081044842862667110e+02
  -1.45150082316885146838e+02
  -1.47237423578187019757e+02
  -1.49344163802571273436e+02
  -1.51471372461481962546e+02
  -1.53620092662687738994e+02
  -1.55791340222183947617e+02
  -1.57986102471457940055e+02
  -1.60205336805085380547e+02
  -1.62449968974641564046e+02
  -1.64720891136062590476e+02
  -1.67018959658916060107e+02
  -1.69344992707423386946e+02
  -1.71699767604553954925e+02
  -1.74084017991966788941e+02
  -1.76498430799981207429e+02
  -1.78943643043059296360e+02
  +1.78579761542638294713e+02
  +1.76071256002205728919e+02
  +1.73530373787513696016e+02
  +1.70956712487183409621e+02
  +1.68349937643105675988e+02
  +1.65709786636167848428e+02
  +1.63036072624764813099e+02
  +1.60328688520788517735e+02
  +1.57587610989024994979e+02
  +1.54812904456980675150e+02
  +1.52004725122899770895e+02
  +1.49163324949769247496e+02
  +1.46289055632117367622e+02
  +1.43382372519989189641e+02
  +1.40443838480268453850e+02
  +1.37474127669162413667e+02
  +1.34474029180887669099e+02
  +1.31444450526285493197e+02
  +1.28386420881212131917e+02
  +1.25301094028405842096e+02
  +1.22189750898554322589e+02
  +1.19053801597324905970e+02
  +1.15894786786214282870e+02
  +1.12714378267634501185e+02
  +1.09514378610268721559e+02
  +1.06296719641198890827e+02
  +1.03063459628441151494e+02
  +9.98167789830474987411e+01
  +9.65589743252953951469e+01
  +9.32924507856737221800e+01
  +9.00197124487563655748e+01
  +8.67433508961982511209e+01
  +8.34660318627169175443e+01
  +8.01904800838346432101e+01
  +7.69194624833529019270e+01
  +7.36557699183147889244e+01
  +7.04021977654810342528e+01
  +6.71615256919208718500e+01
  +6.39364969992010827582e+01
  +6.07297979625732722297e+01
  +5.75440376010510732385e+01
  +5.43817283101113204680e+01
  +5.12452677660104143342e+01
  +4.81369224706583267448e+01
  +4.50588132511526495705e+01
  +4.20129029618205436236e+01
  +3.90009865629240124463e+01
  +3.60246836733061286395e+01
  +3.30854336183160171458e+01
  +3.01844929230528080666e+01
  +2.73229351374267253050e+01
  +2.45016528259679446933e+01
  +2.17213615131732176167e+01
  +1.89826053450185980864e+01
  +1.62857642088717859963e+01
  +1.36310620466391583250e+01
  +1.10185760982569327382e+01
  +8.44824682303917207093e+00
  +5.91988826320091110489e+00
  +3.43319863532639368842e+00
  +9.87770960075810999790e-01
  -1.41689643351683902672e+00
  -3.78138966638900786421e+00
  -6.10636944194457775836e+00
  -8.39256163992895665160e+00
  -1.06407484366079376770e+01
  -1.28517599962067006203e+01
  -1.50264667610999058667e+01
  -1.71657723533075916578e+01
  -1.92706070873919195208e+01
  -2.13419220847074768699e+01
  -2.33806839709551503859e+01
  -2.53878701328739388998e+01
  -2.73644645054766755266e+01
  -2.93114538582135431000e+01
  -3.12298245466475634657e+01
  -3.31205596954005869748e+01
  -3.49846367781096674321e+01
  -3.68230255607346350644e+01
  -3.86366863756457519230e+01
  -4.04265686953563232464e+01
  -4.21936099764441792104e+01
  -4.39387347460506987318e+01
  -4.56628539052771174056e+01
  -4.73668642257495662307e+01
  -4.90516480175741307335e+01
  -5.07180729488043553488e+01
  -5.23669919983647957906e+01
  -5.39992435261126857426e+01
  -5.56156514453622250471e+01
  -5.72170254847178370028e+01
  -5.88041615274864426510e+01
  -6.03778420182516200043e+01
  -6.19388364273888569755e+01
  -6.34879017653999255799e+01
  -6.50257831399467960409e+01
  -6.65532143493631451747e+01
  -6.80709185072471001376e+01
  -6.95796086934569188998e+01
  -7.10799886275132024593e+01
  -7.25727533609785808721e+01
  -7.40585899859187577476e+01
  -7.55381783570237672620e+01
  -7.70121918253578030544e+01
  -7.84812979821006564407e+01
  -7.99461594109132676067e+01
  -8.14074344479138716224e+01
  -8.28657779483885974514e+01
  -8.43218420596744522300e+01
  -8.57762769997065248617e+01
  -8.72297318410013673429e+01
  -8.86828552997751273779e+01
  +8.98637034696884597906e+01
  +8.84092940759329195544e+01
  +8.69532640858247702909e+01
  +8.54949582152930531720e+01
  +8.40337175150457795780e+01
  +8.25688785513259801974e+01
  +8.10997725820265884522e+01
  +7.96257247283084268474e+01
  +7.81460531422173119154e+01
  +7.66600681708664950520e+01
  +7.51670715180262618560e+01
  +7.36663554042067829641e+01
  +7.21572017266303760152e+01
  +7.06388812208887202360e+01
  +6.91106526264705394169e+01
</dep>
<dep S11_phase frequency>
  -1.56086387795376595022e+02
  -1.58628140464459988834e+02
  -1.61111297659913532243e+02
  -1.63539476853994898420e+02
  -1.65916252069997455010e+02
  -1.68245125853944017535e+02
  -1.70529508768869675350e+02
  -1.72772705080531949307e+02
  -1.74977903462314003491e+02
  -1.77148171708315885553e+02
  -1.79286454597434726566e+02
  +1.78604425807823048444e+02
  +1.76521768018803697942e+02
  +1.74462987616561491677e+02
  +1.72425612775231172691e+02
  +1.70407279123876435278e+02
  +1.68405724192713250886e+02
  +1.66418781636216948527e+02
  +1.64444375382067107694e+02
  +1.62480513819784334828e+02
  +1.60525284114795624646e+02
  +1.58576846711388157019e+02
  +1.56633430070483342433e+02
  +1.54693325674529745584e+02
  +1.52754883321331050183e+02
  +1.50816506720664250452e+02
  +1.48876649401597120459e+02
  +1.46933810934090956835e+02
  +1.44986533465386031594e+02
  +1.43033398569581265747e+02
  +1.41073024407482222387e+02
  +1.39104063193037774226e+02
  +1.37125198962342352615e+02
  +1.35135145641162779384e+02
  +1.33132645407119241554e+02
  +1.31116467342954479136e+02
  +1.29085406377694908997e+02
  +1.27038282512864569185e+02
  +1.24973940331245032098e+02
  +1.22891248785922826414e+02
  +1.20789101267499745518e+02
  +1.18666415947347957172e+02
  +1.16522136394640853041e+02
  +1.14355232464581050067e+02
  +1.12164701454754109022e+02
  +1.09949569525880875176e+02
  +1.07708893382413037898e+02
  +1.05441762207444412525e+02
  +1.03147299845292451437e+02
  +1.00824667223907454172e+02
  +9.84730650079816456355e+01
  +9.60917364723479323629e+01
  +9.36799705839885632486e+01
  +9.12371052797894606101e+01
  +8.87625309261350992074e+01
  +8.62556939455611200174e+01
  +8.37161005950434571332e+01
  +8.11433208800931140559e+01
  +7.85369925886692925587e+01
  +7.58968254289812023217e+01
  +7.32226052554644581960e+01
  +7.05141983674752026445e+01
  +6.77715558654126226656e+01
  +6.49947180488374840479e+01
  +6.21838188404798017928e+01
  +5.93390902185224504706e+01
  +5.64608666369193912260e+01
  +5.35495894094238096272e+01
  +5.06058110271901142596e+01
  +4.76301993720041068059e+01
  +4.46235417772326101726e+01
  +4.15867488764522050815e+01
  +3.85208581655073700745e+01
  +3.54270371878405612165e+01
  +3.23065862358692115208e+01
  +2.91609404438157788775e+01
  +2.59916711307824357391e+01
  +2.28004862383667550318e+01
  +1.95892296962076919442e+01
  +1.63598795431994332716e+01
  +1.31145446333197099875e+01
  +9.85545976459323824770e+00
  +6.58497908886647564941e+00
  +3.30556768956503210788e+00
  +1.97912545849085880212e-02
  -3.26969617862163142163e+00
  -6.56016637029898141975e+00
  -9.84883281778469132917e+00
  -1.31328683188352037803e+01
  -1.64094239228952680776e+01
  -1.96756489707931372379e+01
  -2.29287118680249193403e+01
  -2.61658211934676181443e+01
  -2.93842467171021155536e+01
  -3.25813398893840542314e+01
  -3.57545533723229382872e+01
  -3.89014592079358720866e+01
  -4.20197652621235491210e+01
  -4.51073296386544555503e+01
  -4.81621728254142809078e+01
  -5.11824874094410944281e+01
  -5.41666452743371777956e+01
  -5.71132022693459546758e+01
  -6.00209004101006726728e+01
  -6.28886677337608617222e+01
  -6.57156159838040991872e+01
  -6.85010363407653244394e+01
  -7.12443934442336939128e+01
  -7.39453179686612855903e+01
  -7.66035980218710363943e+01
  -7.92191696318704856594e+01
  -8.17921065762940884269e+01
  -8.43226097912151288938e+01
  -8.68109965739564870546e+01
  -8.92576897694799384908e+01
  -9.16632071034302100543e+01
  -9.40281507981764832493e+01
  -9.63531975822250501551e+01
  -9.86390891789248343002e+01
  -1.00886623337994635108e+02
  -1.03096645453378854995e+02
  -1.05270040793467842377e+02
  -1.07407727354816643128e+02
  -1.09510649338086963667e+02
  -1.11579771234870904095e+02
  -1.13616072506132908870e+02
  -1.15620542826987033891e+02
  -1.17594177868190129743e+02
  -1.19537975581808282755e+02
  -1.21452932956806009202e+02
  -1.23340043209572911564e+02
  -1.25200293374469538321e+02
  -1.27034662260153808688e+02
  -1.28844118738613673258e+02
  -1.30629620335329917680e+02
  -1.32392112090740056374e+02
  -1.34132525665069124443e+02
  -1.35851778660572591662e+02
  -1.37550774137238647654e+02
  -1.39230400299979578449e+02
  -1.40891530337278283014e+02
  -1.42535022393109272798e+02
  -1.44161719655716979105e+02
  -1.45772450548497090494e+02
  -1.47368029009771134952e+02
  -1.48949254849685218005e+02
  -1.50516914173785380626e+02
  -1.52071779864038092001e+02
  -1.53614612109170707299e+02
  -1.55146158977214497554e+02
  -1.56667157024046616698e+02
  -1.58178331932545575000e+02
  -1.59680399177719579029e+02
  -1.61174064713827135620e+02
  -1.62660025680102961587e+02
  -1.64138971122230771016e+02
  -1.65611582727171679608e+02
  -1.67078535569374224679e+02
  -1.68540498866754347773e+02
  -1.69998136745155704830e+02
  -1.71452109010280025814e+02
  -1.72903071926315135443e+02
  -1.74351679000698368327e+02
  -1.75798581774622959983e+02
  -1.77244430619041224872e+02
  -1.78689875536030200465e+02
  +1.79864433034525973198e+02
  +1.78417843402921846518e+02
  +1.76969701812237559579e+02
  +1.75519351615508981013e+02
  +1.74066132447425019336e+02
  +1.72609379390559411149e+02
  +1.71148422136225462964e+02
  +1.69682584140140846785e+02
  +1.68211181773238592996e+02
  +1.66733523468131238587e+02
  +1.65248908861953992755e+02
  +1.63756627936574744808e+02
  +1.62255960157467427507e+02
  +1.60746173612910070005e+02
  +1.59226524155599264532e+02
</dep>
<dep S21_dB frequency>
  -2.38753009825563866642e+00
  -2.54649507548165354720e+00
  -2.70278751344063694617e+00
  -2.85597901513961804909e+00
  -3.00570399529862575250e+00
  -3.15165318253134829618e+00
  -3.29356749158409822797e+00
  -3.43123233882685596541e+00
  -3.56447243785980205644e+00
  -3.69314708561344007265e+00
  -3.81714593072557129005e+00
  -3.93638520355147347729e+00
  -4.05080437941027327042e+00
  -4.16036324238156307587e+00
  -4.26503931518307144444e+00
  -4.36482562060030865325e+00
  -4.45972874106738714772e+00
  -4.54976714484309319175e+00
  -4.63496974951178675184e+00
  -4.71537469601382497331e+00
  -4.79102830893769127130e+00
  -4.86198422126890861250e+00
  -4.92830264413096053033e+00
  -4.99004976422868473662e+00
  -5.04729725368883475056e+00
  -5.10012187878852607525e+00
  -5.14860519566485308474e+00
  -5.19283332251319418305e+00
  -5.23289677902905658868e+00
  -5.26889038492798178481e+00
  -5.30091321031346129899e+00
  -5.32906857146197321384e+00
  -5.35346406627330573258e+00
  -5.37421164420194052980e+00
  -5.39142770595756815055e+00
  -5.40523322864676103450e+00
  -5.41575391233449998651e+00
  -5.42312034424538680355e+00
  -5.42746817700447969912e+00
  -5.42893831744970789543e+00
  -5.42767712263590684785e+00
  -5.42383659970638021264e+00
  -5.41757460633567689001e+00
  -5.40905504845706541772e+00
  -5.39844807198773590784e+00
  -5.38593024525886399090e+00
  -5.37168472885915715409e+00
  -5.35590142960777804149e+00
  -5.33877713540390796965e+00
  -5.32051562774959663216e+00
  -5.30132776882248268890e+00
  -5.28143156008715308758e+00
  -5.26105216957484955742e+00
  -5.24042192514016935689e+00
  -5.21978027120138499129e+00
  -5.19937368669803756660e+00
  -5.17945556222987768535e+00
  -5.16028603457138146382e+00
  -5.14213177696338696876e+00
  -5.12526574374942089918e+00
  -5.10996686802628108381e+00
  -5.09651971099451284175e+00
  -5.08521406160164080035e+00
  -5.07634448485208267243e+00
  -5.07020981680045146334e+00
  -5.06711260374628569281e+00
  -5.06735848251774978479e+00
  -5.07125549799599806278e+00
  -5.07911335323204227166e+00
  -5.09124258670969886964e+00
  -5.10795367059735738735e+00
  -5.12955602330795734645e+00
  -5.15635692948060420093e+00
  -5.18866036073228364955e+00
  -5.22676569135165713931e+00
  -5.27096630463559367996e+00
  -5.32154808792449784960e+00
  -5.37878781763417102013e+00
  -5.44295143974209860716e+00
  -5.51429225621466834184e+00
  -5.59304903363959748930e+00
  -5.67944405664943374745e+00
  -5.77368115529745296044e+00
  -5.87594374200679414599e+00
  -5.98639289963433895991e+00
  -6.10516556710502733551e+00
  -6.23237287253106764240e+00
  -6.36809866530549584240e+00
  -6.51239829802658221070e+00
  -6.66529770605769122938e+00
  -6.82679282700663137007e+00
  -6.99684939453694987321e+00
  -7.17540313101903670656e+00
  -7.36236035203998806509e+00
  -7.55759898333406177073e+00
  -7.76096997794773990620e+00
  -7.97229910912424877267e+00
  -8.19138910317475676948e+00
  -8.41802206708165101645e+00
  -8.65196215822571090825e+00
  -8.89295843873398794699e+00
  -9.14074785464250716416e+00
  -9.39505828029198397644e+00
  -9.65561157093980071409e+00
  -9.92212657113065432668e+00
  -1.01943220325281718175e+01
  -1.04719194022067512151e+01
  -1.07546454503795239077e+01
  -1.10422347147669714928e+01
  -1.13344317469115338781e+01
  -1.16309931534072958925e+01
  -1.19316894320162951715e+01
  -1.22363066088220744376e+01
  -1.25446476878646322461e+01
  -1.28565339290776776693e+01
  -1.31718059738627530919e+01
  -1.34903248403593991611e+01
  -1.38119728125176788325e+01
  -1.41366542485778872162e+01
  -1.44642963356553639898e+01
  -1.47948498179573206812e+01
  -1.51282897268715146311e+01
  -1.54646161419101453305e+01
  -1.58038550124064318680e+01
  -1.61460590710950597781e+01
  -1.64913088724126382090e+01
  -1.68397139906851407432e+01
  -1.71914144165205904358e+01
  -1.75465821938879287245e+01
  -1.79054233458079465890e+01
  -1.82681801436038675490e+01
  -1.86351337836609936005e+01
  -1.90066075471191417989e+01
  -1.93829705325326315801e+01
  -1.97646420701272838016e+01
  -2.01520969500088114046e+01
  -2.05458716270549999194e+01
  -2.09465716043100584898e+01
  -2.13548802473109766709e+01
  -2.17715693477689633539e+01
  -2.21975118417971728491e+01
  -2.26336972029850578281e+01
  -2.30812501848584759045e+01
  -2.35414537962035126384e+01
  -2.40157776791408039685e+01
  -2.45059134575737047612e+01
  -2.50138191838106322962e+01
  -2.55417758124427685118e+01
  -2.60924597962861106737e+01
  -2.66690376271713489587e+01
  -2.72752907592957960503e+01
  -2.79157834022400486162e+01
  -2.85960921054431516097e+01
  -2.93231265831374443565e+01
  -3.01055890315722081141e+01
  -3.09546504651304204003e+01
  -3.18849800231569737718e+01
  -3.29163742753904315919e+01
  -3.40764622172804862998e+01
  -3.54054695956868528128e+01
  -3.69652675081397106283e+01
  -3.88583638267376514364e+01
  -4.12737463679291209928e+01
  -4.46238663825706538546e+01
  -5.01455639342124044333e+01
  -6.92543787463308859742e+01
  -5.22987871005938913527e+01
  -4.56655165895029142575e+01
  -4.19335127493980621693e+01
  -3.93171800261906980722e+01
  -3.72953493570714869065e+01
  -3.56428809594325315402e+01
  -3.42417871892109175747e+01
  -3.30224591072650994761e+01
  -3.19403715443644564687e+01
  -3.09653145630584027970e+01
  -3.00758477591208297497e+01
  -2.92562047231798381119e+01
  -2.84944535012070545577e+01
  -2.77813471824672042487e+01
  -2.71095755175022858907e+01
</dep>
<dep S11_dB frequency>
  -3.77942334173030847211e+00
  -3.57026505874241228966e+00
  -3.38087674298205875800e+00
  -3.20907574913487625423e+00
  -3.05296585271587872512e+00
  -2.91089409562750089933e+00
  -2.78141518013017519095e+00
  -2.66326185625808875557e+00
  -2.55532012614279446794e+00
  -2.45660836041872521207e+00
  -2.36625962054127869649e+00
  -2.28350662861699627015e+00
  -2.20766893806555897228e+00
  -2.13814194418268987974e+00
  -2.07438744038307598672e+00
  -2.01592547846596659156e+00
  -1.96232733308726858823e+00
  -1.91320940427898245062e+00
  -1.86822791912904406786e+00
  -1.82707431601698822021e+00
  -1.78947121310199741551e+00
  -1.75516887788660791436e+00
  -1.72394212723062634218e+00
  -1.69558759765569244671e+00
  -1.66992133453195301662e+00
  -1.64677665608569689937e+00
  -1.62600225434802436730e+00
  -1.60746050038510635005e+00
  -1.59102592556595001660e+00
  -1.57658385437237424931e+00
  -1.56402916744634112867e+00
  -1.55326517629554139432e+00
  -1.54420259341472032588e+00
  -1.53675858359688488619e+00
  -1.53085588395751570623e+00
  -1.52642198172781995424e+00
  -1.52338834023041735932e+00
  -1.52168966466961008699e+00
  -1.52126320048444974020e+00
  -1.52204805805172815880e+00
  -1.52398455851969227837e+00
  -1.52701359652360180164e+00
  -1.53107601650523394987e+00
  -1.53611200035180028856e+00
  -1.54206046510324124021e+00
  -1.54885847056767156360e+00
  -1.55644063784655206639e+00
  -1.56473858101431417822e+00
  -1.57368035552632390406e+00
  -1.58318992834566185657e+00
  -1.59318667627583554491e+00
  -1.60358492054774437463e+00
  -1.61429350731278375974e+00
  -1.62521544529931971645e+00
  -1.63624761345524616374e+00
  -1.64728055285512509087e+00
  -1.65819835842671259307e+00
  -1.66887868705280117965e+00
  -1.67919289922873526955e+00
  -1.68900635158673373404e+00
  -1.69817885711314531250e+00
  -1.70656532865806265242e+00
  -1.71401661924876735910e+00
  -1.72038056966363139821e+00
  -1.72550326961898337075e+00
  -1.72923053372705792796e+00
  -1.73140958710374714968e+00
  -1.73189094821015054926e+00
  -1.73053048835019951390e+00
  -1.72719163844140100039e+00
  -1.72174770454839842770e+00
  -1.71408424461769426372e+00
  -1.70410145035583471262e+00
  -1.69171647079072418052e+00
  -1.67686560830725817084e+00
  -1.65950631442525198267e+00
  -1.63961891179161467491e+00
  -1.61720797121987169831e+00
  -1.59230327839493579489e+00
  -1.56496033416713586917e+00
  -1.53526034505407071862e+00
  -1.50330967628739253783e+00
  -1.46923875787833191353e+00
  -1.43320045390756112269e+00
  -1.39536792557404676351e+00
  -1.35593203835517472911e+00
  -1.31509838179371296718e+00
  -1.27308398584936988129e+00
  -1.23011382949252534580e+00
  -1.18641724455363672952e+00
  -1.14222432034542342727e+00
  -1.09776241213828584797e+00
  -1.05325284942101138341e+00
  -1.00890792856077027295e+00
  -9.64928259791422826552e-01
  -9.21500521400048344667e-01
  -8.78795655646841478159e-01
  -8.36967522445961065181e-01
  -7.96152009186082310066e-01
  -7.56466579158913576819e-01
  -7.18010227568417591648e-01
  -6.80863803458897520748e-01
  -6.45090648335871597041e-01
  -6.10737497745912349956e-01
  -5.77835590432391965621e-01
  -5.46401930548069070248e-01
  -5.16440651342274903435e-01
  -4.87944433265355859142e-01
  -4.60895935050196103866e-01
  -4.35269202579955105659e-01
  -4.11031026823623080180e-01
  -3.88142228477714512636e-01
  -3.66558852933930923168e-01
  -3.46233264611021718249e-01
  -3.27115134431450405028e-01
  -3.09152318233289258309e-01
  -2.92291627178798363307e-01
  -2.76479493786682017920e-01
  -2.61662539129924209824e-01
  -2.47788048081755835073e-01
  -2.34804360338142364961e-01
  -2.22661185382086068696e-01
  -2.11309849660639259561e-01
  -2.00703484096758616451e-01
  -1.90797159718174014209e-01
  -1.81547978712426227865e-01
  -1.72915127658111150710e-01
  -1.64859899075140481362e-01
  -1.57345686812033896951e-01
  -1.50337960169112355713e-01
  -1.43804221059306736041e-01
  -1.37713947945073189594e-01
  -1.32038529768766205175e-01
  -1.26751192616935154378e-01
  -1.21826921431311810395e-01
  -1.17242378696647248093e-01
  -1.12975821699804385156e-01
  -1.09007019660390266913e-01
  -1.05317171779914592333e-01
  -1.01888827038096430044e-01
  -9.87058063803051000118e-02
  -9.57531277837920941076e-02
  -9.30169345601788433164e-02
  -9.04844271438062647261e-02
  -8.81437985270409340988e-02
  -8.59841734324277157109e-02
  -8.39955512543272553305e-02
  -8.21687527579754162232e-02
  -8.04953704896740201979e-02
  -7.89677228260196872878e-02
  -7.75788115720924126295e-02
  -7.63222830060941298536e-02
  -7.51923922610851364068e-02
  -7.41839709312422934673e-02
  -7.32923977907586204905e-02
  -7.25135725166334010883e-02
  -7.18438923120634509445e-02
  -7.12802313345964194680e-02
  -7.08199228419415516278e-02
  -7.04607439784646627512e-02
  -7.02009031361971874707e-02
  -7.00390298364332725134e-02
  -6.99741670899061557476e-02
  -7.00057662074834718968e-02
  -7.01336840459692717475e-02
  -7.03581826886093136819e-02
  -7.06799315739041061901e-02
  -7.11000121015945285574e-02
  -7.16199247599537264231e-02
  -7.22415988347673149184e-02
  -7.29674047761971200643e-02
  -7.38001693170809019984e-02
  -7.47431934530432273700e-02
  -7.58002734128011973480e-02
  -7.69757247649106995935e-02
  -7.82744098259029186249e-02
  -7.97017685531467290350e-02
  -8.12638531251032442126e-02
  -8.29673664301296270862e-02
  -8.48197047036183676694e-02
  -8.68290045715575942165e-02
</dep>
<dep Zin_ohm frequency>
  +7.52238552433942345488e+02
  +6.91791663856202603711e+02
  +6.35141161622572212764e+02
  +5.82272325006801338532e+02
  +5.33258494038913227087e+02
  +4.88277859910692598078e+02
  +4.47630640140476998567e+02
  +4.11751706316878539837e+02
  +3.81208199079224584693e+02
  +3.56665044164831101625e+02
  +3.38799293033461651703e+02
  +3.28158469426709189065e+02
  +3.24995986258305947558e+02
  +3.29157399491676585512e+02
  +3.40085445089306858790e+02
  +3.56943528250320810002e+02
  +3.78787862424590684896e+02
  +4.04711802263004017277e+02
  +4.33928573761643747275e+02
  +4.65798987222999471669e+02
  +4.99825720219097149766e+02
  +5.35633080808445811272e+02
  +5.72943607050785089996e+02
  +6.11556746329696352404e+02
  +6.51331326382389079299e+02
  +6.92171880757877943324e+02
  +7.34018281213166460475e+02
  +7.76838002400571213002e+02
  +8.20620406353882685835e+02
  +8.65372550436479173186e+02
  +9.11116137903851154078e+02
  +9.57885327183193339806e+02
  +1.00572519166142274116e+03
  +1.05469067883273328334e+03
  +1.10484595999530688459e+03
  +1.15626409296845758945e+03
  +1.20902694351389550320e+03
  +1.26322532857922260519e+03
  +1.31895935784539756241e+03
  +1.37633896061489463136e+03
  +1.43548459376111622987e+03
  +1.49652813398132821021e+03
  +1.55961396451165455801e+03
  +1.62490027323294793860e+03
  +1.69256058612913352590e+03
  +1.76278556774670687446e+03
  +1.83578512905589718684e+03
  +1.91179089338958442568e+03
  +1.99105908348076422953e+03
  +2.07387390770345155033e+03
  +2.16055154229859999759e+03
  +2.25144482973569938622e+03
  +2.34694884286942715335e+03
  +2.44750750211872946238e+03
  +2.55362148109954159736e+03
  +2.66585769847391156873e+03
  +2.78486077500812143626e+03
  +2.91136694154699443970e+03
  +3.04622102498215008382e+03
  +3.19039732822111000132e+03
  +3.34502547498577632723e+03
  +3.51142263731526190895e+03
  +3.69113404115992534571e+03
  +3.88598430961739541090e+03
  +4.09814313773195135582e+03
  +4.33021012318253360718e+03
  +4.58532549556281810510e+03
  +4.86731628996678682597e+03
  +5.18089166272384409240e+03
  +5.53190728469546229462e+03
  +5.92772825042316071631e+03
  +6.37773461449650312716e+03
  +6.89403658809220723924e+03
  +7.49250251057802051946e+03
  +8.19425945724734447140e+03
  +9.02791382811077892256e+03
  +1.00328653193639729579e+04
  +1.12642321427595361456e+04
  +1.27999102514524402068e+04
  +1.47494216915049291856e+04
  +1.72594875203792144021e+04
  +2.04916746295393022592e+04
  +2.44811186629701587663e+04
  +2.86613284083433209162e+04
  +3.11908474390116389259e+04
  +3.01351579186227936589e+04
  +2.63618215404360016691e+04
  +2.21191992027372180019e+04
  +1.85075211988093215041e+04
  +1.56749765425170717208e+04
  +1.34835255488416805747e+04
  +1.17713949601876629458e+04
  +1.04110598322479527269e+04
  +9.31070546783679128566e+03
  +8.40545731510538826114e+03
  +7.64923124258716870827e+03
  +7.00882814495758339035e+03
  +6.45992509859979963949e+03
  +5.98439314787208149937e+03
  +5.56849488620944339345e+03
  +5.20165861612385833723e+03
  +4.87563203531327235396e+03
  +4.58388858654644900525e+03
  +4.32120442333256141865e+03
  +4.08335235110886151233e+03
  +3.86687719823363931937e+03
  +3.66892871674554908168e+03
  +3.48713570545866332395e+03
  +3.31951006756941342246e+03
  +3.16437288078868959929e+03
  +3.02029684658884343662e+03
  +2.88606106236737969084e+03
  +2.76061516141418587722e+03
  +2.64305064376280097349e+03
  +2.53257777744625491323e+03
  +2.42850685196967560842e+03
  +2.33023285971031964436e+03
  +2.23722289779590664693e+03
  +2.14900574449842770264e+03
  +2.06516318550962341760e+03
  +1.98532275738807311427e+03
  +1.90915164566626071974e+03
  +1.83635152911833552025e+03
  +1.76665420354514003520e+03
  +1.69981785108924191263e+03
  +1.63562384673593032858e+03
  +1.57387401391700359454e+03
  +1.51438825723582044702e+03
  +1.45700251320090615081e+03
  +1.40156697019465150333e+03
  +1.34794451725386102225e+03
  +1.29600938801519419030e+03
  +1.24564597170385241043e+03
  +1.19674776756885739815e+03
  +1.14921646289069030900e+03
  +1.10296111776143357019e+03
  +1.05789744238724051684e+03
  +1.01394715478545526821e+03
  +9.71037408522495979923e+02
  +9.29100281626388323275e+02
  +8.88072319060306881511e+02
  +8.47894122202158087021e+02
  +8.08509979673678685685e+02
  +7.69867534628593944035e+02
  +7.31917484266719156949e+02
  +6.94613307909223976822e+02
  +6.57911020467718230975e+02
  +6.21768948583076735304e+02
  +5.86147527116741571263e+02
  +5.51009114067919767876e+02
  +5.16317822392077687255e+02
  +4.82039367650615872662e+02
  +4.48140930996018767019e+02
  +4.14591037812024183040e+02
  +3.81359453611160233777e+02
  +3.48417100993882172588e+02
  +3.15736005542666191559e+02
  +2.83289286572747585069e+02
  +2.51051225728059876019e+02
  +2.18997485526081987928e+02
  +1.87105648291821779594e+02
  +1.55356523421930745599e+02
  +1.23737581959328807102e+02
  +9.22535692904768893641e+01
  +6.09699899930666404657e+01
  +3.03241024082424317498e+01
  +1.05928749853478372245e+01
  +3.60040356888321539941e+01
  +6.69246940982546618670e+01
  +9.83534409129643449887e+01
  +1.29997544326426009320e+02
  +1.61811184665622363354e+02
  +1.93795199908621896157e+02
  +2.25964752876567274598e+02
  +2.58340903125742443081e+02
  +2.90947780469480903776e+02
  +3.23811493079382159976e+02
  +3.56959682421348304615e+02
  +3.90421355414592710531e+02
  +4.24226850102430205425e+02
  +4.58407873142289474799e+02
</dep>
<dep Zin_norm frequency>
  +1.50447710486788466255e+01
  +1.38358332771240526426e+01
  +1.27028232324514451790e+01
  +1.16454465001360265575e+01
  +1.06651698807782651102e+01
  +9.76555719821385181945e+00
  +8.95261280280953997135e+00
  +8.23503412633757037042e+00
  +7.62416398158449126754e+00
  +7.13330088329662181934e+00
  +6.77598586066923314064e+00
  +6.56316938853418374578e+00
  +6.49991972516611848931e+00
  +6.58314798983353188788e+00
  +6.80170890178613696264e+00
  +7.13887056500641659085e+00
  +7.57575724849181408871e+00
  +8.09423604526008055871e+00
  +8.67857147523287508761e+00
  +9.31597974445998922022e+00
  +9.99651440438194249793e+00
  +1.07126616161689156570e+01
  +1.14588721410157017289e+01
  +1.22311349265939277586e+01
  +1.30266265276477817281e+01
  +1.38434376151575584402e+01
  +1.46803656242633291384e+01
  +1.55367600480114251837e+01
  +1.64124081270776542851e+01
  +1.73074510087295827532e+01
  +1.82223227580770235079e+01
  +1.91577065436638669382e+01
  +2.01145038332284542548e+01
  +2.10938135766546643879e+01
  +2.20969191999061358445e+01
  +2.31252818593691529259e+01
  +2.41805388702779104904e+01
  +2.52645065715844516774e+01
  +2.63791871569079496851e+01
  +2.75267792122978924851e+01
  +2.87096918752223224658e+01
  +2.99305626796265649148e+01
  +3.11922792902330918707e+01
  +3.24980054646589593403e+01
  +3.38512117225826685285e+01
  +3.52557113549341352154e+01
  +3.67157025811179451580e+01
  +3.82358178677916882293e+01
  +3.98211816696152851591e+01
  +4.14774781540690327120e+01
  +4.32110308459719973939e+01
  +4.50288965947139843138e+01
  +4.69389768573885461933e+01
  +4.89501500423745881108e+01
  +5.10724296219908353578e+01
  +5.33171539694782339325e+01
  +5.56972155001624287252e+01
  +5.82273388309398853835e+01
  +6.09244204996429985499e+01
  +6.38079465644222025844e+01
  +6.69005094997155254077e+01
  +7.02284527463052370422e+01
  +7.38226808231985103248e+01
  +7.77196861923479076495e+01
  +8.19628627546390191583e+01
  +8.66042024636506795332e+01
  +9.17065099112563615336e+01
  +9.73463257993357444775e+01
  +1.03617833254476877869e+02
  +1.10638145693909237366e+02
  +1.18554565008463214326e+02
  +1.27554692289930059701e+02
  +1.37880731761844145922e+02
  +1.49850050211560414937e+02
  +1.63885189144946906481e+02
  +1.80558276562215581862e+02
  +2.00657306387279447790e+02
  +2.25284642855190725186e+02
  +2.55998205029048790493e+02
  +2.94988433830098585986e+02
  +3.45189750407584313052e+02
  +4.09833492590786079290e+02
  +4.89622373259403161683e+02
  +5.73226568166866400134e+02
  +6.23816948780232792160e+02
  +6.02703158372455845893e+02
  +5.27236430808720001551e+02
  +4.42383984054744360037e+02
  +3.70150423976186402797e+02
  +3.13499530850341443511e+02
  +2.69670510976833611494e+02
  +2.35427899203753270285e+02
  +2.08221196644959064770e+02
  +1.86214109356735832534e+02
  +1.68109146302107774318e+02
  +1.52984624851743376439e+02
  +1.40176562899151662123e+02
  +1.29198501971995995063e+02
  +1.19687862957441637946e+02
  +1.11369897724188874122e+02
  +1.04033172322477170724e+02
  +9.75126407062654436686e+01
  +9.16777717309289812420e+01
  +8.64240884666512272361e+01
  +8.16670470221772291097e+01
  +7.73375439646727897980e+01
  +7.33785743349109793598e+01
  +6.97427141091732636369e+01
  +6.63902013513882707230e+01
  +6.32874576157737962490e+01
  +6.04059369317768641849e+01
  +5.77212212473475929642e+01
  +5.52123032282837158391e+01
  +5.28610128752560228804e+01
  +5.06515555489251028121e+01
  +4.85701370393935079051e+01
  +4.66046571942063962979e+01
  +4.47444579559181363493e+01
  +4.29801148899685543370e+01
  +4.13032637101924677836e+01
  +3.97064551477614600117e+01
  +3.81830329133252135421e+01
  +3.67270305823667086997e+01
  +3.53330840709027995672e+01
  +3.39963570217848385369e+01
  +3.27124769347186088453e+01
  +3.14774802783400708961e+01
  +3.02877651447164097931e+01
  +2.91400502640181251479e+01
  +2.80313394038930319141e+01
  +2.69588903450772221504e+01
  +2.59201877603038859377e+01
  +2.49129194340770503402e+01
  +2.39349553513771482471e+01
  +2.29843292578138047588e+01
  +2.20592223552286696986e+01
  +2.11579488477448087735e+01
  +2.02789430957091063590e+01
  +1.94207481704499187458e+01
  +1.85820056325277676024e+01
  +1.77614463812061380565e+01
  +1.69578824440431610299e+01
  +1.61701995934735727189e+01
  +1.53973506925718783833e+01
  +1.46383496853343828548e+01
  +1.38922661581844799628e+01
  +1.31582204093543637669e+01
  +1.24353789716615352745e+01
  +1.17229505423348321358e+01
  +1.10201822813583962812e+01
  +1.03263564478415545977e+01
  +9.64078735301231759536e+00
  +8.96281861992037498510e+00
  +8.29182075624048309237e+00
  +7.62718907222320474659e+00
  +6.96834201987764334518e+00
  +6.31472011085332418645e+00
  +5.66578573145495134611e+00
  +5.02102451456119780460e+00
  +4.37994971052163961645e+00
  +3.74211296583643537872e+00
  +3.10713046843861473434e+00
  +2.47475163918657603546e+00
  +1.84507138580953777840e+00
  +1.21939979986133284484e+00
  +6.06482048164848630556e-01
  +2.11857499706956747820e-01
  +7.20080713776643066559e-01
  +1.33849388196509311300e+00
  +1.96706881825928703300e+00
  +2.59995088652852013311e+00
  +3.23622369331244730262e+00
  +3.87590399817243769220e+00
  +4.51929505753134552748e+00
  +5.16681806251484854187e+00
  +5.81895560938961775577e+00
  +6.47622986158764302189e+00
  +7.13919364842696602125e+00
  +7.80842710829185460142e+00
  +8.48453700204860439271e+00
  +9.16815746284578914072e+00
</dep>
<dep S[2,2] frequency>
  -5.91629667295038075281e-01-j2.62342358749296455933e-01
  -6.17370673520707735626e-01-j2.41595201971332579349e-01
  -6.41085264086322270671e-01-j2.19351326878237967710e-01
  -6.62783518908716895446e-01-j1.95828796923068759739e-01
  -6.82491206289120633244e-01-j1.71224152380795968664e-01
  -7.00245734978640177459e-01-j1.45713470510103249023e-01
  -7.16092796173314449781e-01-j1.19453735806232572148e-01
  -7.30083621524781456458e-01-j9.25843837938170877155e-02
  -7.42272778334171379200e-01-j6.52289171703758774434e-02
  -7.52716424376319359624e-01-j3.74965219137992217258e-02
  -7.61470949856581702520e-01-j9.48363373030776390937e-03
  -7.68591941093846764410e-01+j1.87245772714565855699e-02
  -7.74133408453218874179e-01+j4.70528226693669310299e-02
  -7.78147229041697641172e-01+j7.54344219888668648943e-02
  -7.80682762255531681461e-01+j1.03810141757799803686e-01
  -7.81786603166764626494e-01+j1.32127145337358697930e-01
  -7.81502444844181520800e-01+j1.60338048493847473708e-01
  -7.79871025996197619889e-01+j1.88400073852989347056e-01
  -7.76930144834554026190e-01+j2.16274296420933931362e-01
  -7.72714723852230944701e-01+j2.43924972007261042783e-01
  -7.67256913366343495930e-01+j2.71318940454252477412e-01
  -7.60586224279245604052e-01+j2.98425095919946092859e-01
  -7.52729682638993202737e-01+j3.25213916977280192988e-01
  -7.43712000306957721207e-01+j3.51657049903179197425e-01
  -7.33555757431147870129e-01+j3.77726939187884691584e-01
  -7.22281593535453403376e-01+j4.03396499961312438032e-01
  -7.09908404915817747849e-01+j4.28638827686116663518e-01
  -6.96453546725046335197e-01+j4.53426941091804203143e-01
  -6.81933038661830970284e-01+j4.77733554912803226600e-01
  -6.66361773584653427349e-01+j5.01530879540764473745e-01
  -6.49753728669418828545e-01+j5.24790445206626987584e-01
  -6.32122178939441670131e-01+j5.47482948770694921592e-01
  -6.13479913131792065073e-01+j5.69578121620744060039e-01
  -5.93839451936753692785e-01+j5.91044617559612239788e-01
  -5.73213268666091235737e-01+j6.11849919906948591652e-01
  -5.51614012378418894222e-01+j6.31960267345246129445e-01
  -5.29054733422032574808e-01+j6.51340598308694285201e-01
  -5.05549111251779703657e-01+j6.69954513944843399464e-01
  -4.81111684241807613382e-01+j6.87764259872736150037e-01
  -4.55758081053778130176e-01+j7.04730727115775446023e-01
  -4.29505252935142689541e-01+j7.20813472701381408037e-01
  -4.02371706118542504793e-01+j7.35970760490280540012e-01
  -3.74377733276813617902e-01+j7.50159622823332261632e-01
  -3.45545642764393146074e-01+j7.63335943550878637254e-01
  -3.15899984152363255685e-01+j7.75454562936423785757e-01
  -2.85467768349197015265e-01+j7.86469404801328986210e-01
  -2.54278680402083456791e-01+j7.96333626100014124738e-01
  -2.22365282905151950832e-01+j8.04999788886377132258e-01
  -1.89763207812431694554e-01+j8.12420054355764253984e-01
  -1.56511334377466226897e-01+j8.18546398327657853677e-01
  -1.22651950930057596079e-01+j8.23330847181794167611e-01
  -8.82308982655741202983e-02+j8.26725732886726238924e-01
  -5.32976925734024997716e-02+j8.28683965380790477084e-01
  -1.79056260758928276200e-02+j8.29159320201763305747e-01
  +1.78881561089294233158e-02+j8.28106738935934338919e-01
  +5.40226039309020522605e-02+j8.25482639797856854180e-01
  +9.04327357244830987160e-02+j8.21245235487130242902e-01
  +1.27049636813592381479e-01+j8.15354855428523594973e-01
  +1.63800482704527822220e-01+j8.07774269615035622749e-01
  +2.00608585525703042585e-01+j7.98469011565175690315e-01
  +2.37393461771930436299e-01+j7.87407698393271182624e-01
  +2.74070918906467397846e-01+j7.74562346682977964640e-01
  +3.10553158029488740599e-01+j7.59908683742195334432e-01
  +3.46748889705988438958e-01+j7.43426454878258313741e-01
  +3.82563460227856588780e-01+j7.25099728520041342250e-01
  +4.17898986128015903496e-01+j7.04917202260045283602e-01
  +4.52654495719744420779e-01+j6.82872514101930394581e-01
  +4.86726077833141534956e-01+j6.58964564261358853869e-01
  +5.20007039764475265109e-01+j6.33197853644934194328e-01
  +5.52388078707903074083e-01+j6.05582845474255448970e-01
  +5.83757473522461767246e-01+j5.76136356276286232259e-01
  +6.14001306469443397518e-01+j5.44881981482678079409e-01
  +6.43003727353988585591e-01+j5.11850559047972719640e-01
  +6.70647275085789140725e-01+j4.77080671729901817368e-01
  +6.96813273762441953707e-01+j4.40619184953952913730e-01
  +7.21382321669906900752e-01+j4.02521812565998671207e-01
  +7.44234891777205476160e-01+j3.62853697410368158938e-01
  +7.65252061084223389464e-01+j3.21689987807387722807e-01
  +7.84316383323927279747e-01+j2.79116384998244149163e-01
  +8.01312914872048920323e-01+j2.35229630924716159868e-01
  +8.16130397251328854047e-01+j1.90137900838340090370e-01
  +8.28662591460636255292e-01+j1.43961061747979013337e-01
  +8.38809749813509752947e-01+j9.68307561678575096087e-02
  +8.46480200519386882796e-01+j4.88902715065154813701e-02
  +8.51592009535150018529e-01+j2.94159099968475338388e-04
  +8.54074674039064229980e-01-j4.87924264868064561096e-02
  +8.53870793094229085796e-01-j9.81946877503429710332e-02
  +8.50937654534573484355e-01-j1.47729451909834386125e-01
  +8.45248673594964805567e-01-j1.97206739670483188753e-01
  +8.36794618911257503946e-01-j2.46431613651311803848e-01
  +8.25584565568230233090e-01-j2.95206269776103036317e-01
  +8.11646522886305121780e-01-j3.43332320691873194018e-01
  +7.95027696278338913416e-01-j3.90613208186498306329e-01
  +7.75794357107960852460e-01-j4.36856672611115770533e-01
  +7.54031311091756806242e-01-j4.81877202226933698537e-01
  +7.29840973266525527841e-01-j5.25498384627838044381e-01
  +7.03342074665392003041e-01-j5.67555086013301957060e-01
  +6.74668041429427933764e-01-j6.07895391806600349227e-01
  +6.43965100097202536311e-01-j6.46382253303782183806e-01
  +6.11390172485941629787e-01-j6.82894798813616921151e-01
  +5.77108629438947917656e-01-j7.17329283062068556731e-01
  +5.41291974631506134230e-01-j7.49599664390728559482e-01
  +5.04115527787668105120e-01-j7.79637814436421106024e-01
  +4.65756171517167971707e-01-j8.07393378644391201959e-01
  +4.26390218188752556649e-01-j8.32833317453477772752e-01
  +3.86191443581889448655e-01-j8.55941166856093449411e-01
  +3.45329323305491875384e-01-j8.76716063082700114428e-01
  +3.03967496902820377702e-01-j8.95171579420636631674e-01
  +2.62262473843031418408e-01-j9.11334423868692455883e-01
  +2.20362585765993101994e-01-j9.25243044806078995812e-01
  +1.78407180781171903483e-01-j9.36946188556268877434e-01
  +1.36526048556000922929e-01-j9.46501448124899114056e-01
  +9.48390594587610324950e-02-j9.53973836950295694947e-01
  +5.34559971239958742206e-02-j9.59434415648837801704e-01
  +1.24765613750986506525e-02-j9.62958993826308229380e-01
  -2.80094827027835141520e-02-j9.64626923349152787246e-01
  -6.79220338029183912099e-02-j9.64519994238689393207e-01
  -1.07190285005213936653e-01-j9.62721439707717396850e-01
  -1.45752277950625341862e-01-j9.59315052880493457366e-01
  -1.83554400674362155899e-01-j9.54384414448865681102e-01
  -2.20550847011467487935e-01-j9.48012227904188931049e-01
  -2.56703053182983698122e-01-j9.40279757001595828392e-01
  -2.91979124856101945884e-01-j9.31266358696596352473e-01
  -3.26353265736882836023e-01-j9.21049103869019725188e-01
  -3.59805216662371862846e-01-j9.09702477638247408720e-01
  -3.92319712251880226006e-01-j8.97298150899409341363e-01
  -4.23885960477680290293e-01-j8.83904814801175664485e-01
  -4.54497149032428493509e-01-j8.69588070177271355021e-01
  -4.84149981101709148135e-01-j8.54410364379638465060e-01
  -5.12844242085581880630e-01-j8.38430968493741657355e-01
  -5.40582397937433789536e-01-j8.21705988506797990745e-01
  -5.67369225083740769122e-01-j8.04288404616472440978e-01
  -5.93211471334622597595e-01-j7.86228133486794655838e-01
  -6.18117546772719794745e-01-j7.67572108861557134141e-01
  -6.42097243297305775300e-01-j7.48364376520459506636e-01
  -6.65161481284006206316e-01-j7.28646200101166430230e-01
  -6.87322081681387975216e-01-j7.08456174805931482297e-01
  -7.08591561789546853234e-01-j6.87830346462013797471e-01
  -7.28982952939676076554e-01-j6.66802333810194713948e-01
  -7.48509638306550151299e-01-j6.45403452256324117187e-01
  -7.67185209128542933144e-01-j6.23662837638760625403e-01
  -7.85023337674240262452e-01-j6.01607568842782658436e-01
  -8.02037665374690900144e-01-j5.79262788334452216610e-01
  -8.18241704630409572019e-01-j5.56651819894281807422e-01
  -8.33648752898358824659e-01-j5.33796283008964422834e-01
  -8.48271817762896840343e-01-j5.10716203530387713450e-01
  -8.62123551793606335281e-01-j4.87430120338509353939e-01
  -8.75216196090057962920e-01-j4.63955187851253447739e-01
  -8.87561531507504053451e-01-j4.40307274313162300139e-01
  -8.99170836647299576150e-01-j4.16501055867601943650e-01
  -9.10054851780837448239e-01-j3.92550106476946825129e-01
  -9.20223747955542514809e-01-j3.68466983803695247168e-01
  -9.29687100605961380673e-01-j3.44263311204176303271e-01
  -9.38453867062029156720e-01-j3.19949856017439748790e-01
  -9.46532367410463204571e-01-j2.95536604356113674630e-01
  -9.53930268224036148617e-01-j2.71032832624736652605e-01
  -9.60654568727543844986e-01-j2.46447176005488988171e-01
  -9.66711589018921624294e-01-j2.21787694161937193327e-01
  -9.72106960009486709140e-01-j1.97061934419549972253e-01
  -9.76845614789129568223e-01-j1.72276992687525554171e-01
  -9.80931781160796933960e-01-j1.47439572390851952877e-01
  -9.84368975124124023779e-01-j1.22556041684697511474e-01
  -9.87159995121158373443e-01-j9.76324892257079551827e-02
  -9.89306916887847886954e-01-j7.26747787768920461282e-02
  -9.90811088784149807118e-01-j4.76886029247220247229e-02
  -9.91673127503134410610e-01-j2.26795361892124652803e-02
  -9.91892914086185517597e-01+j2.34691218996280204223e-03
  -9.91469590197330608028e-01+j2.73852455054524462907e-02
  -9.90401554635484182576e-01+j5.24299265831416755335e-02
  -9.88686460089235552573e-01+j7.74753242389869534179e-02
  -9.86321210165240325196e-01+j1.02515658894273303803e-01
  -9.83301956748570904487e-01+j1.27544947046759921117e-01
  -9.79624097782158087533e-01+j1.52556944289510332258e-01
  -9.75282275582921465151e-01+j1.77545086563257237255e-01
  -9.70270375845072030607e-01+j2.02502429321678695251e-01
  -9.64581527516626291430e-01+j2.27421584282559707813e-01
  -9.58208103774090713678e-01+j2.52294653431466786575e-01
  -9.51141724363033125300e-01+j2.77113159938684572303e-01
  -9.43373259619419535227e-01+j3.01867975645242814231e-01
  -9.34892836538835592108e-01+j3.26549244770310054253e-01
  -9.25689847318615921523e-01+j3.51146303490698807881e-01
</dep>
<dep S[2,1] frequency>
  +3.08401255230733528645e-01-j6.94250126907297260281e-01
  +2.72237207056530761129e-01-j6.94435006096899343220e-01
  +2.37537572992042866904e-01-j6.93010184073327817345e-01
  +2.04284388278208189904e-01-j6.90184161753213953894e-01
  +1.72443720274515460700e-01-j6.86143259836035190879e-01
  +1.41969733374855577868e-01-j6.81052635797953498376e-01
  +1.12808066575481452665e-01-j6.75057609276463188586e-01
  +8.48985978578398470251e-02-j6.68285159284961460813e-01
  +5.81776744956558899968e-02-j6.60845492073072415806e-01
  +3.25798871439745493794e-02-j6.52833607269490800995e-01
  +8.03946054010355216912e-03-j6.44330812728632795761e-01
  -1.55086734174349465815e-02-j6.35406156036919633756e-01
  -3.81280623483411032493e-02-j6.26117753788970832218e-01
  -5.98801299273491044461e-02-j6.16514009358108960868e-01
  -8.08237399258957406323e-02-j6.06634716712012078688e-01
  -1.01014892278844858886e-01-j5.96512052508340939738e-01
  -1.20506521779221983937e-01-j5.86171461773591917499e-01
  -1.39348375273131236396e-01-j5.75632444348888938634e-01
  -1.57586947717655995183e-01-j5.64909250308679999897e-01
  -1.75265461241997461128e-01-j5.54011492979693320748e-01
  -1.92423874496645191945e-01-j5.42944688199404557061e-01
  -2.09098912170789547060e-01-j5.31710728199543458672e-01
  -2.25324106686306258052e-01-j5.20308298084258269434e-01
  -2.41129845812098814184e-01-j5.08733242369175497899e-01
  -2.56543421353022660369e-01-j4.96978888509038096988e-01
  -2.71589075211641994834e-01-j4.85036333802469965537e-01
  -2.86288040049505865259e-01-j4.72894701546059059716e-01
  -3.00658572530632772768e-01-j4.60541371830470613880e-01
  -3.14715977749912834138e-01-j4.47962191935358355899e-01
  -3.28472623963824594817e-01-j4.35141670891195930793e-01
  -3.41937947175825485147e-01-j4.22063162433591487765e-01
  -3.55118445505330171397e-01-j4.08709040276787394230e-01
  -3.68017663605257838721e-01-j3.95060869373043022090e-01
  -3.80636167703268302187e-01-j3.81099576598194378363e-01
  -3.92971512138357514932e-01-j3.66805624103761995780e-01
  -4.05018198557358488632e-01-j3.52159188395493316648e-01
  -4.16767629233050662663e-01-j3.37140348029127900897e-01
  -4.28208056273171044914e-01-j3.21729282647706393838e-01
  -4.39324528812331971395e-01-j3.05906485911907333186e-01
  -4.50098840619071571822e-01-j2.89652994686013853798e-01
  -4.60509480909336188503e-01-j2.72950636627080134300e-01
  -4.70531591534561033363e-01-j2.55782298072959213275e-01
  -4.80136934104297807835e-01-j2.38132213825660715711e-01
  -4.89293871005038683020e-01-j2.19986280068770440055e-01
  -4.97967364680867441429e-01-j2.01332391230815005434e-01
  -5.06118999937907987352e-01-j1.82160801100366809280e-01
  -5.13707034410171514693e-01-j1.62464507903722910065e-01
  -5.20686482663914484981e-01-j1.42239662364863350685e-01
  -5.27009239701936915701e-01-j1.21485996973443033387e-01
  -5.32624249837261420915e-01-j1.00207273787709286172e-01
  -5.37477727013010775359e-01-j7.84117470950105449612e-02
  -5.41513432625532975528e-01-j5.61126361483071378622e-02
  -5.44673016733218440244e-01-j3.33286020025139739786e-02
  -5.46896428174411419754e-01-j1.00842212050258200895e-02
  -5.48122398546391109697e-01+j1.35895522265349084218e-02
  -5.48289004185189998708e-01+j3.76549464508656589468e-02
  -5.47334309209333236268e-01+j6.20669643156357836444e-02
  -5.45197091328717409198e-01+j8.67730212500915920604e-02
  -5.41817650459250788053e-01+j1.11712642213538923541e-01
  -5.37138698218582177901e-01+j1.36817232369823571503e-01
  -5.31106324112289751582e-01+j1.62009936920285979589e-01
  -5.23671031668579201046e-01+j1.87205605990878931610e-01
  -5.14788834971442899047e-01+j2.12310880562510240210e-01
  -5.04422403019832432669e-01+j2.37224415087322948459e-01
  -4.92542236161672752903e-01+j2.61837251578849572464e-01
  -4.79127855590204654312e-01+j2.86033358537595594484e-01
  -4.64168983636376042412e-01+j3.09690346019495466034e-01
  -4.47666689451224453222e-01+j3.32680365427881985507e-01
  -4.29634471769398784691e-01+j3.54871199179158491877e-01
  -4.10099247917628306759e-01+j3.76127541245404872772e-01
  -3.89102216233166597892e-01+j3.96312464723499902064e-01
  -3.66699557753610627664e-01+j4.15289067057245608883e-01
  -3.42962942606071463647e-01+j4.32922277417614354000e-01
  -3.17979807142173609424e-01+j4.49080804137464650871e-01
  -2.91853369713011623343e-01+j4.63639193158895346336e-01
  -2.64702356221327317343e-01+j4.76479961394876139202e-01
  -2.36660411364054579231e-01+j4.87495762000240695500e-01
  -2.07875177881059192142e-01+j4.96591532118518197425e-01
  -1.78507034181925178240e-01+j5.03686568102670872982e-01
  -1.48727490370437781531e-01+j5.08716468926601494971e-01
  -1.18717253752127147037e-01+j5.11634885961366303597e-01
  -8.86639870895949283591e-02+j5.12415016931228040065e-01
  -5.87597957174012044956e-02+j5.11050784091492960037e-01
  -2.91984925564938782583e-02+j5.07557641793219160853e-01
  -1.72702367598744332402e-04+j5.01972966788481134159e-01
  +2.81291225438465748721e-02+j4.94355995864687425279e-01
  +5.55256943418802328960e-02+j4.84787289429770729132e-01
  +8.18458029954805404982e-02+j4.73367716007174643700e-01
  +1.06931062689275616084e-01+j4.60216970499618793777e-01
  +1.30638405405873070375e-01+j4.45471657590987946129e-01
  +1.52842242505113468098e-01+j4.29282989673171078149e-01
  +1.73436226112364061391e-01+j4.11814165044707636287e-01
  +1.92334556900863679063e-01+j3.93237505708881274202e-01
  +2.09472802615666031656e-01+j3.73731443935551688185e-01
  +2.24808211376399835757e-01+j3.53477452132911151850e-01
  +2.38319524175029801016e-01+j3.32657011127019952568e-01
  +2.50006310754490868042e-01+j3.11448707668556090677e-01
  +2.59887870977661361582e-01+j2.90025543252995565702e-01
  +2.68001758813134260961e-01+j2.68552523863119452230e-01
  +2.74401997382511086965e-01+j2.47184584987562655511e-01
  +2.79157060668880963039e-01+j2.26064889357531578762e-01
  +2.82347700359124875735e-01+j2.05323517438959157744e-01
  +2.84064695093898367251e-01+j1.85076553917799840887e-01
  +2.84406594614383390063e-01+j1.65425558163859925953e-01
  +2.83477523613656301471e-01+j1.46457393677384195563e-01
  +2.81385100329345272385e-01+j1.28244381282072467121e-01
  +2.78238513893701799873e-01+j1.10844733542539819471e-01
  +2.74146792986975140760e-01+j9.43032235327056767016e-02
  +2.69217287121167658803e-01+j7.86520394496446478838e-02
  +2.63554371478600890644e-01+j6.39117772984906518108e-02
  +2.57258377053654896383e-01+j5.00925265229166388758e-02
  +2.50424740151592217785e-01+j3.71950075407321140153e-02
  +2.43143359199285868932e-01+j2.52117251897440580732e-02
  +2.35498142312377867214e-01+j1.41281076587926220089e-02
  +2.27566726043788886136e-01+j3.92360619842257573459e-03
  +2.19420344046293513962e-01-j5.42726352709577749417e-03
  +2.11123823816094347006e-01-j1.39539523949191671820e-02
  +2.02735690028173598520e-01-j2.16889903754588359019e-02
  +1.94308354012939804578e-01-j2.86671859309197661625e-02
  +1.85888370457509083389e-01-j3.49249141258789960740e-02
  +1.77516744267449400052e-01-j4.04994925787996451483e-02
  +1.69229272547040787700e-01-j4.54286422580654977721e-02
  +1.61056908728061776159e-01-j4.97500285544871800880e-02
  +1.53026137906794396093e-01-j5.35008769753356761001e-02
  +1.45159354369552545672e-01-j5.67176571290540776360e-02
  +1.37475234053819589386e-01-j5.94358283317660898715e-02
  +1.29989096278689431063e-01-j6.16896400975373848663e-02
  +1.22713250472491083864e-01-j6.35119809116163058782e-02
  +1.15657324826692164965e-01-j6.49342689749005941291e-02
  +1.08828574820148335500e-01-j6.59863790021748553016e-02
  +1.02232170399319241549e-01-j6.66965996178712494658e-02
  +9.58714612838351687429e-02-j6.70916163903657325474e-02
  +8.97482204104784186960e-02-j6.71965160551317719495e-02
  +8.38628659500469803012e-02-j6.70348079802264296134e-02
  +7.82146626484182677652e-02-j6.66284594115084533028e-02
  +7.28019034718412200169e-02-j6.59979414906095435134e-02
  +6.76220726922046461160e-02-j6.51622834603319545099e-02
  +6.26719916443403968209e-02-j6.41391328567604973587e-02
  +5.79479484361358626598e-02-j6.29448198337849706974e-02
  +5.34458129036628482034e-02-j6.15944240744122628595e-02
  +4.91611380863182234613e-02-j6.01018430155359981160e-02
  +4.50892494584644934474e-02-j5.84798603508966952091e-02
  +4.12253231002419548434e-02-j5.67402139833923582768e-02
  +3.75644539259643236995e-02-j5.48936627754384107170e-02
  +3.41017150177966230085e-02-j5.29500515976571509147e-02
  +3.08322090382445214429e-02-j5.09183743045769146573e-02
  +2.77511126198415614130e-02-j4.88068343740614626891e-02
  +2.48537145560219357998e-02-j4.66229030372919475700e-02
  +2.21354485449381868656e-02-j4.43733748008336079116e-02
  +1.95919211687657877918e-02-j4.20644203236341246432e-02
  +1.72189357255384430101e-02-j3.97016366617624766322e-02
  +1.50125124691124437609e-02-j3.72900949340203222149e-02
  +1.29689057556802260496e-02-j3.48343854937512228953e-02
  +1.10846185423490034561e-02-j3.23386607176381346562e-02
  +9.35641463463316759575e-03-j2.98066755421163079309e-02
  +7.78132903510092132499e-03-j2.72418258933660416277e-02
  +6.35667670463676681009e-03-j2.46471851684671033889e-02
  +5.08006001060172952127e-03-j2.20255389339807788884e-02
  +3.94937510227838430715e-03-j1.93794180146938735398e-02
  +2.96281742310447590225e-03-j1.67111301499543486726e-02
  +2.11888654094268425593e-03-j1.40227903984679099642e-02
  +1.41639045181758877791e-03-j1.13163504750573781776e-02
  +8.54449488678166472685e-04-j8.59362720491400368383e-03
  +4.32499944677248787314e-04-j5.85633028269980093761e-03
  +1.50297499723126432849e-04-j3.10608952562786266166e-03
  +7.92051947760309851918e-06-j3.44481811605121918899e-04
  +5.77327710413317328789e-06+j2.42694210426632524941e-03
  +1.44589129715258344787e-04+j5.20663069883653580050e-03
  +4.25433663205074317874e-04+j7.99300451658638451413e-03
  +8.49707800743473374086e-04+j1.07844285289577790365e-02
  +1.41915085123858427697e-03+j1.35791838102148083173e-02
  +2.13584345430015186754e-03+j1.63754383178165048573e-02
  +3.00221035714621142451e-03+j1.91712165598945764866e-02
  +4.02102293630718452683e-03+j2.19643679266338341660e-02
  +5.19540135228806383705e-03+j2.47525334561239755693e-02
  +6.52881619830027962875e-03+j2.75331107989709999995e-02
  +8.02508947419590737415e-03+j3.03032171396508918926e-02
  +9.68839468341867009193e-03+j3.30596498266595428817e-02
  +1.15232558136028357537e-02+j3.57988444583060699822e-02
  +1.35345449198281397862e-02+j3.85168301669212218008e-02
  +1.57274779829837049738e-02+j4.12091818419149519270e-02
</dep>
<dep S[1,2] frequency>
  +3.08401255230733695178e-01-j6.94250126907297482326e-01
  +2.72237207056533869753e-01-j6.94435006096898232997e-01
  +2.37537572992045753484e-01-j6.93010184073327262233e-01
  +2.04284388278203610234e-01-j6.90184161753216063317e-01
  +1.72443720274515405189e-01-j6.86143259836035190879e-01
  +1.41969733374851775354e-01-j6.81052635797954164509e-01
  +1.12808066575477594640e-01-j6.75057609276464853920e-01
  +8.48985978578428585051e-02-j6.68285159284960683657e-01
  +5.81776744956586377988e-02-j6.60845492073073526029e-01
  +3.25798871439767143143e-02-j6.52833607269491023040e-01
  +8.03946054010511342025e-03-j6.44330812728633683939e-01
  -1.55086734174321207169e-02-j6.35406156036919633756e-01
  -3.81280623483448155575e-02-j6.26117753788970166084e-01
  -5.98801299273492293462e-02-j6.16514009358108849845e-01
  -8.08237399258998623353e-02-j6.06634716712011301532e-01
  -1.01014892278842235984e-01-j5.96512052508341716894e-01
  -1.20506521779224884394e-01-j5.86171461773590807276e-01
  -1.39348375273132096819e-01-j5.75632444348888161478e-01
  -1.57586947717655023737e-01-j5.64909250308680332964e-01
  -1.75265461241995212927e-01-j5.54011492979694875061e-01
  -1.92423874496645774812e-01-j5.42944688199404223994e-01
  -2.09098912170790962595e-01-j5.31710728199542903560e-01
  -2.25324106686308506253e-01-j5.20308298084257048188e-01
  -2.41129845812098814184e-01-j5.08733242369175164832e-01
  -2.56543421353022771392e-01-j4.96978888509038319032e-01
  -2.71589075211641162166e-01-j4.85036333802469965537e-01
  -2.86288040049505254636e-01-j4.72894701546060225450e-01
  -3.00658572530631662545e-01-j4.60541371830471168991e-01
  -3.14715977749913111694e-01-j4.47962191935358577943e-01
  -3.28472623963824428284e-01-j4.35141670891195986304e-01
  -3.41937947175825485147e-01-j4.22063162433592098388e-01
  -3.55118445505330726508e-01-j4.08709040276788115875e-01
  -3.68017663605258837922e-01-j3.95060869373042078401e-01
  -3.80636167703268302187e-01-j3.81099576598194378363e-01
  -3.92971512138355627552e-01-j3.66805624103765437471e-01
  -4.05018198557357655964e-01-j3.52159188395493039092e-01
  -4.16767629233049274884e-01-j3.37140348029128233964e-01
  -4.28208056273171766559e-01-j3.21729282647706560372e-01
  -4.39324528812333248151e-01-j3.05906485911904724162e-01
  -4.50098840619073015112e-01-j2.89652994686014242376e-01
  -4.60509480909336299526e-01-j2.72950636627079745722e-01
  -4.70531591534562143586e-01-j2.55782298072959157764e-01
  -4.80136934104296975168e-01-j2.38132213825662297779e-01
  -4.89293871005038683020e-01-j2.19986280068770634344e-01
  -4.97967364680867274895e-01-j2.01332391230815782590e-01
  -5.06118999937908542464e-01-j1.82160801100364616589e-01
  -5.13707034410171181626e-01-j1.62464507903722327198e-01
  -5.20686482663914484981e-01-j1.42239662364863433952e-01
  -5.27009239701936804678e-01-j1.21485996973443616254e-01
  -5.32624249837261531937e-01-j1.00207273787710979263e-01
  -5.37477727013011663537e-01-j7.84117470950097539273e-02
  -5.41513432625533308595e-01-j5.61126361483065480562e-02
  -5.44673016733218107177e-01-j3.33286020025139878564e-02
  -5.46896428174410864642e-01-j1.00842212050251348737e-02
  -5.48122398546391109697e-01+j1.35895522265349084218e-02
  -5.48289004185190331775e-01+j3.76549464508653328187e-02
  -5.47334309209332570134e-01+j6.20669643156373102011e-02
  -5.45197091328717409198e-01+j8.67730212500912034823e-02
  -5.41817650459250788053e-01+j1.11712642213538812519e-01
  -5.37138698218582621990e-01+j1.36817232369823960081e-01
  -5.31106324112289418515e-01+j1.62009936920285979589e-01
  -5.23671031668579756158e-01+j1.87205605990878182210e-01
  -5.14788834971442232913e-01+j2.12310880562510406744e-01
  -5.04422403019831877558e-01+j2.37224415087323781126e-01
  -4.92542236161673196992e-01+j2.61837251578849405931e-01
  -4.79127855590204820846e-01+j2.86033358537595150395e-01
  -4.64168983636376653035e-01+j3.09690346019494633367e-01
  -4.47666689451224064644e-01+j3.32680365427881263862e-01
  -4.29634471769399284291e-01+j3.54871199179158158810e-01
  -4.10099247917628306759e-01+j3.76127541245405205839e-01
  -3.89102216233166653403e-01+j3.96312464723501678421e-01
  -3.66699557753610627664e-01+j4.15289067057245608883e-01
  -3.42962942606071019558e-01+j4.32922277417614798090e-01
  -3.17979807142173553913e-01+j4.49080804137464151271e-01
  -2.91853369713010846187e-01+j4.63639193158894902247e-01
  -2.64702356221326706720e-01+j4.76479961394877082892e-01
  -2.36660411364053940853e-01+j4.87495762000240528966e-01
  -2.07875177881058748053e-01+j4.96591532118517697825e-01
  -1.78507034181925761107e-01+j5.03686568102671317071e-01
  -1.48727490370438364398e-01+j5.08716468926601272926e-01
  -1.18717253752126980504e-01+j5.11634885961366303597e-01
  -8.86639870895951920371e-02+j5.12415016931227262909e-01
  -5.87597957174011004122e-02+j5.11050784091492960037e-01
  -2.91984925564934168218e-02+j5.07557641793219382897e-01
  -1.72702367598935423035e-04+j5.01972966788481134159e-01
  +2.81291225438457422048e-02+j4.94355995864689978792e-01
  +5.55256943418796708456e-02+j4.84787289429771006688e-01
  +8.18458029954806515205e-02+j4.73367716007173644499e-01
  +1.06931062689275241384e-01+j4.60216970499619792978e-01
  +1.30638405405872293219e-01+j4.45471657590988057152e-01
  +1.52842242505113079520e-01+j4.29282989673170356504e-01
  +1.73436226112363645058e-01+j4.11814165044707858332e-01
  +1.92334556900863318241e-01+j3.93237505708880386024e-01
  +2.09472802615665865122e-01+j3.73731443935552243296e-01
  +2.24808211376399419423e-01+j3.53477452132910596738e-01
  +2.38319524175029495705e-01+j3.32657011127020119101e-01
  +2.50006310754490423953e-01+j3.11448707668556701300e-01
  +2.59887870977660806471e-01+j2.90025543252995177124e-01
  +2.68001758813133872383e-01+j2.68552523863118897118e-01
  +2.74401997382510864920e-01+j2.47184584987562488978e-01
  +2.79157060668880185883e-01+j2.26064889357531301206e-01
  +2.82347700359124154090e-01+j2.05323517438958685899e-01
  +2.84064695093899255429e-01+j1.85076553917799119242e-01
  +2.84406594614383279040e-01+j1.65425558163859981464e-01
  +2.83477523613656301471e-01+j1.46457393677384417607e-01
  +2.81385100329344939318e-01+j1.28244381282071912009e-01
  +2.78238513893700523116e-01+j1.10844733542540194171e-01
  +2.74146792986975140760e-01+j9.43032235327057738461e-02
  +2.69217287121167325736e-01+j7.86520394496450642174e-02
  +2.63554371478600779621e-01+j6.39117772984907767109e-02
  +2.57258377053655118427e-01+j5.00925265229172703152e-02
  +2.50424740151591551651e-01+j3.71950075407325650434e-02
  +2.43143359199285119532e-01+j2.52117251897437805175e-02
  +2.35498142312378033747e-01+j1.41281076587920686322e-02
  +2.27566726043788802869e-01+j3.92360619842289145426e-03
  +2.19420344046293153140e-01-j5.42726352709558233778e-03
  +2.11123823816094596806e-01-j1.39539523949190943236e-02
  +2.02735690028174153632e-01-j2.16889903754582842599e-02
  +1.94308354012940331934e-01-j2.86671859309200471877e-02
  +1.85888370457509000122e-01-j3.49249141258784479014e-02
  +1.77516744267449538830e-01-j4.04994925787995271871e-02
  +1.69229272547040482388e-01-j4.54286422580653728720e-02
  +1.61056908728061831670e-01-j4.97500285544869094712e-02
  +1.53026137906794507115e-01-j5.35008769753358426335e-02
  +1.45159354369552129338e-01-j5.67176571290546466253e-02
  +1.37475234053819728164e-01-j5.94358283317655139433e-02
  +1.29989096278689458819e-01-j6.16896400975370934328e-02
  +1.22713250472490972842e-01-j6.35119809116161948559e-02
  +1.15657324826691776387e-01-j6.49342689749002471844e-02
  +1.08828574820148238356e-01-j6.59863790021751328574e-02
  +1.02232170399320143606e-01-j6.66965996178714159992e-02
  +9.58714612838351548652e-02-j6.70916163903654966250e-02
  +8.97482204104788627852e-02-j6.71965160551316609272e-02
  +8.38628659500471329569e-02-j6.70348079802261936910e-02
  +7.82146626484179624539e-02-j6.66284594115081202359e-02
  +7.28019034718413171614e-02-j6.59979414906095712690e-02
  +6.76220726922047987717e-02-j6.51622834603318851210e-02
  +6.26719916443401053874e-02-j6.41391328567603585808e-02
  +5.79479484361356683708e-02-j6.29448198337848735529e-02
  +5.34458129036626400366e-02-j6.15944240744117424424e-02
  +4.91611380863184246892e-02-j6.01018430155357136213e-02
  +4.50892494584647154920e-02-j5.84798603508966813314e-02
  +4.12253231002420589268e-02-j5.67402139833923790935e-02
  +3.75644539259644139051e-02-j5.48936627754384107170e-02
  +3.41017150177965952529e-02-j5.29500515976572133647e-02
  +3.08322090382444381762e-02-j5.09183743045767689406e-02
  +2.77511126198415440658e-02-j4.88068343740611990111e-02
  +2.48537145560219045748e-02-j4.66229030372917047087e-02
  +2.21354485449383915630e-02-j4.43733748008336287283e-02
  +1.95919211687656767695e-02-j4.20644203236343536267e-02
  +1.72189357255386268908e-02-j3.97016366617621505042e-02
  +1.50125124691121297760e-02-j3.72900949340198850646e-02
  +1.29689057556803336024e-02-j3.48343854937517710679e-02
  +1.10846185423491960104e-02-j3.23386607176382803730e-02
  +9.35641463463318494298e-03-j2.98066755421163911977e-02
  +7.78132903510095515209e-03-j2.72418258933659999943e-02
  +6.35667670463676160592e-03-j2.46471851684672595140e-02
  +5.08006001060155518156e-03-j2.20255389339806297022e-02
  +3.94937510227844068567e-03-j1.93794180146939810927e-02
  +2.96281742310473307500e-03-j1.67111301499540676474e-02
  +2.11888654094245960924e-03-j1.40227903984676861848e-02
  +1.41639045181772408634e-03-j1.13163504750572151136e-02
  +8.54449488678166472685e-04-j8.59362720491400368383e-03
  +4.32499944677152022270e-04-j5.85633028269955200479e-03
  +1.50297499723615950130e-04-j3.10608952562811072712e-03
  +7.92051947780790769769e-06-j3.44481811605390638407e-04
  +5.77327710370820415276e-06+j2.42694210426607848499e-03
  +1.44589129715218717197e-04+j5.20663069883648115671e-03
  +4.25433663205056862219e-04+j7.99300451658645043362e-03
  +8.49707800743476843533e-04+j1.07844285289577634240e-02
  +1.41915085123859251691e-03+j1.35791838102147684186e-02
  +2.13584345430023339954e-03+j1.63754383178163660795e-02
  +3.00221035714661865085e-03+j1.91712165598944307698e-02
  +4.02102293630746294995e-03+j2.19643679266341255996e-02
  +5.19540135228824338093e-03+j2.47525334561242323084e-02
  +6.52881619830028223084e-03+j2.75331107989709687744e-02
  +8.02508947419604268259e-03+j3.03032171396506143368e-02
  +9.68839468341884876845e-03+j3.30596498266593555315e-02
  +1.15232558136026327911e-02+j3.57988444583058201820e-02
  +1.35345449198282959113e-02+j3.85168301669214369065e-02
  +1.57274779829836494627e-02+j4.12091818419151115216e-02
</dep>
<dep S[1,1] frequency>
  -5.91629667295037964259e-01-j2.62342358749296455933e-01
  -6.17370673520704515980e-01-j2.41595201971331441371e-01
  -6.41085264086319606136e-01-j2.19351326878237190554e-01
  -6.62783518908721447360e-01-j1.95828796923070785896e-01
  -6.82491206289120966311e-01-j1.71224152380796079687e-01
  -7.00245734978640510526e-01-j1.45713470510104831090e-01
  -7.16092796173317114317e-01-j1.19453735806233113381e-01
  -7.30083621524778458856e-01-j9.25843837938165048485e-02
  -7.42272778334169935910e-01-j6.52289171703754333542e-02
  -7.52716424376317361222e-01-j3.74965219137994298926e-02
  -7.61470949856580148207e-01-j9.48363373030897127691e-03
  -7.68591941093844321919e-01+j1.87245772714559610694e-02
  -7.74133408453223204049e-01+j4.70528226693671391967e-02
  -7.78147229041697863217e-01+j7.54344219888669342833e-02
  -7.80682762255535123153e-01+j1.03810141757801011053e-01
  -7.81786603166762517070e-01+j1.32127145337357559951e-01
  -7.81502444844182075911e-01+j1.60338048493846779818e-01
  -7.79871025996198508068e-01+j1.88400073852990318501e-01
  -7.76930144834553138011e-01+j2.16274296420933431762e-01
  -7.72714723852227169942e-01+j2.43924972007259793783e-01
  -7.67256913366344495131e-01+j2.71318940454252921501e-01
  -7.60586224279247491431e-01+j2.98425095919946148371e-01
  -7.52729682638995756250e-01+j3.25213916977281636278e-01
  -7.43712000306957499163e-01+j3.51657049903179363959e-01
  -7.33555757431147981151e-01+j3.77726939187884802607e-01
  -7.22281593535452071109e-01+j4.03396499961312438032e-01
  -7.09908404915817192737e-01+j4.28638827686115553295e-01
  -6.96453546725045447019e-01+j4.53426941091803814565e-01
  -6.81933038661830970284e-01+j4.77733554912803171089e-01
  -6.66361773584653205305e-01+j5.01530879540764251701e-01
  -6.49753728669418606501e-01+j5.24790445206626099406e-01
  -6.32122178939441337064e-01+j5.47482948770695032614e-01
  -6.13479913131793286318e-01+j5.69578121620745392306e-01
  -5.93839451936753803807e-01+j5.91044617559612239788e-01
  -5.73213268666088682224e-01+j6.11849919906945483028e-01
  -5.51614012378419671379e-01+j6.31960267345245685355e-01
  -5.29054733422031575607e-01+j6.51340598308694507246e-01
  -5.05549111251780480814e-01+j6.69954513944843066398e-01
  -4.81111684241808723606e-01+j6.87764259872737482304e-01
  -4.55758081053779018355e-01+j7.04730727115775779090e-01
  -4.29505252935142634030e-01+j7.20813472701382074170e-01
  -4.02371706118543448483e-01+j7.35970760490280428989e-01
  -3.74377733276813562391e-01+j7.50159622823330485275e-01
  -3.45545642764393090562e-01+j7.63335943550878304187e-01
  -3.15899984152363533241e-01+j7.75454562936422786557e-01
  -2.85467768349197681399e-01+j7.86469404801330873589e-01
  -2.54278680402082901679e-01+j7.96333626100015790072e-01
  -2.22365282905152006343e-01+j8.04999788886377243280e-01
  -1.89763207812431028421e-01+j8.12420054355763698872e-01
  -1.56511334377466171386e-01+j8.18546398327655966298e-01
  -1.22651950930057790368e-01+j8.23330847181794833745e-01
  -8.82308982655746476542e-02+j8.26725732886727571191e-01
  -5.32976925734034434612e-02+j8.28683965380790699129e-01
  -1.79056260758923002641e-02+j8.29159320201763860858e-01
  +1.78881561089296869937e-02+j8.28106738935934449941e-01
  +5.40226039309031347280e-02+j8.25482639797856965203e-01
  +9.04327357244838481165e-02+j8.21245235487132241303e-01
  +1.27049636813592048412e-01+j8.15354855428523261907e-01
  +1.63800482704527572420e-01+j8.07774269615035289682e-01
  +2.00608585525702709518e-01+j7.98469011565175024181e-01
  +2.37393461771930602833e-01+j7.87407698393271737736e-01
  +2.74070918906467231313e-01+j7.74562346682977076462e-01
  +3.10553158029489573266e-01+j7.59908683742195556476e-01
  +3.46748889705987384247e-01+j7.43426454878259979075e-01
  +3.82563460227855423046e-01+j7.25099728520041342250e-01
  +4.17898986128015959007e-01+j7.04917202260045394624e-01
  +4.52654495719743810156e-01+j6.82872514101929839470e-01
  +4.86726077833141257400e-01+j6.58964564261358853869e-01
  +5.20007039764474709997e-01+j6.33197853644933528194e-01
  +5.52388078707902963060e-01+j6.05582845474255448970e-01
  +5.83757473522460657023e-01+j5.76136356276287342482e-01
  +6.14001306469442953428e-01+j5.44881981482677968387e-01
  +6.43003727353988585591e-01+j5.11850559047973385773e-01
  +6.70647275085788585613e-01+j4.77080671729901928391e-01
  +6.96813273762442952908e-01+j4.40619184953953468842e-01
  +7.21382321669907566886e-01+j4.02521812565999892453e-01
  +7.44234891777206253316e-01+j3.62853697410368325471e-01
  +7.65252061084223500487e-01+j3.21689987807386834628e-01
  +7.84316383323927501792e-01+j2.79116384998244815296e-01
  +8.01312914872048365211e-01+j2.35229630924716076601e-01
  +8.16130397251328854047e-01+j1.90137900838340007104e-01
  +8.28662591460636033247e-01+j1.43961061747979068848e-01
  +8.38809749813509197836e-01+j9.68307561678573847086e-02
  +8.46480200519386771774e-01+j4.88902715065155230034e-02
  +8.51592009535150018529e-01+j2.94159099967567644329e-04
  +8.54074674039063230779e-01-j4.87924264868047560806e-02
  +8.53870793094228197617e-01-j9.81946877503428600109e-02
  +8.50937654534573928444e-01-j1.47729451909835413081e-01
  +8.45248673594963806366e-01-j1.97206739670485520222e-01
  +8.36794618911256726790e-01-j2.46431613651311776092e-01
  +8.25584565568230566157e-01-j2.95206269776103091829e-01
  +8.11646522886304566669e-01-j3.43332320691872916463e-01
  +7.95027696278338691371e-01-j3.90613208186499250019e-01
  +7.75794357107961407571e-01-j4.36856672611115492977e-01
  +7.54031311091756473175e-01-j4.81877202226934475693e-01
  +7.29840973266525860907e-01-j5.25498384627837711314e-01
  +7.03342074665391336907e-01-j5.67555086013301735015e-01
  +6.74668041429428932965e-01-j6.07895391806600460249e-01
  +6.43965100097202314267e-01-j6.46382253303782294829e-01
  +6.11390172485942073877e-01-j6.82894798813616477062e-01
  +5.77108629438948250723e-01-j7.17329283062068445709e-01
  +5.41291974631505690141e-01-j7.49599664390729003571e-01
  +5.04115527787668882276e-01-j7.79637814436422105224e-01
  +4.65756171517167860685e-01-j8.07393378644391090937e-01
  +4.26390218188752834205e-01-j8.32833317453477106618e-01
  +3.86191443581889226611e-01-j8.55941166856094115545e-01
  +3.45329323305492486007e-01-j8.76716063082699670339e-01
  +3.03967496902820211169e-01-j8.95171579420636076563e-01
  +2.62262473843031473919e-01-j9.11334423868692455883e-01
  +2.20362585765993213016e-01-j9.25243044806079328879e-01
  +1.78407180781171847972e-01-j9.36946188556268655390e-01
  +1.36526048556000978440e-01-j9.46501448124898447922e-01
  +9.48390594587618651623e-02-j9.53973836950295805970e-01
  +5.34559971239957909539e-02-j9.59434415648837690682e-01
  +1.24765613750987269803e-02-j9.62958993826308562447e-01
  -2.80094827027840831413e-02-j9.64626923349152676224e-01
  -6.79220338029181691653e-02-j9.64519994238689393207e-01
  -1.07190285005213326031e-01-j9.62721439707716841738e-01
  -1.45752277950626063507e-01-j9.59315052880493013276e-01
  -1.83554400674361239965e-01-j9.54384414448865792124e-01
  -2.20550847011467349157e-01-j9.48012227904188709005e-01
  -2.56703053182983698122e-01-j9.40279757001595939414e-01
  -2.91979124856102056906e-01-j9.31266358696595908384e-01
  -3.26353265736882891535e-01-j9.21049103869019392121e-01
  -3.59805216662371529779e-01-j9.09702477638247741787e-01
  -3.92319712251880170495e-01-j8.97298150899408453185e-01
  -4.23885960477679901715e-01-j8.83904814801175442440e-01
  -4.54497149032428437998e-01-j8.69588070177271243999e-01
  -4.84149981101709370179e-01-j8.54410364379637798926e-01
  -5.12844242085582102675e-01-j8.38430968493741657355e-01
  -5.40582397937432901358e-01-j8.21705988506797879722e-01
  -5.67369225083740547078e-01-j8.04288404616472440978e-01
  -5.93211471334622375551e-01-j7.86228133486794544815e-01
  -6.18117546772719572701e-01-j7.67572108861556912096e-01
  -6.42097243297305553256e-01-j7.48364376520458951525e-01
  -6.65161481284006206316e-01-j7.28646200101166430230e-01
  -6.87322081681387864194e-01-j7.08456174805931482297e-01
  -7.08591561789547075279e-01-j6.87830346462013353381e-01
  -7.28982952939675743487e-01-j6.66802333810194491903e-01
  -7.48509638306550706410e-01-j6.45403452256324450254e-01
  -7.67185209128542600077e-01-j6.23662837638760625403e-01
  -7.85023337674239929385e-01-j6.01607568842782436391e-01
  -8.02037665374690900144e-01-j5.79262788334452105588e-01
  -8.18241704630409572019e-01-j5.56651819894281807422e-01
  -8.33648752898358602614e-01-j5.33796283008964644878e-01
  -8.48271817762896951365e-01-j5.10716203530387602427e-01
  -8.62123551793606446303e-01-j4.87430120338509575983e-01
  -8.75216196090058184964e-01-j4.63955187851253170184e-01
  -8.87561531507503942429e-01-j4.40307274313162189117e-01
  -8.99170836647299576150e-01-j4.16501055867601721605e-01
  -9.10054851780837115172e-01-j3.92550106476946769618e-01
  -9.20223747955542625832e-01-j3.68466983803695635746e-01
  -9.29687100605961158628e-01-j3.44263311204176858382e-01
  -9.38453867062029045698e-01-j3.19949856017440192879e-01
  -9.46532367410463426616e-01-j2.95536604356113730141e-01
  -9.53930268224036481683e-01-j2.71032832624736874649e-01
  -9.60654568727544067031e-01-j2.46447176005488738371e-01
  -9.66711589018921735317e-01-j2.21787694161937110060e-01
  -9.72106960009486820162e-01-j1.97061934419550027764e-01
  -9.76845614789129790267e-01-j1.72276992687525748460e-01
  -9.80931781160797044983e-01-j1.47439572390851897365e-01
  -9.84368975124124023779e-01-j1.22556041684697344940e-01
  -9.87159995121158040376e-01-j9.76324892257080106939e-02
  -9.89306916887848108999e-01-j7.26747787768917546947e-02
  -9.90811088784149918141e-01-j4.76886029247213794058e-02
  -9.91673127503134299587e-01-j2.26795361892124930359e-02
  -9.91892914086185739642e-01+j2.34691218996257999763e-03
  -9.91469590197330385983e-01+j2.73852455054525226186e-02
  -9.90401554635484071554e-01+j5.24299265831418004336e-02
  -9.88686460089235885640e-01+j7.74753242389867730067e-02
  -9.86321210165240436218e-01+j1.02515658894273331558e-01
  -9.83301956748571237554e-01+j1.27544947046759726828e-01
  -9.79624097782158087533e-01+j1.52556944289510387769e-01
  -9.75282275582921021062e-01+j1.77545086563257320522e-01
  -9.70270375845072585719e-01+j2.02502429321678917296e-01
  -9.64581527516626291430e-01+j2.27421584282559513523e-01
  -9.58208103774090380611e-01+j2.52294653431466675553e-01
  -9.51141724363033125300e-01+j2.77113159938684627814e-01
  -9.43373259619419091138e-01+j3.01867975645242536675e-01
  -9.34892836538835814153e-01+j3.26549244770310165276e-01
  -9.25689847318615810501e-01+j3.51146303490698974414e-01
</dep>
