<Qucs Dataset 1.0.7>
<indep frequency 181>
  +1.00000000000000000000e+09
  +1.05000000000000000000e+09
  +1.10000000000000000000e+09
  +1.15000000000000000000e+09
  +1.20000000000000000000e+09
  +1.25000000000000000000e+09
  +1.30000000000000000000e+09
  +1.35000000000000000000e+09
  +1.40000000000000000000e+09
  +1.45000000000000000000e+09
  +1.50000000000000000000e+09
  +1.55000000000000000000e+09
  +1.60000000000000000000e+09
  +1.65000000000000000000e+09
  +1.70000000000000000000e+09
  +1.75000000000000000000e+09
  +1.80000000000000000000e+09
  +1.85000000000000000000e+09
  +1.90000000000000000000e+09
  +1.95000000000000000000e+09
  +2.00000000000000000000e+09
  +2.05000000000000000000e+09
  +2.10000000000000000000e+09
  +2.15000000000000000000e+09
  +2.20000000000000000000e+09
  +2.25000000000000000000e+09
  +2.30000000000000000000e+09
  +2.35000000000000000000e+09
  +2.40000000000000000000e+09
  +2.45000000000000000000e+09
  +2.50000000000000000000e+09
  +2.55000000000000000000e+09
  +2.60000000000000000000e+09
  +2.65000000000000000000e+09
  +2.70000000000000000000e+09
  +2.75000000000000000000e+09
  +2.80000000000000000000e+09
  +2.85000000000000000000e+09
  +2.90000000000000000000e+09
  +2.95000000000000000000e+09
  +3.00000000000000000000e+09
  +3.05000000000000000000e+09
  +3.10000000000000000000e+09
  +3.15000000000000000000e+09
  +3.20000000000000000000e+09
  +3.25000000000000000000e+09
  +3.30000000000000000000e+09
  +3.35000000000000000000e+09
  +3.40000000000000000000e+09
  +3.45000000000000000000e+09
  +3.50000000000000000000e+09
  +3.55000000000000000000e+09
  +3.60000000000000000000e+09
  +3.65000000000000000000e+09
  +3.70000000000000000000e+09
  +3.75000000000000000000e+09
  +3.80000000000000000000e+09
  +3.85000000000000000000e+09
  +3.90000000000000000000e+09
  +3.95000000000000000000e+09
  +4.00000000000000000000e+09
  +4.05000000000000000000e+09
  +4.10000000000000000000e+09
  +4.15000000000000000000e+09
  +4.20000000000000000000e+09
  +4.25000000000000000000e+09
  +4.30000000000000000000e+09
  +4.35000000000000000000e+09
  +4.40000000000000000000e+09
  +4.45000000000000000000e+09
  +4.50000000000000000000e+09
  +4.55000000000000000000e+09
  +4.60000000000000000000e+09
  +4.65000000000000000000e+09
  +4.70000000000000000000e+09
  +4.75000000000000000000e+09
  +4.80000000000000000000e+09
  +4.85000000000000000000e+09
  +4.90000000000000000000e+09
  +4.95000000000000000000e+09
  +5.00000000000000000000e+09
  +5.05000000000000000000e+09
  +5.10000000000000000000e+09
  +5.15000000000000000000e+09
  +5.20000000000000000000e+09
  +5.25000000000000000000e+09
  +5.30000000000000000000e+09
  +5.35000000000000000000e+09
  +5.40000000000000000000e+09
  +5.45000000000000000000e+09
  +5.50000000000000000000e+09
  +5.55000000000000000000e+09
  +5.60000000000000000000e+09
  +5.65000000000000000000e+09
  +5.70000000000000000000e+09
  +5.75000000000000000000e+09
  +5.80000000000000000000e+09
  +5.85000000000000000000e+09
  +5.90000000000000000000e+09
  +5.95000000000000000000e+09
  +6.00000000000000000000e+09
  +6.05000000000000000000e+09
  +6.10000000000000000000e+09
  +6.15000000000000000000e+09
  +6.20000000000000000000e+09
  +6.25000000000000000000e+09
  +6.30000000000000000000e+09
  +6.35000000000000000000e+09
  +6.40000000000000000000e+09
  +6.45000000000000000000e+09
  +6.50000000000000000000e+09
  +6.55000000000000000000e+09
  +6.60000000000000000000e+09
  +6.65000000000000000000e+09
  +6.70000000000000000000e+09
  +6.75000000000000000000e+09
  +6.80000000000000000000e+09
  +6.85000000000000000000e+09
  +6.90000000000000000000e+09
  +6.95000000000000000000e+09
  +7.00000000000000000000e+09
  +7.05000000000000000000e+09
  +7.10000000000000000000e+09
  +7.15000000000000000000e+09
  +7.20000000000000000000e+09
  +7.25000000000000000000e+09
  +7.30000000000000000000e+09
  +7.35000000000000000000e+09
  +7.40000000000000000000e+09
  +7.45000000000000000000e+09
  +7.50000000000000000000e+09
  +7.55000000000000000000e+09
  +7.60000000000000000000e+09
  +7.65000000000000000000e+09
  +7.70000000000000000000e+09
  +7.75000000000000000000e+09
  +7.80000000000000000000e+09
  +7.85000000000000000000e+09
  +7.90000000000000000000e+09
  +7.95000000000000000000e+09
  +8.00000000000000000000e+09
  +8.05000000000000000000e+09
  +8.10000000000000000000e+09
  +8.15000000000000000000e+09
  +8.20000000000000000000e+09
  +8.25000000000000000000e+09
  +8.30000000000000000000e+09
  +8.35000000000000000000e+09
  +8.40000000000000000000e+09
  +8.45000000000000000000e+09
  +8.50000000000000000000e+09
  +8.55000000000000000000e+09
  +8.60000000000000000000e+09
  +8.65000000000000000000e+09
  +8.70000000000000000000e+09
  +8.75000000000000000000e+09
  +8.80000000000000000000e+09
  +8.85000000000000000000e+09
  +8.90000000000000000000e+09
  +8.95000000000000000000e+09
  +9.00000000000000000000e+09
  +9.05000000000000000000e+09
  +9.10000000000000000000e+09
  +9.15000000000000000000e+09
  +9.20000000000000000000e+09
  +9.25000000000000000000e+09
  +9.30000000000000000000e+09
  +9.35000000000000000000e+09
  +9.40000000000000000000e+09
  +9.45000000000000000000e+09
  +9.50000000000000000000e+09
  +9.55000000000000000000e+09
  +9.60000000000000000000e+09
  +9.65000000000000000000e+09
  +9.70000000000000000000e+09
  +9.75000000000000000000e+09
  +9.80000000000000000000e+09
  +9.85000000000000000000e+09
  +9.90000000000000000000e+09
  +9.95000000000000000000e+09
  +1.00000000000000000000e+10
</indep>
<dep S21_phase frequency>
  -6.67970588474907742693e+01
  -6.99826551183129765832e+01
  -7.31421568347363262319e+01
  -7.62739220339496313272e+01
  -7.93763581942035472139e+01
  -8.24479362484899525043e+01
  -8.54872035069813023256e+01
  -8.84927952361069998233e+01
  -9.14634446955415683078e+01
  -9.43979914914617523891e+01
  -9.72953881623177352367e+01
  -1.00154704969560228278e+02
  -1.02975132917590087800e+02
  -1.05755985073221197013e+02
  -1.08496696293461852179e+02
  -1.11196821501010489897e+02
  -1.13856032669003681690e+02
  -1.16474114690656946891e+02
  -1.19050960316035059350e+02
  -1.21586564338132632201e+02
  -1.24081017204782654062e+02
  -1.26534498222827892278e+02
  -1.28947268507508397306e+02
  -1.31319663814310331418e+02
  -1.33652087373495874090e+02
  -1.35945002830002181327e+02
  -1.38198927374139117319e+02
  -1.40414425131924787138e+02
  -1.42592100868491769461e+02
  -1.44732594043981634968e+02
  -1.46836573248866557151e+02
  -1.48904731034783253563e+02
  -1.50937779147733635909e+02
  -1.52936444162790962764e+02
  -1.54901463513188474508e+02
  -1.56833581901711227147e+02
  -1.58733548078535648074e+02
  -1.60602111966876577753e+02
  -1.62440022115941502534e+02
  -1.64248023459515934519e+02
  -1.66026855357988836204e+02
  -1.67777249901566506196e+02
  -1.69499930452788674984e+02
  -1.71195610407097518646e+02
  -1.72864992151099556850e+02
  -1.74508766199185572532e+02
  -1.76127610490324400416e+02
  -1.77722189828044292881e+02
  -1.79293155447845549588e+02
  +1.79158855302485534366e+02
  +1.77633219182989193996e+02
  +1.76129327194237362164e+02
  +1.74646584633689087696e+02
  +1.73184411085702635091e+02
  +1.71742240354225771171e+02
  +1.70319520346271048084e+02
  +1.68915712913429644004e+02
  +1.67530293657897260573e+02
  +1.66162751708773072323e+02
  +1.64812589473728706935e+02
  +1.63479322370562783817e+02
  +1.62162478542611921739e+02
  +1.60861598561496748516e+02
  +1.59576235120267085676e+02
  +1.58305952719588617583e+02
  +1.57050327349287726975e+02
  +1.55808946167244954495e+02
  +1.54581407177351564997e+02
  +1.53367318907997599808e+02
  +1.52166300092340293304e+02
  +1.50977979351402154862e+02
  +1.49801994880889026263e+02
  +1.48637994142449656465e+02
  +1.47485633559983881469e+02
  +1.46344578221481754099e+02
  +1.45214501586770552422e+02
  +1.44095085201466218905e+02
  +1.42986018417346883780e+02
  +1.41886998119296123377e+02
  +1.40797728458904799709e+02
  +1.39717920594786448873e+02
  +1.38647292439591041102e+02
  +1.37585568413689372846e+02
  +1.36532479205467154770e+02
  -4.45122384619020934338e+01
  -4.55488420571946406312e+01
  -4.65775834617843145224e+01
  -4.75987091839835940732e+01
  -4.86124605675494194656e+01
  -4.96190739943618268626e+01
  -5.06187810815060927894e+01
  -5.16118088729102595380e+01
  -5.25983800257643565601e+01
  -5.35787129918649966953e+01
  -5.45530221941243453898e+01
  -5.55215181984007557503e+01
  -5.64844078808584839635e+01
  -5.74418945910519198605e+01
  -5.83941783109156844489e+01
  -5.93414558098589637325e+01
  -6.02839207961469583097e+01
  -6.12217640647622616257e+01
  -6.21551736419175213655e+01
  -6.30843349264160622170e+01
  -6.40094308280281296675e+01
  -6.49306419030609163201e+01
  -6.58481464873019035622e+01
  -6.67621208264992134218e+01
  -6.76727392045540199206e+01
  -6.85801740695869028741e+01
  -6.94845961580450648398e+01
  -7.03861746170127560163e+01
  -7.12850771248821928339e+01
  -7.21814700105482245363e+01
  -7.30755183712793439099e+01
  -7.39673861894208499734e+01
  -7.48572364480882157523e+01
  -7.57452312459980419135e+01
  -7.66315319115923614390e+01
  -7.75162991166079677896e+01
  -7.83996929892378773275e+01
  -7.92818732270433059739e+01
  -8.01629992097557391162e+01
  -8.10432301121317948400e+01
  -8.19227250170019942743e+01
  -8.28016430286740217070e+01
  -8.36801433868349704426e+01
  -8.45583855811100875144e+01
  -8.54365294664358998489e+01
  -8.63147353793938094668e+01
  -8.71931642556734090022e+01
  -8.80719777488149162537e+01
  -8.89513383503979895295e+01
  -8.98314095118362416770e+01
  -9.07123557679430945200e+01
  -9.15943428624376565494e+01
  -9.24775378755590224955e+01
  -9.33621093539579476328e+01
  -9.42482274430460478243e+01
  -9.51360640219718476374e+01
  -9.60257928414086165958e+01
  -9.69175896643300944788e+01
  -9.78116324099578946516e+01
  -9.87081013010684813480e+01
  -9.96071790148413498400e+01
  -1.00509050837437740711e+02
  -1.01413904822498409430e+02
  -1.02321931953747338184e+02
  -1.03233326311889769045e+02
  -1.04148285245989256964e+02
  -1.05067009549511055866e+02
  -1.05989703641206531870e+02
  -1.06916575751020857865e+02
  -1.07847838111186135279e+02
  -1.08783707152666025308e+02
  -1.09724403707100321981e+02
  -1.10670153214384782814e+02
  -1.11621185936013432638e+02
  -1.12577737174279647547e+02
  -1.13540047497422989409e+02
  -1.14508362970767890943e+02
  -1.15482935393884289965e+02
  -1.16464022543746494875e+02
  -1.17451888423838013864e+02
  -1.18446803519087879408e+02
  -1.19449045056474574267e+02
  -1.20458897271058262390e+02
  -1.21476651677131869178e+02
  -1.22502607344084665897e+02
  -1.23537071176476700884e+02
  -1.24580358197701741574e+02
  -1.25632791836484116743e+02
  -1.26694704215306074957e+02
  -1.27766436439689485383e+02
  -1.28848338887062681124e+02
  -1.29940771493725634400e+02
  -1.31044104038180563521e+02
  -1.32158716418820461058e+02
  -1.33284998923655905401e+02
  -1.34423352489417823108e+02
  -1.35574188946986680548e+02
</dep>
<dep S11_phase frequency>
  -1.56762411500606305026e+02
  -1.59952865183382897385e+02
  -1.63117144747634370106e+02
  -1.66253612555053649658e+02
  -1.69360678958026625196e+02
  -1.72436816631523896604e+02
  -1.75480573746489483256e+02
  -1.78490585748578013181e+02
  +1.78534414444812114198e+02
  +1.75595587962218843359e+02
  +1.72693983287793884074e+02
  +1.69830531385602313321e+02
  +1.67006042610522001723e+02
  +1.64221205332489603279e+02
  +1.61476586162995261020e+02
  +1.58772631642584258316e+02
  +1.56109671226357363594e+02
  +1.53487921390630020824e+02
  +1.50907490677538334012e+02
  +1.48368385494597106344e+02
  +1.45870516492019248744e+02
  +1.43413705350799546068e+02
  +1.40997691828124885660e+02
  +1.38622140922467679047e+02
  +1.36286650037786273515e+02
  +1.33990756043855753887e+02
  +1.31733942147035378412e+02
  +1.29515644502422048845e+02
  +1.27335258513753004195e+02
  +1.25192144781490071637e+02
  +1.23085634671993204847e+02
  +1.21015035491578728966e+02
  +1.18979635258501986073e+02
  +1.16978707073634055291e+02
  +1.15011513096878516649e+02
  +1.13077308141336672520e+02
  +1.11175342901027661924e+02
  +1.09304866830747073436e+02
  +1.07465130698533414488e+02
  +1.05655388832379031783e+02
  +1.03874901083353719855e+02
  +1.02122934527369920943e+02
  +1.00398764927460149465e+02
  +9.87016779778001165369e+01
  +9.70309703498350444306e+01
  +9.53859505598300785323e+01
  +9.37659396760323176068e+01
  +9.21702718824259505936e+01
  +9.05982949148389735683e+01
  +8.90493703839336774308e+01
  +8.75228739984122086071e+01
  +8.60181957006096808982e+01
  +8.45347397255353172341e+01
  +8.30719245933775880530e+01
  +8.16291830445010049289e+01
  +8.02059619250474185037e+01
  +7.88017220304049175184e+01
  +7.74159379130258287205e+01
  +7.60480976603602556452e+01
  +7.46977026480138306397e+01
  +7.33642672726509061931e+01
  +7.20473186686203774798e+01
  +7.07463964117978605373e+01
  +6.94610522137033825629e+01
  +6.81908496085569879597e+01
  +6.69353636355885015519e+01
  +6.56941805185991114513e+01
  +6.44668973445000830225e+01
  +6.32531217422990224009e+01
  +6.20524715637883730324e+01
  +6.08645745669966728997e+01
  +5.96890681032894931946e+01
  +5.85255988088559888638e+01
  +5.73738223011866921297e+01
  +5.62334028810292707590e+01
  +5.51040132402083173702e+01
  +5.39853341756065034929e+01
  +5.28770543095273737322e+01
  +5.17788698165931364770e+01
  +5.06904841572729125687e+01
  +4.96116078180864121805e+01
  +4.85419580584881629193e+01
  +4.74812586643971172862e+01
  +4.64292397083075414344e+01
  +4.53856373158922465905e+01
  +4.43501934389838083916e+01
  +4.33226556348048177369e+01
  +4.23027768513005995032e+01
  +4.12903152184167510086e+01
  +4.02850338451536913453e+01
  +3.92867006222230870094e+01
  +3.82950880301240061954e+01
  +3.73099729524536840586e+01
  +3.63311364942632195607e+01
  +3.53583638052680697683e+01
  +3.43914439077208058393e+01
  +3.34301695287542273149e+01
  +3.24743369370028815979e+01
  +3.15237457833125134243e+01
  +3.05781989453479638996e+01
  +2.96375023759115059363e+01
  +2.87014649547872018331e+01
  +2.77698983439257993666e+01
  +2.68426168457916496379e+01
  +2.59194372646910302649e+01
  +2.50001787709066114473e+01
  +2.40846627674648487982e+01
  +2.31727127593639679048e+01
  +2.22641542250949875381e+01
  +2.13588144902881502674e+01
  +2.04565226033218721113e+01
  +1.95571092127301469077e+01
  +1.86604064462499010801e+01
  +1.77662477913485936654e+01
  +1.68744679770756498272e+01
  +1.59849028570819911010e+01
  +1.50973892936533751197e+01
  +1.42117650426044832557e+01
  +1.33278686388816360875e+01
  +1.24455392827209152529e+01
  +1.15646167262129573317e+01
  +1.06849411601208199585e+01
  +9.80635310080128697052e+00
  +8.92869327707835758190e+00
  +8.05180251691677106862e+00
  +7.17552163374362095283e+00
  +6.29969131226534972967e+00
  +5.42415199362597633126e+00
  +4.54874375975125921912e+00
  +3.67330621672280477341e+00
  +2.79767837702351052087e+00
  +1.92169854049526422912e+00
  +1.04520417384683650397e+00
  +1.68031788548656163540e-01
  -7.09983183051422162002e-01
  -1.58900651355814948040e+00
  -2.46920530847748942449e+00
  -3.35074813645286306851e+00
  -4.23380516196716616406e+00
  -5.11854828068587330847e+00
  -6.00515125762128398890e+00
  -6.89378986830113582585e+00
  -7.78464204312256224938e+00
  -8.67788801508115348327e+00
  -9.57371047105922734488e+00
  -1.04722947068638330137e+01
  -1.13738287862031217657e+01
  -1.22785037037913120628e+01
  -1.31865135527713128738e+01
  -1.40980556966426160415e+01
  -1.50133309458813535286e+01
  -1.59325437394328606189e+01
  -1.68559023312570346320e+01
  -1.77836189820956320773e+01
  -1.87159101566259877814e+01
  -1.96529967261545515100e+01
  -2.05951041769891993738e+01
  -2.15424628246171110391e+01
  -2.24953080337926607513e+01
  -2.34538804446215962685e+01
  -2.44184262046959368320e+01
  -2.53891972073079976724e+01
  -2.63664513357308791797e+01
  -2.73504527135128654436e+01
  -2.83414719606795202367e+01
  -2.93397864556831677874e+01
  -3.03456806028692014365e+01
  -3.13594461051529123097e+01
  -3.23813822415100389662e+01
  -3.34117961487878218918e+01
  -3.44510031072186890810e+01
  -3.54993268288959384904e+01
  -3.65570997483142363649e+01
  -3.76246633139096999798e+01
  -3.87023682793461034635e+01
  -3.97905749930654337732e+01
  -4.08896536843918667614e+01
  -4.19999847441897600220e+01
  -4.31219589977773267719e+01
  -4.42559779674480182621e+01
  -4.54024541215718997478e+01
</dep>
<dep S21_dB frequency>
  -1.63820075215212623831e+00
  -1.80620959058174790357e+00
  -1.98221531740800704924e+00
  -2.16609776286467070605e+00
  -2.35771927564424643720e+00
  -2.55692563705934228224e+00
  -2.76354725709776660736e+00
  -2.97740061678501444220e+00
  -3.19828991614375501840e+00
  -3.42600888378110157717e+00
  -3.66034270274704631731e+00
  -3.90107000772208145634e+00
  -4.14796491055461480357e+00
  -4.40079901451624966313e+00
  -4.65934338198933595265e+00
  -4.92337042541999458933e+00
  -5.19265569688750616706e+00
  -5.46697955731558327130e+00
  -5.74612871192198326753e+00
  -6.02989760377108385825e+00
  -6.31808966210034128608e+00
  -6.61051840635240672839e+00
  -6.90700841048045077741e+00
  -7.20739613510090748605e+00
  -7.51153063746609195306e+00
  -7.81927417103030020229e+00
  -8.13050268769649875367e+00
  -8.44510625666845271553e+00
  -8.76298941432019162789e+00
  -9.08407145967905194084e+00
  -9.40828671009049699592e+00
  -9.73558473145198810528e+00
  -1.00659305571553137071e+01
  -1.03993049095968714823e+01
  -1.07357044378791286476e+01
  -1.10751419851726868870e+01
  -1.14176468991859323410e+01
  -1.17632653993375164703e+01
  -1.21120610146003127028e+01
  -1.24641151066070321463e+01
  -1.28195274935508365388e+01
  -1.31784171917091068593e+01
  -1.35409232931509357911e+01
  -1.39072060004174637982e+01
  -1.42774478417992138901e+01
  -1.46518550943899654726e+01
  -1.50306594465230247692e+01
  -1.54141199366940639948e+01
  -1.58025252128823225917e+01
  -1.61961961646296757067e+01
  -1.65954889907333758003e+01
  -1.70007987784931238195e+01
  -1.74125636868431286075e+01
  -1.78312698463251635417e+01
  -1.82574571149755229271e+01
  -1.86917258624820661339e+01
  -1.91347449976937120653e+01
  -1.95872615098324658334e+01
  -2.00501118658698871400e+01
  -2.05242357014686014338e+01
  -2.10106923691013207645e+01
  -2.15106810765605196423e+01
  -2.20255655795528682006e+01
  -2.25569047091973473584e+01
  -2.31064904574777116864e+01
  -2.36763959694317378535e+01
  -2.42690366904872156795e+01
  -2.48872492335734385449e+01
  -2.55343944939263849392e+01
  -2.62144945312496027157e+01
  -2.69324174079749845134e+01
  -2.76941316569856041951e+01
  -2.85070644192370252767e+01
  -2.93806184449133382941e+01
  -3.03269408039140841993e+01
  -3.13621063590203874583e+01
  -3.25080173647970553930e+01
  -3.37956116685364449381e+01
  -3.52706367066612997974e+01
  -3.70049291341326451743e+01
  -3.91210188068175455101e+01
  -4.18549742332907044329e+01
  -4.57626120983966728772e+01
  -5.28287190072115109274e+01
  -6.55479520861351403482e+01
  -4.96675254101276664187e+01
  -4.44480764670675583261e+01
  -4.12592674199004392221e+01
  -3.89674933516626964547e+01
  -3.71834494658386631727e+01
  -3.57262533578580132598e+01
  -3.44969698548778609393e+01
  -3.34355459239137502436e+01
  -3.25027768700195451856e+01
  -3.16716495931713737377e+01
  -3.09227593304469721147e+01
  -3.02416963116370141051e+01
  -2.96174662572966411744e+01
  -2.90414897152061044494e+01
  -2.85069429751016691910e+01
  -2.80083095407860795945e+01
  -2.75410662643978128017e+01
  -2.71014583626854417275e+01
  -2.66863347230926279963e+01
  -2.62930250943121279761e+01
  -2.59192469950940527212e+01
  -2.55630341083504255550e+01
  -2.52226804715271057944e+01
  -2.48966964576501226247e+01
  -2.45837736785924896310e+01
  -2.42827567246437823201e+01
  -2.39926202021444510137e+01
  -2.37124499202150040844e+01
  -2.34414273582030077137e+01
  -2.31788167503927624580e+01
  -2.29239542759712762177e+01
  -2.26762389554254042423e+01
  -2.24351249400125070110e+01
  -2.22001149460947964087e+01
  -2.19707546362468946199e+01
  -2.17466277879250178273e+01
  -2.15273521208733775723e+01
  -2.13125756783897557511e+01
  -2.11019736765533565404e+01
  -2.08952457506782529606e+01
  -2.06921135404306646421e+01
  -2.04923185648891887922e+01
  -2.02956203468181470839e+01
  -2.01017947519584971872e+01
  -1.99106325144978839603e+01
  -1.97219379243064736329e+01
  -1.95355276551889929237e+01
  -1.93512297164520710169e+01
  -1.91688825126367987650e+01
  -1.89883339984037462500e+01
  -1.88094409173613286157e+01
  -1.86320681151465201708e+01
  -1.84560879183668689052e+01
  -1.82813795721040399656e+01
  -1.81078287296254245575e+01
  -1.79353269887518749215e+01
  -1.77637714700212647756e+01
  -1.75930644323872726886e+01
  -1.74231129227033108009e+01
  -1.72538284556943679604e+01
  -1.70851267215036841662e+01
  -1.69169273182439070524e+01
  -1.67491535072761585923e+01
  -1.65817319892024208627e+01
  -1.64145926987853698620e+01
  -1.62476686172099888950e+01
  -1.60808956002825489406e+01
  -1.59142122213178502932e+01
  -1.57475596276101335036e+01
  -1.55808814095058671967e+01
  -1.54141234812116643127e+01
  -1.52472339725722143555e+01
  -1.50801631311431236782e+01
  -1.49128632339697198006e+01
  -1.47452885085550118305e+01
  -1.45773950625736112841e+01
  -1.44091408219488474884e+01
  -1.42404854769710009776e+01
  -1.40713904361889099448e+01
  -1.39018187878593089124e+01
  -1.37317352687845115611e+01
  -1.35611062404163522643e+01
  -1.33898996721464307313e+01
  -1.32180851317452194849e+01
  -1.30456337829478545842e+01
  -1.28725183902294268989e+01
  -1.26987133308415565125e+01
  -1.25241946142228233185e+01
  -1.23489399089274147769e+01
  -1.21729285772476547578e+01
  -1.19961417177438995907e+01
  -1.18185622159168914891e+01
  -1.16401748032945597799e+01
  -1.14609661252274115384e+01
  -1.12809248177139682667e+01
  -1.11000415935987639671e+01
</dep>
<dep S11_dB frequency>
  -5.10076733667049353471e+00
  -4.75238114213478457515e+00
  -4.42768608812678188258e+00
  -4.12486558499714561776e+00
  -3.84230948614869216584e+00
  -3.57857811725732766206e+00
  -3.33237377262062439698e+00
  -3.10251801587279230077e+00
  -2.88793353180926981594e+00
  -2.68762957089098808439e+00
  -2.50069024374270076905e+00
  -2.32626508341968474269e+00
  -2.16356141456819761615e+00
  -2.01183816182609875867e+00
  -1.87040080257701735178e+00
  -1.73859722674904371154e+00
  -1.61581431249938956007e+00
  -1.50147506397452468185e+00
  -1.39503618778682469959e+00
  -1.29598600979342570838e+00
  -1.20384265423274561257e+00
  -1.11815242405306802809e+00
  -1.03848833498325676672e+00
  -9.64448767038681986641e-01
  -8.95656206140733712751e-01
  -8.31756055705370589415e-01
  -7.72415503713278606135e-01
  -7.17322435176857564620e-01
  -6.66184383280832292940e-01
  -6.18727514984956483701e-01
  -5.74695648707681083778e-01
  -5.33849302991906471405e-01
  -4.95964775909194577341e-01
  -4.60833255485570969512e-01
  -4.28259961710941383650e-01
  -3.98063320791239405594e-01
  -3.70074172271338097673e-01
  -3.44135009540629144276e-01
  -3.20099254062016835842e-01
  -2.97830563467642972508e-01
  -2.77202173455167344418e-01
  -2.58096273214288018938e-01
  -2.40403413919805519772e-01
  -2.24021949653693985827e-01
  -2.08857509966129561985e-01
  -1.94822503156031889837e-01
  -1.81835649246199798634e-01
  -1.69821541544835752369e-01
  -1.58710235623666373606e-01
  -1.48436864500288090429e-01
  -1.38941278787231003999e-01
  -1.30167710560500138328e-01
  -1.22064459703413841218e-01
  -1.14583601495789763614e-01
  -1.07680714241968136791e-01
  -1.01314625762056076397e-01
  -9.54471776072913502542e-02
  -9.00430059018444278740e-02
  -8.50693377577648041088e-02
  -8.04958022565286090977e-02
  -7.62942550386098705673e-02
  -7.24386155915553026086e-02
  -6.89047163752478930565e-02
  -6.56701629716564816430e-02
  -6.27142044933226006087e-02
  -6.00176135309340580415e-02
  -5.75625749648664281066e-02
  -5.53325830083252132030e-02
  -5.33123458907578812171e-02
  -5.14876976292646879041e-02
  -4.98455163730350120366e-02
  -4.83736488408522957716e-02
  -4.70608404051509193744e-02
  -4.58966704073808517972e-02
  -4.48714923188342149074e-02
  -4.39763783889396756011e-02
  -4.32030684486420374357e-02
  -4.25439225610319271542e-02
  -4.19918772337906850978e-02
  -4.15404049290925836413e-02
  -4.11834766265512589034e-02
  -4.09155272127122784931e-02
  -4.07314234879065373285e-02
  -4.06264345969011286819e-02
  -4.05962047046010826579e-02
  -4.06367277516051228492e-02
  -4.07443241370083197861e-02
  -4.09156191877068434182e-02
  -4.11475232841491678215e-02
  -4.14372135226557733456e-02
  -4.17821168037378898319e-02
  -4.21798942443565999527e-02
  -4.26284268202707719575e-02
  -4.31258021518210882261e-02
  -4.36703023534474737977e-02
  -4.42603928736906432340e-02
  -4.48947122580926824553e-02
  -4.55720627730578989323e-02
  -4.62914018337836491446e-02
  -4.70518341839327933207e-02
  -4.78526047792681152870e-02
  -4.86930923314557798087e-02
  -4.95728034718730392605e-02
  -5.04913674990887031968e-02
  -5.14485316766966210844e-02
  -5.24441570512538049464e-02
  -5.34782147632331117393e-02
  -5.45507828261592858654e-02
  -5.56620433519680532508e-02
  -5.68122802028562662313e-02
  -5.80018770521129045648e-02
  -5.92313158386788551901e-02
  -6.05011756020062685391e-02
  -6.18121316859393948873e-02
  -6.31649553020034587592e-02
  -6.45605134443408279488e-02
  -6.59997691502860195367e-02
  -6.74837821021084527384e-02
  -6.90137095672767181265e-02
  -7.05908076759047264925e-02
  -7.22164330359239964308e-02
  -7.38920446879075681901e-02
  -7.56192064029591187735e-02
  -7.73995893288386693776e-02
  -7.92349749908882738936e-02
  -8.11272586560753267149e-02
  -8.30784530698651241254e-02
  -8.50906925775456457473e-02
  -8.71662376432489477418e-02
  -8.93074797814760040771e-02
  -9.15169469182744166336e-02
  -9.37973092004560082824e-02
  -9.61513852739080965293e-02
  -9.85821490536836902985e-02
  -1.01092737010938849007e-01
  -1.03686456004239035966e-01
  -1.06366791684986250477e-01
  -1.09137417509514639269e-01
  -1.12002204393130078142e-01
  -1.14965231044339977196e-01
  -1.18030795020641676718e-01
  -1.21203424550683031002e-01
  -1.24487891171063347340e-01
  -1.27889223230125859132e-01
  -1.31412720314907388586e-01
  -1.35063968662069600057e-01
  -1.38848857618238674672e-01
  -1.42773597220232639771e-01
  -1.46844736971167816320e-01
  -1.51069185894148999560e-01
  -1.55454233951603071340e-01
  -1.60007574924886097900e-01
  -1.64737330856175812066e-01
  -1.69652078162146779938e-01
  -1.74760875537388782330e-01
  -1.80073293774367426678e-01
  -1.85599447636093928260e-01
  -1.91350029928175069394e-01
  -1.97336347927492550269e-01
  -2.03570362336809806969e-01
  -2.10064728946741913207e-01
  -2.16832843200383762472e-01
  -2.23888887869648195439e-01
  -2.31247884068123965573e-01
  -2.38925745841134823388e-01
  -2.46939338591180612692e-01
  -2.55306541615235360609e-01
  -2.64046315049976443312e-01
  -2.73178771541378095922e-01
  -2.82725252977248597830e-01
  -2.92708412643939985820e-01
  -3.03152303192687544442e-01
  -3.14082470826165471856e-01
  -3.25526056142291908557e-01
  -3.37511902099284721857e-01
  -3.50070669594455541329e-01
  -3.63234961177797410770e-01
  -3.77039453451061379319e-01
  -3.91521038732412007821e-01
  -4.06718976596596670792e-01
  -4.22675055929459808635e-01
</dep>
<dep Zin_ohm frequency>
  +8.78004699360003996844e+02
  +7.99498651984114644620e+02
  +7.25252301901546275076e+02
  +6.55756217832821334923e+02
  +5.91691334138632328177e+02
  +5.33995154770470207950e+02
  +4.83918206496355537638e+02
  +4.43025419980131800912e+02
  +4.13058838318507696385e+02
  +3.95576952343130528789e+02
  +3.91415645501829317254e+02
  +4.00261702282795909014e+02
  +4.20683015632303749953e+02
  +4.50605476695502375151e+02
  +4.87876747933885098973e+02
  +5.30624085893933852276e+02
  +5.77372842504840491529e+02
  +6.27023726014694148034e+02
  +6.78779858724257110225e+02
  +7.32070950305488509002e+02
  +7.86490966811508087631e+02
  +8.41751476022731253579e+02
  +8.97648134808247846195e+02
  +9.54037009076056165213e+02
  +1.01081790277906213760e+03
  +1.06792258474886693875e+03
  +1.12530641890935339688e+03
  +1.18294236426156317066e+03
  +1.24081663526138822817e+03
  +1.29892553547776924461e+03
  +1.35727312834097574523e+03
  +1.41586951118463252897e+03
  +1.47472952854066033979e+03
  +1.53387180849298101748e+03
  +1.59331803899288092907e+03
  +1.65309242414552682021e+03
  +1.71322127676431637155e+03
  +1.77373271508187758627e+03
  +1.83465643983709537679e+03
  +1.89602357400013897859e+03
  +1.95786655182225536009e+03
  +2.02021904716549806835e+03
  +2.08311593350467774144e+03
  +2.14659326982606808087e+03
  +2.21068830803817354536e+03
  +2.27543951857510683112e+03
  +2.34088663169677556652e+03
  +2.40707069263428320482e+03
  +2.47403412923830137515e+03
  +2.54182083119680282834e+03
  +2.61047624022142053946e+03
  +2.68004745087784749558e+03
  +2.75058332197001345776e+03
  +2.82213459859107751981e+03
  +2.89475404513605508328e+03
  +2.96849658973776467974e+03
  +3.04341948074593256024e+03
  +3.11958245602333772695e+03
  +3.19704792598733274644e+03
  +3.27588117148378114507e+03
  +3.35615055774638403818e+03
  +3.43792776587215394102e+03
  +3.52128804343576712199e+03
  +3.60631047607580421754e+03
  +3.69307828211881815150e+03
  +3.78167913256593647020e+03
  +3.87220549905744292118e+03
  +3.96475503275728169683e+03
  +4.05943097746969169748e+03
  +4.15634262071956254658e+03
  +4.25560578700600672164e+03
  +4.35734337798435626610e+03
  +4.46168596495677684288e+03
  +4.56877243976869704056e+03
  +4.67875073103423528664e+03
  +4.79177859356628323440e+03
  +4.90802447998905245186e+03
  +5.02766850478881224262e+03
  +5.15090351254470078857e+03
  +5.27793626381377089274e+03
  +5.40898875416974806285e+03
  +5.54429968426853338315e+03
  +5.68412610160478743637e+03
  +5.82874523791465253453e+03
  +5.97845657007174668252e+03
  +6.13358413694286537066e+03
  +6.29447915016786282649e+03
  +6.46152294339788932120e+03
  +6.63513031240198051819e+03
  +6.81575330793069042556e+03
  +7.00388555467712740210e+03
  +7.20006718356766668876e+03
  +7.40489048153794283280e+03
  +7.61900638365873692237e+03
  +7.84313195793410523038e+03
  +8.07805906454393061722e+03
  +8.32466441035168645612e+03
  +8.58392126824327351642e+03
  +8.85691319205347645038e+03
  +9.14485013510696262529e+03
  +9.44908747858481183357e+03
  +9.77114860150794265792e+03
  +1.01127517858702030935e+04
  +1.04758424603003240918e+04
  +1.08626320600248291157e+04
  +1.12756451426687581261e+04
  +1.17177768806058120390e+04
  +1.21923636965962414251e+04
  +1.27032706855346496013e+04
  +1.32550006660089675279e+04
  +1.38528313705081436638e+04
  +1.45029896207684287219e+04
  +1.52128746606847234943e+04
  +1.59913476202234451193e+04
  +1.68491111238257544755e+04
  +1.77992135584836614726e+04
  +1.88577284785928277415e+04
  +2.00446843909806193551e+04
  +2.13853594752280478133e+04
  +2.29121197913458345283e+04
  +2.46670866927109454991e+04
  +2.67061044040644337656e+04
  +2.91048106491608959914e+04
  +3.19682329181405912095e+04
  +3.54465461349608085584e+04
  +3.97621375619328900939e+04
  +4.52586692924443195807e+04
  +5.24960766477311481140e+04
  +6.24502829994541316410e+04
  +7.69796696290955296718e+04
  +1.00076073392817750573e+05
  +1.41890230854832363548e+05
  +2.34316833814105077181e+05
  +4.26535663767660735175e+05
  +2.94111892941489757504e+05
  +1.65590455877183325356e+05
  +1.11586607042093266500e+05
  +8.35667269236463034758e+04
  +6.66279347059836436529e+04
  +5.53284067711406241870e+04
  +4.72669675807216844987e+04
  +4.12302613181493507000e+04
  +3.65417819689061070676e+04
  +3.27953797406314188265e+04
  +2.97327854078023556212e+04
  +2.71820497999797407829e+04
  +2.50243201478334303829e+04
  +2.31748425737729485263e+04
  +2.15715663958266486588e+04
  +2.01680272328127466608e+04
  +1.89287467755337893323e+04
  +1.78261696430113333918e+04
  +1.68385702055842230038e+04
  +1.59485892487732708105e+04
  +1.51421900686916505947e+04
  +1.44079002166363607103e+04
  +1.37362517268178380618e+04
  +1.31193617753147518670e+04
  +1.25506143359441084613e+04
  +1.20244155608881465014e+04
  +1.15360037144673278817e+04
  +1.10812999800220150064e+04
  +1.06567902435518426500e+04
  +1.02594306038314152829e+04
  +9.88657123482725000940e+03
  +9.53589457345624759910e+03
  +9.20536478464684296341e+03
  +8.89318617483188245387e+03
  +8.59776875879215185705e+03
  +8.31769958478292755899e+03
  +8.05171872535388774850e+03
  +7.79869907193062590522e+03
  +7.55762924852913056384e+03
  +7.32759909728568436549e+03
  +7.10778729558186660142e+03
  +6.89745074864116122626e+03
  +6.69591546792336885119e+03
  +6.50256869847641246452e+03
  +6.31685210064539296582e+03
  +6.13825582550159469974e+03
  +5.96631335080043027119e+03
</dep>
<dep Zin_norm frequency>
  +1.75600939872000800790e+01
  +1.59899730396822938872e+01
  +1.45050460380309260700e+01
  +1.31151243566564268406e+01
  +1.18338266827726457109e+01
  +1.06799030954094043011e+01
  +9.67836412992711103698e+00
  +8.86050839960263658668e+00
  +8.26117676637015385666e+00
  +7.91153904686261011392e+00
  +7.82831291003658691352e+00
  +8.00523404565591789606e+00
  +8.41366031264607450169e+00
  +9.01210953391004743196e+00
  +9.75753495867770226369e+00
  +1.06124817178786763350e+01
  +1.15474568500968093332e+01
  +1.25404745202938840976e+01
  +1.35755971744851411387e+01
  +1.46414190061097695406e+01
  +1.57298193362301610421e+01
  +1.68350295204546256400e+01
  +1.79529626961649562134e+01
  +1.90807401815211221674e+01
  +2.02163580555812423256e+01
  +2.13584516949773366434e+01
  +2.25061283781870677956e+01
  +2.36588472852312641237e+01
  +2.48163327052277651319e+01
  +2.59785107095553868817e+01
  +2.71454625668195141941e+01
  +2.83173902236926515741e+01
  +2.94945905708132052325e+01
  +3.06774361698596180759e+01
  +3.18663607798576187236e+01
  +3.30618484829105341305e+01
  +3.42644255352863282837e+01
  +3.54746543016375497359e+01
  +3.66931287967419095253e+01
  +3.79204714800027815613e+01
  +3.91573310364451074861e+01
  +4.04043809433099596617e+01
  +4.16623186700935548288e+01
  +4.29318653965213599122e+01
  +4.42137661607634697702e+01
  +4.55087903715021369067e+01
  +4.68177326339355133200e+01
  +4.81414138526856660860e+01
  +4.94806825847660292084e+01
  +5.08364166239360599775e+01
  +5.22095248044284119260e+01
  +5.36009490175569496273e+01
  +5.50116664394002725658e+01
  +5.64426919718215529542e+01
  +5.78950809027210979707e+01
  +5.93699317947552955843e+01
  +6.08683896149186480784e+01
  +6.23916491204667522652e+01
  +6.39409585197466512341e+01
  +6.55176234296756234698e+01
  +6.71230111549276813321e+01
  +6.87585553174430827994e+01
  +7.04257608687153435767e+01
  +7.21262095215160883299e+01
  +7.38615656423763624616e+01
  +7.56335826513187328146e+01
  +7.74441099811488555815e+01
  +7.92951006551456316629e+01
  +8.11886195493938345180e+01
  +8.31268524143912515001e+01
  +8.51121157401201315906e+01
  +8.71468675596871236166e+01
  +8.92337192991355294680e+01
  +9.13754487953739413797e+01
  +9.35750146206846977748e+01
  +9.58355718713256692354e+01
  +9.81604895997810444896e+01
  +1.00553370095776244852e+02
  +1.03018070250894012929e+02
  +1.05558725276275424676e+02
  +1.08179775083394957846e+02
  +1.10885993685370664252e+02
  +1.13682522032095747022e+02
  +1.16574904758293044438e+02
  +1.19569131401434930240e+02
  +1.22671682738857299455e+02
  +1.25889583003357259372e+02
  +1.29230458867957793245e+02
  +1.32702606248039614911e+02
  +1.36315066158613802827e+02
  +1.40077711093542546905e+02
  +1.44001343671353339460e+02
  +1.48097809630758860067e+02
  +1.52380127673174740721e+02
  +1.56862639158682100060e+02
  +1.61561181290878607797e+02
  +1.66493288207033742765e+02
  +1.71678425364865461233e+02
  +1.77138263841069544924e+02
  +1.82897002702139246821e+02
  +1.88981749571696241219e+02
  +1.95422972030158859980e+02
  +2.02255035717404069828e+02
  +2.09516849206006469331e+02
  +2.17252641200496583451e+02
  +2.25512902853375152290e+02
  +2.34355537612116222590e+02
  +2.43847273931924831913e+02
  +2.54065413710692979521e+02
  +2.65100013320179357379e+02
  +2.77056627410162889191e+02
  +2.90059792415368576712e+02
  +3.04257493213694488077e+02
  +3.19826952404468897839e+02
  +3.36982222476515119070e+02
  +3.55984271169673206714e+02
  +3.77154569571856541188e+02
  +4.00893687819612409839e+02
  +4.27707189504560972182e+02
  +4.58242395826916663282e+02
  +4.93341733854218944089e+02
  +5.34122088081288666217e+02
  +5.82096212983217924375e+02
  +6.39364658362811837833e+02
  +7.08930922699216239380e+02
  +7.95242751238657774593e+02
  +9.05173385848886368876e+02
  +1.04992153295462298956e+03
  +1.24900565998908268739e+03
  +1.53959339258191062072e+03
  +2.00152146785635500237e+03
  +2.83780461709664723458e+03
  +4.68633667628210150724e+03
  +8.53071327535321506730e+03
  +5.88223785882979518647e+03
  +3.31180911754366661626e+03
  +2.23173214084186520267e+03
  +1.67133453847292594219e+03
  +1.33255869411967273663e+03
  +1.10656813542281247464e+03
  +9.45339351614433667237e+02
  +8.24605226362987082211e+02
  +7.30835639378122095877e+02
  +6.55907594812628417458e+02
  +5.94655708156047126067e+02
  +5.43640995999594792920e+02
  +5.00486402956668598563e+02
  +4.63496851475458981895e+02
  +4.31431327916533007283e+02
  +4.03360544656254944584e+02
  +3.78574935510675800288e+02
  +3.56523392860226692846e+02
  +3.36771404111684489635e+02
  +3.18971784975465425305e+02
  +3.02843801373833002799e+02
  +2.88158004332727216479e+02
  +2.74725034536356758963e+02
  +2.62387235506295041887e+02
  +2.51012286718882165815e+02
  +2.40488311217762941396e+02
  +2.30720074289346570140e+02
  +2.21625999600440309223e+02
  +2.13135804871036867780e+02
  +2.05188612076628288605e+02
  +1.97731424696544991093e+02
  +1.90717891469124936066e+02
  +1.84107295692936844489e+02
  +1.77863723496637646804e+02
  +1.71955375175843045099e+02
  +1.66353991695658550043e+02
  +1.61034374507077757244e+02
  +1.55973981438612526063e+02
  +1.51152584970582609003e+02
  +1.46551981945713691857e+02
  +1.42155745911637325207e+02
  +1.37949014972823221115e+02
  +1.33918309358467382708e+02
  +1.30051373969528242469e+02
  +1.26337042012907858179e+02
  +1.22765116510031901953e+02
  +1.19326267016008600308e+02
</dep>
<dep S[2,2] frequency>
  -5.10762344448655314366e-01-j2.19309768219732997840e-01
  -5.43546314227823068599e-01-j1.98341219931441409274e-01
  -5.74754645441929890026e-01-j1.74435969043964800296e-01
  -6.04137256755748586201e-01-j1.47791074587440118826e-01
  -6.31471268741530256108e-01-j1.18625238527806625699e-01
  -6.56562902636939615952e-01-j8.71748322378742279692e-02
  -6.79248745247630902888e-01-j5.36897689783204859482e-02
  -6.99396375570724981863e-01-j1.84293355289794694163e-02
  -7.16904371182498612036e-01+j1.83419078018729961310e-02
  -7.31701732812782945636e-01+j5.63580582575091137976e-02
  -7.43746782791556371173e-01+j9.53555449091784412818e-02
  -7.53025606479037379337e-01+j1.35076473782991840489e-01
  -7.59550114988308711084e-01+j1.75271588801483163556e-01
  -7.63355812424319157827e-01+j2.15702811453661269514e-01
  -7.64499351722451314650e-01+j2.56145339653373882438e-01
  -7.63055960440195746308e-01+j2.96389302523034192660e-01
  -7.59116812159930209880e-01+j3.36240982175957936473e-01
  -7.52786411214855899487e-01+j3.75523625524972537448e-01
  -7.44180048988804632160e-01+j4.14077878488979089777e-01
  -7.33421379763919190076e-01+j4.51761881669601184086e-01
  -7.20640153620957790714e-01+j4.88451070752995042401e-01
  -7.05970133752605644162e-01+j5.24037726804665981994e-01
  -6.89547216130023898906e-01+j5.58430321590498879303e-01
  -6.71507761047618112471e-01+j5.91552701441631190171e-01
  -6.51987138829715373589e-01+j6.23343150357819619778e-01
  -6.31118485989268007685e-01+j6.53753369369379111475e-01
  -6.09031663376242704544e-01+j6.82747404976695282386e-01
  -5.85852404277894867057e-01+j7.10300555032837177549e-01
  -5.61701637926347641105e-01+j7.36398275958330628121e-01
  -5.36694972299756156708e-01+j7.61035110851950413746e-01
  -5.10942319326291305437e-01+j7.84213654016084227294e-01
  -4.84547645470989940542e-01+j8.05943563735069035125e-01
  -4.57608831064473475791e-01+j8.26240631879549658478e-01
  -4.30217622493593188082e-01+j8.45125916078633854234e-01
  -4.02459662405282247999e-01+j8.62624937802195290715e-01
  -3.74414584281174189773e-01+j8.78766947708527923488e-01
  -3.46156159043577715817e-01+j8.93584258007075526997e-01
  -3.17752482690347892724e-01+j9.07111640324378964984e-01
  -2.89266195278585380724e-01+j9.19385786603200250156e-01
  -2.60754722849555475861e-01+j9.30444829867658085298e-01
  -2.32270535084134255310e-01+j9.40327921211454254014e-01
  -2.03861412583925316611e-01+j9.49074859073310572732e-01
  -1.75570718678184883865e-01+j9.56725766719761172574e-01
  -1.47437671558019733897e-01+j9.63320813829239064319e-01
  -1.19497613337138097744e-01+j9.68899978136655848360e-01
  -9.17822733366030207858e-02+j9.73502843231430103899e-01
  -6.43200234954996313830e-02+j9.77168428784984444135e-01
  -3.71361243269474339268e-02+j9.79935049700389915195e-01
  -1.02529602775911013457e-02+j9.81840200914165905921e-01
  +1.63097362835558992722e-02+j9.82920464828113682465e-01
  +4.25346729161879683057e-02+j9.83211438599476239553e-01
  +6.84067970192513419292e-02+j9.82747678764619214675e-01
  +9.39131078188774198745e-02+j9.81562660910368922629e-01
  +1.19042480291121924307e-01+j9.79688752334971768576e-01
  +1.43785500751863304369e-01+j9.77157195855172910903e-01
  +1.68134313750818276123e-01+j9.73998103115957913900e-01
  +1.92082479836336555978e-01+j9.70240455944379465159e-01
  +2.15624843708055818903e-01+j9.65912114458480797197e-01
  +2.38757412242033312255e-01+j9.61039830796886151987e-01
  +2.61477241854496722517e-01+j9.55649267474696806346e-01
  +2.83782334662913637846e-01+j9.49765019497582185792e-01
  +3.05671542904756343706e-01+j9.43410639479193680046e-01
  +3.27144481082805638206e-01+j9.36608665108279336842e-01
  +3.48201445319625213504e-01+j9.29380648401888609378e-01
  +3.68843339421704052850e-01+j9.21747186260928108581e-01
  +3.89071607174303668586e-01+j9.13727951914882097206e-01
  +4.08888170410671103472e-01+j9.05341726904608457005e-01
  +4.28295372422918985134e-01+j8.96606433306726180454e-01
  +4.47295926306277513707e-01+j8.87539165950784636472e-01
  +4.65892867852805703244e-01+j8.78156224422093401039e-01
  +4.84089512634828522675e-01+j8.68473144679313913130e-01
  +5.01889416942038257829e-01+j8.58504730147334749191e-01
  +5.19296342259117693629e-01+j8.48265082173087492379e-01
  +5.36314222992711586713e-01+j8.37767629755398535174e-01
  +5.52947137177632552785e-01+j8.27025158480032107633e-01
  +5.69199279912113276225e-01+j8.16049838608273514495e-01
  +5.85074939290777695788e-01+j8.04853252282044184795e-01
  +6.00578474621710767245e-01+j7.93446419820947101975e-01
  +6.15714296730657140166e-01+j7.81839825097134677456e-01
  +6.30486850170895007928e-01+j7.70043439982670330224e-01
  +6.44900597171829681464e-01+j7.58066747871375623546e-01
  +6.58960003172771147106e-01+j7.45918766283265144423e-01
  +6.72669523800909052724e-01+j7.33608068564589044236e-01
  +6.86033593164032784451e-01+j7.21142804700571238286e-01
  +6.99056613339219201642e-01+j7.08530721261162677038e-01
  +7.11742944948637989988e-01+j6.95779180502632321748e-01
  +7.24096898722672133175e-01+j6.82895178649819967198e-01
  +7.36122727958963052330e-01+j6.69885363385274046344e-01
  +7.47824621793696353578e-01+j6.56756050572555816203e-01
  +7.59206699208518798194e-01+j6.43513240241656792051e-01
  +7.70273003702985792351e-01+j6.30162631864838784779e-01
  +7.81027498568425238012e-01+j6.16709638951349448099e-01
  +7.91474062704546454938e-01+j6.03159402989371651316e-01
  +8.01616486925165627753e-01+j5.89516806763325962315e-01
  +8.11458470703993683948e-01+j5.75786487074279484943e-01
  +8.21003619315639920906e-01+j5.61972846890694377464e-01
  +8.30255441330839283331e-01+j5.48080066956213363127e-01
  +8.39217346428421939741e-01+j5.34112116880521514695e-01
  +8.47892643489744579632e-01+j5.20072765738652798007e-01
  +8.56284538944275364081e-01+j5.05965592203396763438e-01
  +8.64396135337674009769e-01+j4.91793994234720366343e-01
  +8.72230430096167519416e-01+j4.77561198349397419971e-01
  +8.79790314463293698921e-01+j4.63270268493260251041e-01
  +8.87078572587069902333e-01+j4.48924114537809004766e-01
  +8.94097880737552475061e-01+j4.34525500422129562494e-01
  +9.00850806636454337628e-01+j4.20077051960419778354e-01
  +9.07339808882001941370e-01+j4.05581264334715752007e-01
  +9.13567236453680098229e-01+j3.91040509291757987231e-01
  +9.19535328282770625385e-01+j3.76457042062323443687e-01
  +9.25246212875785012386e-01+j3.61833008020735868993e-01
  +9.30701907978964126933e-01+j3.47170449101734723829e-01
  +9.35904320273003409447e-01+j3.32471309991307639731e-01
  +9.40855245088063063541e-01+j3.17737444107662247994e-01
  +9.45556366129927328146e-01+j3.02970619388000628192e-01
  +9.50009255208958514061e-01+j2.88172523896383425690e-01
  +9.54215371964144076777e-01+j2.73344771267566066797e-01
  +9.58176063575193359689e-01+j2.58488906001363760723e-01
  +9.61892564456212628698e-01+j2.43606408621799691572e-01
  +9.65365995925006492584e-01+j2.28698700715028763186e-01
  +9.68597365842587265661e-01+j2.13767149859788563315e-01
  +9.71587568217887054267e-01+j1.98813074464005951070e-01
  +9.74337382773124649482e-01+j1.83837748520969679333e-01
  +9.76847474465688203615e-01+j1.68842406298452374358e-01
  +9.79118392962747163821e-01+j1.53828246974076182640e-01
  +9.81150572065199400029e-01+j1.38796439230206708482e-01
  +9.82944329077891199020e-01+j1.23748125821697682603e-01
  +9.84499864123400070248e-01+j1.08684428129894108950e-01
  +9.85817259397000378307e-01+j9.36064507164084819157e-02
  +9.86896478360757889448e-01+j7.85152858903611639008e-02
  +9.87737364875068357684e-01+j6.34120183030014578085e-02
  +9.88339642266243934010e-01+j4.82977295838740994238e-02
  +9.88702912329181948792e-01+j3.31735030330355049055e-02
  +9.88826654264449933507e-01+j1.80404283841716049641e-02
  +9.88710223549571165513e-01+j2.89960665390712407988e-03
  +9.88352850744695698992e-01-j1.22478449069362855389e-02
  +9.87753640233293928041e-01-j2.74007877438141624060e-02
  +9.86911568899013769141e-01-j4.25580567938197776301e-02
  +9.85825484740386115412e-01-j5.77184551283200369953e-02
  +9.84494105425642196394e-01-j7.28807484246575543185e-02
  +9.82916016790579605278e-01-j8.80436592478301416342e-02
  +9.81089671283129960422e-01-j1.03205861122256006834e-01
  +9.79013386359076975829e-01-j1.18365972372821301462e-01
  +9.76685342834299419223e-01-j1.33522549713347649103e-01
  +9.74103583199860012520e-01-j1.48674081559664883478e-01
  +9.71266009907422178671e-01-j1.63818981043215211590e-01
  +9.68170383633683018232e-01-j1.78955578699987211122e-01
  +9.64814321533899788008e-01-j1.94082114808239919457e-01
  +9.61195295496135693192e-01-j2.09196731347133069168e-01
  +9.57310630409563212417e-01-j2.24297463546922759559e-01
  +9.53157502462095185258e-01-j2.39382230999853201636e-01
  +9.48732937484738414469e-01-j2.54448828299313867252e-01
  +9.44033809362489484407e-01-j2.69494915173105475947e-01
  +9.39056838534211180125e-01-j2.84518006075008100808e-01
  +9.33798590606947809256e-01-j2.99515459196981859158e-01
  +9.28255475113414552091e-01-j3.14484464862537727026e-01
  +9.22423744445081572607e-01-j3.29422033259931690274e-01
  +9.16299492997401654470e-01-j3.44324981471910596120e-01
  +9.09878656568231081181e-01-j3.59189919756871478551e-01
  +9.03157012055621710722e-01-j3.74013237034368284384e-01
  +8.96130177506695879686e-01-j3.88791085526102198067e-01
  +8.88793612575633940054e-01-j4.03519364501711608195e-01
  +8.81142619455607789547e-01-j4.18193703077084977249e-01
  +8.73172344357207808052e-01-j4.32809442011417411234e-01
  +8.64877779614280139953e-01-j4.47361614448001376765e-01
  +8.56253766507464653124e-01-j4.61844925542764239701e-01
  +8.47294998905937180034e-01-j4.76253730924045881601e-01
  +8.37996027839219004285e-01-j4.90582013926981863605e-01
  +8.28351267123292211991e-01-j5.04823361546379079101e-01
  +8.18355000178967673108e-01-j5.18970939053197133362e-01
  +8.08001388195294545369e-01-j5.33017463221918341709e-01
  +7.97284479807236268201e-01-j5.46955174119180820291e-01
  +7.86198222474540409088e-01-j5.60775805408642469274e-01
  +7.74736475768164067901e-01-j5.74470553132950589870e-01
  +7.62893026791560346922e-01-j5.88030042941535491252e-01
  +7.50661607986812251525e-01-j6.01444295742950219008e-01
  +7.38035917600096902369e-01-j6.14702691772764708844e-01
  +7.25009643107015211427e-01-j6.27793933083618194146e-01
  +7.11576487926363410175e-01-j6.40706004482617719198e-01
  +6.97730201780468295425e-01-j6.53426132964131767267e-01
  +6.83464615091431415550e-01-j6.65940745713216486479e-01
  +6.68773677835204027886e-01-j6.78235426787503592472e-01
</dep>
<dep S[2,1] frequency>
  +3.26267758446321554100e-01-j7.61131806892003326404e-01
  +2.78036780654854542849e-01-j7.63180846739580087679e-01
  +2.30825831654591362430e-01-j7.61751859167825284835e-01
  +1.84908480016531318046e-01-j7.57027473302600784066e-01
  +1.40531435442761393206e-01-j7.49213190821484853466e-01
  +9.79125749494515751348e-02-j7.38533410336824847064e-01
  +5.72396048525321762823e-02-j7.25227292925684996483e-01
  +1.86693632518234696460e-02-j7.09544582207561003173e-01
  -1.76722547761582852999e-02-j6.91741488476594890145e-01
  -5.16897874688271516397e-02-j6.72076737715610161850e-01
  -8.33171676324275245484e-02-j6.50807873691355398549e-01
  -1.12516223795635264548e-01-j6.28187885792306222044e-01
  -1.39274799422588302367e-01-j6.04462217965620496329e-01
  -1.63604573289849508644e-01-j5.79866196162631242217e-01
  -1.85538665019717496918e-01-j5.54622894155631707136e-01
  -2.05129107060664006568e-01-j5.28941441308162785262e-01
  -2.22444258736894467932e-01-j5.03015761538893380056e-01
  -2.37566230068608913450e-01-j4.77023720756652114261e-01
  -2.50588373627109894937e-01-j4.51126650689978259123e-01
  -2.61612892434323063284e-01-j4.25469210322203916785e-01
  -2.70748601467321159397e-01-j4.00179541946738659419e-01
  -2.78108870202427027607e-01-j3.75369676929860118797e-01
  -2.83809764229595751228e-01-j3.51136146287376660347e-01
  -2.87968395566917778616e-01-j3.27560752780816921703e-01
  -2.90701484076088256803e-01-j3.04711464044981061861e-01
  -2.92124126396559380403e-01-j2.82643389916214904378e-01
  -2.92348764072223543664e-01-j2.61399811314689534125e-01
  -2.91484338975645518310e-01-j2.41013232470360827531e-01
  -2.89635621633376749706e-01-j2.21506432741985587187e-01
  -2.86902696490026642984e-01-j2.02893498587324278004e-01
  -2.83380587373927572692e-01-j1.85180820272053486830e-01
  -2.79159006298676071189e-01-j1.68368041569794540946e-01
  -2.74322209113260384594e-01-j1.52448953956357741157e-01
  -2.68948942273005864312e-01-j1.37412329618780804097e-01
  -2.63112466032138503369e-01-j1.23242689986087547438e-01
  -2.56880640561696071966e-01-j1.09921008463661054599e-01
  -2.50316062795364391302e-01-j9.74253476472860119317e-02
  -2.43476243138009751377e-01-j8.57314325440528268718e-02
  -2.36413812488790897604e-01-j7.48131622759206915685e-02
  -2.29176751297494596393e-01-j6.46430634301864148750e-02
  -2.21808633563672058520e-01-j5.51926886890291984455e-02
  -2.14348879787680995923e-01-j4.64329646562152698053e-02
  -2.06833013881396465816e-01-j3.83344929368548345550e-02
  -1.99292919941129353933e-01-j3.08678085468508944800e-02
  -1.91757095576590486097e-01-j2.40035996586766449401e-02
  -1.84250899181450850106e-01-j1.77128925523831227962e-02
  -1.76796789129053277811e-01-j1.19672054542403118876e-02
  -1.69414553388070099338e-01-j6.73867472600074568501e-03
  -1.62121528485479754478e-01-j2.00015662820294919111e-03
  -1.54932807106001602104e-01+j2.27469236865461121172e-03
  -1.47861433916255030629e-01+j6.11135400289378270117e-03
  -1.40918589446111547359e-01+j9.53440289595328116512e-03
  -1.34113762056106228249e-01+j1.25674752471391874137e-02
  -1.27454908175206993448e-01+j1.52332495416788223780e-02
  -1.20948601113640932803e-01+j1.75534374792702257961e-02
  -1.14600168846349825813e-01+j1.95487835298660088401e-02
  -1.08413821228750609227e-01+j2.12390717075884825904e-02
  -1.02392767152155728105e-01+j2.26431383223469930022e-02
  -9.65393221749669128151e-02+j2.37788896221841385137e-02
  -9.08550071808638254334e-02+j2.46633233781916767768e-02
  -8.53406386194845989479e-02+j2.53125535887096138332e-02
  -7.99964108805288343085e-02+j2.57418375913199062865e-02
  -7.48219713410798736852e-02+j2.59656049708070005289e-02
  -6.98164886097184383962e-02+j2.59974877396813019992e-02
  -6.49787144709381842000e-02+j2.58503513460863129647e-02
  -6.03070400107945103763e-02+j2.55363261327545033874e-02
  -5.57995463803213354037e-02+j2.50668389311250912332e-02
  -5.14540506279537110390e-02+j2.44526445276022803832e-02
  -4.72681470063532824244e-02+j2.37038567849543260757e-02
  -4.32392441333728436148e-02+j2.28299792418599212240e-02
  -3.93645983615558414659e-02+j2.18399350481954107606e-02
  -3.56413436859420035274e-02+j2.07420961234641952620e-02
  -3.20665184961174201672e-02+j1.95443114513426108303e-02
  -2.86370894557936850333e-02+j1.82539344452248356032e-02
  -2.53499727714716557858e-02+j1.68778493382254965449e-02
  -2.22020530913206934343e-02+j1.54224965668804270963e-02
  -1.91902002560939456688e-02+j1.38938971310245077545e-02
  -1.63112841058622205781e-02+j1.22976759234426271522e-02
  -1.35621875294341370094e-02+j1.06390840320896608306e-02
  -1.09398179275948803646e-02+j8.92302002524883453027e-03
  -8.44111724670376130375e-03+j7.15405023618077059305e-03
  -6.06307072565448815227e-03+j5.33642806879577272922e-03
  -3.80271448665992460592e-03+j3.47411234977576489566e-03
  -1.65714208880713993050e-03+j1.57078475564312834700e-03
  +3.76489847309277407810e-04-j3.70133654437620497873e-04
  +2.30095684535939993751e-03-j2.34546676771145998566e-03
  +4.11896251988251235754e-03-j4.35226857517336061104e-03
  +5.83313518241179718160e-03-j6.38780912301301073697e-03
  +7.44602503329843019853e-03-j8.44956122364808742686e-03
  +8.96010187234041327597e-03-j1.05351878918972432370e-02
  +1.03777532675661272182e-02-j1.26425304720759693750e-02
  +1.17012831273178834895e-02-j1.47695974223312660734e-02
  +1.29329106259443073895e-02-j1.69145537231238443643e-02
  +1.40747694382499597548e-02-j1.90757108775970532499e-02
  +1.51289072421129707630e-02-j2.12515174724006057627e-02
  +1.60972854526789353746e-02-j2.34405502685132507978e-02
  +1.69817791550922851662e-02-j2.56415057925976457021e-02
  +1.77841772059794643590e-02-j2.78531924004532180361e-02
  +1.85061824768485011505e-02-j3.00745227851722390922e-02
  +1.91494122152420231942e-02-j3.23045069036753118574e-02
  +1.97153985018972723042e-02-j3.45422452963341716781e-02
  +2.02055887843456231934e-02-j3.67869227754165084576e-02
  +2.06213464693930752236e-02-j3.90378024591232705709e-02
  +2.09639515586645050482e-02-j4.12942201289249535834e-02
  +2.12346013130525895773e-02-j4.35555788888913192336e-02
  +2.14344109333466092959e-02-j4.58213441065970505939e-02
  +2.15644142456216034165e-02-j4.80910386160489575214e-02
  +2.16255643811752440442e-02-j5.03642381639318320596e-02
  +2.16187344418397944801e-02-j5.26405670812309448015e-02
  +2.15447181424669106931e-02-j5.49196941630312809868e-02
  +2.14042304232391067398e-02-j5.72013287399910433373e-02
  +2.11979080252400718665e-02-j5.94852169256415083676e-02
  +2.09263100233997405286e-02-j6.17711380242241744898e-02
  +2.05899183115652029130e-02-j6.40589010843806982987e-02
  +2.01891380350043281311e-02-j6.63483415844756674318e-02
  +1.97242979661513134770e-02-j6.86393182357983577813e-02
  +1.91956508198577215085e-02-j7.09317098903198134385e-02
  +1.86033735048208408169e-02-j7.32254125400036703919e-02
  +1.79475673082312089934e-02-j7.55203363950281980621e-02
  +1.72282580110144807606e-02-j7.78164030285328905956e-02
  +1.64453959313478302595e-02-j8.01135425756969721256e-02
  +1.55988558944088820390e-02-j8.24116909751977516629e-02
  +1.46884371265857630734e-02-j8.47107872411588525008e-02
  +1.37138630725975891461e-02-j8.70107707538354535615e-02
  +1.26747811342305186089e-02-j8.93115785572924369973e-02
  +1.15707623295901555760e-02-j9.16131426523402458972e-02
  +1.04013008720097738929e-02-j9.39153872729115851703e-02
  +9.16581366795496399469e-03-j9.62182261339925570809e-02
  +7.86363973347887004750e-03-j9.85215596390276310279e-02
  +6.49403952903317410045e-03-j1.00825272034549967559e-01
  +5.05619421263696355862e-03-j1.03129228499509131844e-01
  +3.54920481169440421229e-03-j1.05433272156463739289e-01
  +1.97209131399555788813e-03-j1.07737220991464266451e-01
  +3.23791678748084623633e-04-j1.10040864669011487220e-01
  -1.39683923119500040706e-03-j1.12343961228023328514e-01
  -3.19103079438564501968e-03-j1.14646233644185163714e-01
  -5.06009785117764697426e-03-j1.16947366243531358787e-01
  -7.00544199708315502850e-03-j1.19247000951354972798e-01
  -9.02855294621568958691e-03-j1.21544733359937540129e-01
  -1.11310099613508173971e-02-j1.23840108597724526951e-01
  -1.33144833465253208116e-02-j1.26132616981766532138e-01
  -1.55807359973530890757e-02-j1.28421689434335128954e-01
  -1.79316250034355050003e-02-j1.30706692643587946145e-01
  -2.03691032963418186541e-02-j1.32986923947168267368e-01
  -2.28952213355859239552e-02-j1.35261605916410371231e-01
  -2.55121288238905133405e-02-j1.37529880617677235932e-01
  -2.82220764417223345111e-02-j1.39790803526016887970e-01
  -3.10274175896279799658e-02-j1.42043337065001690211e-01
  -3.39306101252594208284e-02-j1.44286343745145040351e-01
  -3.69342180801413566549e-02-j1.46518578871774135530e-01
  -4.00409133391890978415e-02-j1.48738682791671045225e-01
  -4.32534772636523692779e-02-j1.50945172646093056512e-01
  -4.65748022356271829114e-02-j1.53136433596104376553e-01
  -5.00078930993469172872e-02-j1.55310709484315079276e-01
  -5.35558684712965776820e-02-j1.57466092895334947022e-01
  -5.72219618875742588870e-02-j1.59600514575346796864e-01
  -6.10095227529266759259e-02-j1.61711732169303346041e-01
  -6.49220170514580863230e-02-j1.63797318232376476477e-01
  -6.89630277740096025996e-02-j1.65854647470354499283e-01
  -7.31362550117575227482e-02-j1.67880883161899280287e-01
  -7.74455156593966270728e-02-j1.69872962713742470253e-01
  -8.18947426645591225469e-02-j1.71827582298301695385e-01
  -8.64879837525497213724e-02-j1.73741180521705507189e-01
  -9.12293995472077956510e-02-j1.75609921068953289680e-01
  -9.61232609994809861220e-02-j1.77429674271978726763e-01
  -1.01173946025198246979e-01-j1.79195997545829016628e-01
  -1.06385935242327603345e-01-j1.80904114638046287222e-01
  -1.11763806685740235691e-01-j1.82548893636833464704e-01
  -1.17312229363982445385e-01-j1.84124823684783722744e-01
  -1.23035955507837413414e-01-j1.85625990347125929825e-01
  -1.28939811344198101972e-01-j1.87046049586457319158e-01
  -1.35028686211232540337e-01-j1.88378200300528653166e-01
  -1.41307519811571247192e-01-j1.89615155385492145657e-01
  -1.47781287379464998377e-01-j1.90749111294831824592e-01
  -1.54454982515390609743e-01-j1.91771716074126602480e-01
  -1.61333597417261248586e-01-j1.92674035864048243116e-01
  -1.68422100211560982208e-01-j1.93446519879495737460e-01
  -1.75725409059886622520e-01-j1.94078963891287925581e-01
  -1.83248362687051163933e-01-j1.94560472259596384248e-01
  -1.90995686945911097299e-01-j1.94879418595413717030e-01
  -1.98971957001729066183e-01-j1.95023405158788715186e-01
</dep>
<dep S[1,2] frequency>
  +3.26267758446321554100e-01-j7.61131806892003326404e-01
  +2.78036780654854542849e-01-j7.63180846739580087679e-01
  +2.30825831654591362430e-01-j7.61751859167825284835e-01
  +1.84908480016531318046e-01-j7.57027473302600784066e-01
  +1.40531435442761393206e-01-j7.49213190821484853466e-01
  +9.79125749494515751348e-02-j7.38533410336824847064e-01
  +5.72396048525321762823e-02-j7.25227292925684996483e-01
  +1.86693632518234696460e-02-j7.09544582207561003173e-01
  -1.76722547761582852999e-02-j6.91741488476594890145e-01
  -5.16897874688271516397e-02-j6.72076737715610161850e-01
  -8.33171676324275245484e-02-j6.50807873691355398549e-01
  -1.12516223795635264548e-01-j6.28187885792306222044e-01
  -1.39274799422588302367e-01-j6.04462217965620496329e-01
  -1.63604573289849508644e-01-j5.79866196162631242217e-01
  -1.85538665019717496918e-01-j5.54622894155631707136e-01
  -2.05129107060664006568e-01-j5.28941441308162785262e-01
  -2.22444258736894467932e-01-j5.03015761538893380056e-01
  -2.37566230068608913450e-01-j4.77023720756652114261e-01
  -2.50588373627109894937e-01-j4.51126650689978259123e-01
  -2.61612892434323063284e-01-j4.25469210322203916785e-01
  -2.70748601467321159397e-01-j4.00179541946738659419e-01
  -2.78108870202427027607e-01-j3.75369676929860118797e-01
  -2.83809764229595751228e-01-j3.51136146287376660347e-01
  -2.87968395566917778616e-01-j3.27560752780816921703e-01
  -2.90701484076088256803e-01-j3.04711464044981061861e-01
  -2.92124126396559380403e-01-j2.82643389916214904378e-01
  -2.92348764072223543664e-01-j2.61399811314689534125e-01
  -2.91484338975645518310e-01-j2.41013232470360827531e-01
  -2.89635621633376749706e-01-j2.21506432741985587187e-01
  -2.86902696490026642984e-01-j2.02893498587324278004e-01
  -2.83380587373927572692e-01-j1.85180820272053486830e-01
  -2.79159006298676071189e-01-j1.68368041569794540946e-01
  -2.74322209113260384594e-01-j1.52448953956357741157e-01
  -2.68948942273005864312e-01-j1.37412329618780804097e-01
  -2.63112466032138503369e-01-j1.23242689986087547438e-01
  -2.56880640561696071966e-01-j1.09921008463661054599e-01
  -2.50316062795364391302e-01-j9.74253476472860119317e-02
  -2.43476243138009751377e-01-j8.57314325440528268718e-02
  -2.36413812488790897604e-01-j7.48131622759206915685e-02
  -2.29176751297494596393e-01-j6.46430634301864148750e-02
  -2.21808633563672058520e-01-j5.51926886890291984455e-02
  -2.14348879787680995923e-01-j4.64329646562152698053e-02
  -2.06833013881396465816e-01-j3.83344929368548345550e-02
  -1.99292919941129353933e-01-j3.08678085468508944800e-02
  -1.91757095576590486097e-01-j2.40035996586766449401e-02
  -1.84250899181450850106e-01-j1.77128925523831227962e-02
  -1.76796789129053277811e-01-j1.19672054542403118876e-02
  -1.69414553388070099338e-01-j6.73867472600074568501e-03
  -1.62121528485479754478e-01-j2.00015662820294919111e-03
  -1.54932807106001602104e-01+j2.27469236865461121172e-03
  -1.47861433916255030629e-01+j6.11135400289378270117e-03
  -1.40918589446111547359e-01+j9.53440289595328116512e-03
  -1.34113762056106228249e-01+j1.25674752471391874137e-02
  -1.27454908175206993448e-01+j1.52332495416788223780e-02
  -1.20948601113640932803e-01+j1.75534374792702257961e-02
  -1.14600168846349825813e-01+j1.95487835298660088401e-02
  -1.08413821228750609227e-01+j2.12390717075884825904e-02
  -1.02392767152155728105e-01+j2.26431383223469930022e-02
  -9.65393221749669128151e-02+j2.37788896221841385137e-02
  -9.08550071808638254334e-02+j2.46633233781916767768e-02
  -8.53406386194845989479e-02+j2.53125535887096138332e-02
  -7.99964108805288343085e-02+j2.57418375913199062865e-02
  -7.48219713410798736852e-02+j2.59656049708070005289e-02
  -6.98164886097184383962e-02+j2.59974877396813019992e-02
  -6.49787144709381842000e-02+j2.58503513460863129647e-02
  -6.03070400107945103763e-02+j2.55363261327545033874e-02
  -5.57995463803213354037e-02+j2.50668389311250912332e-02
  -5.14540506279537110390e-02+j2.44526445276022803832e-02
  -4.72681470063532824244e-02+j2.37038567849543260757e-02
  -4.32392441333728436148e-02+j2.28299792418599212240e-02
  -3.93645983615558414659e-02+j2.18399350481954107606e-02
  -3.56413436859420035274e-02+j2.07420961234641952620e-02
  -3.20665184961174201672e-02+j1.95443114513426108303e-02
  -2.86370894557936850333e-02+j1.82539344452248356032e-02
  -2.53499727714716557858e-02+j1.68778493382254965449e-02
  -2.22020530913206934343e-02+j1.54224965668804270963e-02
  -1.91902002560939456688e-02+j1.38938971310245077545e-02
  -1.63112841058622205781e-02+j1.22976759234426271522e-02
  -1.35621875294341370094e-02+j1.06390840320896608306e-02
  -1.09398179275948803646e-02+j8.92302002524883453027e-03
  -8.44111724670376130375e-03+j7.15405023618077059305e-03
  -6.06307072565448815227e-03+j5.33642806879577272922e-03
  -3.80271448665992460592e-03+j3.47411234977576489566e-03
  -1.65714208880713993050e-03+j1.57078475564312834700e-03
  +3.76489847309277407810e-04-j3.70133654437620497873e-04
  +2.30095684535939993751e-03-j2.34546676771145998566e-03
  +4.11896251988251235754e-03-j4.35226857517336061104e-03
  +5.83313518241179718160e-03-j6.38780912301301073697e-03
  +7.44602503329843019853e-03-j8.44956122364808742686e-03
  +8.96010187234041327597e-03-j1.05351878918972432370e-02
  +1.03777532675661272182e-02-j1.26425304720759693750e-02
  +1.17012831273178834895e-02-j1.47695974223312660734e-02
  +1.29329106259443073895e-02-j1.69145537231238443643e-02
  +1.40747694382499597548e-02-j1.90757108775970532499e-02
  +1.51289072421129707630e-02-j2.12515174724006057627e-02
  +1.60972854526789353746e-02-j2.34405502685132507978e-02
  +1.69817791550922851662e-02-j2.56415057925976457021e-02
  +1.77841772059794643590e-02-j2.78531924004532180361e-02
  +1.85061824768485011505e-02-j3.00745227851722390922e-02
  +1.91494122152420231942e-02-j3.23045069036753118574e-02
  +1.97153985018972723042e-02-j3.45422452963341716781e-02
  +2.02055887843456231934e-02-j3.67869227754165084576e-02
  +2.06213464693930752236e-02-j3.90378024591232705709e-02
  +2.09639515586645050482e-02-j4.12942201289249535834e-02
  +2.12346013130525895773e-02-j4.35555788888913192336e-02
  +2.14344109333466092959e-02-j4.58213441065970505939e-02
  +2.15644142456216034165e-02-j4.80910386160489575214e-02
  +2.16255643811752440442e-02-j5.03642381639318320596e-02
  +2.16187344418397944801e-02-j5.26405670812309448015e-02
  +2.15447181424669106931e-02-j5.49196941630312809868e-02
  +2.14042304232391067398e-02-j5.72013287399910433373e-02
  +2.11979080252400718665e-02-j5.94852169256415083676e-02
  +2.09263100233997405286e-02-j6.17711380242241744898e-02
  +2.05899183115652029130e-02-j6.40589010843806982987e-02
  +2.01891380350043281311e-02-j6.63483415844756674318e-02
  +1.97242979661513134770e-02-j6.86393182357983577813e-02
  +1.91956508198577215085e-02-j7.09317098903198134385e-02
  +1.86033735048208408169e-02-j7.32254125400036703919e-02
  +1.79475673082312089934e-02-j7.55203363950281980621e-02
  +1.72282580110144807606e-02-j7.78164030285328905956e-02
  +1.64453959313478302595e-02-j8.01135425756969721256e-02
  +1.55988558944088820390e-02-j8.24116909751977516629e-02
  +1.46884371265857630734e-02-j8.47107872411588525008e-02
  +1.37138630725975891461e-02-j8.70107707538354535615e-02
  +1.26747811342305186089e-02-j8.93115785572924369973e-02
  +1.15707623295901555760e-02-j9.16131426523402458972e-02
  +1.04013008720097738929e-02-j9.39153872729115851703e-02
  +9.16581366795496399469e-03-j9.62182261339925570809e-02
  +7.86363973347887004750e-03-j9.85215596390276310279e-02
  +6.49403952903317410045e-03-j1.00825272034549967559e-01
  +5.05619421263696355862e-03-j1.03129228499509131844e-01
  +3.54920481169440421229e-03-j1.05433272156463739289e-01
  +1.97209131399555788813e-03-j1.07737220991464266451e-01
  +3.23791678748084623633e-04-j1.10040864669011487220e-01
  -1.39683923119500040706e-03-j1.12343961228023328514e-01
  -3.19103079438564501968e-03-j1.14646233644185163714e-01
  -5.06009785117764697426e-03-j1.16947366243531358787e-01
  -7.00544199708315502850e-03-j1.19247000951354972798e-01
  -9.02855294621568958691e-03-j1.21544733359937540129e-01
  -1.11310099613508173971e-02-j1.23840108597724526951e-01
  -1.33144833465253208116e-02-j1.26132616981766532138e-01
  -1.55807359973530890757e-02-j1.28421689434335128954e-01
  -1.79316250034355050003e-02-j1.30706692643587946145e-01
  -2.03691032963418186541e-02-j1.32986923947168267368e-01
  -2.28952213355859239552e-02-j1.35261605916410371231e-01
  -2.55121288238905133405e-02-j1.37529880617677235932e-01
  -2.82220764417223345111e-02-j1.39790803526016887970e-01
  -3.10274175896279799658e-02-j1.42043337065001690211e-01
  -3.39306101252594208284e-02-j1.44286343745145040351e-01
  -3.69342180801413566549e-02-j1.46518578871774135530e-01
  -4.00409133391890978415e-02-j1.48738682791671045225e-01
  -4.32534772636523692779e-02-j1.50945172646093056512e-01
  -4.65748022356271829114e-02-j1.53136433596104376553e-01
  -5.00078930993469172872e-02-j1.55310709484315079276e-01
  -5.35558684712965776820e-02-j1.57466092895334947022e-01
  -5.72219618875742588870e-02-j1.59600514575346796864e-01
  -6.10095227529266759259e-02-j1.61711732169303346041e-01
  -6.49220170514580863230e-02-j1.63797318232376476477e-01
  -6.89630277740096025996e-02-j1.65854647470354499283e-01
  -7.31362550117575227482e-02-j1.67880883161899280287e-01
  -7.74455156593966270728e-02-j1.69872962713742470253e-01
  -8.18947426645591225469e-02-j1.71827582298301695385e-01
  -8.64879837525497213724e-02-j1.73741180521705507189e-01
  -9.12293995472077956510e-02-j1.75609921068953289680e-01
  -9.61232609994809861220e-02-j1.77429674271978726763e-01
  -1.01173946025198246979e-01-j1.79195997545829016628e-01
  -1.06385935242327603345e-01-j1.80904114638046287222e-01
  -1.11763806685740235691e-01-j1.82548893636833464704e-01
  -1.17312229363982445385e-01-j1.84124823684783722744e-01
  -1.23035955507837413414e-01-j1.85625990347125929825e-01
  -1.28939811344198101972e-01-j1.87046049586457319158e-01
  -1.35028686211232540337e-01-j1.88378200300528653166e-01
  -1.41307519811571247192e-01-j1.89615155385492145657e-01
  -1.47781287379464998377e-01-j1.90749111294831824592e-01
  -1.54454982515390609743e-01-j1.91771716074126602480e-01
  -1.61333597417261248586e-01-j1.92674035864048243116e-01
  -1.68422100211560982208e-01-j1.93446519879495737460e-01
  -1.75725409059886622520e-01-j1.94078963891287925581e-01
  -1.83248362687051163933e-01-j1.94560472259596384248e-01
  -1.90995686945911097299e-01-j1.94879418595413717030e-01
  -1.98971957001729066183e-01-j1.95023405158788715186e-01
</dep>
<dep S[1,1] frequency>
  -5.10762344448655314366e-01-j2.19309768219732970085e-01
  -5.43546314227822735532e-01-j1.98341219931441381519e-01
  -5.74754645441930001049e-01-j1.74435969043964828051e-01
  -6.04137256755748697223e-01-j1.47791074587440146582e-01
  -6.31471268741530145086e-01-j1.18625238527806500799e-01
  -6.56562902636939615952e-01-j8.71748322378742140915e-02
  -6.79248745247630791866e-01-j5.36897689783205206426e-02
  -6.99396375570724870840e-01-j1.84293355289794624774e-02
  -7.16904371182498501014e-01+j1.83419078018730030699e-02
  -7.31701732812782945636e-01+j5.63580582575091693087e-02
  -7.43746782791556260150e-01+j9.53555449091784967930e-02
  -7.53025606479037379337e-01+j1.35076473782991868244e-01
  -7.59550114988308822106e-01+j1.75271588801483135800e-01
  -7.63355812424319046805e-01+j2.15702811453661241758e-01
  -7.64499351722451425672e-01+j2.56145339653373937949e-01
  -7.63055960440195746308e-01+j2.96389302523034192660e-01
  -7.59116812159930431925e-01+j3.36240982175957880962e-01
  -7.52786411214856010510e-01+j3.75523625524972592959e-01
  -7.44180048988804743182e-01+j4.14077878488979145288e-01
  -7.33421379763919190076e-01+j4.51761881669601295108e-01
  -7.20640153620958012759e-01+j4.88451070752994875868e-01
  -7.05970133752605533140e-01+j5.24037726804665981994e-01
  -6.89547216130023898906e-01+j5.58430321590498879303e-01
  -6.71507761047618112471e-01+j5.91552701441631079149e-01
  -6.51987138829715373589e-01+j6.23343150357819730800e-01
  -6.31118485989268229730e-01+j6.53753369369379111475e-01
  -6.09031663376242815566e-01+j6.82747404976695282386e-01
  -5.85852404277894978080e-01+j7.10300555032837066527e-01
  -5.61701637926347641105e-01+j7.36398275958330739144e-01
  -5.36694972299756378753e-01+j7.61035110851950524768e-01
  -5.10942319326290972370e-01+j7.84213654016084005249e-01
  -4.84547645470989829519e-01+j8.05943563735069257170e-01
  -4.57608831064473364769e-01+j8.26240631879549547456e-01
  -4.30217622493593132571e-01+j8.45125916078633965256e-01
  -4.02459662405282192488e-01+j8.62624937802195179692e-01
  -3.74414584281174134262e-01+j8.78766947708527812466e-01
  -3.46156159043577771328e-01+j8.93584258007075526997e-01
  -3.17752482690347948235e-01+j9.07111640324378853961e-01
  -2.89266195278585269701e-01+j9.19385786603200250156e-01
  -2.60754722849555475861e-01+j9.30444829867658196321e-01
  -2.32270535084134283066e-01+j9.40327921211454142991e-01
  -2.03861412583925233344e-01+j9.49074859073310461710e-01
  -1.75570718678184828354e-01+j9.56725766719760839507e-01
  -1.47437671558019733897e-01+j9.63320813829238953296e-01
  -1.19497613337138097744e-01+j9.68899978136655737337e-01
  -9.17822733366030485413e-02+j9.73502843231430214921e-01
  -6.43200234954996452608e-02+j9.77168428784984444135e-01
  -3.71361243269474616824e-02+j9.79935049700389804173e-01
  -1.02529602775911499180e-02+j9.81840200914166016943e-01
  +1.63097362835559478444e-02+j9.82920464828113793487e-01
  +4.25346729161879960612e-02+j9.83211438599476461597e-01
  +6.84067970192513974403e-02+j9.82747678764619103653e-01
  +9.39131078188773782411e-02+j9.81562660910368922629e-01
  +1.19042480291121799407e-01+j9.79688752334971657554e-01
  +1.43785500751863304369e-01+j9.77157195855172799881e-01
  +1.68134313750818220612e-01+j9.73998103115957691855e-01
  +1.92082479836336583734e-01+j9.70240455944379687203e-01
  +2.15624843708055680125e-01+j9.65912114458480686174e-01
  +2.38757412242033367766e-01+j9.61039830796886263009e-01
  +2.61477241854496722517e-01+j9.55649267474697028391e-01
  +2.83782334662913637846e-01+j9.49765019497582074770e-01
  +3.05671542904756343706e-01+j9.43410639479193791068e-01
  +3.27144481082805638206e-01+j9.36608665108279225819e-01
  +3.48201445319625213504e-01+j9.29380648401888498356e-01
  +3.68843339421704108361e-01+j9.21747186260928330626e-01
  +3.89071607174303668586e-01+j9.13727951914881986184e-01
  +4.08888170410671047961e-01+j9.05341726904608345983e-01
  +4.28295372422919040645e-01+j8.96606433306726291477e-01
  +4.47295926306277458195e-01+j8.87539165950784636472e-01
  +4.65892867852805814266e-01+j8.78156224422093290016e-01
  +4.84089512634828689208e-01+j8.68473144679313913130e-01
  +5.01889416942038257829e-01+j8.58504730147334749191e-01
  +5.19296342259117693629e-01+j8.48265082173087603401e-01
  +5.36314222992711475690e-01+j8.37767629755398313129e-01
  +5.52947137177632441762e-01+j8.27025158480032107633e-01
  +5.69199279912113276225e-01+j8.16049838608273625518e-01
  +5.85074939290777473744e-01+j8.04853252282043962751e-01
  +6.00578474621710878267e-01+j7.93446419820947212997e-01
  +6.15714296730657029144e-01+j7.81839825097134677456e-01
  +6.30486850170895118950e-01+j7.70043439982670441246e-01
  +6.44900597171829570442e-01+j7.58066747871375734569e-01
  +6.58960003172771036084e-01+j7.45918766283265144423e-01
  +6.72669523800909052724e-01+j7.33608068564589044236e-01
  +6.86033593164032673428e-01+j7.21142804700571349308e-01
  +6.99056613339219090619e-01+j7.08530721261162677038e-01
  +7.11742944948637989988e-01+j6.95779180502632321748e-01
  +7.24096898722672133175e-01+j6.82895178649820078221e-01
  +7.36122727958963163353e-01+j6.69885363385273935322e-01
  +7.47824621793696575622e-01+j6.56756050572555927225e-01
  +7.59206699208518909217e-01+j6.43513240241656792051e-01
  +7.70273003702985681329e-01+j6.30162631864838784779e-01
  +7.81027498568425238012e-01+j6.16709638951349559122e-01
  +7.91474062704546454938e-01+j6.03159402989371651316e-01
  +8.01616486925165627753e-01+j5.89516806763325962315e-01
  +8.11458470703993683948e-01+j5.75786487074279484943e-01
  +8.21003619315639809884e-01+j5.61972846890694377464e-01
  +8.30255441330839394354e-01+j5.48080066956213363127e-01
  +8.39217346428421828719e-01+j5.34112116880521625717e-01
  +8.47892643489744468610e-01+j5.20072765738652798007e-01
  +8.56284538944275364081e-01+j5.05965592203396763438e-01
  +8.64396135337674120791e-01+j4.91793994234720477365e-01
  +8.72230430096167297371e-01+j4.77561198349397364460e-01
  +8.79790314463293809943e-01+j4.63270268493260251041e-01
  +8.87078572587070013356e-01+j4.48924114537809004766e-01
  +8.94097880737552364039e-01+j4.34525500422129562494e-01
  +9.00850806636454448650e-01+j4.20077051960419778354e-01
  +9.07339808882001941370e-01+j4.05581264334715752007e-01
  +9.13567236453679987207e-01+j3.91040509291757931720e-01
  +9.19535328282770514363e-01+j3.76457042062323443687e-01
  +9.25246212875785012386e-01+j3.61833008020735868993e-01
  +9.30701907978964126933e-01+j3.47170449101734668318e-01
  +9.35904320273003631492e-01+j3.32471309991307695242e-01
  +9.40855245088062952519e-01+j3.17737444107662136972e-01
  +9.45556366129927550190e-01+j3.02970619388000683703e-01
  +9.50009255208958625083e-01+j2.88172523896383481201e-01
  +9.54215371964143965755e-01+j2.73344771267566066797e-01
  +9.58176063575193359689e-01+j2.58488906001363760723e-01
  +9.61892564456212850743e-01+j2.43606408621799663816e-01
  +9.65365995925006492584e-01+j2.28698700715028763186e-01
  +9.68597365842587265661e-01+j2.13767149859788618826e-01
  +9.71587568217886943245e-01+j1.98813074464005951070e-01
  +9.74337382773124649482e-01+j1.83837748520969707089e-01
  +9.76847474465688314638e-01+j1.68842406298452402114e-01
  +9.79118392962746941777e-01+j1.53828246974076210396e-01
  +9.81150572065199400029e-01+j1.38796439230206680726e-01
  +9.82944329077891087998e-01+j1.23748125821697668725e-01
  +9.84499864123400070248e-01+j1.08684428129894095072e-01
  +9.85817259397000489329e-01+j9.36064507164085096713e-02
  +9.86896478360757889448e-01+j7.85152858903611500230e-02
  +9.87737364875068135639e-01+j6.34120183030014439307e-02
  +9.88339642266243711966e-01+j4.82977295838740647294e-02
  +9.88702912329181948792e-01+j3.31735030330354702111e-02
  +9.88826654264450155551e-01+j1.80404283841716292502e-02
  +9.88710223549571054491e-01+j2.89960665390711497258e-03
  +9.88352850744695698992e-01-j1.22478449069362491097e-02
  +9.87753640233293817019e-01-j2.74007877438141728144e-02
  +9.86911568899013880163e-01-j4.25580567938197568134e-02
  +9.85825484740386004390e-01-j5.77184551283200786287e-02
  +9.84494105425641974350e-01-j7.28807484246575265630e-02
  +9.82916016790579605278e-01-j8.80436592478301693898e-02
  +9.81089671283129849400e-01-j1.03205861122256020712e-01
  +9.79013386359076864807e-01-j1.18365972372821301462e-01
  +9.76685342834299419223e-01-j1.33522549713347704614e-01
  +9.74103583199859901498e-01-j1.48674081559664911234e-01
  +9.71266009907422178671e-01-j1.63818981043215211590e-01
  +9.68170383633683129254e-01-j1.78955578699987211122e-01
  +9.64814321533899788008e-01-j1.94082114808239863946e-01
  +9.61195295496135582169e-01-j2.09196731347133096923e-01
  +9.57310630409563323440e-01-j2.24297463546922648536e-01
  +9.53157502462095296281e-01-j2.39382230999853173881e-01
  +9.48732937484738525491e-01-j2.54448828299313922763e-01
  +9.44033809362489595429e-01-j2.69494915173105364925e-01
  +9.39056838534210958080e-01-j2.84518006075008045297e-01
  +9.33798590606947476189e-01-j2.99515459196981859158e-01
  +9.28255475113414330046e-01-j3.14484464862537671515e-01
  +9.22423744445081572607e-01-j3.29422033259931690274e-01
  +9.16299492997401321404e-01-j3.44324981471910485098e-01
  +9.09878656568230970159e-01-j3.59189919756871478551e-01
  +9.03157012055621710722e-01-j3.74013237034368228873e-01
  +8.96130177506695879686e-01-j3.88791085526102309089e-01
  +8.88793612575634051076e-01-j4.03519364501711663706e-01
  +8.81142619455607789547e-01-j4.18193703077084921738e-01
  +8.73172344357207697030e-01-j4.32809442011417300211e-01
  +8.64877779614280473020e-01-j4.47361614448001432276e-01
  +8.56253766507464653124e-01-j4.61844925542764350723e-01
  +8.47294998905937402078e-01-j4.76253730924045881601e-01
  +8.37996027839219115307e-01-j4.90582013926981808094e-01
  +8.28351267123292211991e-01-j5.04823361546379190123e-01
  +8.18355000178967562086e-01-j5.18970939053197244384e-01
  +8.08001388195294545369e-01-j5.33017463221918230687e-01
  +7.97284479807236157178e-01-j5.46955174119180820291e-01
  +7.86198222474540298066e-01-j5.60775805408642469274e-01
  +7.74736475768163956879e-01-j5.74470553132950589870e-01
  +7.62893026791560235900e-01-j5.88030042941535491252e-01
  +7.50661607986812251525e-01-j6.01444295742950219008e-01
  +7.38035917600097013391e-01-j6.14702691772764597822e-01
  +7.25009643107015100405e-01-j6.27793933083618083124e-01
  +7.11576487926363521197e-01-j6.40706004482617830220e-01
  +6.97730201780468406447e-01-j6.53426132964131878289e-01
  +6.83464615091431415550e-01-j6.65940745713216486479e-01
  +6.68773677835204027886e-01-j6.78235426787503592472e-01
</dep>
