<Qucs Dataset 1.0.7>
<indep frequency 181>
  +1.00000000000000000000e+09
  +1.05000000000000000000e+09
  +1.10000000000000000000e+09
  +1.15000000000000000000e+09
  +1.20000000000000000000e+09
  +1.25000000000000000000e+09
  +1.30000000000000000000e+09
  +1.35000000000000000000e+09
  +1.40000000000000000000e+09
  +1.45000000000000000000e+09
  +1.50000000000000000000e+09
  +1.55000000000000000000e+09
  +1.60000000000000000000e+09
  +1.65000000000000000000e+09
  +1.70000000000000000000e+09
  +1.75000000000000000000e+09
  +1.80000000000000000000e+09
  +1.85000000000000000000e+09
  +1.90000000000000000000e+09
  +1.95000000000000000000e+09
  +2.00000000000000000000e+09
  +2.05000000000000000000e+09
  +2.10000000000000000000e+09
  +2.15000000000000000000e+09
  +2.20000000000000000000e+09
  +2.25000000000000000000e+09
  +2.30000000000000000000e+09
  +2.35000000000000000000e+09
  +2.40000000000000000000e+09
  +2.45000000000000000000e+09
  +2.50000000000000000000e+09
  +2.55000000000000000000e+09
  +2.60000000000000000000e+09
  +2.65000000000000000000e+09
  +2.70000000000000000000e+09
  +2.75000000000000000000e+09
  +2.80000000000000000000e+09
  +2.85000000000000000000e+09
  +2.90000000000000000000e+09
  +2.95000000000000000000e+09
  +3.00000000000000000000e+09
  +3.05000000000000000000e+09
  +3.10000000000000000000e+09
  +3.15000000000000000000e+09
  +3.20000000000000000000e+09
  +3.25000000000000000000e+09
  +3.30000000000000000000e+09
  +3.35000000000000000000e+09
  +3.40000000000000000000e+09
  +3.45000000000000000000e+09
  +3.50000000000000000000e+09
  +3.55000000000000000000e+09
  +3.60000000000000000000e+09
  +3.65000000000000000000e+09
  +3.70000000000000000000e+09
  +3.75000000000000000000e+09
  +3.80000000000000000000e+09
  +3.85000000000000000000e+09
  +3.90000000000000000000e+09
  +3.95000000000000000000e+09
  +4.00000000000000000000e+09
  +4.05000000000000000000e+09
  +4.10000000000000000000e+09
  +4.15000000000000000000e+09
  +4.20000000000000000000e+09
  +4.25000000000000000000e+09
  +4.30000000000000000000e+09
  +4.35000000000000000000e+09
  +4.40000000000000000000e+09
  +4.45000000000000000000e+09
  +4.50000000000000000000e+09
  +4.55000000000000000000e+09
  +4.60000000000000000000e+09
  +4.65000000000000000000e+09
  +4.70000000000000000000e+09
  +4.75000000000000000000e+09
  +4.80000000000000000000e+09
  +4.85000000000000000000e+09
  +4.90000000000000000000e+09
  +4.95000000000000000000e+09
  +5.00000000000000000000e+09
  +5.05000000000000000000e+09
  +5.10000000000000000000e+09
  +5.15000000000000000000e+09
  +5.20000000000000000000e+09
  +5.25000000000000000000e+09
  +5.30000000000000000000e+09
  +5.35000000000000000000e+09
  +5.40000000000000000000e+09
  +5.45000000000000000000e+09
  +5.50000000000000000000e+09
  +5.55000000000000000000e+09
  +5.60000000000000000000e+09
  +5.65000000000000000000e+09
  +5.70000000000000000000e+09
  +5.75000000000000000000e+09
  +5.80000000000000000000e+09
  +5.85000000000000000000e+09
  +5.90000000000000000000e+09
  +5.95000000000000000000e+09
  +6.00000000000000000000e+09
  +6.05000000000000000000e+09
  +6.10000000000000000000e+09
  +6.15000000000000000000e+09
  +6.20000000000000000000e+09
  +6.25000000000000000000e+09
  +6.30000000000000000000e+09
  +6.35000000000000000000e+09
  +6.40000000000000000000e+09
  +6.45000000000000000000e+09
  +6.50000000000000000000e+09
  +6.55000000000000000000e+09
  +6.60000000000000000000e+09
  +6.65000000000000000000e+09
  +6.70000000000000000000e+09
  +6.75000000000000000000e+09
  +6.80000000000000000000e+09
  +6.85000000000000000000e+09
  +6.90000000000000000000e+09
  +6.95000000000000000000e+09
  +7.00000000000000000000e+09
  +7.05000000000000000000e+09
  +7.10000000000000000000e+09
  +7.15000000000000000000e+09
  +7.20000000000000000000e+09
  +7.25000000000000000000e+09
  +7.30000000000000000000e+09
  +7.35000000000000000000e+09
  +7.40000000000000000000e+09
  +7.45000000000000000000e+09
  +7.50000000000000000000e+09
  +7.55000000000000000000e+09
  +7.60000000000000000000e+09
  +7.65000000000000000000e+09
  +7.70000000000000000000e+09
  +7.75000000000000000000e+09
  +7.80000000000000000000e+09
  +7.85000000000000000000e+09
  +7.90000000000000000000e+09
  +7.95000000000000000000e+09
  +8.00000000000000000000e+09
  +8.05000000000000000000e+09
  +8.10000000000000000000e+09
  +8.15000000000000000000e+09
  +8.20000000000000000000e+09
  +8.25000000000000000000e+09
  +8.30000000000000000000e+09
  +8.35000000000000000000e+09
  +8.40000000000000000000e+09
  +8.45000000000000000000e+09
  +8.50000000000000000000e+09
  +8.55000000000000000000e+09
  +8.60000000000000000000e+09
  +8.65000000000000000000e+09
  +8.70000000000000000000e+09
  +8.75000000000000000000e+09
  +8.80000000000000000000e+09
  +8.85000000000000000000e+09
  +8.90000000000000000000e+09
  +8.95000000000000000000e+09
  +9.00000000000000000000e+09
  +9.05000000000000000000e+09
  +9.10000000000000000000e+09
  +9.15000000000000000000e+09
  +9.20000000000000000000e+09
  +9.25000000000000000000e+09
  +9.30000000000000000000e+09
  +9.35000000000000000000e+09
  +9.40000000000000000000e+09
  +9.45000000000000000000e+09
  +9.50000000000000000000e+09
  +9.55000000000000000000e+09
  +9.60000000000000000000e+09
  +9.65000000000000000000e+09
  +9.70000000000000000000e+09
  +9.75000000000000000000e+09
  +9.80000000000000000000e+09
  +9.85000000000000000000e+09
  +9.90000000000000000000e+09
  +9.95000000000000000000e+09
  +1.00000000000000000000e+10
</indep>
<dep S21_phase frequency>
  -5.69807003986112050598e+01
  -5.99101714048147897529e+01
  -6.28476814756198365330e+01
  -6.57926983823000455232e+01
  -6.87445616330171418440e+01
  -7.17024801115266825491e+01
  -7.46655311515311836956e+01
  -7.76326612176072217153e+01
  -8.06026883389457253770e+01
  -8.35743064080928235171e+01
  -8.65460914148088988895e+01
  -8.95165096353600091561e+01
  -9.24839277421964425230e+01
  -9.54466247397901526028e+01
  -9.84028055724691057549e+01
  -1.01350616191982609848e+02
  -1.04288159819631559344e+02
  -1.07213514092843098524e+02
  -1.10124748751988207118e+02
  -1.13019943501692139876e+02
  -1.15897205673619865252e+02
  -1.18754687324888067224e+02
  -1.21590601427533357537e+02
  -1.24403236838563159949e+02
  -1.27190971784909066855e+02
  -1.29952285650543643669e+02
  -1.32685768911069459364e+02
  -1.35390131121228165512e+02
  -1.38064206920030130732e+02
  -1.40706960073878008188e+02
  -1.43317485628078770787e+02
  -1.45895010279748305493e+02
  -1.48438891119420134146e+02
  -1.50948612914148327491e+02
  -1.53423784121628614230e+02
  -1.55864131833448396947e+02
  -1.58269495846739005174e+02
  -1.60639822058455479237e+02
  -1.62975155366329460094e+02
  -1.65275632246521922752e+02
  -1.67541473161267589376e+02
  -1.69772974931495411965e+02
  -1.71970503190357476342e+02
  -1.74134485014702562466e+02
  -1.76265401813291333610e+02
  -1.78363782533509890982e+02
  +1.79569802767229703022e+02
  +1.77534748953121606974e+02
  +1.75530421424489816218e+02
  +1.73556161305443367837e+02
  +1.71611290203595245885e+02
  +1.69695114547882326406e+02
  +1.67806929516153729764e+02
  +1.65946022568552223220e+02
  +1.64111676605910076887e+02
  +1.62303172774613187812e+02
  +1.60519792940769150391e+02
  +1.58760821857239335486e+02
  +1.57025549047230100541e+02
  +1.55313270427858469702e+02
  +1.53623289696463075416e+02
  +1.51954919501538711302e+02
  +1.50307482419100608695e+02
  +1.48680311754079326647e+02
  +1.47072752185071294662e+02
  +1.45484160269468048909e+02
  +1.43913904824669174332e+02
  +1.42361367199802657524e+02
  +1.40825941451121082082e+02
  +1.39307034433057680189e+02
  +1.37804065815787708971e+02
  +1.36316468039081854613e+02
  +1.34843686211251309714e+02
  +1.33385177961059781637e+02
  +1.31940413249642006122e+02
  +1.30508874148684185457e+02
  +1.29090054590424699654e+02
  +1.27683460094383249839e+02
  +1.26288607475145994385e+02
  +1.24905024535014646858e+02
  +1.23532249744844918382e+02
  +1.22169831915985923843e+02
  +1.20817329865842438608e+02
  +1.19474312079251333785e+02
  +1.18140356367556080386e+02
  +1.16815049526997498219e+02
  +1.15497986997803508302e+02
  +1.14188772525145239456e+02
  +1.12887017822946361889e+02
  +1.11592342241369323119e+02
  +1.10304372438658006672e+02
  +1.09022742057892003231e+02
  +1.07747091409098601389e+02
  +1.06477067157076930926e+02
  +1.05212322015201294789e+02
  +1.03952514445407842913e+02
  +1.02697308364499647837e+02
  +1.01446372856863888501e+02
  +1.00199381893641330521e+02
  +9.89560140583618448318e+01
  +9.77159522790188930230e+01
  +9.64788835665445674294e+01
  +9.52444987596132506269e+01
  +9.40124922756984915395e+01
  +9.27825618682895481015e+01
  +9.15544083901695984196e+01
  +9.03277355626510853881e+01
  +8.91022497506651944832e+01
  +8.78776597435974622385e+01
  +8.66536765417735210804e+01
  +8.54300131484931313253e+01
  +8.42063843675290115698e+01
  +8.29825066060068081697e+01
  +8.17580976826000096480e+01
  +8.05328766409803193937e+01
  +7.93065635684833836194e+01
  +7.80788794199564790688e+01
  +7.68495458467854746232e+01
  +7.56182850310980398945e+01
  +7.43848195251780737181e+01
  +7.31488720961296365886e+01
  +7.19101655758702378307e+01
  +7.06684227165339677867e+01
  +6.94233660514142059128e+01
  +6.81747177615851853716e+01
  +6.69221995483716654007e+01
  +6.56655325118800021755e+01
  +6.44044370358169260271e+01
  +6.31386326788674665522e+01
  +6.18678380729325567700e+01
  +6.05917708285723435324e+01
  +5.93101474480255532740e+01
  +5.80226832462347132946e+01
  +5.67290922803306116862e+01
  +5.54290872880915941323e+01
  +5.41223796359249220700e+01
  +5.28086792769843711426e+01
  +5.14876947200647450131e+01
  +5.01591330099954291200e+01
  +4.88226997202887389449e+01
  +4.74780989588614161789e+01
  +4.61250333877127545179e+01
  +4.47632042574968522786e+01
  +4.33923114579927045042e+01
  +4.20120535855221604038e+01
  +4.06221280284601675703e+01
  +3.92222310720205271650e+01
  +3.78120580235636438715e+01
  +3.63913033597436594846e+01
  +3.49596608968957340835e+01
  +3.35168239860549519449e+01
  +3.20624857341484741369e+01
  -1.49403660747190002667e+02
  -1.50881922063378311805e+02
  -1.52372604227937017640e+02
  -1.53876012320857370241e+02
  -1.55392450112752499081e+02
  -1.56922219653132259509e+02
  -1.58465620821052425526e+02
  -1.60022950836548261577e+02
  -1.61594503731193725571e+02
  -1.63180569776275490312e+02
  -1.64781434867109908282e+02
  -1.66397379862158118158e+02
  -1.68028679875756637330e+02
  -1.69675603523438184084e+02
  -1.71338412119051042737e+02
  -1.73017358823135225521e+02
  -1.74712687742321975293e+02
  -1.76424632979859268289e+02
  -1.78153417637771383397e+02
  -1.79899252771605461021e+02
  +1.78337663700780780118e+02
  +1.76557148134392917882e+02
  +1.74759032333601737719e+02
  +1.72943164766708065372e+02
  +1.71109411814575423705e+02
  +1.69257659048571298399e+02
  +1.67387812532259431464e+02
  +1.65499800140434615514e+02
  +1.63593572888228578677e+02
</dep>
<dep S11_phase frequency>
  -1.46890521187142951476e+02
  -1.49829322775060973072e+02
  -1.52775899082839913490e+02
  -1.55729727488824352122e+02
  -1.58690154502530759828e+02
  -1.61656394079265197661e+02
  -1.64627527217007582294e+02
  -1.67602503042481174589e+02
  -1.70580141559167969945e+02
  -1.73559138189336295000e+02
  -1.76538070195263344431e+02
  -1.79515405011596584472e+02
  +1.77510489537143115513e+02
  +1.74541333221026036426e+02
  +1.71578919739623842133e+02
  +1.68625101615100277286e+02
  +1.65681773904959499077e+02
  +1.62750857041607815745e+02
  +1.59834279140497415028e+02
  +1.56933958140612219267e+02
  +1.54051784148705593225e+02
  +1.51189602351800033375e+02
  +1.48349196841443813355e+02
  +1.45532275659320617933e+02
  +1.42740457329176336998e+02
  +1.39975259087233496302e+02
  +1.37238086965331291367e+02
  +1.34530227820981139075e+02
  +1.31852843349365315362e+02
  +1.29206966056692266420e+02
  +1.26593497124362670547e+02
  +1.24013206050829325022e+02
  +1.21466731923774347024e+02
  +1.18954586149765788150e+02
  +1.16477156451860722086e+02
  +1.14034711937042075647e+02
  +1.11627409034235782315e+02
  +1.09255298108713759575e+02
  +1.06918330568873955144e+02
  +1.04616366295422025701e+02
  +1.02349181239700882884e+02
  +1.00116475056249669251e+02
  +9.79178786537011234259e+01
  +9.57529615670446503373e+01
  +9.36212390725034850902e+01
  +9.15221789833278052129e+01
  +8.94552080803595401903e+01
  +8.74197181451432498989e+01
  +8.54150715754806384439e+01
  +8.34406065737165931750e+01
  +8.14956419067315778193e+01
  +7.95794812437074199352e+01
  +7.76914170833788517712e+01
  +7.58307342868216096576e+01
  +7.39967132350321747936e+01
  +7.21886326327778675704e+01
  +7.04057719815806564156e+01
  +6.86474137454174240247e+01
  +6.69128452328515237468e+01
  +6.52013602190319971896e+01
  +6.35122603303438069133e+01
  +6.18448562136114574628e+01
  +6.01984685106664585419e+01
  +5.85724286578962534122e+01
  +5.69660795291127257656e+01
  +5.53787759387672124944e+01
  +5.38098850212312740382e+01
  +5.22587865005688669839e+01
  +5.07248728639803019291e+01
  +4.92075494509025830325e+01
  +4.77062344686188311016e+01
  +4.62203589441678062144e+01
  +4.47493666213537082399e+01
  +4.32927138107372115883e+01
  +4.18498691996474079247e+01
  +4.04203136284730035754e+01
  +3.90035398387907434881e+01
  +3.75990521982400665024e+01
  +3.62063664064742170012e+01
  +3.48250091859921440118e+01
  +3.34545179611796470454e+01
  +3.20944405284671105960e+01
  +3.07443347201296006688e+01
  +2.94037680639141498773e+01
  +2.80723174403816813083e+01
  +2.67495687395777039796e+01
  +2.54351165184120411311e+01
  +2.41285636599159118987e+01
  +2.28295210353593738262e+01
  +2.15376071700513733731e+01
  +2.02524479134988695250e+01
  +1.89736761144789980449e+01
  +1.77009313014681843867e+01
  +1.64338593687778740104e+01
  +1.51721122686647831301e+01
  +1.39153477096131350521e+01
  +1.26632288609256207224e+01
  +1.14154240637093788990e+01
  +1.01716065482979942658e+01
  +8.93145415811681964158e+00
  +7.69464907996598856954e+00
  +6.46087758067355366620e+00
  +5.22982975004958650089e+00
  +4.00119925005766585713e+00
  +2.77468307011035841825e+00
  +1.54998128838475879299e+00
  +3.26796839051733900572e-01
  -8.95164714689276719284e-01
  -2.11619540187912447138e+00
  -3.33658505947492489696e+00
  -4.55662154253430529138e+00
  -5.77659092899884551997e+00
  -6.99677771916169355393e+00
  -8.21746502989172000753e+00
  -9.43893478367440330601e+00
  -1.06614678925182086999e+01
  -1.18853444367561245087e+01
  -1.31108438387587824536e+01
  -1.43382450315563918508e+01
  -1.55678266223462973272e+01
  -1.67998670508431686699e+01
  -1.80346447424059306286e+01
  -1.92724382558528724019e+01
  -2.05135264258481022637e+01
  -2.17581884997194698883e+01
  -2.30067042685362075360e+01
  -2.42593541922462989646e+01
  -2.55164195186412641192e+01
  -2.67781823958810711872e+01
  -2.80449259782789361850e+01
  -2.93169345250046546880e+01
  -3.05944934913294801504e+01
  -3.18778896119905716944e+01
  -3.31674109762114852629e+01
  -3.44633470938693236008e+01
  -3.57659889522487191016e+01
  -3.70756290627769189427e+01
  -3.83925614970776294399e+01
  -3.97170819116293927209e+01
  -4.10494875602567432793e+01
  -4.23900772936233849464e+01
  -4.37391515448369148089e+01
  -4.50970123002112615040e+01
  -4.64639630541705699329e+01
  -4.78403087472105994493e+01
  -4.92263556857716153559e+01
  -5.06224114428044487113e+01
  -5.20287847377533623217e+01
  -5.34457852946017624163e+01
  -5.48737236765742864009e+01
  -5.63129110960172738487e+01
  -5.77636591979237508099e+01
  -5.92262798155132657030e+01
  -6.07010846962259336124e+01
  -6.21883851964482445851e+01
  -6.36884919432496658942e+01
  -6.52017144613871693082e+01
  -6.67283607638224651737e+01
  -6.82687369039903586554e+01
  -6.98231464880855412503e+01
  -7.13918901456604686473e+01
  -7.29752649568914364409e+01
  -7.45735638349508889178e+01
  -7.61870748620329436562e+01
  -7.78160805777228290481e+01
  -7.94608572185730395177e+01
  -8.11216739079656292688e+01
  -8.27987917955898211630e+01
  -8.44924631461659885190e+01
  -8.62029303773903450292e+01
  -8.79304250474702513429e+01
  -8.96751667930714120303e+01
  -9.14373622189970660656e+01
  -9.32172037414834591118e+01
  -9.50148683876096242784e+01
  -9.68305165539920267292e+01
  -9.86642907286626638097e+01
  -1.00516314180807455614e+02
  -1.02386689623867326304e+02
  -1.04275497858369377013e+02
  -1.06182796401758821503e+02
</dep>
<dep S21_dB frequency>
  -4.06708015051403581896e-01
  -4.55204839242069447813e-01
  -5.07628366429776045621e-01
  -5.64175412049641278323e-01
  -6.25041633032038634887e-01
  -6.90419586231915016761e-01
  -7.60496674053839805119e-01
  -8.35453005083499622430e-01
  -9.15459203269336052600e-01
  -1.00067420439910215180e+00
  -1.09124308299156291824e+00
  -1.18729495590328548715e+00
  -1.28894101066126975930e+00
  -1.39627270649794343882e+00
  -1.50936019416051925290e+00
  -1.62825099669363648758e+00
  -1.75296898764791708736e+00
  -1.88351369569922399982e+00
  -2.01985995581471788896e+00
  -2.16195791723110719573e+00
  -2.30973340813535621407e+00
  -2.46308864655330506110e+00
  -2.62190327707638770605e+00
  -2.78603570417748613863e+00
  -2.95532468538029124971e+00
  -3.12959114176315278399e+00
  -3.30864013937678569377e+00
  -3.49226299320636179857e+00
  -3.68023944525270430006e+00
  -3.87233986998046741945e+00
  -4.06832746355490648682e+00
  -4.26796037764778546375e+00
  -4.47099376382604596358e+00
  -4.67718170030811197790e+00
  -4.88627897885873352379e+00
  -5.09804273554165821025e+00
  -5.31223391469619343752e+00
  -5.52861856070004797914e+00
  -5.74696893667815089657e+00
  -5.96706447324980615576e+00
  -6.18869255364165837818e+00
  -6.41164914403745989091e+00
  -6.63573927991865186726e+00
  -6.86077742043814176043e+00
  -7.08658768362145430331e+00
  -7.31300397549025404942e+00
  -7.53987002613276224849e+00
  -7.76703934536706608327e+00
  -7.99437511004806999892e+00
  -8.22174999430305852854e+00
  -8.44904595310768335992e+00
  -8.67615396868144017617e+00
  -8.90297376822241126604e+00
  -9.12941352055261035048e+00
  -9.35538951832300647027e+00
  -9.58082585155365329399e+00
  -9.80565407747248762860e+00
  -1.00298128908620043376e+01
  -1.02532477984509196034e+01
  -1.04759108002711887053e+01
  -1.06977600803682815211e+01
  -1.09187597087720096312e+01
  -1.11388793562311594343e+01
  -1.13580940228570970163e+01
  -1.15763837815239600815e+01
  -1.17937335366222377786e+01
  -1.20101327985525045960e+01
  -1.22255754741782780570e+01
  -1.24400596733207908784e+01
  -1.26535875312722900787e+01
  -1.28661650472268878076e+01
  -1.30778019384702144379e+01
  -1.32885115101334445598e+01
  -1.34983105402981262699e+01
  -1.37072191802331353472e+01
  -1.39152608695562225449e+01
  -1.41224622661292791292e+01
  -1.43288531905319089788e+01
  -1.45344665849927938694e+01
  -1.47393384867093892865e+01
  -1.49435080155414468095e+01
  -1.51470173761267226098e+01
  -1.53499118745378737572e+01
  -1.55522399496791070561e+01
  -1.57540532197043070539e+01
  -1.59554065438353731565e+01
  -1.61563581000610909655e+01
  -1.63569694793100346430e+01
  -1.65573057968175945120e+01
  -1.67574358215414775941e+01
  -1.69574321246346144676e+01
  -1.71573712481512963279e+01
  -1.73573338953512248395e+01
  -1.75574051441753766767e+01
  -1.77576746857046146033e+01
  -1.79582370896762881785e+01
  -1.81591920994377318266e+01
  -1.83606449590542055716e+01
  -1.85627067756817218935e+01
  -1.87654949207589609728e+01
  -1.89691334740862806996e+01
  -1.91737537154484911639e+01
  -1.93794946691221667834e+01
  -1.95865037073987799943e+01
  -1.97949372201765001478e+01
  -2.00049613587528227754e+01
  -2.02167528632106723308e+01
  -2.04304999842780645736e+01
  -2.06464035122983631254e+01
  -2.08646779280266123635e+01
  -2.10855526924489851126e+01
  -2.13092736957812967091e+01
  -2.15361048893581497055e+01
  -2.17663301284098444910e+01
  -2.20002552589117783555e+01
  -2.22382104880102744460e+01
  -2.24805530852466652902e+01
  -2.27276704712997492663e+01
  -2.29799837627074197144e+01
  -2.32379518556204018864e+01
  -2.35020761499078467693e+01
  -2.37729060379361065714e+01
  -2.40510453115047049266e+01
  -2.43371596776814413943e+01
  -2.46319856222422437497e+01
  -2.49363409216767060173e+01
  -2.52511371862622944207e+01
  -2.55773949245105853834e+01
  -2.59162617632758909281e+01
  -2.62690346522595561396e+01
  -2.66371871473281771614e+01
  -2.70224032348021410144e+01
  -2.74266196749649964204e+01
  -2.78520795784456325350e+01
  -2.83014009945700593107e+01
  -2.87776658628593438038e+01
  -2.92845370458301985650e+01
  -2.98264148059742808528e+01
  -3.04086498447272006729e+01
  -3.10378393688947085138e+01
  -3.17222483287120162743e+01
  -3.24724252553877192895e+01
  -3.33021316721313525022e+01
  -3.42297986424050648679e+01
  -3.52809156968196262483e+01
  -3.64921749789050551271e+01
  -3.79191891337374329396e+01
  -3.96522676382186105570e+01
  -4.18530843148282443167e+01
  -4.48578513596977401789e+01
  -4.95797470561209649986e+01
  -6.10550886827322969452e+01
  -5.59952275656030380446e+01
  -4.77511251709459898507e+01
  -4.35446763056789265534e+01
  -4.06823029147806209949e+01
  -3.85003035067732355401e+01
  -3.67301838334285051246e+01
  -3.52363119929998021007e+01
  -3.39405621504161487678e+01
  -3.27938062971134201007e+01
  -3.17631397964562403047e+01
  -3.08254489986052426787e+01
  -2.99638816207259530700e+01
  -2.91657773000616593606e+01
  -2.84213885260132883559e+01
  -2.77230552816747461975e+01
  -2.70646529983691266352e+01
  -2.64412119302008008503e+01
  -2.58486477909502170291e+01
  -2.52835667693002399403e+01
  -2.47431215583008956571e+01
  -2.42249031717574112577e+01
  -2.37268583712652585405e+01
  -2.32472257500353727266e+01
  -2.27844856260837858031e+01
  -2.23373203046210555556e+01
  -2.19045822282897617583e+01
  -2.14852681988969074212e+01
  -2.10784983230470324145e+01
  -2.06834986694468625501e+01
</dep>
<dep S11_dB frequency>
  -1.07765215028109668793e+01
  -1.02907196128091360521e+01
  -9.82486463203163040703e+00
  -9.37758955614273226331e+00
  -8.94774946677154048302e+00
  -8.53438230668690778202e+00
  -8.13667678132945937364e+00
  -7.75394578758192487555e+00
  -7.38560419026125103414e+00
  -7.03115006962184274641e+00
  -6.69014878410600388747e+00
  -6.36221935551460227032e+00
  -6.04702280450429618952e+00
  -5.74425215404657407703e+00
  -5.45362388481060733625e+00
  -5.17487067503882425257e+00
  -4.90773529236307304302e+00
  -4.65196552933536189300e+00
  -4.40731009058681166835e+00
  -4.17351534956393166453e+00
  -3.95032289827747806754e+00
  -3.73746781591309495951e+00
  -3.53467758265089049274e+00
  -3.34167156461572112391e+00
  -3.15816099534030669815e+00
  -2.98384937906540903541e+00
  -2.81843324206262790810e+00
  -2.66160316018301079666e+00
  -2.51304499410335147047e+00
  -2.37244126822594836312e+00
  -2.23947263472263813355e+00
  -2.11381937059598667972e+00
  -1.99516286257558261852e+00
  -1.88318704190449892621e+00
  -1.77757973832696070104e+00
  -1.67803392960886466057e+00
  -1.58424886951745702568e+00
  -1.49593108318357237430e+00
  -1.41279522407294599873e+00
  -1.33456479133461614062e+00
  -1.26097271006099420632e+00
  -1.19176177999596366597e+00
  -1.12668500051942066520e+00
  -1.06550578137083951091e+00
  -1.00799804963887718046e+00
  -9.53946264113181396915e-01
  -9.03145348256225721784e-01
  -8.55400552887577436678e-01
  -8.10527259253506326964e-01
  -7.68350732549018866635e-01
  -7.28705835226124865045e-01
  -6.91436708609808881043e-01
  -6.56396430491170579380e-01
  -6.23446655510201286354e-01
  -5.92457244300686025618e-01
  -5.63305886567414648702e-01
  -5.35877722511589937859e-01
  -5.10064966325458279961e-01
  -4.85766534842353159274e-01
  -4.62887683859517506946e-01
  -4.41339654143622306393e-01
  -4.21039328683550873045e-01
  -4.01908902367351994478e-01
  -3.83875564925763801405e-01
  -3.66871197699822293448e-01
  -3.50832084549640987881e-01
  -3.35698637020604928605e-01
  -3.21415133718169987453e-01
  -3.07929473707698575513e-01
  -2.95192943648989236660e-01
  -2.83159998290776815377e-01
  -2.71788053886497626976e-01
  -2.61037294046007561921e-01
  -2.50870487504462391648e-01
  -2.41252817269566294245e-01
  -2.32151720596781852013e-01
  -2.23536739239919263200e-01
  -2.15379379427551198578e-01
  -2.07652981025071792232e-01
  -2.00332595355024289940e-01
  -1.93394871164328574498e-01
  -1.86817948245510928595e-01
  -1.80581358239073563876e-01
  -1.74665932165051551728e-01
  -1.69053714253925235766e-01
  -1.63727881668459085418e-01
  -1.58672669730620913287e-01
  -1.53873302288761559797e-01
  -1.49315926881898097811e-01
  -1.44987554378166044744e-01
  -1.40876002784681264579e-01
  -1.36969844944809571174e-01
  -1.33258359857279767846e-01
  -1.29731487368896503121e-01
  -1.26379786009080785636e-01
  -1.23194393750062303194e-01
  -1.20166991491267832748e-01
  -1.17289769080413927571e-01
  -1.14555393696852053642e-01
  -1.11956980434785247080e-01
  -1.09488064935809426004e-01
  -1.07142577930721002999e-01
  -1.04914821560651821963e-01
  -1.02799447357129078440e-01
  -1.00791435769283899138e-01
  -9.88860771346489336731e-02
  -9.70789539978418741795e-02
  -9.53659246881431998943e-02
  -9.37431080740306899024e-02
  -9.22068694187162946063e-02
  -9.07538072664197531525e-02
  -8.93807412946780316387e-02
  -8.80847010728035562099e-02
  -8.68629156713821848346e-02
  -8.57128040719082190391e-02
  -8.46319663297705748750e-02
  -8.36181754475735505849e-02
  -8.26693699190749198280e-02
  -8.17836469076749783547e-02
  -8.09592560258123733474e-02
  -8.01945936851049118177e-02
  -7.94881979891598616783e-02
  -7.88387441435742519769e-02
  -7.82450403600878086063e-02
  -7.77060242335955581039e-02
  -7.72207595728247736533e-02
  -7.67884336673383405270e-02
  -7.64083549748926782463e-02
  -7.60799512148834372605e-02
  -7.58027678547605610060e-02
  -7.55764669775840641774e-02
  -7.54008265199668792356e-02
  -7.52757398703408769913e-02
  -7.52012158184426626750e-02
  -7.51773788473640430796e-02
  -7.52044697600450784414e-02
  -7.52828466321804889994e-02
  -7.54129860837281090769e-02
  -7.55954848609835111661e-02
  -7.58310617208938914091e-02
  -7.61205596086837188441e-02
  -7.64649481190594060287e-02
  -7.68653262302859130450e-02
  -7.73229252988316823059e-02
  -7.78391123008811414152e-02
  -7.84153933048684359530e-02
  -7.90534171567923993340e-02
  -7.97549793574016535613e-02
  -8.05220261071378645701e-02
  -8.13566584911254719881e-02
  -8.22611367723363046123e-02
  -8.32378847565095475458e-02
  -8.42894941873349179406e-02
  -8.54187291246619462282e-02
  -8.66285302521646594087e-02
  -8.79220190543500285107e-02
  -8.93025017949483773672e-02
  -9.07734732211229744525e-02
  -9.23386199090099890618e-02
  -9.40018231572135598562e-02
  -9.57671613249722053496e-02
  -9.76389115018867909113e-02
  -9.96215503854031153574e-02
  -1.01719754231697934177e-01
  -1.03938397734752857593e-01
  -1.06282551677604197859e-01
  -1.08757479189370009909e-01
  -1.11368630431680298853e-01
  -1.14121635528946774318e-01
  -1.17022295549025046046e-01
  -1.20076571334269160962e-01
  -1.23290569978639158455e-01
  -1.26670528744334015547e-01
  -1.30222796212393410187e-01
  -1.33953810466219375153e-01
  -1.37870074115392149405e-01
  -1.41978125980336267187e-01
  -1.46284509277077923173e-01
  -1.50795736165593829980e-01
  -1.55518248556282351336e-01
  -1.60458375106705936064e-01
</dep>
<dep Zin_ohm frequency>
  +1.54536261657894374366e+03
  +1.47502672178534862724e+03
  +1.40538517257310058994e+03
  +1.33679814271676787030e+03
  +1.26963661630127626267e+03
  +1.20429045533608586993e+03
  +1.14117739536555222912e+03
  +1.08075258682877415595e+03
  +1.02351791512696820519e+03
  +9.70029718853716190097e+02
  +9.20902652881866629286e+02
  +8.76806392465475028075e+02
  +8.38450976115277967438e+02
  +8.06556562238823971711e+02
  +7.81805314274232841854e+02
  +7.64777947360580355962e+02
  +7.55884708811809673534e+02
  +7.55307235426139413903e+02
  +7.62969013374238784309e+02
  +7.78545002141206055057e+02
  +8.01507890794874128915e+02
  +8.31196698727335274270e+02
  +8.66889225026786334638e+02
  +9.07863658144325199828e+02
  +9.53442250298059320812e+02
  +1.00301675607130334811e+03
  +1.05605919310696344837e+03
  +1.11212258881190177817e+03
  +1.17083586082912893289e+03
  +1.23189587683391187056e+03
  +1.29505865240505954716e+03
  +1.36013080653486122173e+03
  +1.42696182946052863372e+03
  +1.49543737330619478598e+03
  +1.56547358465636671099e+03
  +1.63701240308361411735e+03
  +1.71001771088556711220e+03
  +1.78447221120432868702e+03
  +1.86037491888420345276e+03
  +1.93773916210693209905e+03
  +2.01659100832574654305e+03
  +2.09696804296718801197e+03
  +2.17891844277001973751e+03
  +2.26250029717495635850e+03
  +2.34778114090641611256e+03
  +2.43483766899413421925e+03
  +2.52375561221759153341e+03
  +2.61462975656846674610e+03
  +2.70756409504920520703e+03
  +2.80267210415937915968e+03
  +2.90007714094144921546e+03
  +2.99991295961373361934e+03
  +3.10232434974012312523e+03
  +3.20746790068913742289e+03
  +3.31551289992388137762e+03
  +3.42664237553998418662e+03
  +3.54105429653144756230e+03
  +3.65896294761732997358e+03
  +3.78060049922278540180e+03
  +3.90621879750173093271e+03
  +4.03609140427056672706e+03
  +4.17051592256932690361e+03
  +4.30981665050138690276e+03
  +4.45434761429227637564e+03
  +4.60449604149089009297e+03
  +4.76068634733481576404e+03
  +4.92338472205060224951e+03
  +5.09310442494462495233e+03
  +5.27041191343743412290e+03
  +5.45593396284073605784e+03
  +5.65036596714962433907e+03
  +5.85448165436094677716e+03
  +6.06914450439102893142e+03
  +6.29532122695425186976e+03
  +6.53409774533831205190e+03
  +6.78669824603517099604e+03
  +7.05450800205262748932e+03
  +7.33910087098988151411e+03
  +7.64227262363872523565e+03
  +7.96608159745683769870e+03
  +8.31289862363006250234e+03
  +8.68546879232148057781e+03
  +9.08698846449884331378e+03
  +9.52120210814753227169e+03
  +9.99252517754778091330e+03
  +1.05062015876575296716e+04
  +1.10685077020727949275e+04
  +1.16870196868391140015e+04
  +1.23709684382716259279e+04
  +1.31317174676383310725e+04
  +1.39834164555219613248e+04
  +1.49439106842672372295e+04
  +1.60360313009115543537e+04
  +1.72894662683526985347e+04
  +1.87435413259815431957e+04
  +2.04514722907998584560e+04
  +2.24870834140858169121e+04
  +2.49558358451381609484e+04
  +2.80137710387750194059e+04
  +3.19018767308551832684e+04
  +3.70127633265244585345e+04
  +4.40314621785625931807e+04
  +5.42674118360367283458e+04
  +7.05637951151801098604e+04
  +1.00386702555586191011e+05
  +1.70347805234177154489e+05
  +3.98477149810281116515e+05
  +2.61837208748399221804e+05
  +1.29927091842137087951e+05
  +8.44448409257121529663e+04
  +6.23029346103783391300e+04
  +4.92953956192303157877e+04
  +4.07535774859957527951e+04
  +3.47184140059885103256e+04
  +3.02281588234099908732e+04
  +2.67564736498581623891e+04
  +2.39914136707855941495e+04
  +2.17364761764479917474e+04
  +1.98617698317614740517e+04
  +1.82780165675353091501e+04
  +1.69218397469552728580e+04
  +1.57470115787918821297e+04
  +1.47190231806189822237e+04
  +1.38115939832119893254e+04
  +1.30043581224802292127e+04
  +1.22812896173243698286e+04
  +1.16296051047795335762e+04
  +1.10389833591142505611e+04
  +1.05009998235538041627e+04
  +1.00087101003252719238e+04
  +9.55633855582337309897e+03
  +9.13904234736414400686e+03
  +8.75273039051720115822e+03
  +8.39392290367919486016e+03
  +8.05964130280777590087e+03
  +7.74732106224637936975e+03
  +7.45474214145614314475e+03
  +7.17997298128797501704e+03
  +6.92132507966946104716e+03
  +6.67731588652517893934e+03
  +6.44663829318588886963e+03
  +6.22813538839792727231e+03
  +6.02077945005396122724e+03
  +5.82365436607949777681e+03
  +5.63594084877184650395e+03
  +5.45690393808405497111e+03
  +5.28588239085132863693e+03
  +5.12227963205107062095e+03
  +4.96555600623954524053e+03
  +4.81522211629807225108e+03
  +4.67083307553882423235e+03
  +4.53198353031132864999e+03
  +4.39830333522747969255e+03
  +4.26945378329221239255e+03
  +4.14512430959543507925e+03
  +4.02502960056830852409e+03
  +3.90890705173958940577e+03
  +3.79651452592227815330e+03
  +3.68762837119160394650e+03
  +3.58204166417736405492e+03
  +3.47956264932537760615e+03
  +3.38001334906994361518e+03
  +3.28322832345481128868e+03
  +3.18905356076557654887e+03
  +3.09734548329016570278e+03
  +3.00797005448695745145e+03
  +2.92080197567699269712e+03
  +2.83572396194181874307e+03
  +2.75262608824542439834e+03
  +2.67140519794422561972e+03
  +2.59196436683301226367e+03
  +2.51421241672218457097e+03
  +2.43806347327366802347e+03
  +2.36343656345648741990e+03
  +2.29025524853330807673e+03
  +2.21844728896843525945e+03
  +2.14794433806617144000e+03
  +2.07868166151520881613e+03
  +2.01059788033749737224e+03
  +1.94363473502539864057e+03
  +1.87773686890460453469e+03
</dep>
<dep Zin_norm frequency>
  +3.09072523315788743048e+01
  +2.95005344357069709815e+01
  +2.81077034514620116568e+01
  +2.67359628543353551322e+01
  +2.53927323260255271009e+01
  +2.40858091067217188197e+01
  +2.28235479073110454351e+01
  +2.16150517365754843979e+01
  +2.04703583025393633932e+01
  +1.94005943770743236598e+01
  +1.84180530576373335805e+01
  +1.75361278493095014142e+01
  +1.67690195223055589224e+01
  +1.61311312447764798605e+01
  +1.56361062854846561976e+01
  +1.52955589472116066929e+01
  +1.51176941762361938260e+01
  +1.51061447085227893439e+01
  +1.52593802674847758283e+01
  +1.55709000428241211011e+01
  +1.60301578158974820099e+01
  +1.66239339745467056275e+01
  +1.73377845005357258401e+01
  +1.81572731628865042808e+01
  +1.90688450059611867005e+01
  +2.00603351214260676727e+01
  +2.11211838621392686832e+01
  +2.22424517762380347108e+01
  +2.34167172165825796526e+01
  +2.46379175366782376955e+01
  +2.59011730481011923644e+01
  +2.72026161306972227294e+01
  +2.85392365892105743796e+01
  +2.99087474661238950091e+01
  +3.13094716931273353566e+01
  +3.27402480616722826312e+01
  +3.42003542177113430967e+01
  +3.56894442240865714666e+01
  +3.72074983776840682026e+01
  +3.87547832421386431179e+01
  +4.03318201665149302926e+01
  +4.19393608593437576815e+01
  +4.35783688554003916238e+01
  +4.52500059434991257490e+01
  +4.69556228181283188405e+01
  +4.86967533798826863745e+01
  +5.04751122443518340788e+01
  +5.22925951313693317957e+01
  +5.41512819009841024354e+01
  +5.60534420831875834779e+01
  +5.80015428188289874356e+01
  +5.99982591922746735236e+01
  +6.20464869948024642099e+01
  +6.41493580137827450471e+01
  +6.63102579984776241417e+01
  +6.85328475107996837323e+01
  +7.08210859306289535198e+01
  +7.31792589523466006085e+01
  +7.56120099844557103097e+01
  +7.81243759500346186542e+01
  +8.07218280854113316991e+01
  +8.34103184513865443250e+01
  +8.61963330100277431711e+01
  +8.90869522858455269443e+01
  +9.20899208298177995857e+01
  +9.52137269466963118703e+01
  +9.84676944410120427165e+01
  +1.01862088498892504163e+02
  +1.05408238268748675637e+02
  +1.09118679256814729683e+02
  +1.13007319342992488487e+02
  +1.17089633087218942364e+02
  +1.21382890087820570102e+02
  +1.25906424539085037395e+02
  +1.30681954906766236491e+02
  +1.35733964920703414236e+02
  +1.41090160041052541828e+02
  +1.46782017419797625735e+02
  +1.52845452472774496755e+02
  +1.59321631949136758521e+02
  +1.66257972472601267100e+02
  +1.73709375846429622925e+02
  +1.81739769289976862865e+02
  +1.90424042162950627244e+02
  +1.99850503550955636456e+02
  +2.10124031753150603663e+02
  +2.21370154041455890592e+02
  +2.33740393736782266387e+02
  +2.47419368765432523105e+02
  +2.62634349352766605534e+02
  +2.79668329110439231044e+02
  +2.98878213685344746864e+02
  +3.20720626018231087073e+02
  +3.45789325367054004801e+02
  +3.74870826519630895746e+02
  +4.09029445815997178215e+02
  +4.49741668281716329147e+02
  +4.99116716902763187136e+02
  +5.60275420775500379023e+02
  +6.38037534617103688106e+02
  +7.40255266530489166144e+02
  +8.80629243571251890899e+02
  +1.08534823672073457601e+03
  +1.41127590230360215173e+03
  +2.00773405111172382931e+03
  +3.40695610468354334444e+03
  +7.96954299620562233031e+03
  +5.23674417496798469074e+03
  +2.59854183684274175903e+03
  +1.68889681851424302295e+03
  +1.24605869220756676441e+03
  +9.85907912384606333944e+02
  +8.15071549719915083188e+02
  +6.94368280119770247438e+02
  +6.04563176468199799274e+02
  +5.35129472997163247783e+02
  +4.79828273415711862526e+02
  +4.34729523528959816758e+02
  +3.97235396635229506046e+02
  +3.65560331350706178455e+02
  +3.38436794939105482172e+02
  +3.14940231575837628952e+02
  +2.94380463612379628557e+02
  +2.76231879664239784233e+02
  +2.60087162449604591075e+02
  +2.45625792346487401119e+02
  +2.32592102095590689714e+02
  +2.20779667182285010085e+02
  +2.10019996471076098032e+02
  +2.00174202006505453255e+02
  +1.91126771116467466527e+02
  +1.82780846947282867632e+02
  +1.75054607810344009522e+02
  +1.67878458073583885835e+02
  +1.61192826056155524839e+02
  +1.54946421244927591943e+02
  +1.49094842829122853800e+02
  +1.43599459625759493520e+02
  +1.38426501593389218669e+02
  +1.33546317730503574239e+02
  +1.28932765863717776256e+02
  +1.24562707767958542604e+02
  +1.20415589001079226250e+02
  +1.16473087321589957810e+02
  +1.12718816975436922689e+02
  +1.09138078761681100559e+02
  +1.05717647817026573875e+02
  +1.02445592641021420377e+02
  +9.93111201247909036738e+01
  +9.63044423259614461585e+01
  +9.34166615107764783943e+01
  +9.06396706062265735682e+01
  +8.79660667045495898719e+01
  +8.53890756658442455773e+01
  +8.29024861919087072692e+01
  +8.05005920113661659343e+01
  +7.81781410347917926629e+01
  +7.59302905184455596554e+01
  +7.37525674238320760878e+01
  +7.16408332835472805300e+01
  +6.95912529865075555335e+01
  +6.76002669813988745773e+01
  +6.56645664690962291843e+01
  +6.37810712153115346723e+01
  +6.19469096658033109293e+01
  +6.01594010897391484605e+01
  +5.84160395135398502475e+01
  +5.67144792388363754299e+01
  +5.50525217649084908089e+01
  +5.34281039588845132471e+01
  +5.18392873366602415786e+01
  +5.02842483344436956827e+01
  +4.87612694654733616062e+01
  +4.72687312691297449874e+01
  +4.58051049706661643768e+01
  +4.43689457793687083154e+01
  +4.29588867613234270948e+01
  +4.15736332303041749014e+01
  +4.02119576067499480132e+01
  +3.88726947005079708219e+01
  +3.75547373780920921149e+01
</dep>
<dep S[2,2] frequency>
  -2.42228532387374295709e-01-j1.57963903007902778386e-01
  -2.64390078954363672015e-01-j1.53697610457823374830e-01
  -2.86924711914893659781e-01-j1.47611874968550299547e-01
  -3.09693990449307399171e-01-j1.39638803327741339855e-01
  -3.32548834110416413612e-01-j1.29721207321061682283e-01
  -3.55330359633462822266e-01-j1.17814364894415754548e-01
  -3.77871025428073048502e-01-j1.03887728618395777658e-01
  -3.99996086778121040517e-01-j8.79265244864290418381e-02
  -4.21525353452610052063e-01-j6.99331810636160539074e-02
  -4.42275228903771522315e-01-j4.99285284327894152145e-02
  -4.62060997085987801292e-01-j2.79527086741735847353e-02
  -4.80699309875081637333e-01-j4.06574503597390002341e-03
  -4.98010815930745143199e-01+j2.16522744214468210178e-02
  -5.13822861480106363175e-01+j4.91014312546591280562e-02
  -5.27972185748179612119e-01+j7.81626473876493726989e-02
  -5.40307529336360059524e-01+j1.08698794163054376916e-01
  -5.50692073290832917465e-01+j1.40556224312171518243e-01
  -5.59005630180581136734e-01+j1.73566694030940382731e-01
  -5.65146516197494341860e-01+j2.07549625947779814439e-01
  -5.69033044750359873198e-01+j2.42314649458103270607e-01
  -5.70604596613844550212e-01+j2.77664343622943898815e-01
  -5.69822238518873591673e-01+j3.13397100304238784840e-01
  -5.66668880075586134382e-01+j3.49310021875217313614e-01
  -5.61148976972882351788e-01+j3.85201768818780543313e-01
  -5.53287805398463450324e-01+j4.20875277601806596639e-01
  -5.43130347596435081314e-01+j4.56140277890653977888e-01
  -5.30739840655074179843e-01+j4.90815549719983645893e-01
  -5.16196049481470131681e-01+j5.24730874759255394579e-01
  -4.99593330236103361219e-01+j5.57728650388159330475e-01
  -4.81038552302653465986e-01+j5.89665149963709001035e-01
  -4.60648945427875600167e-01+j6.20411426604434046439e-01
  -4.38549934439634081507e-01+j6.49853870344655915048e-01
  -4.14873017518966435979e-01+j6.77894439125802272805e-01
  -3.89753736004848083674e-01+j7.04450592486461246722e-01
  -3.63329774791551651791e-01+j7.29454962871123990809e-01
  -3.35739223133106667873e-01+j7.52854803248619863787e-01
  -3.07119016612827200330e-01+j7.74611251391977506664e-01
  -2.77603572577957369294e-01+j7.94698450997161520704e-01
  -2.47323623780311696585e-01+j8.13102568136350956074e-01
  -2.16405248493097113194e-01+j8.29820738704572624655e-01
  -1.84969090083234616317e-01+j8.44859978871417616197e-01
  -1.53129754915906135526e-01+j8.58236086411043208599e-01
  -1.20995374497229538080e-01+j8.69972556429432053449e-01
  -8.86673158189905663562e-02+j8.80099530667049267940e-01
  -5.62400228244832461888e-02+j8.88652795402965711702e-01
  -2.38009716204555729635e-02+j8.95672839151494537546e-01
  +8.56927763202187942060e-03+j9.01203977906844921897e-01
  +4.07969484464678483482e-02+j9.05293552700033088421e-01
  +7.28148505597375761411e-02+j9.07991201699622663135e-01
  +1.04562131184025242092e-01+j9.09348207003875086407e-01
  +1.35983987406474493564e-01+j9.09416914609903037636e-01
  +1.67031350696373176445e-01+j9.08250224767470193399e-01
  +1.97660553010040151989e-01+j9.05901148986980930822e-01
  +2.27832982572963305135e-01+j9.02422429325665409472e-01
  +2.57514736098512719842e-01+j8.97866215176709059342e-01
  +2.86676272992732128486e-01+j8.92283792588495550113e-01
  +3.15292076006417454348e-01+j8.85725361104816588664e-01
  +3.43340321832168726690e-01+j8.78239853205433074201e-01
  +3.70802564304782533711e-01+j8.69874791608434172474e-01
  +3.97663432141756145732e-01+j8.60676179944597996574e-01
  +4.23910342550063712341e-01+j8.50688422607270400277e-01
  +4.49533231515209408258e-01+j8.39954269901127981157e-01
  +4.74524301169488016416e-01+j8.28514784945033833097e-01
  +4.98877784297187154561e-01+j8.16409329117266713283e-01
  +5.22589725765454149453e-01+j8.03675563157036476625e-01
  +5.45657780460747643403e-01+j7.90349461348479165324e-01
  +5.68081027153237383409e-01+j7.76465336508148307182e-01
  +5.89859797597140023129e-01+j7.62055873771577352294e-01
  +6.10995520096385358322e-01+j7.47152171427559741446e-01
  +6.31490576715745599579e-01+j7.31783787279611908083e-01
  +6.51348173292156995551e-01+j7.15978789223055356317e-01
  +6.70572221394433842789e-01+j6.99763808913815621437e-01
  +6.89167231387879164473e-01+j6.83164097572427353455e-01
  +7.07138215780061307747e-01+j6.66203583115231090517e-01
  +7.24490602052113352727e-01+j6.48904927935605946310e-01
  +7.41230154214307601634e-01+j6.31289586772824651284e-01
  +7.57362902362960110914e-01+j6.13377864206265499547e-01
  +7.72895079556828790146e-01+j5.95188971399574939802e-01
  +7.87833065373403695908e-01+j5.76741081794454824028e-01
  +8.02183335548136589033e-01+j5.58051385518245512962e-01
  +8.15952417141883712404e-01+j5.39136142324627254396e-01
  +8.29146848722968510259e-01+j5.20010732933700925429e-01
  +8.41773145090033980686e-01+j5.00689708677411360327e-01
  +8.53837766099874273529e-01+j4.81186839389634857245e-01
  +8.65347089200424468558e-01+j4.61515159508190553339e-01
  +8.76307385303187302839e-01+j4.41687012379134935625e-01
  +8.86724797661167962737e-01+j4.21714092772756010685e-01
  +8.96605323448236402051e-01+j4.01607487636183979607e-01
  +9.05954797763475316863e-01+j3.81377715120002958038e-01
  +9.14778879809739930984e-01+j3.61034761926203706661e-01
  +9.23083041019347350087e-01+j3.40588119032481706494e-01
  +9.30872554921687411777e-01+j3.20046815853821109421e-01
  +9.38152488567614128989e-01+j2.99419452906594107944e-01
  +9.44927695343934725969e-01+j2.78714233043452885852e-01
  +9.51202809028227513899e-01+j2.57938991329229816429e-01
  +9.56982238949698804653e-01+j2.37101223629132690229e-01
  +9.62270166135963167520e-01+j2.16208113980835947565e-01
  +9.67070540338565987071e-01+j1.95266560821821838489e-01
  +9.71387077841914692300e-01+j1.74283202142558463210e-01
  +9.75223259971107370170e-01+j1.53264439635027754916e-01
  +9.78582332224014139754e-01+j1.32216461904654414283e-01
  +9.81467303962024972819e-01+j1.11145266812096757403e-01
  +9.83880948602169236317e-01+j9.00566830095218123775e-02
  +9.85825804260863192141e-01+j6.89563907340731280238e-02
  +9.87304174806555190358e-01+j4.78499419192622288399e-02
  +9.88318131284930512237e-01+j2.67427796829099416465e-02
  +9.88869513686238876815e-01+j5.64025724821980763840e-03
  +9.88959933029826654405e-01-j1.54523436475176353250e-02
  +9.88590773745995687882e-01-j3.65297948042054149154e-02
  +9.87763196340070037671e-01-j5.75869040198322482138e-02
  +9.86478140328007513382e-01-j7.86184979126925004289e-02
  +9.84736327437043201805e-01-j9.96194050586049761886e-02
  +9.82538265068832461502e-01-j1.20584439398837894863e-01
  +9.79884250026313741166e-01-j1.41508383876370130716e-01
  +9.76774372509130350828e-01-j1.62385974260060128582e-01
  +9.73208520385919095830e-01-j1.83211883118259144521e-01
  +9.69186383755145430818e-01-j2.03980703905259658226e-01
  +9.64707459809481804314e-01-j2.24686935125961134707e-01
  +9.59771058021908429758e-01-j2.45324964546055013237e-01
  +9.54376305674986769034e-01-j2.65889053417007970026e-01
  +9.48522153757859087797e-01-j2.86373320687155874520e-01
  +9.42207383258751196564e-01-j3.06771727172314268017e-01
  +9.35430611883915963389e-01-j3.27078059661512987599e-01
  +9.28190301237155845904e-01-j3.47285914935682393789e-01
  +9.20484764497308871611e-01-j3.67388683679611471877e-01
  +9.12312174634368422410e-01-j3.87379534269998437868e-01
  +9.03670573208190885950e-01-j4.07251396425179768013e-01
  +8.94557879797172272873e-01-j4.26996944705078262938e-01
  +8.84971902107662522496e-01-j4.46608581853059849465e-01
  +8.74910346818374651257e-01-j4.66078421974885748202e-01
  +8.64370831217569635108e-01-j4.85398273553638404110e-01
  +8.53350895694336752939e-01-j5.04559622303644150776e-01
  +8.41848017148911220708e-01-j5.23553613870838763233e-01
  +8.29859623390516110142e-01-j5.42371036391913308172e-01
  +8.17383108594830209981e-01-j5.61002302929937690656e-01
  +8.04415849896718659906e-01-j5.79437433809937174622e-01
  +7.90955225197325972886e-01-j5.97666038884377082141e-01
  +7.76998632268013467161e-01-j6.15677299765409413723e-01
  +7.62543509236827565800e-01-j6.33459952068413767456e-01
  +7.47587356546182357775e-01-j6.51002267719675287161e-01
  +7.32127760473198940794e-01-j6.68292037390104232131e-01
  +7.16162418306502623899e-01-j6.85316553126765315440e-01
  +6.99689165275268365463e-01-j7.02062591264678625969e-01
  +6.82706003327738009112e-01-j7.18516395712957223196e-01
  +6.65211131857260329348e-01-j7.34663661721818406214e-01
  +6.47202980473931432925e-01-j7.50489520250531505496e-01
  +6.28680243919166104050e-01-j7.65978523070774852677e-01
  +6.09641919218550376591e-01-j7.81114628755438022978e-01
  +5.90087345165420829041e-01-j7.95881189719299775298e-01
  +5.70016244222987800150e-01-j8.10260940495655002103e-01
  +5.49428766926908562773e-01-j8.24235987451407581261e-01
  +5.28325538862289723063e-01-j8.37787800162661411285e-01
  +5.06707710279209355697e-01-j8.50897204693205511106e-01
  +4.84577008398650366239e-01-j8.63544379039460130443e-01
  +4.61935792445952231322e-01-j8.75708851027306001136e-01
  +4.38787111431296561470e-01-j8.87369498968507808279e-01
  +4.15134764675973433334e-01-j8.98504555407151683788e-01
  +3.90983365058931775504e-01-j9.09091614309141538008e-01
  +3.66338404930326100306e-01-j9.19107642070174257753e-01
  +3.41206324606620758910e-01-j9.28528992739415137692e-01
  +3.15594583325714939104e-01-j9.37331427876670120192e-01
  +2.89511732499590501710e-01-j9.45490141479909729227e-01
  +2.62967491056360136437e-01-j9.52979790436833340550e-01
  +2.35972822612950106080e-01-j9.59774530968082517646e-01
  +2.08540014163844711348e-01-j9.65848061540047320150e-01
  +1.80682755910415659972e-01-j9.71173672731027948224e-01
  +1.52416221789244660245e-01-j9.75724304534947073364e-01
  +1.23757150186850184426e-01-j9.79472611580790908370e-01
  +9.47239242524915564525e-02-j9.82391036732509825846e-01
  +6.53366511408358524582e-02-j9.84451893511933406877e-01
  +3.56172394327845739936e-02-j9.85627457755335223410e-01
  +5.58947389657852775069e-03-j9.85890068871269065198e-01
  -2.47209133364689227774e-02-j9.85212241012077272195e-01
  -5.52861761953444968976e-02-j9.83566784402829630274e-01
  -8.60764937922506717660e-02-j9.80926936988311459764e-01
  -1.17059916428893531770e-01-j9.77266506460112482912e-01
  -1.48202319747987226739e-01-j9.72560022611082986010e-01
  -1.79467368361778151220e-01-j9.66782899832893116709e-01
  -2.10816490348655211085e-01-j9.59911609423985234812e-01
  -2.42208864054345079930e-01-j9.51923861210032695723e-01
  -2.73601418662724915620e-01-j9.42798793797741341294e-01
</dep>
<dep S[2,1] frequency>
  +5.19994254721052651114e-01-j8.00130758245175988108e-01
  +4.75758948336413967084e-01-j8.21063159735001102391e-01
  +4.30451144586528888780e-01-j8.39284603321559408151e-01
  +3.84252480383773631356e-01-j8.54709214175250364676e-01
  +3.37355408381384946903e-01-j8.67264290969036011347e-01
  +2.89962200988200524687e-01-j8.76892022531580495048e-01
  +2.42283654643655227412e-01-j8.83551141236462167505e-01
  +1.94537491918857802231e-01-j8.87218457175351749022e-01
  +1.46946470223666997290e-01-j8.87890214170540259531e-01
  +9.97362183172944422038e-02-j8.85583208119623876975e-01
  +5.31328348547574214056e-02-j8.80335610450254768544e-01
  +7.36029615147947100656e-03-j8.72207444867320380588e-01
  -3.73622676133031558776e-02-j8.61280674173094729085e-01
  -8.08233582609604594982e-02-j8.47658865575187325803e-01
  -1.22821880384191284286e-01-j8.31466417151604297864e-01
  -1.63169815514160848613e-01-j8.12847344360385193340e-01
  -2.01694717682226631883e-01-j7.91963642786723598377e-01
  -2.38241952010948887519e-01-j7.68993260691538393914e-01
  -2.72676605711816844035e-01-j7.44127731264352720864e-01
  -3.04885012367783370113e-01-j7.17569528730360728375e-01
  -3.34775845001095195830e-01-j6.89529223674394065036e-01
  -3.62280750277532204162e-01-j6.60222520405213342265e-01
  -3.87354514220818846315e-01-j6.29867262454600784771e-01
  -4.09974767875008971885e-01-j5.98680491270138670501e-01
  -4.30141258357546185653e-01-j5.66875638026792194601e-01
  -4.47874725718270916275e-01-j5.34659919749218004448e-01
  -4.63215438189758854648e-01-j5.02231999337316659116e-01
  -4.76221447268778241835e-01-j4.69779955506292090650e-01
  -4.86966629371566539497e-01-j4.37479594040232899754e-01
  -4.95538582591432519298e-01-j4.05493117045307660540e-01
  -5.02036445627764282840e-01-j3.73968152908295436987e-01
  -5.06568701707806545720e-01-j3.43037137104849343405e-01
  -5.09251023867900998177e-01-j3.12817023357888135404e-01
  -5.10204209940150144043e-01-j2.83409296225361206911e-01
  -5.09552246647478890296e-01-j2.54900250115516036065e-01
  -5.07420532940190849303e-01-j2.27361495937125374089e-01
  -5.03934283625998680201e-01-j2.00850654914978221655e-01
  -4.99217125863355370985e-01-j1.75412199261625267876e-01
  -4.93389893504913579214e-01-j1.51078401067298834226e-01
  -4.86569617784155750151e-01-j1.27870353598339120405e-01
  -4.78868707525021253257e-01-j1.05799032835372258665e-01
  -4.70394307930439459220e-01-j8.48663712168146733283e-02
  -4.61247824014550944494e-01-j6.50663199051349089297e-02
  -4.51524592782166889204e-01-j4.63858802333375688787e-02
  -4.41313687196153325853e-01-j2.88060891418018480414e-02
  -4.30697834662444989373e-01-j1.23029472524209156081e-02
  -4.19753433054560753934e-01+j3.15171833461464975801e-03
  -4.08550648053457310382e-01+j1.75894614410943769811e-02
  -3.97153576663866025864e-01+j3.10444967907230057191e-02
  -3.85620463072684049877e-01+j4.35530528623027032853e-02
  -3.74003954442938824076e-01+j5.51527962422662387798e-02
  -3.62351385711157047975e-01+j6.58823248188744603482e-02
  -3.50705083916789561727e-01+j7.57807262161853956162e-02
  -3.39102683994750242480e-01+j8.48871972140736730239e-02
  -3.27577449275173127052e-01+j9.32407194949509410264e-02
  -3.16158591137904620982e-01+j1.00879786853831143745e-01
  -3.04871583351960129260e-01+j1.07842178965699433957e-01
  -2.93738467588809892828e-01+j1.14164776886344923601e-01
  -2.82778147433477566874e-01+j1.19883415638672094494e-01
  -2.72006668935439011037e-01+j1.25032769479241911981e-01
  -2.61437486348887471177e-01+j1.29646265727179660354e-01
  -2.51081712219590136304e-01+j1.33756023351795760856e-01
  -2.40948351392566734175e-01+j1.37392812841621719810e-01
  -2.31044518852411728815e-01+j1.40586034205395032926e-01
  -2.21375641575838888464e-01+j1.43363710276165734481e-01
  -2.11945644783923858867e-01+j1.45752492797195487562e-01
  -2.02757123138475242596e-01+j1.47777679058638561349e-01
  -1.93811497541006155787e-01+j1.49463237124271952627e-01
  -1.85109158271272639107e-01+j1.50831837936555190893e-01
  -1.76649595251720220590e-01+j1.51904892815357739355e-01
  -1.68431516249864160484e-01+j1.52702595071057184439e-01
  -1.60452953837625394984e-01+j1.53243964637046120592e-01
  -1.52711361918891980194e-01+j1.53546894790960952726e-01
  -1.45203702617551361209e-01+j1.53628200179508400680e-01
  -1.37926524290891583391e-01+j1.53503665489915064324e-01
  -1.30876031399801195931e-01+j1.53188094223250970138e-01
  -1.24048146929798430715e-01+j1.52695357122691305340e-01
  -1.17438568016820801820e-01+j1.52038439894440741140e-01
  -1.11042815390513152640e-01+j1.51229489932177441069e-01
  -1.04856277206153314374e-01+j1.50279861818464255396e-01
  -9.88742477952404275054e-02+j1.49200161430072558710e-01
  -9.30919618247334212935e-02+j1.48000288519507111618e-01
  -8.75046243162775627678e-02+j1.46689477683303121092e-01
  -8.21074369398850784085e-02+j1.45276337659696802573e-01
  -7.68956209616137309482e-02+j1.43768888925017324087e-01
  -7.18644371918728264159e-02+j1.42174599580135507804e-01
  -6.70092032502303813768e-02+j1.40500419536361692563e-01
  -6.23253084339058585628e-02+j1.38752813024789117824e-01
  -5.78082264505310194913e-02+j1.36937789464693954189e-01
  -5.34535262512033856885e-02+j1.35060932735819594352e-01
  -4.92568811771849010550e-02+j1.33127428906373079798e-01
  -4.52140766128043894434e-02+j1.31142092473862187374e-01
  -4.13210163180499287505e-02+j1.29109391179659249715e-01
  -3.75737275969097242467e-02+j1.27033469460730769063e-01
  -3.39683654415892932743e-02+j1.24918170603471712088e-01
  -3.05012157782524502558e-02+j1.22767057665274181844e-01
  -2.71686979267092947044e-02+j1.20583433229416850385e-01
  -2.39673663745156931282e-02+j1.18370358058343269625e-01
  -2.08939119550253064872e-02+j1.16130668709362908086e-01
  -1.79451625090864541612e-02+j1.13866994175503943865e-01
  -1.51180831010895404265e-02+j1.11581771612638255831e-01
  -1.24097758519806367072e-02+j1.09277261212233287035e-01
  -9.81747944446541981334e-03+j1.06955560277155040105e-01
  -7.33856834897824491376e-03+j1.04618616555960067260e-01
  -4.97055181292397219722e-03+j1.02268240889070785582e-01
  -2.71107265020666425223e-03+j9.99061192181360524511e-02
  -5.57905863061398422931e-04+j9.75338240078517798581e-02
  +1.49104287634258393484e-03+j9.51528251274710162866e-02
  +3.43773886122140069632e-03+j9.27645002372279592340e-02
  +5.28402008290116374789e-03+j9.03701447230002841149e-02
  +7.03159904493836588474e-03+j8.79709812206137115043e-02
  +8.68206464582854664513e-03+j8.55681687694111320353e-02
  +1.02368841204913511855e-02+j8.31628116329511946070e-02
  +1.16974050334861748995e-02+j8.07559678230194560866e-02
  +1.30648573195243887513e-02+j7.83486573615414655380e-02
  +1.43403553692850183054e-02+j7.59418703133960260043e-02
  +1.55249001608894106330e-02+j7.35365746216835314275e-02
  +1.66193814396011566026e-02+j7.11337237755312878917e-02
  +1.76245799504902815602e-02+j6.87342643390966845374e-02
  +1.85411697308808243179e-02+j6.63391433691101067849e-02
  +1.93697204714726768648e-02+j6.39493157469174650087e-02
  +2.01106999570331117233e-02+j6.15657514496476820920e-02
  +2.07644765996090815974e-02+j5.91894427838138975639e-02
  +2.13313220792072585907e-02+j5.68214116032980942617e-02
  +2.18114141089492050152e-02+j5.44627165322742815001e-02
  +2.22048393437858301858e-02+j5.21144602122232680763e-02
  +2.25115964539408137945e-02+j4.97777965906735300750e-02
  +2.27315993864293346138e-02+j4.74539382677350018991e-02
  +2.28646808401950993317e-02+j4.51441639148196655063e-02
  +2.29105959826616314978e-02+j4.28498257781033883851e-02
  +2.28690264378180289906e-02+j4.05723572773543580960e-02
  +2.27395845783305607102e-02+j3.83132807085745999420e-02
  +2.25218181565961760027e-02+j3.60742150565816696584e-02
  +2.22152153121398000801e-02+j3.38568839210519542671e-02
  +2.18192099952610671365e-02+j3.16631235566978905260e-02
  +2.13331878494002862012e-02+j2.94948910251029115803e-02
  +2.07564925972306690838e-02+j2.73542724522363583928e-02
  +2.00884329780458455172e-02+j2.52434913817966427585e-02
  +1.93282902865263631065e-02+j2.31649172102861670985e-02
  +1.84753265653931145196e-02+j2.11210736849382733904e-02
  +1.75287935068297526242e-02+j1.91146474404475658071e-02
  +1.64879421197021945600e-02+j1.71484965446517395593e-02
  +1.53520332216223829441e-02+j1.52256590170226479425e-02
  +1.41203488165784155767e-02+j1.33493612768400497087e-02
  +1.27922044202636031596e-02+j1.15230264703594133258e-02
  +1.13669623961364721354e-02+j9.75028261796899442526e-03
  +9.84404636571146150759e-03+j8.03497051335350792600e-03
  +8.22295675634415225430e-03+j6.38115129690210169944e-03
  +6.50328754885092126525e-03+j4.79311361511309749761e-03
  +4.68474428544825814702e-03+j3.27538026644486881742e-03
  +2.76716339566772991793e-03+j1.83271422201937406703e-03
  +7.50532893815841046191e-04+j4.70123896776498950961e-04
  -1.36498550383920102917e-03-j8.07132466828566048044e-04
  -3.57903280097001319157e-03-j1.99354345466413746674e-03
  -5.89102764975022331201e-03-j3.08334234313304084499e-03
  -8.30013976433040950864e-03-j4.07050634975402152865e-03
  -1.08052618104580670094e-02-j4.94875746966890947554e-03
  -1.34049797778293070666e-02-j5.71156511123672126773e-03
  -1.60975418597675105914e-02-j6.35215075941732588288e-03
  -1.88808258858575474248e-02-j6.86349491081443118662e-03
  -2.17523053771636644405e-02-j7.23834653866682175422e-03
  -2.47090143211549512214e-02-j7.46923535941742579303e-03
  -2.77475107944165945428e-02-j7.54848718426482084148e-03
  -3.08638395958418451648e-02-j7.46824264878143909835e-03
  -3.40534940914744149731e-02-j7.22047962070469350609e-03
  -3.73113775143879000673e-02-j6.79703958968829510118e-03
  -4.06317640090448073398e-02-j6.18965834241717253322e-03
  -4.40082597592744637072e-02-j5.39000122125252428135e-03
  -4.74337645920862444049e-02-j4.38970325360762622657e-03
  -5.09004345056544918457e-02-j3.18041442169027764597e-03
  -5.43996456284261617475e-02-j1.75385031710836663231e-03
  -5.79219601766182423663e-02-j1.01848391185995764503e-04
  -6.14570950386023259759e-02+j1.78357003126545306422e-03
  -6.49938936755941887302e-02+j3.91013186043376054918e-03
  -6.85203020873383084055e-02+j6.28523842265070204621e-03
  -7.20233496475004286719e-02+j8.91588574112489942736e-03
  -7.54891356644440958412e-02+j1.18085790322033402922e-02
  -7.89028225668143290417e-02+j1.49692416348531399939e-02
  -8.22486366476156971483e-02+j1.84031187055659489760e-02
  -8.55098773227084135717e-02+j2.21146761378691915356e-02
  -8.86689358672258232108e-02+j2.61074953043025116683e-02
</dep>
<dep S[1,2] frequency>
  +5.19994254721052651114e-01-j8.00130758245175988108e-01
  +4.75758948336413967084e-01-j8.21063159735001102391e-01
  +4.30451144586528888780e-01-j8.39284603321559408151e-01
  +3.84252480383773631356e-01-j8.54709214175250364676e-01
  +3.37355408381384946903e-01-j8.67264290969036011347e-01
  +2.89962200988200524687e-01-j8.76892022531580495048e-01
  +2.42283654643655227412e-01-j8.83551141236462167505e-01
  +1.94537491918857802231e-01-j8.87218457175351749022e-01
  +1.46946470223666997290e-01-j8.87890214170540259531e-01
  +9.97362183172944422038e-02-j8.85583208119623876975e-01
  +5.31328348547574214056e-02-j8.80335610450254768544e-01
  +7.36029615147947100656e-03-j8.72207444867320380588e-01
  -3.73622676133031558776e-02-j8.61280674173094729085e-01
  -8.08233582609604594982e-02-j8.47658865575187325803e-01
  -1.22821880384191284286e-01-j8.31466417151604297864e-01
  -1.63169815514160848613e-01-j8.12847344360385193340e-01
  -2.01694717682226631883e-01-j7.91963642786723598377e-01
  -2.38241952010948887519e-01-j7.68993260691538393914e-01
  -2.72676605711816844035e-01-j7.44127731264352720864e-01
  -3.04885012367783370113e-01-j7.17569528730360728375e-01
  -3.34775845001095195830e-01-j6.89529223674394065036e-01
  -3.62280750277532204162e-01-j6.60222520405213342265e-01
  -3.87354514220818846315e-01-j6.29867262454600784771e-01
  -4.09974767875008971885e-01-j5.98680491270138670501e-01
  -4.30141258357546185653e-01-j5.66875638026792194601e-01
  -4.47874725718270916275e-01-j5.34659919749218004448e-01
  -4.63215438189758854648e-01-j5.02231999337316659116e-01
  -4.76221447268778241835e-01-j4.69779955506292090650e-01
  -4.86966629371566539497e-01-j4.37479594040232899754e-01
  -4.95538582591432519298e-01-j4.05493117045307660540e-01
  -5.02036445627764282840e-01-j3.73968152908295436987e-01
  -5.06568701707806545720e-01-j3.43037137104849343405e-01
  -5.09251023867900998177e-01-j3.12817023357888135404e-01
  -5.10204209940150144043e-01-j2.83409296225361206911e-01
  -5.09552246647478890296e-01-j2.54900250115516036065e-01
  -5.07420532940190849303e-01-j2.27361495937125374089e-01
  -5.03934283625998680201e-01-j2.00850654914978221655e-01
  -4.99217125863355370985e-01-j1.75412199261625267876e-01
  -4.93389893504913579214e-01-j1.51078401067298834226e-01
  -4.86569617784155750151e-01-j1.27870353598339120405e-01
  -4.78868707525021253257e-01-j1.05799032835372258665e-01
  -4.70394307930439459220e-01-j8.48663712168146733283e-02
  -4.61247824014550944494e-01-j6.50663199051349089297e-02
  -4.51524592782166889204e-01-j4.63858802333375688787e-02
  -4.41313687196153325853e-01-j2.88060891418018480414e-02
  -4.30697834662444989373e-01-j1.23029472524209156081e-02
  -4.19753433054560753934e-01+j3.15171833461464975801e-03
  -4.08550648053457310382e-01+j1.75894614410943769811e-02
  -3.97153576663866025864e-01+j3.10444967907230057191e-02
  -3.85620463072684049877e-01+j4.35530528623027032853e-02
  -3.74003954442938824076e-01+j5.51527962422662387798e-02
  -3.62351385711157047975e-01+j6.58823248188744603482e-02
  -3.50705083916789561727e-01+j7.57807262161853956162e-02
  -3.39102683994750242480e-01+j8.48871972140736730239e-02
  -3.27577449275173127052e-01+j9.32407194949509410264e-02
  -3.16158591137904620982e-01+j1.00879786853831143745e-01
  -3.04871583351960129260e-01+j1.07842178965699433957e-01
  -2.93738467588809892828e-01+j1.14164776886344923601e-01
  -2.82778147433477566874e-01+j1.19883415638672094494e-01
  -2.72006668935439011037e-01+j1.25032769479241911981e-01
  -2.61437486348887471177e-01+j1.29646265727179660354e-01
  -2.51081712219590136304e-01+j1.33756023351795760856e-01
  -2.40948351392566734175e-01+j1.37392812841621719810e-01
  -2.31044518852411728815e-01+j1.40586034205395032926e-01
  -2.21375641575838888464e-01+j1.43363710276165734481e-01
  -2.11945644783923858867e-01+j1.45752492797195487562e-01
  -2.02757123138475242596e-01+j1.47777679058638561349e-01
  -1.93811497541006155787e-01+j1.49463237124271952627e-01
  -1.85109158271272639107e-01+j1.50831837936555190893e-01
  -1.76649595251720220590e-01+j1.51904892815357739355e-01
  -1.68431516249864160484e-01+j1.52702595071057184439e-01
  -1.60452953837625394984e-01+j1.53243964637046120592e-01
  -1.52711361918891980194e-01+j1.53546894790960952726e-01
  -1.45203702617551361209e-01+j1.53628200179508400680e-01
  -1.37926524290891583391e-01+j1.53503665489915064324e-01
  -1.30876031399801195931e-01+j1.53188094223250970138e-01
  -1.24048146929798430715e-01+j1.52695357122691305340e-01
  -1.17438568016820801820e-01+j1.52038439894440741140e-01
  -1.11042815390513152640e-01+j1.51229489932177441069e-01
  -1.04856277206153314374e-01+j1.50279861818464255396e-01
  -9.88742477952404275054e-02+j1.49200161430072558710e-01
  -9.30919618247334212935e-02+j1.48000288519507111618e-01
  -8.75046243162775627678e-02+j1.46689477683303121092e-01
  -8.21074369398850784085e-02+j1.45276337659696802573e-01
  -7.68956209616137309482e-02+j1.43768888925017324087e-01
  -7.18644371918728264159e-02+j1.42174599580135507804e-01
  -6.70092032502303813768e-02+j1.40500419536361692563e-01
  -6.23253084339058585628e-02+j1.38752813024789117824e-01
  -5.78082264505310194913e-02+j1.36937789464693954189e-01
  -5.34535262512033856885e-02+j1.35060932735819594352e-01
  -4.92568811771849010550e-02+j1.33127428906373079798e-01
  -4.52140766128043894434e-02+j1.31142092473862187374e-01
  -4.13210163180499287505e-02+j1.29109391179659249715e-01
  -3.75737275969097242467e-02+j1.27033469460730769063e-01
  -3.39683654415892932743e-02+j1.24918170603471712088e-01
  -3.05012157782524502558e-02+j1.22767057665274181844e-01
  -2.71686979267092947044e-02+j1.20583433229416850385e-01
  -2.39673663745156931282e-02+j1.18370358058343269625e-01
  -2.08939119550253064872e-02+j1.16130668709362908086e-01
  -1.79451625090864541612e-02+j1.13866994175503943865e-01
  -1.51180831010895404265e-02+j1.11581771612638255831e-01
  -1.24097758519806367072e-02+j1.09277261212233287035e-01
  -9.81747944446541981334e-03+j1.06955560277155040105e-01
  -7.33856834897824491376e-03+j1.04618616555960067260e-01
  -4.97055181292397219722e-03+j1.02268240889070785582e-01
  -2.71107265020666425223e-03+j9.99061192181360524511e-02
  -5.57905863061398422931e-04+j9.75338240078517798581e-02
  +1.49104287634258393484e-03+j9.51528251274710162866e-02
  +3.43773886122140069632e-03+j9.27645002372279592340e-02
  +5.28402008290116374789e-03+j9.03701447230002841149e-02
  +7.03159904493836588474e-03+j8.79709812206137115043e-02
  +8.68206464582854664513e-03+j8.55681687694111320353e-02
  +1.02368841204913511855e-02+j8.31628116329511946070e-02
  +1.16974050334861748995e-02+j8.07559678230194560866e-02
  +1.30648573195243887513e-02+j7.83486573615414655380e-02
  +1.43403553692850183054e-02+j7.59418703133960260043e-02
  +1.55249001608894106330e-02+j7.35365746216835314275e-02
  +1.66193814396011566026e-02+j7.11337237755312878917e-02
  +1.76245799504902815602e-02+j6.87342643390966845374e-02
  +1.85411697308808243179e-02+j6.63391433691101067849e-02
  +1.93697204714726768648e-02+j6.39493157469174650087e-02
  +2.01106999570331117233e-02+j6.15657514496476820920e-02
  +2.07644765996090815974e-02+j5.91894427838138975639e-02
  +2.13313220792072585907e-02+j5.68214116032980942617e-02
  +2.18114141089492050152e-02+j5.44627165322742815001e-02
  +2.22048393437858301858e-02+j5.21144602122232680763e-02
  +2.25115964539408137945e-02+j4.97777965906735300750e-02
  +2.27315993864293346138e-02+j4.74539382677350018991e-02
  +2.28646808401950993317e-02+j4.51441639148196655063e-02
  +2.29105959826616314978e-02+j4.28498257781033883851e-02
  +2.28690264378180289906e-02+j4.05723572773543580960e-02
  +2.27395845783305607102e-02+j3.83132807085745999420e-02
  +2.25218181565961760027e-02+j3.60742150565816696584e-02
  +2.22152153121398000801e-02+j3.38568839210519542671e-02
  +2.18192099952610671365e-02+j3.16631235566978905260e-02
  +2.13331878494002862012e-02+j2.94948910251029115803e-02
  +2.07564925972306690838e-02+j2.73542724522363583928e-02
  +2.00884329780458455172e-02+j2.52434913817966427585e-02
  +1.93282902865263631065e-02+j2.31649172102861670985e-02
  +1.84753265653931145196e-02+j2.11210736849382733904e-02
  +1.75287935068297526242e-02+j1.91146474404475658071e-02
  +1.64879421197021945600e-02+j1.71484965446517395593e-02
  +1.53520332216223829441e-02+j1.52256590170226479425e-02
  +1.41203488165784155767e-02+j1.33493612768400497087e-02
  +1.27922044202636031596e-02+j1.15230264703594133258e-02
  +1.13669623961364721354e-02+j9.75028261796899442526e-03
  +9.84404636571146150759e-03+j8.03497051335350792600e-03
  +8.22295675634415225430e-03+j6.38115129690210169944e-03
  +6.50328754885092126525e-03+j4.79311361511309749761e-03
  +4.68474428544825814702e-03+j3.27538026644486881742e-03
  +2.76716339566772991793e-03+j1.83271422201937406703e-03
  +7.50532893815841046191e-04+j4.70123896776498950961e-04
  -1.36498550383920102917e-03-j8.07132466828566048044e-04
  -3.57903280097001319157e-03-j1.99354345466413746674e-03
  -5.89102764975022331201e-03-j3.08334234313304084499e-03
  -8.30013976433040950864e-03-j4.07050634975402152865e-03
  -1.08052618104580670094e-02-j4.94875746966890947554e-03
  -1.34049797778293070666e-02-j5.71156511123672126773e-03
  -1.60975418597675105914e-02-j6.35215075941732588288e-03
  -1.88808258858575474248e-02-j6.86349491081443118662e-03
  -2.17523053771636644405e-02-j7.23834653866682175422e-03
  -2.47090143211549512214e-02-j7.46923535941742579303e-03
  -2.77475107944165945428e-02-j7.54848718426482084148e-03
  -3.08638395958418451648e-02-j7.46824264878143909835e-03
  -3.40534940914744149731e-02-j7.22047962070469350609e-03
  -3.73113775143879000673e-02-j6.79703958968829510118e-03
  -4.06317640090448073398e-02-j6.18965834241717253322e-03
  -4.40082597592744637072e-02-j5.39000122125252428135e-03
  -4.74337645920862444049e-02-j4.38970325360762622657e-03
  -5.09004345056544918457e-02-j3.18041442169027764597e-03
  -5.43996456284261617475e-02-j1.75385031710836663231e-03
  -5.79219601766182423663e-02-j1.01848391185995764503e-04
  -6.14570950386023259759e-02+j1.78357003126545306422e-03
  -6.49938936755941887302e-02+j3.91013186043376054918e-03
  -6.85203020873383084055e-02+j6.28523842265070204621e-03
  -7.20233496475004286719e-02+j8.91588574112489942736e-03
  -7.54891356644440958412e-02+j1.18085790322033402922e-02
  -7.89028225668143290417e-02+j1.49692416348531399939e-02
  -8.22486366476156971483e-02+j1.84031187055659489760e-02
  -8.55098773227084135717e-02+j2.21146761378691915356e-02
  -8.86689358672258232108e-02+j2.61074953043025116683e-02
</dep>
<dep S[1,1] frequency>
  -2.42228532387374295709e-01-j1.57963903007902750630e-01
  -2.64390078954363672015e-01-j1.53697610457823374830e-01
  -2.86924711914893604270e-01-j1.47611874968550382814e-01
  -3.09693990449307232637e-01-j1.39638803327741284344e-01
  -3.32548834110416302590e-01-j1.29721207321061626772e-01
  -3.55330359633462822266e-01-j1.17814364894415726792e-01
  -3.77871025428073159524e-01-j1.03887728618395791536e-01
  -3.99996086778121096028e-01-j8.79265244864290695936e-02
  -4.21525353452610163085e-01-j6.99331810636160955408e-02
  -4.42275228903771522315e-01-j4.99285284327893597034e-02
  -4.62060997085987690269e-01-j2.79527086741735292241e-02
  -4.80699309875081859378e-01-j4.06574503597398329013e-03
  -4.98010815930745198710e-01+j2.16522744214467655066e-02
  -5.13822861480106363175e-01+j4.91014312546591141784e-02
  -5.27972185748179612119e-01+j7.81626473876494282100e-02
  -5.40307529336359948502e-01+j1.08698794163054363038e-01
  -5.50692073290832806443e-01+j1.40556224312171573754e-01
  -5.59005630180581247757e-01+j1.73566694030940382731e-01
  -5.65146516197494230838e-01+j2.07549625947779869950e-01
  -5.69033044750359762176e-01+j2.42314649458103326118e-01
  -5.70604596613844439190e-01+j2.77664343622943898815e-01
  -5.69822238518873591673e-01+j3.13397100304238729329e-01
  -5.66668880075586245404e-01+j3.49310021875217480147e-01
  -5.61148976972882351788e-01+j3.85201768818780543313e-01
  -5.53287805398463339301e-01+j4.20875277601806763172e-01
  -5.43130347596435303359e-01+j4.56140277890654033399e-01
  -5.30739840655074179843e-01+j4.90815549719983756916e-01
  -5.16196049481470242704e-01+j5.24730874759255283557e-01
  -4.99593330236103527753e-01+j5.57728650388159330475e-01
  -4.81038552302653632520e-01+j5.89665149963709001035e-01
  -4.60648945427875489145e-01+j6.20411426604433935417e-01
  -4.38549934439634081507e-01+j6.49853870344656026070e-01
  -4.14873017518966435979e-01+j6.77894439125802272805e-01
  -3.89753736004848194696e-01+j7.04450592486461246722e-01
  -3.63329774791551707303e-01+j7.29454962871124101831e-01
  -3.35739223133106612362e-01+j7.52854803248619863787e-01
  -3.07119016612827200330e-01+j7.74611251391977395642e-01
  -2.77603572577957535827e-01+j7.94698450997161298659e-01
  -2.47323623780311530052e-01+j8.13102568136350734029e-01
  -2.16405248493097002171e-01+j8.29820738704572513633e-01
  -1.84969090083234727340e-01+j8.44859978871417727220e-01
  -1.53129754915906218793e-01+j8.58236086411043097577e-01
  -1.20995374497229524202e-01+j8.69972556429432053449e-01
  -8.86673158189905108451e-02+j8.80099530667049267940e-01
  -5.62400228244832323110e-02+j8.88652795402965600680e-01
  -2.38009716204555799024e-02+j8.95672839151494648569e-01
  +8.56927763202197656511e-03+j9.01203977906845032919e-01
  +4.07969484464678899815e-02+j9.05293552700033199443e-01
  +7.28148505597375483855e-02+j9.07991201699622552113e-01
  +1.04562131184025242092e-01+j9.09348207003875197429e-01
  +1.35983987406474465809e-01+j9.09416914609903148659e-01
  +1.67031350696373148690e-01+j9.08250224767470304421e-01
  +1.97660553010040096478e-01+j9.05901148986980930822e-01
  +2.27832982572963332890e-01+j9.02422429325665520494e-01
  +2.57514736098512719842e-01+j8.97866215176709392409e-01
  +2.86676272992732128486e-01+j8.92283792588495661136e-01
  +3.15292076006417509859e-01+j8.85725361104816588664e-01
  +3.43340321832168726690e-01+j8.78239853205433296246e-01
  +3.70802564304782533711e-01+j8.69874791608434394519e-01
  +3.97663432141756145732e-01+j8.60676179944598107596e-01
  +4.23910342550063656830e-01+j8.50688422607270400277e-01
  +4.49533231515209574791e-01+j8.39954269901128092179e-01
  +4.74524301169488071928e-01+j8.28514784945033944119e-01
  +4.98877784297187099050e-01+j8.16409329117266713283e-01
  +5.22589725765454038431e-01+j8.03675563157036587647e-01
  +5.45657780460747754425e-01+j7.90349461348479276346e-01
  +5.68081027153237272387e-01+j7.76465336508148196160e-01
  +5.89859797597140134151e-01+j7.62055873771577352294e-01
  +6.10995520096385469344e-01+j7.47152171427559963490e-01
  +6.31490576715745599579e-01+j7.31783787279612019105e-01
  +6.51348173292156884528e-01+j7.15978789223055356317e-01
  +6.70572221394433842789e-01+j6.99763808913815621437e-01
  +6.89167231387879275495e-01+j6.83164097572427353455e-01
  +7.07138215780061418769e-01+j6.66203583115231201539e-01
  +7.24490602052113241704e-01+j6.48904927935605835287e-01
  +7.41230154214307601634e-01+j6.31289586772824762306e-01
  +7.57362902362960221936e-01+j6.13377864206265499547e-01
  +7.72895079556828790146e-01+j5.95188971399575050825e-01
  +7.87833065373403584886e-01+j5.76741081794454601983e-01
  +8.02183335548136700055e-01+j5.58051385518245623985e-01
  +8.15952417141883712404e-01+j5.39136142324627476441e-01
  +8.29146848722968510259e-01+j5.20010732933700925429e-01
  +8.41773145090033869664e-01+j5.00689708677411360327e-01
  +8.53837766099874162506e-01+j4.81186839389634912756e-01
  +8.65347089200424468558e-01+j4.61515159508190497828e-01
  +8.76307385303187524883e-01+j4.41687012379134991136e-01
  +8.86724797661167962737e-01+j4.21714092772756010685e-01
  +8.96605323448236180006e-01+j4.01607487636183868585e-01
  +9.05954797763475316863e-01+j3.81377715120002958038e-01
  +9.14778879809739819962e-01+j3.61034761926203595639e-01
  +9.23083041019347350087e-01+j3.40588119032481762005e-01
  +9.30872554921687633822e-01+j3.20046815853821164932e-01
  +9.38152488567614240011e-01+j2.99419452906594218966e-01
  +9.44927695343934725969e-01+j2.78714233043452885852e-01
  +9.51202809028227402877e-01+j2.57938991329229760918e-01
  +9.56982238949698693631e-01+j2.37101223629132662474e-01
  +9.62270166135963056497e-01+j2.16208113980835892054e-01
  +9.67070540338566098093e-01+j1.95266560821821866245e-01
  +9.71387077841914914345e-01+j1.74283202142558518721e-01
  +9.75223259971107481192e-01+j1.53264439635027782671e-01
  +9.78582332224013806687e-01+j1.32216461904654414283e-01
  +9.81467303962024972819e-01+j1.11145266812096757403e-01
  +9.83880948602169236317e-01+j9.00566830095218262553e-02
  +9.85825804260863192141e-01+j6.89563907340731280238e-02
  +9.87304174806555190358e-01+j4.78499419192622288399e-02
  +9.88318131284930512237e-01+j2.67427796829099381770e-02
  +9.88869513686238876815e-01+j5.64025724821981544466e-03
  +9.88959933029826876449e-01-j1.54523436475176353250e-02
  +9.88590773745995798905e-01-j3.65297948042054149154e-02
  +9.87763196340070148693e-01-j5.75869040198322690305e-02
  +9.86478140328007624404e-01-j7.86184979126925143067e-02
  +9.84736327437043201805e-01-j9.96194050586049761886e-02
  +9.82538265068832461502e-01-j1.20584439398837894863e-01
  +9.79884250026313630144e-01-j1.41508383876370102961e-01
  +9.76774372509130239806e-01-j1.62385974260060073071e-01
  +9.73208520385918873785e-01-j1.83211883118259116765e-01
  +9.69186383755145319796e-01-j2.03980703905259658226e-01
  +9.64707459809482026358e-01-j2.24686935125961134707e-01
  +9.59771058021908540780e-01-j2.45324964546054957726e-01
  +9.54376305674986769034e-01-j2.65889053417007970026e-01
  +9.48522153757859198819e-01-j2.86373320687155819009e-01
  +9.42207383258751307586e-01-j3.06771727172314323528e-01
  +9.35430611883915963389e-01-j3.27078059661513043110e-01
  +9.28190301237155512837e-01-j3.47285914935682393789e-01
  +9.20484764497308871611e-01-j3.67388683679611527388e-01
  +9.12312174634368311388e-01-j3.87379534269998382356e-01
  +9.03670573208190663905e-01-j4.07251396425179601479e-01
  +8.94557879797172050829e-01-j4.26996944705078207427e-01
  +8.84971902107662744541e-01-j4.46608581853059960487e-01
  +8.74910346818374762279e-01-j4.66078421974885859225e-01
  +8.64370831217569302041e-01-j4.85398273553638237576e-01
  +8.53350895694336752939e-01-j5.04559622303644150776e-01
  +8.41848017148911220708e-01-j5.23553613870838763233e-01
  +8.29859623390516221164e-01-j5.42371036391913530217e-01
  +8.17383108594830209981e-01-j5.61002302929937690656e-01
  +8.04415849896718659906e-01-j5.79437433809937063600e-01
  +7.90955225197325972886e-01-j5.97666038884377082141e-01
  +7.76998632268013578184e-01-j6.15677299765409413723e-01
  +7.62543509236827343756e-01-j6.33459952068413545412e-01
  +7.47587356546182357775e-01-j6.51002267719675287161e-01
  +7.32127760473198829771e-01-j6.68292037390104232131e-01
  +7.16162418306502512877e-01-j6.85316553126765315440e-01
  +6.99689165275268254440e-01-j7.02062591264678514946e-01
  +6.82706003327737898090e-01-j7.18516395712957223196e-01
  +6.65211131857260218325e-01-j7.34663661721818406214e-01
  +6.47202980473931432925e-01-j7.50489520250531727541e-01
  +6.28680243919165882005e-01-j7.65978523070774852677e-01
  +6.09641919218550376591e-01-j7.81114628755437800933e-01
  +5.90087345165420718018e-01-j7.95881189719299664276e-01
  +5.70016244222987911172e-01-j8.10260940495655113125e-01
  +5.49428766926908673796e-01-j8.24235987451407692284e-01
  +5.28325538862289612041e-01-j8.37787800162661300263e-01
  +5.06707710279209244675e-01-j8.50897204693205400083e-01
  +4.84577008398650366239e-01-j8.63544379039460241465e-01
  +4.61935792445952175811e-01-j8.75708851027305890113e-01
  +4.38787111431296450448e-01-j8.87369498968507697256e-01
  +4.15134764675973433334e-01-j8.98504555407151794810e-01
  +3.90983365058931831015e-01-j9.09091614309141426986e-01
  +3.66338404930326100306e-01-j9.19107642070174257753e-01
  +3.41206324606620814421e-01-j9.28528992739415137692e-01
  +3.15594583325714883593e-01-j9.37331427876670009169e-01
  +2.89511732499590557222e-01-j9.45490141479909729227e-01
  +2.62967491056360080925e-01-j9.52979790436833451572e-01
  +2.35972822612950189347e-01-j9.59774530968082628668e-01
  +2.08540014163844628081e-01-j9.65848061540047098106e-01
  +1.80682755910415770995e-01-j9.71173672731027948224e-01
  +1.52416221789244632490e-01-j9.75724304534946740297e-01
  +1.23757150186850073403e-01-j9.79472611580790797348e-01
  +9.47239242524916952304e-02-j9.82391036732509936868e-01
  +6.53366511408358108248e-02-j9.84451893511933517900e-01
  +3.56172394327846780770e-02-j9.85627457755335112388e-01
  +5.58947389657848958677e-03-j9.85890068871268954176e-01
  -2.47209133364688360412e-02-j9.85212241012077161173e-01
  -5.52861761953444275086e-02-j9.83566784402829519252e-01
  -8.60764937922505746215e-02-j9.80926936988311348742e-01
  -1.17059916428893545648e-01-j9.77266506460112260868e-01
  -1.48202319747987198983e-01-j9.72560022611083208055e-01
  -1.79467368361778067953e-01-j9.66782899832893116709e-01
  -2.10816490348655266596e-01-j9.59911609423985123790e-01
  -2.42208864054345052175e-01-j9.51923861210033028790e-01
  -2.73601418662724804598e-01-j9.42798793797741341294e-01
</dep>
