<Qucs Dataset 1.0.7>
<indep frequency 181>
  +1.00000000000000000000e+09
  +1.05000000000000000000e+09
  +1.10000000000000000000e+09
  +1.15000000000000000000e+09
  +1.20000000000000000000e+09
  +1.25000000000000000000e+09
  +1.30000000000000000000e+09
  +1.35000000000000000000e+09
  +1.40000000000000000000e+09
  +1.45000000000000000000e+09
  +1.50000000000000000000e+09
  +1.55000000000000000000e+09
  +1.60000000000000000000e+09
  +1.65000000000000000000e+09
  +1.70000000000000000000e+09
  +1.75000000000000000000e+09
  +1.80000000000000000000e+09
  +1.85000000000000000000e+09
  +1.90000000000000000000e+09
  +1.95000000000000000000e+09
  +2.00000000000000000000e+09
  +2.05000000000000000000e+09
  +2.10000000000000000000e+09
  +2.15000000000000000000e+09
  +2.20000000000000000000e+09
  +2.25000000000000000000e+09
  +2.30000000000000000000e+09
  +2.35000000000000000000e+09
  +2.40000000000000000000e+09
  +2.45000000000000000000e+09
  +2.50000000000000000000e+09
  +2.55000000000000000000e+09
  +2.60000000000000000000e+09
  +2.65000000000000000000e+09
  +2.70000000000000000000e+09
  +2.75000000000000000000e+09
  +2.80000000000000000000e+09
  +2.85000000000000000000e+09
  +2.90000000000000000000e+09
  +2.95000000000000000000e+09
  +3.00000000000000000000e+09
  +3.05000000000000000000e+09
  +3.10000000000000000000e+09
  +3.15000000000000000000e+09
  +3.20000000000000000000e+09
  +3.25000000000000000000e+09
  +3.30000000000000000000e+09
  +3.35000000000000000000e+09
  +3.40000000000000000000e+09
  +3.45000000000000000000e+09
  +3.50000000000000000000e+09
  +3.55000000000000000000e+09
  +3.60000000000000000000e+09
  +3.65000000000000000000e+09
  +3.70000000000000000000e+09
  +3.75000000000000000000e+09
  +3.80000000000000000000e+09
  +3.85000000000000000000e+09
  +3.90000000000000000000e+09
  +3.95000000000000000000e+09
  +4.00000000000000000000e+09
  +4.05000000000000000000e+09
  +4.10000000000000000000e+09
  +4.15000000000000000000e+09
  +4.20000000000000000000e+09
  +4.25000000000000000000e+09
  +4.30000000000000000000e+09
  +4.35000000000000000000e+09
  +4.40000000000000000000e+09
  +4.45000000000000000000e+09
  +4.50000000000000000000e+09
  +4.55000000000000000000e+09
  +4.60000000000000000000e+09
  +4.65000000000000000000e+09
  +4.70000000000000000000e+09
  +4.75000000000000000000e+09
  +4.80000000000000000000e+09
  +4.85000000000000000000e+09
  +4.90000000000000000000e+09
  +4.95000000000000000000e+09
  +5.00000000000000000000e+09
  +5.05000000000000000000e+09
  +5.10000000000000000000e+09
  +5.15000000000000000000e+09
  +5.20000000000000000000e+09
  +5.25000000000000000000e+09
  +5.30000000000000000000e+09
  +5.35000000000000000000e+09
  +5.40000000000000000000e+09
  +5.45000000000000000000e+09
  +5.50000000000000000000e+09
  +5.55000000000000000000e+09
  +5.60000000000000000000e+09
  +5.65000000000000000000e+09
  +5.70000000000000000000e+09
  +5.75000000000000000000e+09
  +5.80000000000000000000e+09
  +5.85000000000000000000e+09
  +5.90000000000000000000e+09
  +5.95000000000000000000e+09
  +6.00000000000000000000e+09
  +6.05000000000000000000e+09
  +6.10000000000000000000e+09
  +6.15000000000000000000e+09
  +6.20000000000000000000e+09
  +6.25000000000000000000e+09
  +6.30000000000000000000e+09
  +6.35000000000000000000e+09
  +6.40000000000000000000e+09
  +6.45000000000000000000e+09
  +6.50000000000000000000e+09
  +6.55000000000000000000e+09
  +6.60000000000000000000e+09
  +6.65000000000000000000e+09
  +6.70000000000000000000e+09
  +6.75000000000000000000e+09
  +6.80000000000000000000e+09
  +6.85000000000000000000e+09
  +6.90000000000000000000e+09
  +6.95000000000000000000e+09
  +7.00000000000000000000e+09
  +7.05000000000000000000e+09
  +7.10000000000000000000e+09
  +7.15000000000000000000e+09
  +7.20000000000000000000e+09
  +7.25000000000000000000e+09
  +7.30000000000000000000e+09
  +7.35000000000000000000e+09
  +7.40000000000000000000e+09
  +7.45000000000000000000e+09
  +7.50000000000000000000e+09
  +7.55000000000000000000e+09
  +7.60000000000000000000e+09
  +7.65000000000000000000e+09
  +7.70000000000000000000e+09
  +7.75000000000000000000e+09
  +7.80000000000000000000e+09
  +7.85000000000000000000e+09
  +7.90000000000000000000e+09
  +7.95000000000000000000e+09
  +8.00000000000000000000e+09
  +8.05000000000000000000e+09
  +8.10000000000000000000e+09
  +8.15000000000000000000e+09
  +8.20000000000000000000e+09
  +8.25000000000000000000e+09
  +8.30000000000000000000e+09
  +8.35000000000000000000e+09
  +8.40000000000000000000e+09
  +8.45000000000000000000e+09
  +8.50000000000000000000e+09
  +8.55000000000000000000e+09
  +8.60000000000000000000e+09
  +8.65000000000000000000e+09
  +8.70000000000000000000e+09
  +8.75000000000000000000e+09
  +8.80000000000000000000e+09
  +8.85000000000000000000e+09
  +8.90000000000000000000e+09
  +8.95000000000000000000e+09
  +9.00000000000000000000e+09
  +9.05000000000000000000e+09
  +9.10000000000000000000e+09
  +9.15000000000000000000e+09
  +9.20000000000000000000e+09
  +9.25000000000000000000e+09
  +9.30000000000000000000e+09
  +9.35000000000000000000e+09
  +9.40000000000000000000e+09
  +9.45000000000000000000e+09
  +9.50000000000000000000e+09
  +9.55000000000000000000e+09
  +9.60000000000000000000e+09
  +9.65000000000000000000e+09
  +9.70000000000000000000e+09
  +9.75000000000000000000e+09
  +9.80000000000000000000e+09
  +9.85000000000000000000e+09
  +9.90000000000000000000e+09
  +9.95000000000000000000e+09
  +1.00000000000000000000e+10
</indep>
<dep S21_phase frequency>
  -4.00487573206497984302e+01
  -4.20092539704461529482e+01
  -4.39642601987996286539e+01
  -4.59136548748614146120e+01
  -4.78573322831571559277e+01
  -4.97952020316330461469e+01
  -5.17271888995032114167e+01
  -5.36532326293353776236e+01
  -5.55732876678815088667e+01
  -5.74873228603455359575e+01
  -5.93953211027456333682e+01
  -6.12972789570542460069e+01
  -6.31932062337414492958e+01
  -6.50831255462090751962e+01
  -6.69670718414957804043e+01
  -6.88450919114330872617e+01
  -7.07172438882234217772e+01
  -7.25835967282168326165e+01
  -7.44442296873921804945e+01
  -7.62992317917897224788e+01
  -7.81487013059280428706e+01
  -7.99927452019145164286e+01
  -8.18314786317483822131e+01
  -8.36650244050035922783e+01
  -8.54935124738983347470e+01
  -8.73170794274175392502e+01
  -8.91358679960156905508e+01
  -9.09500265681355273273e+01
  -9.27597087196107423779e+01
  -9.45650727567869182622e+01
  -9.63662812740586645077e+01
  -9.81635007263046759363e+01
  -9.99569010165837710247e+01
  -1.01746655099302543590e+02
  -1.03532938598921333551e+02
  -1.05315929444204698484e+02
  -1.07095807517848612633e+02
  -1.08872754321291694168e+02
  -1.10646952654413198047e+02
  -1.12418586309750907049e+02
  -1.14187839780828298331e+02
  -1.15954897984130909094e+02
  -1.17719945994221532715e+02
  -1.19483168791473275405e+02
  -1.21244751021850305506e+02
  -1.23004876768179641999e+02
  -1.24763729332312891529e+02
  -1.26521491027593100398e+02
  -1.28278342981027009273e+02
  -1.30034464944575489653e+02
  -1.31790035114964354079e+02
  -1.33545229961439559929e+02
  -1.35300224060896653100e+02
  -1.37055189939820792233e+02
  -1.38810297922502599022e+02
  -1.40565715984992380072e+02
  -1.42321609614291389789e+02
  -1.44078141672284004926e+02
  -1.45835472263941454685e+02
  -1.47593758609348299160e+02
  -1.49353154919115382882e+02
  -1.51113812272780364765e+02
  -1.52875878499803491195e+02
  -1.54639498062798253386e+02
  -1.56404811942658511725e+02
  -1.58171957525260665989e+02
  -1.59941068489458615431e+02
  -1.61712274696089451709e+02
  -1.63485702077759668782e+02
  -1.65261472529184175073e+02
  -1.67039703797890439319e+02
  -1.68820509375117410400e+02
  -1.70603998386772360618e+02
  -1.72390275484328043376e+02
  -1.74179440735580783439e+02
  -1.75971589515206233045e+02
  -1.77766812395091193366e+02
  -1.79565195034439938127e+02
  +1.78633181930306960794e+02
  +1.76828242995680881222e+02
  +1.75019917901418097017e+02
  +1.73208141740586427204e+02
  +1.71392855069441822025e+02
  +1.69574004016810391704e+02
  +1.67751540392761569365e+02
  +1.65925421796295069043e+02
  +1.64095611721735679112e+02
  +1.62262079663482523983e+02
  +1.60424801218729868424e+02
  +1.58583758187734389367e+02
  +1.56738938671168540395e+02
  +1.54890337164060042596e+02
  +1.53037954645783514707e+02
  +1.51181798665535580994e+02
  +1.49321883422688642895e+02
  +1.47458229841386099679e+02
  +1.45590865638718810260e+02
  +1.43719825385787288496e+02
  +1.41845150560934769146e+02
  +1.39966889594418944398e+02
  +1.38085097903768627248e+02
  +1.36199837919065458891e+02
  +1.34311179097384467696e+02
  +1.32419197925624729351e+02
  +1.30523977910971211713e+02
  +1.28625609558240626029e+02
  +1.26724190333383077700e+02
  +1.24819824612438949885e+02
  +1.22912623615290016232e+02
  +1.21002705323579249352e+02
  +1.19090194382232937187e+02
  +1.17175221984073161252e+02
  +1.15257925737077513872e+02
  +1.13338449513921148082e+02
  +1.11416943283515024632e+02
  +1.09493562924349845389e+02
  +1.07568470019547859806e+02
  +1.05641831633632435228e+02
  +1.03713820071132914791e+02
  +1.01784612617253984013e+02
  +9.98543912609614494613e+01
  +9.79233424009483286454e+01
  +9.59916565350750801144e+01
  +9.40595279339916885419e+01
  +9.21271542997740908731e+01
  +9.01947364105222106900e+01
  +8.82624777519820327143e+01
  +8.63305841373619102797e+01
  +8.43992633166147783186e+01
  +8.24687245765511107720e+01
  +8.05391783332321864464e+01
  +7.86108357181707901873e+01
  +7.66839081599210032891e+01
  +7.47586069626997868909e+01
  +7.28351428837124501570e+01
  +7.09137257108843783726e+01
  +6.89945638427053040687e+01
  +6.70778638718966959686e+01
  +6.51638301745878294469e+01
  +6.32526645066582702270e+01
  +6.13445656088579340803e+01
  +5.94397288222582105277e+01
  +5.75383457155157245211e+01
  +5.56406037253498482187e+01
  +5.37466858115404875207e+01
  +5.18567701276535828470e+01
  +4.99710297085893273561e+01
  +4.80896321759314915312e+01
  +4.62127394619572058332e+01
  +4.43405075530372911885e+01
  +4.24730862530291801704e+01
  +4.06106189671367090455e+01
  +3.87532425065785943730e+01
  +3.69010869142820965294e+01
  +3.50542753116908798461e+01
  +3.32129237666550949371e+01
  +3.13771411822566896888e+01
  +2.95470292063081458878e+01
  +2.77226821611651885746e+01
  +2.59041869933894375322e+01
  +2.40916232427154497486e+01
  +2.22850630296892084914e+01
  +2.04845710612809028817e+01
  +1.86902046537027750617e+01
  +1.69020137716166551911e+01
  +1.51200410828658124984e+01
  +1.33443220278291594383e+01
  +1.15748849024717888057e+01
  +9.81175095413973963332e+00
  +8.05493448913735043959e+00
  +6.30444299112679296115e+00
  +4.56027724937641387726e+00
  +2.82243149591125863651e+00
  +1.09089355061867965269e+00
  -6.34355026611754690968e-01
  -2.35333877760929421896e+00
  -4.06608818237763625092e+00
  -5.77263949111931218283e+00
  -7.47303455263257188079e+00
  -9.16732063984628453568e+00
  -1.08555502732187338921e+01
</dep>
<dep S11_phase frequency>
  -1.30085703871492000872e+02
  -1.32044663349930914364e+02
  -1.33998164764789919445e+02
  -1.35946081552560514183e+02
  -1.37888303444735896619e+02
  -1.39824736217079134803e+02
  -1.41755301412825986063e+02
  -1.43679936035935583050e+02
  -1.45598592212843101379e+02
  -1.47511236822918419875e+02
  -1.49417851098949228117e+02
  -1.51318430199797290925e+02
  -1.53212982757922702604e+02
  -1.55101530404779907713e+02
  -1.56984107277305469097e+02
  -1.58860759508773469406e+02
  -1.60731544707272377082e+02
  -1.62596531425010482508e+02
  -1.64455798621499411638e+02
  -1.66309435123497479481e+02
  -1.68157539084439974886e+02
  -1.70000217445830600127e+02
  -1.71837585402886929842e+02
  -1.73669765876463571885e+02
  -1.75496888993124315448e+02
  -1.77319091574911482212e+02
  -1.79136516640249823240e+02
  +1.79050687082866005539e+02
  +1.77242365630398950316e+02
  +1.75438360261732299250e+02
  +1.73638507904426489858e+02
  +1.71842641583823876772e+02
  +1.70050590837180635617e+02
  +1.68262182112144301982e+02
  +1.66477239149539371965e+02
  +1.64695583350479523688e+02
  +1.62917034127995748349e+02
  +1.61141409243390341999e+02
  +1.59368525127635962235e+02
  +1.57598197188196991192e+02
  +1.55830240101699985189e+02
  +1.54064468092925721976e+02
  +1.52300695200645549221e+02
  +1.50538735530831729648e+02
  +1.48778403497821926749e+02
  +1.47019514054005128401e+02
  +1.45261882908637346645e+02
  +1.43505326736377782026e+02
  +1.41749663376155837113e+02
  +1.39994712020960747623e+02
  +1.38240293399157820886e+02
  +1.36486229947914068816e+02
  +1.34732345979308064443e+02
  +1.32978467839693365704e+02
  +1.31224424062854694739e+02
  +1.29470045517497396759e+02
  +1.27715165549578586024e+02
  +1.25959620119975639341e+02
  +1.24203247937967390158e+02
  +1.22445890590978123669e+02
  +1.20687392671023715707e+02
  +1.18927601898259226232e+02
  +1.17166369242023051811e+02
  +1.15403549039737086446e+02
  +1.13638999114003510726e+02
  +1.11872580888217072470e+02
  +1.10104159500974901675e+02
  +1.08333603919565661045e+02
  +1.06560787052762833582e+02
  +1.04785585863149606212e+02
  +1.03007881479158939442e+02
  +1.01227559306992219490e+02
  +9.94445091425522633699e+01
  +9.76586252834980967918e+01
  +9.58698066414975187399e+01
  +9.40779568547306297432e+01
  +9.22829844006603252637e+01
  +9.04848027090589823729e+01
  +8.86833302752463907836e+01
  +8.68784907734665949874e+01
  +8.50702131702896338084e+01
  +8.32584318378965235752e+01
  +8.14430866670698634380e+01
  +7.96241231796727220171e+01
  +7.78014926403681670308e+01
  +7.59751521672872911495e+01
  +7.41450648413255350988e+01
  +7.23111998136990052899e+01
  +7.04735324113626973030e+01
  +6.86320442398495771386e+01
  +6.67867232830561050605e+01
  +6.49375639994578648384e+01
  +6.30845674142075907298e+01
  +6.12277412065297212962e+01
  +5.93670997917958231938e+01
  +5.75026643976270079861e+01
  +5.56344631333518506722e+01
  +5.37625310521104964323e+01
  +5.18869102048813815031e+01
  +5.00076496856847612094e+01
  +4.81248056672030202208e+01
  +4.62384414260487588422e+01
  +4.43486273569078832679e+01
  +4.24554409747843024547e+01
  +4.05589669045846719087e+01
  +3.86592968572924817749e+01
  +3.67565295920033889843e+01
  +3.48507708631255752607e+01
  +3.29421333520819956675e+01
  +3.10307365828999053292e+01
  +2.91167068211228503571e+01
  +2.72001769555450856330e+01
  +2.52812863623340540187e+01
  +2.33601807511870589451e+01
  +2.14370119932506106863e+01
  +1.95119379306257378914e+01
  +1.75851221673768343123e+01
  +1.56567338420738249027e+01
  +1.37269473819994534125e+01
  +1.17959422392746589026e+01
  +9.86390260926980566580e+00
  +7.93101713179110756613e+00
  +5.99747857565246533795e+00
  +4.06348350736654939652e+00
  +2.12923194480652444582e+00
  +1.94926996809142522027e-01
  -1.73922551019731774780e+00
  -3.67301741734847464471e+00
  -5.60623862898981339953e+00
  -7.53867751742819880434e+00
  -9.47012133531917044138e+00
  -1.14003566341454583011e+01
  -1.33291696871854430384e+01
  -1.52563469153138608903e+01
  -1.71816753139459095223e+01
  -1.91049428794094353634e+01
  -2.10259390330241870970e+01
  -2.29444550411681476021e+01
  -2.48602844296340883545e+01
  -2.67732233906095515863e+01
  -2.86830711806633402716e+01
  -3.05896305081777981627e+01
  -3.24927079087425596526e+01
  -3.43921141071033247272e+01
  -3.62876643643603884470e+01
  -3.81791788092075989880e+01
  -4.00664827521177073777e+01
  -4.19494069814987682321e+01
  -4.38277880409641227288e+01
  -4.57014684869931215871e+01
  -4.75702971263815612701e+01
  -4.94341292330179484793e+01
  -5.12928267436476943431e+01
  -5.31462584324191738006e+01
  -5.49943000641272945472e+01
  -5.68368345261993894724e+01
  -5.86737519395767321839e+01
  -6.05049497487643037630e+01
  -6.23303327914181650726e+01
  -6.41498133479437342430e+01
  -6.59633111716621982623e+01
  -6.77707535001857337420e+01
  -6.95720750487125059180e+01
  -7.13672179860162998466e+01
  -7.31561318939609463996e+01
  -7.49387737114106045055e+01
  -7.67151076634495012740e+01
  -7.84851051768474974324e+01
  -8.02487447827299007486e+01
  -8.20060120074223988240e+01
  -8.37568992524435032010e+01
  -8.55014056646201652256e+01
  -8.72395369972847447571e+01
  -8.89713054635065958564e+01
  -9.06967295822845755993e+01
  -9.24158340186043005815e+01
  -9.41286494182372308615e+01
  -9.58352122381228497261e+01
  -9.75355645731426221801e+01
  -9.92297539800549515121e+01
  -1.00917833299321813456e+02
</dep>
<dep S21_dB frequency>
  -3.09811153647860604288e-01
  -3.38508795985697497066e-01
  -3.68229108558553286379e-01
  -3.98931043733748547098e-01
  -4.30573092429911596923e-01
  -4.63113433370685501078e-01
  -4.96510076516909926170e-01
  -5.30721000387325725356e-01
  -5.65704282991431384175e-01
  -6.01418226135263522814e-01
  -6.37821472901116237608e-01
  -6.74873118153485052062e-01
  -7.12532811976073321425e-01
  -7.50760855995517228934e-01
  -7.89518292600219218080e-01
  -8.28766987110064246025e-01
  -8.68469702996966241848e-01
  -9.08590170298666066628e-01
  -9.49093147403219927760e-01
  -9.89944476412089269246e-01
  -1.03111113231990336736e+00
  -1.07256126626748571340e+00
  -1.11426424314596883569e+00
  -1.15619067383935525406e+00
  -1.19831244240903900256e+00
  -1.24060272852087738471e+00
  -1.28303602542752281934e+00
  -1.32558815381123551447e+00
  -1.36823627179401396958e+00
  -1.41095888141372061142e+00
  -1.45373583186038102255e+00
  -1.49654831975581492642e+00
  -1.53937888675082601431e+00
  -1.58221141470279036412e+00
  -1.62503111868260918804e+00
  -1.66782453805150221449e+00
  -1.71057952582853922685e+00
  -1.75328523656203927317e+00
  -1.79593211290129151081e+00
  -1.83851187105193769611e+00
  -1.88101748528534762350e+00
  -1.92344317165921552260e+00
  -1.96578437109247139425e+00
  -2.00803773192709034134e+00
  -2.05020109209503775816e+00
  -2.09227346099978461780e+00
  -2.13425500120734534804e+00
  -2.17614701003465071949e+00
  -2.21795190111016848888e+00
  -2.25967318597471145125e+00
  -2.30131545577918883438e+00
  -2.34288436312913628257e+00
  -2.38438660411774838721e+00
  -2.42582990058048286741e+00
  -2.46722298259986505542e+00
  -2.50857557127953390008e+00
  -2.54989836180312945402e+00
  -2.59120300678661585891e+00
  -2.63250209992779149459e+00
  -2.67380915995200574287e+00
  -2.71513861484763463494e+00
  -2.75650578638243093366e+00
  -2.79792687488596225620e+00
  -2.83941894428115748639e+00
  -2.88099990734370203782e+00
  -2.92268851116519678968e+00
  -2.96450432279396114410e+00
  -3.00646771502201604065e+00
  -3.04859985228810037583e+00
  -3.09092267666081088606e+00
  -3.13345889386574238955e+00
  -3.17623195931837987160e+00
  -3.21926606412212201747e+00
  -3.26258612098975220306e+00
  -3.30621775004549434129e+00
  -3.35018726446309322853e+00
  -3.39452165589470222784e+00
  -3.43924857964494012919e+00
  -3.48439633954367433688e+00
  -3.52999387247051821248e+00
  -3.57607073248500917373e+00
  -3.62265707451610108336e+00
  -3.66978363756532832696e+00
  -3.71748172737933213483e+00
  -3.76578319854849574710e+00
  -3.81472043599084154053e+00
  -3.86432633578136996988e+00
  -3.91463428529145129886e+00
  -3.96567814260452555786e+00
  -4.01749221517907439960e+00
  -4.07011123773364591472e+00
  -4.12357034933400345977e+00
  -4.17790506966727015481e+00
  -4.23315127449523309622e+00
  -4.28934517028408635042e+00
  -4.34652326801764488096e+00
  -4.40472235620614238627e+00
  -4.46397947311493759059e+00
  -4.52433187824388483023e+00
  -4.58581702310043848314e+00
  -4.64847252131907939798e+00
  -4.71233611819153264122e+00
  -4.77744565968423717806e+00
  -4.84383906103189509906e+00
  -4.91155427500861918588e+00
  -4.98062925999228056639e+00
  -5.05110194795060962747e+00
  -5.12301021249170318583e+00
  -5.19639183713606556125e+00
  -5.27128448398066584701e+00
  -5.34772566294023476985e+00
  -5.42575270176408253064e+00
  -5.50540271704126649155e+00
  -5.58671258641849455273e+00
  -5.66971892226945239912e+00
  -5.75445804706436447873e+00
  -5.84096597070135636898e+00
  -5.92927837006931213182e+00
  -6.01943057112361579186e+00
  -6.11145753376186462447e+00
  -6.20539383979534431290e+00
  -6.30127368431731227361e+00
  -6.39913087077367492839e+00
  -6.49899881004566193354e+00
  -6.60091052385593624052e+00
  -6.70489865281145647202e+00
  -6.81099546939676248059e+00
  -6.91923289623025983275e+00
  -7.02964252989653104464e+00
  -7.14225567066440447661e+00
  -7.25710335840083864412e+00
  -7.37421641498738900111e+00
  -7.49362549354693374681e+00
  -7.61536113478614407057e+00
  -7.73945383076235060571e+00
  -7.86593409638445884013e+00
  -7.99483254896405348688e+00
  -8.12617999613955888094e+00
  -8.26000753250793806615e+00
  -8.39634664531338081872e+00
  -8.53522932956224344991e+00
  -8.67668821295777092928e+00
  -8.82075669108089499559e+00
  -8.96746907327939979382e+00
  -9.11686073977639743759e+00
  -9.26896831056190073639e+00
  -9.42382982669787061525e+00
  -9.58148494474351863914e+00
  -9.74197514509661388615e+00
  -9.90534395515093457618e+00
  -1.00716371882898947376e+01
  -1.02409031998746193892e+01
  -1.04131931615448038997e+01
  -1.05885613553322777136e+01
  -1.07670654892986501494e+01
  -1.09487670366474922901e+01
  -1.11337316005384110440e+01
  -1.13220293071466961976e+01
  -1.15137352298755519797e+01
  -1.17089298480471413200e+01
  -1.19076995438795307791e+01
  -1.21101371421146879470e+01
  -1.23163424973055679601e+01
  -1.25264231345190246714e+01
  -1.27404949500809649976e+01
  -1.29586829800048022321e+01
  -1.31811222449351816977e+01
  -1.34079586818334917098e+01
  -1.36393501742805050014e+01
  -1.38754676952201005946e+01
  -1.41164965782826747898e+01
  -1.43626379365901186702e+01
  -1.46141102512494391874e+01
  -1.48711511557247106907e+01
  -1.51340194470825295525e+01
  -1.54029973609454629013e+01
  -1.56783931541145484800e+01
  -1.59605440475569224645e+01
  -1.62498195932360260940e+01
  -1.65466255416292540303e+01
  -1.68514083034613619816e+01
</dep>
<dep S11_dB frequency>
  -1.18687274669491920065e+01
  -1.14844267804205895089e+01
  -1.11213629677626997250e+01
  -1.07777362994798338036e+01
  -1.04519703055289010507e+01
  -1.01426753196556003189e+01
  -9.84861920063373830203e+00
  -9.56870360225322258430e+00
  -9.30194457874796754027e+00
  -9.04745661057192940291e+00
  -8.80443935278371014874e+00
  -8.57216656855417369343e+00
  -8.34997682986579192743e+00
  -8.13726565759599651528e+00
  -7.93347884174986273109e+00
  -7.73810673529928383374e+00
  -7.55067935589489458437e+00
  -7.37076216157174712862e+00
  -7.19795239164689260036e+00
  -7.03187588386721174061e+00
  -6.87218429468641645030e+00
  -6.71855266227818770375e+00
  -6.57067726213093195042e+00
  -6.42827371341039466301e+00
  -6.29107530104680101601e+00
  -6.15883148409877456686e+00
  -6.03130656550488986056e+00
  -5.90827850215012606583e+00
  -5.78953783731390103640e+00
  -5.67488674020695693656e+00
  -5.56413813949612556797e+00
  -5.45711493957604254490e+00
  -5.35364930990131782096e+00
  -5.25358203901463394203e+00
  -5.15676194602979087733e+00
  -5.06304534327189603715e+00
  -4.97229554460614853184e+00
  -4.88438241466940326063e+00
  -4.79918195482284115627e+00
  -4.71657592215864074348e+00
  -4.63645147833509518875e+00
  -4.55870086539767527256e+00
  -4.48322110607894863676e+00
  -4.40991372635440992411e+00
  -4.33868449828680091684e+00
  -4.26944320140554101073e+00
  -4.20210340106420510153e+00
  -4.13658224238294902619e+00
  -4.07280025853162719329e+00
  -4.01068119223633612336e+00
  -3.95015182950911603044e+00
  -3.89114184469745350015e+00
  -3.83358365603997075510e+00
  -3.77741229099404662861e+00
  -3.72256526066750703663e+00
  -3.66898244275118567970e+00
  -3.61660597240075221137e+00
  -3.56538014056610208513e+00
  -3.51525129930868862616e+00
  -3.46616777368504269674e+00
  -3.41807977980981458899e+00
  -3.37093934873896428073e+00
  -3.32470025584292061538e+00
  -3.27931795536093861898e+00
  -3.23474951984948777550e+00
  -3.19095358425555630788e+00
  -3.14789029436026890352e+00
  -3.10552125935499079290e+00
  -3.06380950832014553598e+00
  -3.02271945039067890804e+00
  -2.98221683839862183873e+00
  -2.94226873579172609752e+00
  -2.90284348663235425292e+00
  -2.86391068848676688674e+00
  -2.82544116801765499147e+00
  -2.78740695909691904575e+00
  -2.74978128325700632573e+00
  -2.71253853230131269925e+00
  -2.67565425289406455533e+00
  -2.63910513295198168038e+00
  -2.60286898965824464725e+00
  -2.56692475892011984229e+00
  -2.53125248609092157182e+00
  -2.49583331777553585340e+00
  -2.46064949453922920952e+00
  -2.42568434433763480129e+00
  -2.39092227648658228745e+00
  -2.35634877598930936315e+00
  -2.32195039803946734480e+00
  -2.28771476251920802270e+00
  -2.25363054831225362307e+00
  -2.21968748725469211536e+00
  -2.18587635754862663617e+00
  -2.15218897646745244145e+00
  -2.11861819218621194594e+00
  -2.08515787457577905784e+00
  -2.05180290480676630338e+00
  -2.01854916361603375918e+00
  -1.98539351809797781634e+00
  -1.95233380689272650876e+00
  -1.91936882365423810981e+00
  -1.88649829869384944026e+00
  -1.85372287870831731205e+00
  -1.82104410451548215377e+00
  -1.78846438673682572862e+00
  -1.75598697938213721415e+00
  -1.72361595130945155496e+00
  -1.69135615555069418470e+00
  -1.65921319651335164025e+00
  -1.62719339508636640090e+00
  -1.59530375169903582133e+00
  -1.56355190740061056331e+00
  -1.53194610304805656220e+00
  -1.50049513670881728977e+00
  -1.46920831940404861271e+00
  -1.43809542933584366686e+00
  -1.40716666475954910176e+00
  -1.37643259567795217535e+00
  -1.34590411454919189893e+00
  -1.31559238621351282106e+00
  -1.28550879725567446243e+00
  -1.25566490502929339890e+00
  -1.22607238657775208246e+00
  -1.19674298769134268561e+00
  -1.16768847234448402972e+00
  -1.13892057275709857045e+00
  -1.11045094032423752317e+00
  -1.08229109765350983707e+00
  -1.05445239194474815747e+00
  -1.02694594993801935345e+00
  -9.99782634645768109038e-01
  -9.72973004073171887640e-01
  -9.46527272115479156867e-01
  -9.20455271806511987620e-01
  -8.94766421073815765297e-01
  -8.69469691137932043645e-01
  -8.44573577672809605588e-01
  -8.20086074823964450431e-01
  -7.96014652159303892631e-01
  -7.72366234605827872706e-01
  -7.49147185403784776625e-01
  -7.26363292087957912457e-01
  -7.04019755484589504491e-01
  -6.82121181691681122139e-01
  -6.60671576990925379924e-01
  -6.39674345620609985374e-01
  -6.19132290321321443471e-01
  -5.99047615550347245517e-01
  -5.79421933245987785810e-01
  -5.60256271010271200694e-01
  -5.41551082566839814270e-01
  -5.23306260341979689876e-01
  -5.05521150008252706520e-01
  -4.88194566824993070320e-01
  -4.71324813605065284783e-01
  -4.54909700135197825333e-01
  -4.38946563876150719352e-01
  -4.23432291769437418871e-01
  -4.08363342979919330400e-01
  -3.93735772406401396406e-01
  -3.79545254797436559802e-01
  -3.65787109315102387797e-01
  -3.52456324396189513148e-01
  -3.39547582767681155325e-01
  -3.27055286481676421584e-01
  -3.14973581843589811591e-01
  -3.03296384116412576226e-01
  -2.92017401893504946475e-01
  -2.81130161041854509385e-01
  -2.70628028127274156134e-01
  -2.60504233242881910737e-01
  -2.50751892171558243838e-01
  -2.41364027822360605047e-01
  -2.32333590889937269264e-01
  -2.23653479694682078005e-01
  -2.15316559169586446698e-01
  -2.07315678967600502958e-01
  -1.99643690670843615420e-01
  -1.92293464089662802241e-01
  -1.85257902646028482785e-01
  -1.78529957841715186673e-01
</dep>
<dep Zin_ohm frequency>
  +1.81765666318605212837e+03
  +1.76775595622421133157e+03
  +1.71807949617126632802e+03
  +1.66876868968140888683e+03
  +1.61994982216126118146e+03
  +1.57173567306775703400e+03
  +1.52422717345326122995e+03
  +1.47751506618349890232e+03
  +1.43168153951665817658e+03
  +1.38680181309998783945e+03
  +1.34294566189800616485e+03
  +1.30017886813554832770e+03
  +1.25856459409105536906e+03
  +1.21816466957541615557e+03
  +1.17904078722993608608e+03
  +1.14125559642560301654e+03
  +1.10487368259621985089e+03
  +1.06996241339055836761e+03
  +1.03659262629379850296e+03
  +1.00483912473613236216e+03
  +9.74780941861463247733e+02
  +9.46501324170799989588e+02
  +9.20087382767909161885e+02
  +8.95629360053377808981e+02
  +8.73219466971307269887e+02
  +8.52950262944358769346e+02
  +8.34912579486512413496e+02
  +8.19193029742588237241e+02
  +8.05871197849952068282e+02
  +7.95016658589262419810e+02
  +7.86686030186474340553e+02
  +7.80920299717010948370e+02
  +7.77742669714182852658e+02
  +7.77157148274919904907e+02
  +7.79148042221298283039e+02
  +7.83680421583046154410e+02
  +7.90701519419176861447e+02
  +8.00142933146415884949e+02
  +8.11923419723489246280e+02
  +8.25952038340318722476e+02
  +8.42131392899327465784e+02
  +8.60360756645699325418e+02
  +8.80538911803812879953e+02
  +9.02566595700727134499e+02
  +9.26348501107934794163e+02
  +9.51794825414002730213e+02
  +9.78822397520655613334e+02
  +1.00735543285364155963e+03
  +1.03732597736333241301e+03
  +1.06867410350858995116e+03
  +1.10134791771587742915e+03
  +1.13530343206267843925e+03
  +1.17050434477017006429e+03
  +1.20692176575465418864e+03
  +1.24453391574517240770e+03
  +1.28332582072144055019e+03
  +1.32328901780535488797e+03
  +1.36442128423545591431e+03
  +1.40672639756533089894e+03
  +1.45021393261390539919e+03
  +1.49489909880892537331e+03
  +1.54080262026621949190e+03
  +1.58795066011351468660e+03
  +1.63637479009858202517e+03
  +1.68611200633551152350e+03
  +1.73720479207776702424e+03
  +1.78970122861652680513e+03
  +1.84365515575341919430e+03
  +1.89912638376930181039e+03
  +1.95618095939003683270e+03
  +2.01489148893530932583e+03
  +2.07533752262831922053e+03
  +2.13760600495288599632e+03
  +2.20179179698520783859e+03
  +2.26799827782178499547e+03
  +2.33633803360042520580e+03
  +2.40693364420415127825e+03
  +2.47991857959153276170e+03
  +2.55543821986673310676e+03
  +2.63365101575525795852e+03
  +2.71472980917104041509e+03
  +2.79886333714886677626e+03
  +2.88625794670191862679e+03
  +2.97713955330631051766e+03
  +3.07175588191165115859e+03
  +3.17037903688024334770e+03
  +3.27330845638235905426e+03
  +3.38087431792435154421e+03
  +3.49344147537007074789e+03
  +3.61141402469228296468e+03
  +3.73524061660461802603e+03
  +3.86542066027363671310e+03
  +4.00251159492407487051e+03
  +4.14713744720421891543e+03
  +4.29999894414603568293e+03
  +4.46188551772247046756e+03
  +4.63368962175981687324e+03
  +4.81642389121543146757e+03
  +5.01124181557547308330e+03
  +5.21946278327551772236e+03
  +5.44260259757951735082e+03
  +5.68241088698977364402e+03
  +5.94091726385210586159e+03
  +6.22048866379985975072e+03
  +6.52390108304710156517e+03
  +6.85443000104550355900e+03
  +7.21596524741186840401e+03
  +7.61315810744208647520e+03
  +8.05161129082782190380e+03
  +8.53812633599729269918e+03
  +9.08102852598205754475e+03
  +9.69059701032532029785e+03
  +1.03796381755457950931e+04
  +1.11642537625542627211e+04
  +1.20648710088205370994e+04
  +1.31076155756567295612e+04
  +1.43261033547215356521e+04
  +1.57636572639898731722e+04
  +1.74756875627992885711e+04
  +1.95311514062543647015e+04
  +2.20097068160285925842e+04
  +2.49852604332847913611e+04
  +2.84735585634856252000e+04
  +3.23035755751550241257e+04
  +3.58980851487844192889e+04
  +3.81738484929134065169e+04
  +3.81007406031659047585e+04
  +3.57158705017392858281e+04
  +3.20812137583507137606e+04
  +2.82581942157473640691e+04
  +2.47954150501615877147e+04
  +2.18481492982257732365e+04
  +1.93948143310759551241e+04
  +1.73602038361218110367e+04
  +1.56649630617291641101e+04
  +1.42408458301684786420e+04
  +1.30331484487929574243e+04
  +1.19991373522555295494e+04
  +1.11056583771284422255e+04
  +1.03269390585998735332e+04
  +9.64282043584076745901e+03
  +9.03740476020916503330e+03
  +8.49804155495785744279e+03
  +8.01457168255237502308e+03
  +7.57876297944317047950e+03
  +7.18388675473414787120e+03
  +6.82439774699596000573e+03
  +6.49569032236994462437e+03
  +6.19391118617527808965e+03
  +5.91581428624973614205e+03
  +5.65864746327298416873e+03
  +5.42006318300485418149e+03
  +5.19804768479615268006e+03
  +4.99086432654271720821e+03
  +4.79700795852081228077e+03
  +4.61516792984094809071e+03
  +4.44419790081707378704e+03
  +4.28309105830130556569e+03
  +4.13095964867408747523e+03
  +3.98701798303057103112e+03
  +3.85056825152132660151e+03
  +3.72098862350873741889e+03
  +3.59772321791398826463e+03
  +3.48027361171874417778e+03
  +3.36819161985957725847e+03
  +3.26107313103252363362e+03
  +3.15855282444230624606e+03
  +3.06029962472351280667e+03
  +2.96601277797510738310e+03
  +2.87541845249457037426e+03
  +2.78826678445459538125e+03
  +2.70432930226700591447e+03
  +2.62339667437372645509e+03
  +2.54527673419613211081e+03
  +2.46979274335938725926e+03
  +2.39678186039789079587e+03
  +2.32609378718873676917e+03
  +2.25758956954870882328e+03
  +2.19114053192289566141e+03
  +2.12662732901560229948e+03
  +2.06393909966797809830e+03
</dep>
<dep Zin_norm frequency>
  +3.63531332637210411463e+01
  +3.53551191244842257788e+01
  +3.43615899234253276973e+01
  +3.33753737936281780208e+01
  +3.23989964432252222082e+01
  +3.14347134613551411064e+01
  +3.04845434690652261622e+01
  +2.95503013236699771937e+01
  +2.86336307903331643843e+01
  +2.77360362619997573574e+01
  +2.68589132379601238654e+01
  +2.60035773627109669803e+01
  +2.51712918818211051075e+01
  +2.43632933915083214060e+01
  +2.35808157445987234269e+01
  +2.28251119285120580571e+01
  +2.20974736519243961652e+01
  +2.13992482678111670680e+01
  +2.07318525258759720487e+01
  +2.00967824947226461063e+01
  +1.94956188372292658073e+01
  +1.89300264834160003602e+01
  +1.84017476553581822429e+01
  +1.79125872010675557533e+01
  +1.74643893394261446872e+01
  +1.70590052588871756711e+01
  +1.66982515897302477015e+01
  +1.63838605948517646027e+01
  +1.61174239569990405130e+01
  +1.59003331717852489646e+01
  +1.57337206037294858874e+01
  +1.56184059943402182569e+01
  +1.55548533942836577637e+01
  +1.55431429654983990218e+01
  +1.55829608444259655187e+01
  +1.56736084316609236566e+01
  +1.58140303883835375842e+01
  +1.60028586629283182674e+01
  +1.62384683944697840730e+01
  +1.65190407668063734548e+01
  +1.68426278579865495999e+01
  +1.72072151329139870768e+01
  +1.76107782360762570306e+01
  +1.80513319140145434005e+01
  +1.85269700221586965938e+01
  +1.90358965082800537516e+01
  +1.95764479504131116983e+01
  +2.01471086570728310505e+01
  +2.07465195472666472654e+01
  +2.13734820701718000180e+01
  +2.20269583543175500040e+01
  +2.27060686412535694956e+01
  +2.34100868954033991542e+01
  +2.41384353150930834886e+01
  +2.48906783149034502856e+01
  +2.56665164144288127090e+01
  +2.64657803561070998910e+01
  +2.72884256847091180020e+01
  +2.81345279513066159893e+01
  +2.90042786522781064207e+01
  +2.98979819761785066135e+01
  +3.08160524053243918274e+01
  +3.17590132022702924530e+01
  +3.27274958019716422086e+01
  +3.37222401267102327438e+01
  +3.47440958415553424743e+01
  +3.57940245723305352499e+01
  +3.68731031150683818964e+01
  +3.79825276753860379131e+01
  +3.91236191878007346645e+01
  +4.02978297787061876534e+01
  +4.15067504525663864001e+01
  +4.27521200990577199263e+01
  +4.40358359397041567718e+01
  +4.53599655564356964987e+01
  +4.67267606720085026950e+01
  +4.81386728840830286913e+01
  +4.95983715918306558024e+01
  +5.11087643973346601456e+01
  +5.26730203151051554755e+01
  +5.42945961834208077335e+01
  +5.59772667429773349568e+01
  +5.77251589340383759463e+01
  +5.95427910661262060898e+01
  +6.14351176382330237402e+01
  +6.34075807376048672381e+01
  +6.54661691276471771062e+01
  +6.76174863584870280420e+01
  +6.98688295074014149577e+01
  +7.22282804938456592936e+01
  +7.47048123320923593838e+01
  +7.73084132054727319883e+01
  +8.00502318984814991154e+01
  +8.29427489440843856983e+01
  +8.59999788829207147955e+01
  +8.92377103544494048037e+01
  +9.26737924351963329173e+01
  +9.63284778243086208249e+01
  +1.00224836311509463371e+02
  +1.04389255665510361837e+02
  +1.08852051951590340195e+02
  +1.13648217739795470038e+02
  +1.18818345277042112684e+02
  +1.24409773275997196151e+02
  +1.30478021660942033577e+02
  +1.37088600020910064359e+02
  +1.44319304948237373765e+02
  +1.52263162148841729504e+02
  +1.61032225816556433529e+02
  +1.70762526719945839204e+02
  +1.81620570519641148621e+02
  +1.93811940206506392315e+02
  +2.07592763510915887082e+02
  +2.23285075251085260106e+02
  +2.41297420176410753356e+02
  +2.62152311513134577581e+02
  +2.86522067094430724410e+02
  +3.15273145279797461171e+02
  +3.49513751255985766875e+02
  +3.90623028125087330409e+02
  +4.40194136320571885790e+02
  +4.99705208665695806758e+02
  +5.69471171269712499452e+02
  +6.46071511503100509799e+02
  +7.17961702975688353945e+02
  +7.63476969858268148528e+02
  +7.62014812063318117907e+02
  +7.14317410034785780226e+02
  +6.41624275167014275212e+02
  +5.65163884314947267740e+02
  +4.95908301003231770210e+02
  +4.36962985964515439719e+02
  +3.87896286621519095661e+02
  +3.47204076722436241198e+02
  +3.13299261234583298119e+02
  +2.84816916603369577388e+02
  +2.60662968975859143939e+02
  +2.39982747045110585304e+02
  +2.22113167542568845647e+02
  +2.06538781171997470665e+02
  +1.92856408716815366233e+02
  +1.80748095204183300666e+02
  +1.69960831099157132940e+02
  +1.60291433651047498188e+02
  +1.51575259588863417548e+02
  +1.43677735094682958561e+02
  +1.36487954939919205799e+02
  +1.29913806447398883392e+02
  +1.23878223723505556109e+02
  +1.18316285724994727957e+02
  +1.13172949265459692469e+02
  +1.08401263660097086472e+02
  +1.03960953695923052464e+02
  +9.98172865308543464380e+01
  +9.59401591704162370888e+01
  +9.23033585968189669302e+01
  +8.88839580163414808567e+01
  +8.56618211660261152929e+01
  +8.26191929734817449571e+01
  +7.97403596606114177803e+01
  +7.70113650304265320301e+01
  +7.44197724701747489462e+01
  +7.19544643582797647241e+01
  +6.96054722343748863977e+01
  +6.73638323971915440325e+01
  +6.52214626206504703987e+01
  +6.31710564888461263422e+01
  +6.12059924944702586913e+01
  +5.93202555595021436829e+01
  +5.75083690498914066325e+01
  +5.57653356890919056355e+01
  +5.40865860453401197105e+01
  +5.24679334874745251227e+01
  +5.09055346839226459110e+01
  +4.93958548671877437641e+01
  +4.79356372079578179068e+01
  +4.65218757437747356676e+01
  +4.51517913909741750444e+01
  +4.38228106384579163546e+01
  +4.25325465803120437158e+01
  +4.12787819933595656607e+01
</dep>
<dep S[2,2] frequency>
  -1.64211716478516789319e-01-j1.95106467212962236824e-01
  -1.78511110195175626281e-01-j1.97946148152702283696e-01
  -1.93058407416167698845e-01-j1.99930648538172939244e-01
  -2.07803200104642066259e-01-j2.01051480635334262059e-01
  -2.22695337284090910668e-01-j2.01303272066935434736e-01
  -2.37685127653559730154e-01-j2.00683673244568677729e-01
  -2.52723528265962227302e-01-j1.99193251779454738593e-01
  -2.67762318617236594331e-01-j1.96835375670435103190e-01
  -2.82754259709571909021e-01-j1.93616087053398000517e-01
  -2.97653237857584906934e-01-j1.89543968259159950618e-01
  -3.12414393194226147621e-01-j1.84630001866857629267e-01
  -3.26994233006217438486e-01-j1.78887426362819845771e-01
  -3.41350730182972794680e-01-j1.72331588922214257176e-01
  -3.55443407197737759606e-01-j1.64979796726309635435e-01
  -3.69233406156429633249e-01-j1.56851168115217293186e-01
  -3.82683545546451064912e-01-j1.47966484756726801564e-01
  -3.95758364396436468358e-01-j1.38348045889577442313e-01
  -4.08424154619630608298e-01-j1.28019525576152065627e-01
  -4.20648982357804901433e-01-j1.17005833777412623919e-01
  -4.32402699171980819948e-01-j1.05332981943735082275e-01
  -4.43656943942666637248e-01-j9.30279537005176820896e-02
  -4.54385136344485296434e-01-j8.01185810983569279831e-02
  -4.64562462753340343902e-01-j6.66334267950954017845e-02
  -4.74165855426312399246e-01-j5.26016724420621736846e-02
  -4.83173965770645696960e-01-j3.80530134590725058197e-02
  -4.91567132485037139311e-01-j2.30175603040177270686e-02
  -4.99327345321225357644e-01-j7.52574627107124166647e-03
  -5.06438205171763300427e-01+j8.39175821110088246413e-03
  -5.12884881146839055610e-01+j2.47041248653156186865e-02
  -5.18654065256651142235e-01+j4.13804405676429579164e-02
  -5.23733925269645128608e-01+j5.83897742373795172743e-02
  -5.28114056269260889742e-01+j7.57012378210903946751e-02
  -5.31785431385453866149e-01+j9.32840416042900050231e-02
  -5.34740352131310547890e-01+j1.11107544106043565346e-01
  -5.36972398730449107518e-01+j1.29141296828051532763e-01
  -5.38476380778741825495e-01+j1.47355084142221121057e-01
  -5.39248288542351628116e-01+j1.65718958607521560378e-01
  -5.39285245156375214748e-01+j1.84203272011647295470e-01
  -5.38585459951931078137e-01+j2.02778702433404567351e-01
  -5.37148183105899068579e-01+j2.21416277619800816456e-01
  -5.34973661776486530961e-01+j2.40087394967600897822e-01
  -5.32063097859166611592e-01+j2.58763838392897516094e-01
  -5.28418607471237367079e-01+j2.77417792364248072534e-01
  -5.24043182249613881396e-01+j2.96021853366176257438e-01
  -5.18940652524841117277e-01+j3.14549039049457135331e-01
  -5.13115652415177980750e-01+j3.32972795314297187463e-01
  -5.06573586867226088870e-01+j3.51267001560884140066e-01
  -4.99320600654400315044e-01+j3.69405974330670627825e-01
  -4.91363549331038429457e-01+j3.87364469549920542590e-01
  -4.82709972128195219376e-01+j4.05117683575795084483e-01
  -4.73368066766778727850e-01+j4.22641253233574487602e-01
  -4.63346666154935860060e-01+j4.39911255022801483960e-01
  -4.52655216928890491435e-01+j4.56904203659322438735e-01
  -4.41303759789914817890e-01+j4.73597050109779760252e-01
  -4.29302911584634405706e-01+j4.89967179265561048052e-01
  -4.16663849071165381943e-01+j5.05992407393562437790e-01
  -4.03398294309707805549e-01+j5.21650979492629951473e-01
  -3.89518501612910683640e-01+j5.36921566676147321573e-01
  -3.75037245988620704384e-01+j5.51783263693640946279e-01
  -3.59967813005280246053e-01+j5.66215586697142669870e-01
  -3.44323990008317981637e-01+j5.80198471351339506441e-01
  -3.28120058614113641049e-01+j5.93712271380699152523e-01
  -3.11370788406626075595e-01+j6.06737757640898545120e-01
  -2.94091431760319876876e-01+j6.19256117796930793951e-01
  -2.76297719711613209981e-01+j6.31248956685452000670e-01
  -2.58005858799699228090e-01+j6.42698297434568299735e-01
  -2.39232528795956411738e-01+j6.53586583410396215754e-01
  -2.19994881239740841528e-01+j6.63896681055648696379e-01
  -2.00310538696272855130e-01+j6.73611883682411316521e-01
  -1.80197594650547826545e-01+j6.82715916277517820276e-01
  -1.59674613948786375817e-01+j6.91192941375940672621e-01
  -1.38760633696460994324e-01+j6.99027566054251536798e-01
  -1.17475164519141528352e-01+j7.06204850093053115856e-01
  -9.58381920892824312741e-02+j7.12710315353850321074e-01
  -7.38701788186721108875e-02+j7.18529956412434001045e-01
  -5.15920656126443652467e-02+j7.23650252486984446598e-01
  -2.90252735781450360575e-02+j7.28058180695145162886e-01
  -6.19170557359260270713e-03+j7.31741230669787801055e-01
  +1.68862525159613405257e-02+j7.34687420558373216473e-01
  +4.01857308993724127166e-02+j7.36885314425253290516e-01
  +6.36833755214459701355e-02+j7.38324041070350323146e-01
  +8.73553483569383115714e-02+j7.38993314270850576442e-01
  +1.11177328491721794101e-01+j7.38883454445112830555e-01
  +1.35124514130976147719e-01+j7.37985411729823792548e-01
  +1.59171625678619560462e-01+j7.36290790452257759569e-01
  +1.83292910036387451944e-01+j7.33791874969660029571e-01
  +2.07462146274533965062e-01+j7.30481656836791670706e-01
  +2.31652652829396926704e-01+j7.26353863250981390820e-01
  +2.55837296385395707166e-01+j7.21402986711230820305e-01
  +2.79988502600703403900e-01+j7.15624315814260114621e-01
  +3.04078268836419751686e-01+j7.09013967095888930636e-01
  +3.28078179048595375278e-01+j7.01568917810658665424e-01
  +3.51959421000601346829e-01+j6.93287039526459425431e-01
  +3.75692805950097408196e-01+j6.84167132394026711317e-01
  +3.99248790959933097522e-01+j6.74208959933718765534e-01
  +4.22597503975742083693e-01+j6.63413284164051986203e-01
  +4.45708771804289360929e-01+j6.51781900878325659576e-01
  +4.68552151116191195612e-01+j6.39317674857361573082e-01
  +4.91096962583754681475e-01+j6.26024574788266674474e-01
  +5.13312328249741045560e-01+j6.11907707641314968505e-01
  +5.35167212205507003553e-01+j5.96973352239913324091e-01
  +5.56630464637331567879e-01+j5.81228991742356093653e-01
  +5.77670869277618459492e-01+j5.64683344739023929115e-01
  +5.98257194273361214698e-01+j5.47346394655197410195e-01
  +6.18358246457495042137e-01+j5.29229417137977775631e-01
  +6.37942928980003931549e-01+j5.10345005096336956640e-01
  +6.56980302224774437292e-01+j4.90707091056345523494e-01
  +6.75439647905590301313e-01+j4.70330966489567015021e-01
  +6.93290536200424023505e-01+j4.49233297771562289924e-01
  +7.10502895747859852804e-01+j4.27432138430043462307e-01
  +7.27047086293097999388e-01+j4.04946937348318158900e-01
  +7.42893973734260915087e-01+j3.81798542599905643691e-01
  +7.58015007282895614260e-01+j3.58009200604415211977e-01
  +7.72382298416156132248e-01+j3.33602550313349288658e-01
  +7.85968701262759528170e-01+j3.08603612157349493916e-01
  +7.98747894030868099691e-01+j2.83038771513655418310e-01
  +8.10694461054167314629e-01+j2.56935756483976762699e-01
  +8.21783975003155364725e-01+j2.30323609808757601147e-01
  +8.31993078782574446706e-01+j2.03232654783281729838e-01
  +8.41299566613560312334e-01+j1.75694455084407258338e-01
  +8.49682463780933705522e-01+j1.47741768463188233307e-01
  +8.57122104512716309621e-01+j1.19408494308011675633e-01
  +8.63600207450629264727e-01+j9.07296151345071966166e-02
  +8.69099948167681990441e-01+j6.17411321119002640123e-02
  +8.73606028191953654094e-01+j3.24799947898719923445e-02
  +8.77104740004888694394e-01+j2.98402524484398358820e-03
  +8.79584027497553377906e-01-j2.67081630809558462358e-02
  +8.81033541389826924117e-01-j5.65572515209307249973e-02
  +8.81444689144954662829e-01-j8.65233069278920907674e-02
  +8.80810678945310621124e-01-j1.16565876593212339185e-01
  +8.79126557334272584754e-01-j1.46644086868961520675e-01
  +8.76389240173292449754e-01-j1.76716744979287299078e-01
  +8.72597536612350843654e-01-j2.06742443470834896813e-01
  +8.67752165824987820031e-01-j2.36679666720664622082e-01
  +8.61855766315859916915e-01-j2.66486898894880253064e-01
  +8.54912897668125615347e-01-j2.96122732732048365989e-01
  +8.46930034659395203356e-01-j3.25545978513091416318e-01
  +8.37915553737545337754e-01-j3.54715772573634291476e-01
  +8.27879711910627147375e-01-j3.83591684716140579603e-01
  +8.16834618167478931916e-01-j4.12133823887343042625e-01
  +8.04794197606659156286e-01-j4.40302941501503175559e-01
  +7.91774148510197672834e-01-j4.68060531811554880743e-01
  +7.77791892654540850671e-01-j4.95368928758005089286e-01
  +7.62866519203341475475e-01-j5.22191398758944269609e-01
  +7.47018722574643079248e-01-j5.48492228943393556051e-01
  +7.30270734718115543949e-01-j5.74236810373551787023e-01
  +7.12646252275744962468e-01-j5.99391715848997308491e-01
  +6.94170359131367264993e-01-j6.23924771936565925046e-01
  +6.74869444880549562704e-01-j6.47805124922780750651e-01
  +6.54771119772130205661e-01-j6.71003300440748629008e-01
  +6.33904126686515079214e-01-j6.93491256579332526755e-01
  +6.12298250723216197500e-01-j7.15242430338650647670e-01
  +5.89984226971658753946e-01-j7.36231777351659677500e-01
  +5.66993647034825021258e-01-j7.56435804846117387790e-01
  +5.43358864865459034732e-01-j7.75832597873961860024e-01
  +5.19112902459385683329e-01-j7.94401838885520295008e-01
  +4.94289355930782658977e-01-j8.12124820773350020175e-01
  +4.68922302470088425697e-01-j8.28984453554702294120e-01
  +4.43046208657499662742e-01-j8.44965264901881174531e-01
  +4.16695840573941100882e-01-j8.60053394766277401473e-01
  +3.89906176117787439672e-01-j8.74236584373944580761e-01
  +3.62712319899866020290e-01-j8.87504159898472311241e-01
  +3.35149421052002738364e-01-j8.99847011140292418752e-01
  +3.07252594246123611477e-01-j9.11257565560591564768e-01
  +2.79056844182124730303e-01-j9.21729758032650670074e-01
  +2.50596993764045761210e-01-j9.31258996683871576039e-01
  +2.21907616145668507013e-01-j9.39842125208196543795e-01
  +1.93022970789252401591e-01-j9.47477382031156833975e-01
  +1.63976943644799505462e-01-j9.54164356708815164509e-01
  +1.34802991522475795749e-01-j9.59903943937588932656e-01
  +1.05534090697865651221e-01-j9.64698295544628492415e-01
  +7.62026897586470797208e-02-j9.68550770818501494119e-01
  +4.68406666726152651203e-02-j9.71465885527601602512e-01
  +1.74792900302814836755e-02-j9.73449259959390356123e-01
  -1.18508156087307973264e-02-j9.74507566297520222420e-01
  -4.11197003580050651772e-02-j9.74648475636472277905e-01
  -7.02981157471721240793e-02-j9.73880604914832304075e-01
  -9.93575376938401061411e-02-j9.72213464028992779831e-01
  -1.28270185847673023893e-01-j9.69657403369231229995e-01
  -1.57009039461812827110e-01-j9.66223561999986046978e-01
  -1.85547849956766930379e-01-j9.61923816685928745329e-01
</dep>
<dep S[2,1] frequency>
  +7.38674371459186351885e-01-j6.20893337947620360673e-01
  +7.14635934380747239736e-01-j6.43670114532901793680e-01
  +6.89896718735831138147e-01-j6.65394358414398867652e-01
  +6.64509874503443787042e-01-j6.86048083317643109247e-01
  +6.38528458797877118691e-01-j7.05616394474068986398e-01
  +6.12005236607094160739e-01-j7.24087396720989651122e-01
  +5.84992495740943030391e-01-j7.41452089759796817425e-01
  +5.57541876608160014150e-01-j7.57704252385443477458e-01
  +5.29704217231735108307e-01-j7.72840317485239736151e-01
  +5.01529413710955829231e-01-j7.86859239567063384335e-01
  +4.73066296153504595168e-01-j7.99762356516787731309e-01
  +4.44362519930212196417e-01-j8.11553247207083883197e-01
  +4.15464471952272484945e-01-j8.22237586486859406421e-01
  +3.86417191536948867459e-01-j8.31822998975820904199e-01
  +3.57264305311620455896e-01-j8.40318912975380860608e-01
  +3.28047975509478950684e-01-j8.47736415687675215480e-01
  +2.98808860931573938569e-01-j8.54088110811880185658e-01
  +2.69586089788038107962e-01-j8.59387979463459794616e-01
  +2.40417243586836665292e-01-j8.63651245239451248459e-01
  +2.11338351208649521951e-01-j8.66894244133508462546e-01
  +1.82383892289594451430e-01-j8.69134299889230299563e-01
  +1.53586809030753917993e-01-j8.70389605270918798041e-01
  +1.24978525559615818996e-01-j8.70679109627946590244e-01
  +9.65889739858418888696e-02-j8.70022413033520569670e-01
  +6.84466263168651556370e-02-j8.68439667190320285783e-01
  +4.05785314312757591781e-02-j8.65951483216259920717e-01
  +1.30103563424304440738e-02-j8.62578846351108041723e-01
  -1.42335689740135801218e-02-j8.58343037561467459007e-01
  -4.11302038726211391384e-02-j8.53265561965239061060e-01
  -6.76577470891955440324e-02-j8.47368083948470962596e-01
  -9.37955851433785875448e-02-j8.40672368805851610851e-01
  -1.19524239638901977334e-01-j8.33200230701613975270e-01
  -1.44825313962092944164e-01-j8.24973486718961757092e-01
  -1.69681439833952313334e-01-j8.16013916743267841980e-01
  -1.94076224127187724200e-01-j8.06343228906800435496e-01
  -2.17994196318202104745e-01-j7.95983030309083128273e-01
  -2.41420756903045818920e-01-j7.84954802718789035332e-01
  -2.64342127069279397844e-01-j7.73279882956946829076e-01
  -2.86745299879771431417e-01-j7.60979447659303698259e-01
  -3.08617993191261208441e-01-j7.48074502116039319333e-01
  -3.29948604499937570012e-01-j7.34585872889556679155e-01
  -3.50726167877921213289e-01-j7.20534203915535242935e-01
  -3.70940313138481969624e-01-j7.05939955798577045698e-01
  -3.90581227344356851638e-01-j6.90823408020645790550e-01
  -4.09639618751842182753e-01-j6.75204663788871894958e-01
  -4.28106683264209142425e-01-j6.59103657257563813054e-01
  -4.45974073450321417678e-01-j6.42540162868824649145e-01
  -4.63233870168825501157e-01-j6.25533806565074623762e-01
  -4.79878556824325508412e-01-j6.08104078636445444239e-01
  -4.95900996269505789371e-01-j5.90270347975022091624e-01
  -5.11294410356040840426e-01-j5.72051877517276929908e-01
  -5.26052362127364947497e-01-j5.53467840664604859846e-01
  -5.40168740637562927454e-01-j5.34537338480338242164e-01
  -5.53637748372821758558e-01-j5.15279417469766132243e-01
  -5.66453891244861340581e-01-j4.95713087756923576066e-01
  -5.78611971119420642751e-01-j4.75857341479350270941e-01
  -5.90107080837107500493e-01-j4.55731171228244524851e-01
  -6.00934601678525415203e-01-j4.35353588367733523867e-01
  -6.11090203220628347403e-01-j4.14743641072478352871e-01
  -6.20569845526449781481e-01-j3.93920431927978986764e-01
  -6.29369783605736698995e-01-j3.72903134942786818051e-01
  -6.37486574079424106465e-01-j3.51711011825923347551e-01
  -6.44917083976322080829e-01-j3.30363427387065144991e-01
  -6.51658501585687610635e-01-j3.08879863920570874036e-01
  -6.57708349284577220573e-01-j2.87279934437971729011e-01
  -6.63064498253813527917e-01-j2.65583394616884682637e-01
  -6.67725184991150744196e-01-j2.43810153337306628751e-01
  -6.71689029524776048952e-01-j2.21980281679752006196e-01
  -6.74955055224282562953e-01-j2.00114020262452813048e-01
  -6.77522710100246228215e-01-j1.78231784798497355782e-01
  -6.79391889476955390670e-01-j1.56354169757033062416e-01
  -6.80562959915976040115e-01-j1.34501950016511939712e-01
  -6.81036784261128458340e-01-j1.12696080401976081453e-01
  -6.80814747667892850025e-01-j9.09576930029603186734e-02
  -6.79898784472464656758e-01-j6.93080921734955113234e-02
  -6.78291405747640574475e-01-j4.77687471214332942671e-02
  -6.75995727384423150674e-01-j2.63612820004370425331e-02
  -6.73015498529741851286e-01-j5.10746342509648797864e-03
  -6.69355130202158310482e-01+j1.59708146626442136495e-02
  -6.65019723898853443167e-01+j3.68515488387313114305e-02
  -6.60015099998587428942e-01+j5.75126468073801702663e-02
  -6.54347825756980028267e-01+j7.79319508192751475573e-02
  -6.48025242682323088239e-01+j9.80872639285514935636e-02
  -6.41055493072341775473e-01+j1.17956379106725017802e-01
  -6.33447545485087082362e-01+j1.37517111217667326040e-01
  -6.25211218910452837250e-01+j1.56747331842649217926e-01
  -6.16357205403063823645e-01+j1.75625006928060045652e-01
  -6.06897090932217553316e-01+j1.94128237211010079566e-01
  -5.96843374200869858370e-01+j2.12235301359312789060e-01
  -5.86209483183012136642e-01+j2.29924701742655862580e-01
  -5.75009789127705617240e-01+j2.47175212730959464880e-01
  -5.63259617778471777250e-01+j2.63965931394233133123e-01
  -5.50975257559058073653e-01+j2.80276330455627664673e-01
  -5.38173964480718192149e-01+j2.96086313326076100427e-01
  -5.24873963532573761803e-01+j3.11376271025092354883e-01
  -5.11094446325043305634e-01+j3.26127140768009415872e-01
  -4.96855564767552604355e-01+j3.40320465975531949443e-01
  -4.82178420575005595161e-01+j3.53938457437086573254e-01
  -4.67085050413880875642e-01+j3.66964055335448402495e-01
  -4.51598406517582595665e-01+j3.79380991816576196296e-01
  -4.35742332622398420572e-01+j3.91173853766103307716e-01
  -4.19541535099863527325e-01+j4.02328145432545525306e-01
  -4.03021549188589955914e-01+j4.12830350517490229922e-01
  -3.86208700258554527007e-01+j4.22667993335210989692e-01
  -3.69130060073493970751e-01+j4.31829698628512614889e-01
  -3.51813398052056414134e-01+j4.40305249614656446511e-01
  -3.34287127565753627856e-01+j4.48085643825275381502e-01
  -3.16580247351118504451e-01+j4.55163146297571152843e-01
  -2.98722278154608777978e-01+j4.61531339671104434697e-01
  -2.80743194771268356202e-01+j4.67185170745619271493e-01
  -2.62673353681669830006e-01+j4.72120993060582749834e-01
  -2.44543416535672797352e-01+j4.76336605067004703606e-01
  -2.26384269775565916127e-01+j4.79831283476545522593e-01
  -2.08226940734808269040e-01+j4.82605811392315398045e-01
  -1.90102510591030504639e-01+j4.84662500849904143152e-01
  -1.72042024592930387072e-01+j4.86005209426360607061e-01
  -1.54076400019285103538e-01+j4.86639350608673137977e-01
  -1.36236332364191553568e-01+j4.86571897651979223820e-01
  -1.18552200274953750680e-01+j4.85811380700594375170e-01
  -1.01053969797410228559e-01+j4.84367876992185364404e-01
  -8.37710985072581820754e-02+j4.82252994016110436704e-01
  -6.67324401245438098007e-02+j4.79479845551016858884e-01
  -4.99661502216530509224e-02+j4.76063020563460614909e-01
  -3.34995936422317688863e-02+j4.72018545008019485554e-01
  -1.73592542493830187533e-02+j4.67363836629460516203e-01
  -1.57064761586159121025e-03+j4.62117652928179134530e-01
  +1.38417627432469037690e-02+j4.56300032510644382189e-01
  +2.88546450137760444876e-02+j4.49932230106170893968e-01
  +4.34458740455649708445e-02+j4.43036645589033717396e-01
  +5.75946011111810873828e-02+j4.35636747400226842508e-01
  +7.12813179740873492651e-02+j4.27756990814880555529e-01
  +8.44879148237555333001e-02+j4.19422731549151828201e-01
  +9.71977316842212030190e-02+j4.10660135243174628794e-01
  +1.09395602956073784151e-01+j4.01496083394203839845e-01
  +1.21067894809427159530e-01+j3.91958076345414629937e-01
  +1.32202535206112803401e-01+j3.82074133960897677209e-01
  +1.42789036392477336479e-01+j3.71872694635488554304e-01
  +1.52818509768800236959e-01+j3.61382513299255581085e-01
  +1.62283673106749792847e-01+j3.50632559080375882932e-01
  +1.71178850151438133320e-01+j3.39651913286886153465e-01
  +1.79499962708745297579e-01+j3.28469668357448119078e-01
  +1.87244515380797421633e-01+j3.17114828414085225816e-01
  +1.94411573171950541328e-01+j3.05616212026027622706e-01
  +2.01001732243709207992e-01+j2.94002357764025390452e-01
  +2.07017084148877733574e-01+j2.82301433088921305270e-01
  +2.12461173922468216091e-01+j2.70541147077911992014e-01
  +2.17338952448842159804e-01+j2.58748667447067315361e-01
  +2.21656723560902046977e-01+j2.46950542280273993567e-01
  +2.25422086357560169656e-01+j2.35172626823503483351e-01
  +2.28643873249997464647e-01+j2.23440015649879031301e-01
  +2.31332084265294057879e-01+j2.11776980446300278071e-01
  +2.33497818147867935989e-01+j2.00206913617095444424e-01
  +2.35153200804907619448e-01+j1.88752277845009336366e-01
  +2.36311311641855009702e-01+j1.77434561695611614507e-01
  +2.36986108328188865846e-01+j1.66274241298418001822e-01
  +2.37192350522742678720e-01+j1.55290748087422852963e-01
  +2.36945523071851710251e-01+j1.44502442535741348895e-01
  +2.36261759173333363293e-01+j1.33926593774168267714e-01
  +2.35157763975093941911e-01+j1.23579364942102781777e-01
  +2.33650739049582639728e-01+j1.13475804081644149335e-01
  +2.31758308154941722323e-01+j1.03629840352147922777e-01
  +2.29498444661022538149e-01+j9.40542853130961198360e-02
  +2.26889400984078004608e-01+j8.47608389980654131080e-02
  +2.23949640338364452941e-01+j7.57601004816862988456e-02
  +2.20697771076620558039e-01+j6.70615826249110758006e-02
  +2.17152483854969657884e-01+j5.86737306714078393766e-02
  +2.13332491821522446385e-01+j5.06039443593569865376e-02
  +2.09256473992447622479e-01+j4.28586032082049206426e-02
  +2.04943021944678255286e-01+j3.54430946386574061147e-02
  +2.00410589921192344720e-01+j2.83618445862412887903e-02
  +1.95677448413184018605e-01+j2.16183502737893051826e-02
  +1.90761641253591851530e-01+j1.52152148158135585437e-02
  +1.85680946228679422116e-01+j9.15418333783698037753e-03
  +1.80452839188606800613e-01+j3.43618030576172978768e-03
  +1.75094461614540619632e-01-j1.93865222580871625346e-03
  +1.69622591578661496836e-01-j6.97091572214975606359e-03
  +1.64053618014515040224e-01-j1.16619158934120371873e-02
  +1.58403518198660331340e-01-j1.60136232783074546060e-02
  +1.52687838330171438139e-01-j2.00286339109664174307e-02
  +1.46921677082452128982e-01-j2.37101302772872134239e-02
  +1.41119671991793038668e-01-j2.70618427488153248661e-02
</dep>
<dep S[1,2] frequency>
  +7.38674371459186351885e-01-j6.20893337947620360673e-01
  +7.14635934380747239736e-01-j6.43670114532901793680e-01
  +6.89896718735831138147e-01-j6.65394358414398867652e-01
  +6.64509874503443787042e-01-j6.86048083317643109247e-01
  +6.38528458797877118691e-01-j7.05616394474068986398e-01
  +6.12005236607094160739e-01-j7.24087396720989651122e-01
  +5.84992495740943030391e-01-j7.41452089759796817425e-01
  +5.57541876608160014150e-01-j7.57704252385443477458e-01
  +5.29704217231735108307e-01-j7.72840317485239736151e-01
  +5.01529413710955829231e-01-j7.86859239567063384335e-01
  +4.73066296153504595168e-01-j7.99762356516787731309e-01
  +4.44362519930212196417e-01-j8.11553247207083883197e-01
  +4.15464471952272484945e-01-j8.22237586486859406421e-01
  +3.86417191536948867459e-01-j8.31822998975820904199e-01
  +3.57264305311620455896e-01-j8.40318912975380860608e-01
  +3.28047975509478950684e-01-j8.47736415687675215480e-01
  +2.98808860931573938569e-01-j8.54088110811880185658e-01
  +2.69586089788038107962e-01-j8.59387979463459794616e-01
  +2.40417243586836665292e-01-j8.63651245239451248459e-01
  +2.11338351208649521951e-01-j8.66894244133508462546e-01
  +1.82383892289594451430e-01-j8.69134299889230299563e-01
  +1.53586809030753917993e-01-j8.70389605270918798041e-01
  +1.24978525559615818996e-01-j8.70679109627946590244e-01
  +9.65889739858418888696e-02-j8.70022413033520569670e-01
  +6.84466263168651556370e-02-j8.68439667190320285783e-01
  +4.05785314312757591781e-02-j8.65951483216259920717e-01
  +1.30103563424304440738e-02-j8.62578846351108041723e-01
  -1.42335689740135801218e-02-j8.58343037561467459007e-01
  -4.11302038726211391384e-02-j8.53265561965239061060e-01
  -6.76577470891955440324e-02-j8.47368083948470962596e-01
  -9.37955851433785875448e-02-j8.40672368805851610851e-01
  -1.19524239638901977334e-01-j8.33200230701613975270e-01
  -1.44825313962092944164e-01-j8.24973486718961757092e-01
  -1.69681439833952313334e-01-j8.16013916743267841980e-01
  -1.94076224127187724200e-01-j8.06343228906800435496e-01
  -2.17994196318202104745e-01-j7.95983030309083128273e-01
  -2.41420756903045818920e-01-j7.84954802718789035332e-01
  -2.64342127069279397844e-01-j7.73279882956946829076e-01
  -2.86745299879771431417e-01-j7.60979447659303698259e-01
  -3.08617993191261208441e-01-j7.48074502116039319333e-01
  -3.29948604499937570012e-01-j7.34585872889556679155e-01
  -3.50726167877921213289e-01-j7.20534203915535242935e-01
  -3.70940313138481969624e-01-j7.05939955798577045698e-01
  -3.90581227344356851638e-01-j6.90823408020645790550e-01
  -4.09639618751842182753e-01-j6.75204663788871894958e-01
  -4.28106683264209142425e-01-j6.59103657257563813054e-01
  -4.45974073450321417678e-01-j6.42540162868824649145e-01
  -4.63233870168825501157e-01-j6.25533806565074623762e-01
  -4.79878556824325508412e-01-j6.08104078636445444239e-01
  -4.95900996269505789371e-01-j5.90270347975022091624e-01
  -5.11294410356040840426e-01-j5.72051877517276929908e-01
  -5.26052362127364947497e-01-j5.53467840664604859846e-01
  -5.40168740637562927454e-01-j5.34537338480338242164e-01
  -5.53637748372821758558e-01-j5.15279417469766132243e-01
  -5.66453891244861340581e-01-j4.95713087756923576066e-01
  -5.78611971119420642751e-01-j4.75857341479350270941e-01
  -5.90107080837107500493e-01-j4.55731171228244524851e-01
  -6.00934601678525415203e-01-j4.35353588367733523867e-01
  -6.11090203220628347403e-01-j4.14743641072478352871e-01
  -6.20569845526449781481e-01-j3.93920431927978986764e-01
  -6.29369783605736698995e-01-j3.72903134942786818051e-01
  -6.37486574079424106465e-01-j3.51711011825923347551e-01
  -6.44917083976322080829e-01-j3.30363427387065144991e-01
  -6.51658501585687610635e-01-j3.08879863920570874036e-01
  -6.57708349284577220573e-01-j2.87279934437971729011e-01
  -6.63064498253813527917e-01-j2.65583394616884682637e-01
  -6.67725184991150744196e-01-j2.43810153337306628751e-01
  -6.71689029524776048952e-01-j2.21980281679752006196e-01
  -6.74955055224282562953e-01-j2.00114020262452813048e-01
  -6.77522710100246228215e-01-j1.78231784798497355782e-01
  -6.79391889476955390670e-01-j1.56354169757033062416e-01
  -6.80562959915976040115e-01-j1.34501950016511939712e-01
  -6.81036784261128458340e-01-j1.12696080401976081453e-01
  -6.80814747667892850025e-01-j9.09576930029603186734e-02
  -6.79898784472464656758e-01-j6.93080921734955113234e-02
  -6.78291405747640574475e-01-j4.77687471214332942671e-02
  -6.75995727384423150674e-01-j2.63612820004370425331e-02
  -6.73015498529741851286e-01-j5.10746342509648797864e-03
  -6.69355130202158310482e-01+j1.59708146626442136495e-02
  -6.65019723898853443167e-01+j3.68515488387313114305e-02
  -6.60015099998587428942e-01+j5.75126468073801702663e-02
  -6.54347825756980028267e-01+j7.79319508192751475573e-02
  -6.48025242682323088239e-01+j9.80872639285514935636e-02
  -6.41055493072341775473e-01+j1.17956379106725017802e-01
  -6.33447545485087082362e-01+j1.37517111217667326040e-01
  -6.25211218910452837250e-01+j1.56747331842649217926e-01
  -6.16357205403063823645e-01+j1.75625006928060045652e-01
  -6.06897090932217553316e-01+j1.94128237211010079566e-01
  -5.96843374200869858370e-01+j2.12235301359312789060e-01
  -5.86209483183012136642e-01+j2.29924701742655862580e-01
  -5.75009789127705617240e-01+j2.47175212730959464880e-01
  -5.63259617778471777250e-01+j2.63965931394233133123e-01
  -5.50975257559058073653e-01+j2.80276330455627664673e-01
  -5.38173964480718192149e-01+j2.96086313326076100427e-01
  -5.24873963532573761803e-01+j3.11376271025092354883e-01
  -5.11094446325043305634e-01+j3.26127140768009415872e-01
  -4.96855564767552604355e-01+j3.40320465975531949443e-01
  -4.82178420575005595161e-01+j3.53938457437086573254e-01
  -4.67085050413880875642e-01+j3.66964055335448402495e-01
  -4.51598406517582595665e-01+j3.79380991816576196296e-01
  -4.35742332622398420572e-01+j3.91173853766103307716e-01
  -4.19541535099863527325e-01+j4.02328145432545525306e-01
  -4.03021549188589955914e-01+j4.12830350517490229922e-01
  -3.86208700258554527007e-01+j4.22667993335210989692e-01
  -3.69130060073493970751e-01+j4.31829698628512614889e-01
  -3.51813398052056414134e-01+j4.40305249614656446511e-01
  -3.34287127565753627856e-01+j4.48085643825275381502e-01
  -3.16580247351118504451e-01+j4.55163146297571152843e-01
  -2.98722278154608777978e-01+j4.61531339671104434697e-01
  -2.80743194771268356202e-01+j4.67185170745619271493e-01
  -2.62673353681669830006e-01+j4.72120993060582749834e-01
  -2.44543416535672797352e-01+j4.76336605067004703606e-01
  -2.26384269775565916127e-01+j4.79831283476545522593e-01
  -2.08226940734808269040e-01+j4.82605811392315398045e-01
  -1.90102510591030504639e-01+j4.84662500849904143152e-01
  -1.72042024592930387072e-01+j4.86005209426360607061e-01
  -1.54076400019285103538e-01+j4.86639350608673137977e-01
  -1.36236332364191553568e-01+j4.86571897651979223820e-01
  -1.18552200274953750680e-01+j4.85811380700594375170e-01
  -1.01053969797410228559e-01+j4.84367876992185364404e-01
  -8.37710985072581820754e-02+j4.82252994016110436704e-01
  -6.67324401245438098007e-02+j4.79479845551016858884e-01
  -4.99661502216530509224e-02+j4.76063020563460614909e-01
  -3.34995936422317688863e-02+j4.72018545008019485554e-01
  -1.73592542493830187533e-02+j4.67363836629460516203e-01
  -1.57064761586159121025e-03+j4.62117652928179134530e-01
  +1.38417627432469037690e-02+j4.56300032510644382189e-01
  +2.88546450137760444876e-02+j4.49932230106170893968e-01
  +4.34458740455649708445e-02+j4.43036645589033717396e-01
  +5.75946011111810873828e-02+j4.35636747400226842508e-01
  +7.12813179740873492651e-02+j4.27756990814880555529e-01
  +8.44879148237555333001e-02+j4.19422731549151828201e-01
  +9.71977316842212030190e-02+j4.10660135243174628794e-01
  +1.09395602956073784151e-01+j4.01496083394203839845e-01
  +1.21067894809427159530e-01+j3.91958076345414629937e-01
  +1.32202535206112803401e-01+j3.82074133960897677209e-01
  +1.42789036392477336479e-01+j3.71872694635488554304e-01
  +1.52818509768800236959e-01+j3.61382513299255581085e-01
  +1.62283673106749792847e-01+j3.50632559080375882932e-01
  +1.71178850151438133320e-01+j3.39651913286886153465e-01
  +1.79499962708745297579e-01+j3.28469668357448119078e-01
  +1.87244515380797421633e-01+j3.17114828414085225816e-01
  +1.94411573171950541328e-01+j3.05616212026027622706e-01
  +2.01001732243709207992e-01+j2.94002357764025390452e-01
  +2.07017084148877733574e-01+j2.82301433088921305270e-01
  +2.12461173922468216091e-01+j2.70541147077911992014e-01
  +2.17338952448842159804e-01+j2.58748667447067315361e-01
  +2.21656723560902046977e-01+j2.46950542280273993567e-01
  +2.25422086357560169656e-01+j2.35172626823503483351e-01
  +2.28643873249997464647e-01+j2.23440015649879031301e-01
  +2.31332084265294057879e-01+j2.11776980446300278071e-01
  +2.33497818147867935989e-01+j2.00206913617095444424e-01
  +2.35153200804907619448e-01+j1.88752277845009336366e-01
  +2.36311311641855009702e-01+j1.77434561695611614507e-01
  +2.36986108328188865846e-01+j1.66274241298418001822e-01
  +2.37192350522742678720e-01+j1.55290748087422852963e-01
  +2.36945523071851710251e-01+j1.44502442535741348895e-01
  +2.36261759173333363293e-01+j1.33926593774168267714e-01
  +2.35157763975093941911e-01+j1.23579364942102781777e-01
  +2.33650739049582639728e-01+j1.13475804081644149335e-01
  +2.31758308154941722323e-01+j1.03629840352147922777e-01
  +2.29498444661022538149e-01+j9.40542853130961198360e-02
  +2.26889400984078004608e-01+j8.47608389980654131080e-02
  +2.23949640338364452941e-01+j7.57601004816862988456e-02
  +2.20697771076620558039e-01+j6.70615826249110758006e-02
  +2.17152483854969657884e-01+j5.86737306714078393766e-02
  +2.13332491821522446385e-01+j5.06039443593569865376e-02
  +2.09256473992447622479e-01+j4.28586032082049206426e-02
  +2.04943021944678255286e-01+j3.54430946386574061147e-02
  +2.00410589921192344720e-01+j2.83618445862412887903e-02
  +1.95677448413184018605e-01+j2.16183502737893051826e-02
  +1.90761641253591851530e-01+j1.52152148158135585437e-02
  +1.85680946228679422116e-01+j9.15418333783698037753e-03
  +1.80452839188606800613e-01+j3.43618030576172978768e-03
  +1.75094461614540619632e-01-j1.93865222580871625346e-03
  +1.69622591578661496836e-01-j6.97091572214975606359e-03
  +1.64053618014515040224e-01-j1.16619158934120371873e-02
  +1.58403518198660331340e-01-j1.60136232783074546060e-02
  +1.52687838330171438139e-01-j2.00286339109664174307e-02
  +1.46921677082452128982e-01-j2.37101302772872134239e-02
  +1.41119671991793038668e-01-j2.70618427488153248661e-02
</dep>
<dep S[1,1] frequency>
  -1.64211716478516844830e-01-j1.95106467212962264579e-01
  -1.78511110195175654036e-01-j1.97946148152702311451e-01
  -1.93058407416167671089e-01-j1.99930648538172911488e-01
  -2.07803200104642094015e-01-j2.01051480635334234304e-01
  -2.22695337284090966179e-01-j2.01303272066935490248e-01
  -2.37685127653559757910e-01-j2.00683673244568677729e-01
  -2.52723528265962227302e-01-j1.99193251779454683081e-01
  -2.67762318617236649843e-01-j1.96835375670435047679e-01
  -2.82754259709571909021e-01-j1.93616087053398056028e-01
  -2.97653237857584962445e-01-j1.89543968259159922862e-01
  -3.12414393194226258643e-01-j1.84630001866857629267e-01
  -3.26994233006217327464e-01-j1.78887426362819845771e-01
  -3.41350730182972850191e-01-j1.72331588922214257176e-01
  -3.55443407197737815117e-01-j1.64979796726309635435e-01
  -3.69233406156429744271e-01-j1.56851168115217376453e-01
  -3.82683545546451120423e-01-j1.47966484756726801564e-01
  -3.95758364396436468358e-01-j1.38348045889577386802e-01
  -4.08424154619630497276e-01-j1.28019525576152037871e-01
  -4.20648982357804845922e-01-j1.17005833777412554531e-01
  -4.32402699171980819948e-01-j1.05332981943735096153e-01
  -4.43656943942666692760e-01-j9.30279537005177098452e-02
  -4.54385136344485240922e-01-j8.01185810983569141053e-02
  -4.64562462753340343902e-01-j6.66334267950954017845e-02
  -4.74165855426312343734e-01-j5.26016724420621875624e-02
  -4.83173965770645641449e-01-j3.80530134590725543919e-02
  -4.91567132485037139311e-01-j2.30175603040177548242e-02
  -4.99327345321225413155e-01-j7.52574627107129023873e-03
  -5.06438205171763411450e-01+j8.39175821110085817800e-03
  -5.12884881146839055610e-01+j2.47041248653155492976e-02
  -5.18654065256651142235e-01+j4.13804405676429717942e-02
  -5.23733925269645128608e-01+j5.83897742373794201298e-02
  -5.28114056269260667698e-01+j7.57012378210903114084e-02
  -5.31785431385453866149e-01+j9.32840416042900327787e-02
  -5.34740352131310436867e-01+j1.11107544106043565346e-01
  -5.36972398730449218540e-01+j1.29141296828051505008e-01
  -5.38476380778741603450e-01+j1.47355084142221065546e-01
  -5.39248288542351628116e-01+j1.65718958607521532622e-01
  -5.39285245156375214748e-01+j1.84203272011647323225e-01
  -5.38585459951930856093e-01+j2.02778702433404456329e-01
  -5.37148183105899179601e-01+j2.21416277619800760945e-01
  -5.34973661776486308916e-01+j2.40087394967600731288e-01
  -5.32063097859166500569e-01+j2.58763838392897460583e-01
  -5.28418607471237367079e-01+j2.77417792364248072534e-01
  -5.24043182249613881396e-01+j2.96021853366176257438e-01
  -5.18940652524841117277e-01+j3.14549039049457357375e-01
  -5.13115652415177758705e-01+j3.32972795314297131952e-01
  -5.06573586867226199892e-01+j3.51267001560884306599e-01
  -4.99320600654400259533e-01+j3.69405974330670572314e-01
  -4.91363549331038484969e-01+j3.87364469549920653613e-01
  -4.82709972128195330399e-01+j4.05117683575795139994e-01
  -4.73368066766778616827e-01+j4.22641253233574376580e-01
  -4.63346666154935804549e-01+j4.39911255022801594983e-01
  -4.52655216928890491435e-01+j4.56904203659322327713e-01
  -4.41303759789914817890e-01+j4.73597050109779704741e-01
  -4.29302911584634183662e-01+j4.89967179265560992540e-01
  -4.16663849071165270921e-01+j5.05992407393562659834e-01
  -4.03398294309707750038e-01+j5.21650979492629729428e-01
  -3.89518501612910739151e-01+j5.36921566676147432595e-01
  -3.75037245988620759896e-01+j5.51783263693640835257e-01
  -3.59967813005280246053e-01+j5.66215586697142669870e-01
  -3.44323990008318092659e-01+j5.80198471351339506441e-01
  -3.28120058614113641049e-01+j5.93712271380699263545e-01
  -3.11370788406626242129e-01+j6.06737757640898767164e-01
  -2.94091431760319876876e-01+j6.19256117796930793951e-01
  -2.76297719711613321003e-01+j6.31248956685452000670e-01
  -2.58005858799699117068e-01+j6.42698297434568188713e-01
  -2.39232528795956300716e-01+j6.53586583410396104732e-01
  -2.19994881239740869283e-01+j6.63896681055648807401e-01
  -2.00310538696272855130e-01+j6.73611883682411205498e-01
  -1.80197594650547909811e-01+j6.82715916277517709254e-01
  -1.59674613948786459083e-01+j6.91192941375940561599e-01
  -1.38760633696460966569e-01+j6.99027566054251536798e-01
  -1.17475164519141445085e-01+j7.06204850093053004834e-01
  -9.58381920892824867853e-02+j7.12710315353850321074e-01
  -7.38701788186722219098e-02+j7.18529956412433890023e-01
  -5.15920656126443305522e-02+j7.23650252486984335576e-01
  -2.90252735781450776908e-02+j7.28058180695145273909e-01
  -6.19170557359262352382e-03+j7.31741230669787579011e-01
  +1.68862525159613474646e-02+j7.34687420558373105450e-01
  +4.01857308993724127166e-02+j7.36885314425253290516e-01
  +6.36833755214459978911e-02+j7.38324041070350323146e-01
  +8.73553483569383393270e-02+j7.38993314270850465419e-01
  +1.11177328491721738590e-01+j7.38883454445112941578e-01
  +1.35124514130976203230e-01+j7.37985411729823570504e-01
  +1.59171625678619615973e-01+j7.36290790452257981613e-01
  +1.83292910036387535211e-01+j7.33791874969660029571e-01
  +2.07462146274534076085e-01+j7.30481656836791559684e-01
  +2.31652652829396843437e-01+j7.26353863250981279798e-01
  +2.55837296385395596143e-01+j7.21402986711230820305e-01
  +2.79988502600703403900e-01+j7.15624315814260225643e-01
  +3.04078268836419751686e-01+j7.09013967095889041659e-01
  +3.28078179048595430789e-01+j7.01568917810658554401e-01
  +3.51959421000601180296e-01+j6.93287039526459314409e-01
  +3.75692805950097408196e-01+j6.84167132394026711317e-01
  +3.99248790959933097522e-01+j6.74208959933718654511e-01
  +4.22597503975742139204e-01+j6.63413284164051986203e-01
  +4.45708771804289471952e-01+j6.51781900878325770599e-01
  +4.68552151116190918057e-01+j6.39317674857361684104e-01
  +4.91096962583754959031e-01+j6.26024574788266896519e-01
  +5.13312328249740934538e-01+j6.11907707641314857483e-01
  +5.35167212205507114575e-01+j5.96973352239913324091e-01
  +5.56630464637331567879e-01+j5.81228991742355982630e-01
  +5.77670869277618348470e-01+j5.64683344739023818093e-01
  +5.98257194273361214698e-01+j5.47346394655197743262e-01
  +6.18358246457495153159e-01+j5.29229417137977886654e-01
  +6.37942928980003820527e-01+j5.10345005096337178685e-01
  +6.56980302224774659337e-01+j4.90707091056345579005e-01
  +6.75439647905590079269e-01+j4.70330966489566903999e-01
  +6.93290536200424134528e-01+j4.49233297771562400946e-01
  +7.10502895747859852804e-01+j4.27432138430043573329e-01
  +7.27047086293097777343e-01+j4.04946937348318103389e-01
  +7.42893973734260804065e-01+j3.81798542599905643691e-01
  +7.58015007282895503238e-01+j3.58009200604415211977e-01
  +7.72382298416156132248e-01+j3.33602550313349233146e-01
  +7.85968701262759528170e-01+j3.08603612157349493916e-01
  +7.98747894030867766624e-01+j2.83038771513655473822e-01
  +8.10694461054167647696e-01+j2.56935756483976873721e-01
  +8.21783975003155253702e-01+j2.30323609808757601147e-01
  +8.31993078782574335683e-01+j2.03232654783281729838e-01
  +8.41299566613560201311e-01+j1.75694455084407286094e-01
  +8.49682463780933816544e-01+j1.47741768463188288818e-01
  +8.57122104512716087577e-01+j1.19408494308011703389e-01
  +8.63600207450629264727e-01+j9.07296151345071966166e-02
  +8.69099948167681879418e-01+j6.17411321119002640123e-02
  +8.73606028191953543072e-01+j3.24799947898720270389e-02
  +8.77104740004888694394e-01+j2.98402524484398315452e-03
  +8.79584027497553044839e-01-j2.67081630809558392969e-02
  +8.81033541389826702073e-01-j5.65572515209307180584e-02
  +8.81444689144954551807e-01-j8.65233069278920907674e-02
  +8.80810678945310843169e-01-j1.16565876593212380818e-01
  +8.79126557334272473732e-01-j1.46644086868961465164e-01
  +8.76389240173292227709e-01-j1.76716744979287299078e-01
  +8.72597536612350954677e-01-j2.06742443470834924568e-01
  +8.67752165824987820031e-01-j2.36679666720664622082e-01
  +8.61855766315859805893e-01-j2.66486898894880253064e-01
  +8.54912897668125615347e-01-j2.96122732732048365989e-01
  +8.46930034659395092334e-01-j3.25545978513091471829e-01
  +8.37915553737545559798e-01-j3.54715772573634291476e-01
  +8.27879711910627369420e-01-j3.83591684716140579603e-01
  +8.16834618167478931916e-01-j4.12133823887342987113e-01
  +8.04794197606658823219e-01-j4.40302941501503231070e-01
  +7.91774148510197894879e-01-j4.68060531811554936255e-01
  +7.77791892654540628627e-01-j4.95368928758004978263e-01
  +7.62866519203341475475e-01-j5.22191398758944380631e-01
  +7.47018722574643190271e-01-j5.48492228943393667073e-01
  +7.30270734718115654971e-01-j5.74236810373551898046e-01
  +7.12646252275744962468e-01-j5.99391715848997308491e-01
  +6.94170359131367153971e-01-j6.23924771936565814023e-01
  +6.74869444880549673726e-01-j6.47805124922780861674e-01
  +6.54771119772130316683e-01-j6.71003300440748629008e-01
  +6.33904126686515301259e-01-j6.93491256579332637777e-01
  +6.12298250723215864433e-01-j7.15242430338650758692e-01
  +5.89984226971658642924e-01-j7.36231777351659566477e-01
  +5.66993647034824910236e-01-j7.56435804846117498812e-01
  +5.43358864865459034732e-01-j7.75832597873962082069e-01
  +5.19112902459385683329e-01-j7.94401838885520517053e-01
  +4.94289355930782603465e-01-j8.12124820773349798131e-01
  +4.68922302470088425697e-01-j8.28984453554701850031e-01
  +4.43046208657499829275e-01-j8.44965264901881285553e-01
  +4.16695840573941267415e-01-j8.60053394766277401473e-01
  +3.89906176117787606206e-01-j8.74236584373944691784e-01
  +3.62712319899866020290e-01-j8.87504159898472311241e-01
  +3.35149421052002793875e-01-j8.99847011140292640796e-01
  +3.07252594246123778010e-01-j9.11257565560591675791e-01
  +2.79056844182124785814e-01-j9.21729758032650781097e-01
  +2.50596993764045594677e-01-j9.31258996683871576039e-01
  +2.21907616145668395990e-01-j9.39842125208196432773e-01
  +1.93022970789252401591e-01-j9.47477382031156833975e-01
  +1.63976943644799533217e-01-j9.54164356708815386554e-01
  +1.34802991522475879016e-01-j9.59903943937589154700e-01
  +1.05534090697865595709e-01-j9.64698295544628603437e-01
  +7.62026897586472046209e-02-j9.68550770818501383097e-01
  +4.68406666726151055258e-02-j9.71465885527601380467e-01
  +1.74792900302814802060e-02-j9.73449259959390467145e-01
  -1.18508156087308719195e-02-j9.74507566297520222420e-01
  -4.11197003580050859939e-02-j9.74648475636471833816e-01
  -7.02981157471722073460e-02-j9.73880604914832304075e-01
  -9.93575376938400367521e-02-j9.72213464028993112898e-01
  -1.28270185847673107160e-01-j9.69657403369231563062e-01
  -1.57009039461812938132e-01-j9.66223561999986158000e-01
  -1.85547849956766902624e-01-j9.61923816685929078396e-01
</dep>
