<Qucs Dataset 1.0.7>
<indep frequency 181>
  +1.00000000000000000000e+09
  +1.05000000000000000000e+09
  +1.10000000000000000000e+09
  +1.15000000000000000000e+09
  +1.20000000000000000000e+09
  +1.25000000000000000000e+09
  +1.30000000000000000000e+09
  +1.35000000000000000000e+09
  +1.40000000000000000000e+09
  +1.45000000000000000000e+09
  +1.50000000000000000000e+09
  +1.55000000000000000000e+09
  +1.60000000000000000000e+09
  +1.65000000000000000000e+09
  +1.70000000000000000000e+09
  +1.75000000000000000000e+09
  +1.80000000000000000000e+09
  +1.85000000000000000000e+09
  +1.90000000000000000000e+09
  +1.95000000000000000000e+09
  +2.00000000000000000000e+09
  +2.05000000000000000000e+09
  +2.10000000000000000000e+09
  +2.15000000000000000000e+09
  +2.20000000000000000000e+09
  +2.25000000000000000000e+09
  +2.30000000000000000000e+09
  +2.35000000000000000000e+09
  +2.40000000000000000000e+09
  +2.45000000000000000000e+09
  +2.50000000000000000000e+09
  +2.55000000000000000000e+09
  +2.60000000000000000000e+09
  +2.65000000000000000000e+09
  +2.70000000000000000000e+09
  +2.75000000000000000000e+09
  +2.80000000000000000000e+09
  +2.85000000000000000000e+09
  +2.90000000000000000000e+09
  +2.95000000000000000000e+09
  +3.00000000000000000000e+09
  +3.05000000000000000000e+09
  +3.10000000000000000000e+09
  +3.15000000000000000000e+09
  +3.20000000000000000000e+09
  +3.25000000000000000000e+09
  +3.30000000000000000000e+09
  +3.35000000000000000000e+09
  +3.40000000000000000000e+09
  +3.45000000000000000000e+09
  +3.50000000000000000000e+09
  +3.55000000000000000000e+09
  +3.60000000000000000000e+09
  +3.65000000000000000000e+09
  +3.70000000000000000000e+09
  +3.75000000000000000000e+09
  +3.80000000000000000000e+09
  +3.85000000000000000000e+09
  +3.90000000000000000000e+09
  +3.95000000000000000000e+09
  +4.00000000000000000000e+09
  +4.05000000000000000000e+09
  +4.10000000000000000000e+09
  +4.15000000000000000000e+09
  +4.20000000000000000000e+09
  +4.25000000000000000000e+09
  +4.30000000000000000000e+09
  +4.35000000000000000000e+09
  +4.40000000000000000000e+09
  +4.45000000000000000000e+09
  +4.50000000000000000000e+09
  +4.55000000000000000000e+09
  +4.60000000000000000000e+09
  +4.65000000000000000000e+09
  +4.70000000000000000000e+09
  +4.75000000000000000000e+09
  +4.80000000000000000000e+09
  +4.85000000000000000000e+09
  +4.90000000000000000000e+09
  +4.95000000000000000000e+09
  +5.00000000000000000000e+09
  +5.05000000000000000000e+09
  +5.10000000000000000000e+09
  +5.15000000000000000000e+09
  +5.20000000000000000000e+09
  +5.25000000000000000000e+09
  +5.30000000000000000000e+09
  +5.35000000000000000000e+09
  +5.40000000000000000000e+09
  +5.45000000000000000000e+09
  +5.50000000000000000000e+09
  +5.55000000000000000000e+09
  +5.60000000000000000000e+09
  +5.65000000000000000000e+09
  +5.70000000000000000000e+09
  +5.75000000000000000000e+09
  +5.80000000000000000000e+09
  +5.85000000000000000000e+09
  +5.90000000000000000000e+09
  +5.95000000000000000000e+09
  +6.00000000000000000000e+09
  +6.05000000000000000000e+09
  +6.10000000000000000000e+09
  +6.15000000000000000000e+09
  +6.20000000000000000000e+09
  +6.25000000000000000000e+09
  +6.30000000000000000000e+09
  +6.35000000000000000000e+09
  +6.40000000000000000000e+09
  +6.45000000000000000000e+09
  +6.50000000000000000000e+09
  +6.55000000000000000000e+09
  +6.60000000000000000000e+09
  +6.65000000000000000000e+09
  +6.70000000000000000000e+09
  +6.75000000000000000000e+09
  +6.80000000000000000000e+09
  +6.85000000000000000000e+09
  +6.90000000000000000000e+09
  +6.95000000000000000000e+09
  +7.00000000000000000000e+09
  +7.05000000000000000000e+09
  +7.10000000000000000000e+09
  +7.15000000000000000000e+09
  +7.20000000000000000000e+09
  +7.25000000000000000000e+09
  +7.30000000000000000000e+09
  +7.35000000000000000000e+09
  +7.40000000000000000000e+09
  +7.45000000000000000000e+09
  +7.50000000000000000000e+09
  +7.55000000000000000000e+09
  +7.60000000000000000000e+09
  +7.65000000000000000000e+09
  +7.70000000000000000000e+09
  +7.75000000000000000000e+09
  +7.80000000000000000000e+09
  +7.85000000000000000000e+09
  +7.90000000000000000000e+09
  +7.95000000000000000000e+09
  +8.00000000000000000000e+09
  +8.05000000000000000000e+09
  +8.10000000000000000000e+09
  +8.15000000000000000000e+09
  +8.20000000000000000000e+09
  +8.25000000000000000000e+09
  +8.30000000000000000000e+09
  +8.35000000000000000000e+09
  +8.40000000000000000000e+09
  +8.45000000000000000000e+09
  +8.50000000000000000000e+09
  +8.55000000000000000000e+09
  +8.60000000000000000000e+09
  +8.65000000000000000000e+09
  +8.70000000000000000000e+09
  +8.75000000000000000000e+09
  +8.80000000000000000000e+09
  +8.85000000000000000000e+09
  +8.90000000000000000000e+09
  +8.95000000000000000000e+09
  +9.00000000000000000000e+09
  +9.05000000000000000000e+09
  +9.10000000000000000000e+09
  +9.15000000000000000000e+09
  +9.20000000000000000000e+09
  +9.25000000000000000000e+09
  +9.30000000000000000000e+09
  +9.35000000000000000000e+09
  +9.40000000000000000000e+09
  +9.45000000000000000000e+09
  +9.50000000000000000000e+09
  +9.55000000000000000000e+09
  +9.60000000000000000000e+09
  +9.65000000000000000000e+09
  +9.70000000000000000000e+09
  +9.75000000000000000000e+09
  +9.80000000000000000000e+09
  +9.85000000000000000000e+09
  +9.90000000000000000000e+09
  +9.95000000000000000000e+09
  +1.00000000000000000000e+10
</indep>
<dep S21_phase frequency>
  -5.36949854024114756612e+01
  -5.61675971788560843834e+01
  -5.86160431390249740957e+01
  -6.10404257631595541511e+01
  -6.34409296683740748790e+01
  -6.58178137694260669832e+01
  -6.81714035895404322218e+01
  -7.05020838103731506408e+01
  -7.28102911315540666237e+01
  -7.50965074932497742566e+01
  -7.73612536998096231855e+01
  -7.96050834691377247054e+01
  -8.18285779208793542239e+01
  -8.40323405067766486809e+01
  -8.62169923785985901077e+01
  -8.83831681826638941857e+01
  -9.05315122650306562946e+01
  -9.26626752677749294662e+01
  -9.47773110941748768710e+01
  -9.68760742189526666834e+01
  -9.89596173188664636200e+01
  -1.01028589198632246848e+02
  -1.03083632987424877570e+02
  -1.05125384581789504068e+02
  -1.07154471311745396633e+02
  -1.09171510807930658871e+02
  -1.11177110048944513210e+02
  -1.13171864569360337782e+02
  -1.15156357810288241694e+02
  -1.17131160595745214437e+02
  -1.19096830719490839101e+02
  -1.21053912628293645071e+02
  -1.23002937188893469056e+02
  -1.24944421527126905858e+02
  -1.26878868928817738038e+02
  -1.28806768793122131456e+02
  -1.30728596629968762954e+02
  -1.32644814094175217178e+02
  -1.34555869049645906443e+02
  -1.36462195657815527738e+02
  -1.38364214485209288341e+02
  -1.40262332625617261783e+02
  -1.42156943832954482332e+02
  -1.44048428661397821315e+02
  -1.45937154609859163656e+02
  -1.47823476268274561107e+02
  -1.49707735463571253831e+02
  -1.51590261403511533445e+02
  -1.53471370816927048963e+02
  -1.55351368089127134908e+02
  -1.57230545391516500331e+02
  -1.59109182804682205870e+02
  -1.60987548434410427944e+02
  -1.62865898520276488171e+02
  -1.64744477536616614088e+02
  -1.66623518285838400743e+02
  -1.68503241984163935285e+02
  -1.70383858340020537980e+02
  -1.72265565625407333528e+02
  -1.74148550740668298431e+02
  -1.76032989273193749113e+02
  -1.77919045550660115396e+02
  -1.79806872689491711981e+02
  +1.78303387360699105102e+02
  +1.76411603775871441258e+02
  +1.74517656818643303041e+02
  +1.72621437800772980609e+02
  +1.70722849046065476841e+02
  +1.68821803852690294434e+02
  +1.66918226453867077907e+02
  +1.65012051975848351049e+02
  +1.63103226392109576182e+02
  +1.61191706472643460302e+02
  +1.59277459727252363564e+02
  +1.57360464341729965554e+02
  +1.55440709105837669313e+02
  +1.53518193331996940287e+02
  +1.51592926763642083188e+02
  +1.49664929472217039574e+02
  +1.47734231741839010965e+02
  +1.45800873940703297649e+02
  +1.43864906378364878492e+02
  +1.41926389148103254456e+02
  +1.39985391953649497054e+02
  +1.38041993919644994548e+02
  +1.36096283385291826562e+02
  +1.34148357680760000221e+02
  +1.32198322886020605438e+02
  +1.30246293571891754937e+02
  +1.28292392523203261590e+02
  +1.26336750444111842739e+02
  +1.24379505645724776741e+02
  +1.22420803716323732147e+02
  +1.20460797174611485616e+02
  +1.18499645106536576122e+02
  +1.16537512786380787588e+02
  +1.14574571282926797267e+02
  +1.12610997051647672151e+02
  +1.10646971513966519751e+02
  +1.08682680624775869660e+02
  +1.06718314429476507144e+02
  +1.04754066611920222840e+02
  +1.02790134034708884769e+02
  +1.00826716273384661804e+02
  +9.88640151461032701263e+01
  +9.69022342404407339700e+01
  +9.49415784390092483136e+01
  +9.29822534455753100247e+01
  +9.10244653134183607790e+01
  +8.90684199775916880526e+01
  +8.71143227928117340753e+01
  +8.51623780785859452180e+01
  +8.32127886732213966070e+01
  -9.87342445017805090401e+01
  -1.00678522865451171242e+02
  -1.02619850587828238986e+02
  -1.04558034985857929655e+02
  -1.06492886903550015631e+02
  -1.08424221075311152163e+02
  -1.10351856471435596063e+02
  -1.12275616624965138612e+02
  -1.14195329939119815776e+02
  -1.16110829974754892646e+02
  -1.18021955717313105083e+02
  -1.19928551822949174266e+02
  -1.21830468843568368698e+02
  -1.23727563430687382606e+02
  -1.25619698518104115692e+02
  -1.27506743483492940072e+02
  -1.29388574289153297059e+02
  -1.31265073602217910320e+02
  -1.33136130894740460917e+02
  -1.35001642524154675584e+02
  -1.36861511794674385101e+02
  -1.38715649000281700864e+02
  -1.40563971449998575736e+02
  -1.42406403476198306635e+02
  -1.44242876426755714192e+02
  -1.46073328641867902888e+02
  -1.47897705416408598467e+02
  -1.49715958948698101949e+02
  -1.51528048276585792564e+02
  -1.53333939201749871017e+02
  -1.55133604203113037556e+02
  -1.56927022340276835166e+02
  -1.58714179147862580521e+02
  -1.60495066521624892175e+02
  -1.62269682597197515861e+02
  -1.64038031622292749034e+02
  -1.65800123823161527525e+02
  -1.67555975266080594110e+02
  -1.69305607714610545145e+02
  -1.71049048483325748293e+02
  -1.72786330288688304790e+02
  -1.74517491097697387659e+02
  -1.76242573974907941192e+02
  -1.77961626928380724166e+02
  -1.79674702755076992844e+02
  +1.78618141113816477628e+02
  +1.76916842767190559016e+02
  +1.75221335967533661915e+02
  +1.73531550303303845340e+02
  +1.71847411339808218145e+02
  +1.70168840768294614918e+02
  +1.68495756552980225251e+02
  +1.66828073075780736190e+02
  +1.65165701278532651486e+02
  +1.63508548802524671828e+02
  +1.61856520125189717874e+02
  +1.60209516693827339395e+02
  +1.58567437056254021854e+02
  +1.56930176988301241181e+02
  +1.55297629618103997018e+02
  +1.53669685547137731874e+02
  +1.52046232967984877860e+02
  +1.50427157778829496237e+02
  +1.48812343694689985796e+02
  +1.47201672355420612348e+02
  +1.45595023430520996044e+02
  +1.43992274720810598865e+02
  +1.42393302257030995861e+02
</dep>
<dep S11_phase frequency>
  -1.43710310895448373003e+02
  -1.46181920869118073369e+02
  -1.48629375301266463794e+02
  -1.51052774302830215447e+02
  -1.53452300560674103735e+02
  -1.55828211420254262976e+02
  -1.58180831135173320945e+02
  -1.60510543368599371661e+02
  -1.62817784014000949355e+02
  -1.65103034386416567258e+02
  -1.67366814820679678633e+02
  -1.69609678699985153116e+02
  -1.71832206926933594104e+02
  -1.74035002839678924147e+02
  -1.76218687568007226218e+02
  -1.78383895817922507376e+02
  +1.79468727931542588294e+02
  +1.77338532839150360587e+02
  +1.75224864742324882627e+02
  +1.73127068852088257245e+02
  +1.71044492126930094855e+02
  +1.68976485350742080982e+02
  +1.66922404939673754143e+02
  +1.64881614502159294489e+02
  +1.62853486175399666536e+02
  +1.60837401760513301952e+02
  +1.58832753677240503976e+02
  +1.56838945757775633183e+02
  +1.54855393897879935139e+02
  +1.52881526582045182749e+02
  +1.50916785298080071698e+02
  +1.48960624855172028447e+02
  +1.47012513618181259289e+02
  +1.45071933669715406268e+02
  +1.43138380910397899015e+02
  +1.41211365106654682222e+02
  +1.39290409894388346856e+02
  +1.37375052745969924217e+02
  +1.35464844907154002840e+02
  +1.33559351309758227444e+02
  +1.31658150465245597616e+02
  +1.29760834343717959882e+02
  +1.27867008242256858352e+02
  +1.25976290646023429076e+02
  +1.24088313085064527286e+02
  +1.22202719989349304797e+02
  +1.20319168544179362357e+02
  +1.18437328547773432774e+02
  +1.16556882272520169863e+02
  +1.14677524331115662903e+02
  +1.12798961548551616829e+02
  +1.10920912840697837964e+02
  +1.09043109100018170921e+02
  +1.07165293088777474395e+02
  +1.05287219339931098716e+02
  +1.03408654065739369798e+02
  +1.01529375074013543667e+02
  +9.96491716917745833371e+01
  +9.77678446959968709962e+01
  +9.58852062510021454500e+01
  +9.40010798519800232498e+01
  +9.21153002740208535215e+01
  +9.02277135259727600669e+01
  +8.83381768083632579192e+01
  +8.64465584745569941560e+01
  +8.45527379942726042827e+01
  +8.26566059185173713786e+01
  +8.07580638449663013034e+01
  +7.88570243827611392362e+01
  +7.69534111156805948895e+01
  +7.50471585626014388026e+01
  +7.31382121341507485113e+01
  +7.12265280844394936821e+01
  +6.93120734567577443386e+01
  +6.73948260221165611483e+01
  +6.54747742095280642616e+01
  +6.35519170269360742509e+01
  +6.16262639717303741804e+01
  +5.96978349298167643155e+01
  +5.77666600622547150579e+01
  +5.58327796785259380385e+01
  +5.38962440955581669755e+01
  +5.19571134816992739047e+01
  +5.00154576849110483749e+01
  +4.80713560445394065823e+01
  +4.61248971861144951845e+01
  +4.41761787987325718063e+01
  +4.22253073946825026042e+01
  +4.02723980510938872612e+01
  +3.83175741335061417203e+01
  +3.63609670013826189461e+01
  +3.44027156957232804757e+01
  +3.24429666090609813978e+01
  +3.04818731382614487302e+01
  +2.85195953206788495038e+01
  +2.65562994543506079026e+01
  +2.45921577030479916459e+01
  +2.26273476871218299777e+01
  +2.06620520612038767183e+01
  +1.86964580799405837297e+01
  +1.67307571530395158277e+01
  +1.47651443910068849164e+01
  +1.27998181430419357696e+01
  +1.08349795286274943606e+01
  +8.87083196442300270235e+00
  +6.90758068811256187303e+00
  +4.94543228089913178280e+00
  +2.98459419036078310583e+00
  +1.02527425539050254244e+00
  -9.32319765062341043738e-01
  -2.88798065775151613366e+00
  -4.84150221372927003216e+00
  -6.79267967816017659288e+00
  -8.74131018979604412777e+00
  -1.06871932086241532289e+01
  -1.26301309302837054815e+01
  -1.45699286859413241757e+01
  -1.65063953264101890284e+01
  -1.84393435894128998598e+01
  -2.03685904489991180810e+01
  -2.22939574462480400996e+01
  -2.42152710005123879000e+01
  -2.61323627005807921364e+01
  -2.80450695752654937110e+01
  -2.99532343430450431754e+01
  -3.18567056405176316503e+01
  -3.37553382295397241819e+01
  -3.56489931830426556303e+01
  -3.75375380496322108570e+01
  -3.94208469971824868594e+01
  -4.12988009357366578911e+01
  -4.31712876201167787826e+01
  -4.50382017327371784177e+01
  -4.68994449471867440593e+01
  -4.87549259732197413086e+01
  -5.06045605838542087440e+01
  -5.24482716253330281120e+01
  -5.42859890107425329120e+01
  -5.61176496981267689534e+01
  -5.79431976539593875941e+01
  -5.97625838028595381957e+01
  -6.15757659644517829634e+01
  -6.33827087782774398761e+01
  -6.51833836176642336113e+01
  -6.69777684934603598776e+01
  -6.87658479485243958607e+01
  -7.05476129438491028623e+01
  -7.23230607371807110439e+01
  -7.40921947549641402020e+01
  -7.58550244584275787929e+01
  -7.76115652045821207139e+01
  -7.93618381028845902847e+01
  -8.11058698682757039933e+01
  -8.28436926712717394139e+01
  -8.45753439857479776265e+01
  -8.63008664350196710302e+01
  -8.80203076367825758552e+01
  -8.97337200474425031871e+01
  -9.14411608063202692165e+01
  -9.31426915801849872878e+01
  -9.48383784085295076238e+01
  -9.65282915499660703063e+01
  -9.82125053300850936466e+01
  -9.98910979910855729713e+01
  -1.01564151543454457283e+02
  -1.03231751619936957809e+02
  -1.04893987332013324476e+02
  -1.06550951129067371426e+02
  -1.08202738660402630444e+02
  -1.09849448640240893837e+02
  -1.11491182715805976500e+02
  -1.13128045338582211343e+02
  -1.14760143638804890998e+02
  -1.16387587303227391544e+02
  -1.18010488456190046236e+02
  -1.19628961543990996574e+02
  -1.21243123222554828544e+02
  -1.22853092248368753303e+02
  -1.24458989372648005656e+02
  -1.26060937238678675953e+02
  -1.27659060282272648124e+02
</dep>
<dep S21_dB frequency>
  -1.13418078832500746067e+00
  -1.23561750977200879298e+00
  -1.33974608742467315992e+00
  -1.44636435336526458784e+00
  -1.55527852996225401938e+00
  -1.66630380757989593477e+00
  -1.77926477905939495194e+00
  -1.89399574452143282244e+00
  -2.01034090042862922942e+00
  -2.12815442683684796776e+00
  -2.24730048641205915061e+00
  -2.36765314818874905711e+00
  -2.48909624825531761161e+00
  -2.61152319863273785217e+00
  -2.73483675462211150986e+00
  -2.85894874987164637758e+00
  -2.98377980738998438426e+00
  -3.10925903374240908406e+00
  -3.23532370271825353569e+00
  -3.36191893387336682153e+00
  -3.48899737054108793899e+00
  -3.61651886116130905080e+00
  -3.74445014711779533556e+00
  -3.87276455968066102287e+00
  -4.00144172814168452845e+00
  -4.13046730077148449567e+00
  -4.25983267985312252790e+00
  -4.38953477171114947453e+00
  -4.51957575238550557373e+00
  -4.64996284936924375586e+00
  -4.78070813964615215497e+00
  -4.91182836411471868132e+00
  -5.04334475837052575997e+00
  -5.17528289973234834065e+00
  -5.30767257033454420423e+00
  -5.44054763607249025625e+00
  -5.57394594116072816803e+00
  -5.70790921806474038647e+00
  -5.84248301257464941472e+00
  -5.97771662381212909310e+00
  -6.11366305899660744672e+00
  -6.25037900284104530613e+00
  -6.38792480150103791914e+00
  -6.52636446106432543957e+00
  -6.66576566064058884109e+00
  -6.80619978018953375454e+00
  -6.94774194331703398575e+00
  -7.09047107536738963063e+00
  -7.23446997724898466231e+00
  -7.37982541555180926451e+00
  -7.52662822964880628973e+00
  -7.67497345662035890257e+00
  -7.82496047500600422353e+00
  -7.97669316856925458836e+00
  -8.13028011146672113796e+00
  -8.28583477644088972625e+00
  -8.44347576791376752681e+00
  -8.60332708215119801309e+00
  -8.76551839699627954872e+00
  -8.93018539404785549607e+00
  -9.09747011658870263773e+00
  -9.26752136706094375995e+00
  -9.44049514845248616268e+00
  -9.61655515461118071130e+00
  -9.79587331526155580264e+00
  -9.97863040237714393754e+00
  -1.01650167055891351708e+01
  -1.03552327855100561038e+01
  -1.05494903152641068544e+01
  -1.07480130221749465846e+01
  -1.09510377435304135929e+01
  -1.11588156126802999779e+01
  -1.13716133945079374001e+01
  -1.15897149926568197031e+01
  -1.18134231549070491951e+01
  -1.20430614079513702563e+01
  -1.22789762587097488478e+01
  -1.25215397065166573753e+01
  -1.27711521193318677803e+01
  -1.30282455380085675500e+01
  -1.32932874861480758710e+01
  -1.35667853799186381991e+01
  -1.38492916533738785745e+01
  -1.41414097415722057605e+01
  -1.44438010978883184521e+01
  -1.47571934656639776051e+01
  -1.50823906809731429490e+01
  -1.54202843571880432449e+01
  -1.57718678994141221494e+01
  -1.61382534264324135620e+01
  -1.65206923520590400756e+01
  -1.69206006149107999192e+01
  -1.73395898721562105038e+01
  -1.77795064288281068343e+01
  -1.82424803203835708132e+01
  -1.87309878965345220081e+01
  -1.92479326177960352595e+01
  -1.97967508136496839199e+01
  -2.03815522623532494606e+01
  -2.10073103189725287621e+01
  -2.16801241395366552922e+01
  -2.24075885105780692186e+01
  -2.31993290377180692019e+01
  -2.40678001959980214508e+01
  -2.50295182022509052899e+01
  -2.61070481555797471174e+01
  -2.73323773890857033564e+01
  -2.87530264609555246125e+01
  -3.04440900738741682119e+01
  -3.25348155536352052764e+01
  -3.52777078785697568719e+01
  -3.92822856206707626825e+01
  -4.68683119192447037449e+01
  -5.51190216990093801996e+01
  -4.19333852718588317998e+01
  -3.69454167009402141275e+01
  -3.38148498311672369709e+01
  -3.15327207143818775137e+01
  -2.97390814879711484764e+01
  -2.82635574891220997529e+01
  -2.70119005643180507548e+01
  -2.59264580386794492028e+01
  -2.49693765655057866582e+01
  -2.41144574367634021428e+01
  -2.33428119224262751175e+01
  -2.26403695355448242310e+01
  -2.19963650325176658384e+01
  -2.14023762453608696887e+01
  -2.08516883546556464069e+01
  -2.03388601093154406385e+01
  -1.98594195950465959299e+01
  -1.94096457340728001384e+01
  -1.89864080702151447611e+01
  -1.85870471270295745114e+01
  -1.82092836046643533621e+01
  -1.78511484589289644020e+01
  -1.75109283547743075360e+01
  -1.71871226099656162489e+01
  -1.68784088433625818482e+01
  -1.65836152994717345166e+01
  -1.63016983516873956717e+01
  -1.60317240643692962010e+01
  -1.57728529665296406392e+01
  -1.55243273892199784569e+01
  -1.52854608661722668472e+01
  -1.50556292075656710239e+01
  -1.48342629401619809926e+01
  -1.46208408706650949682e+01
  -1.44148845781366787833e+01
  -1.42159536793133192134e+01
  -1.40236417404160018663e+01
  -1.38375727324867536794e+01
  -1.36573979458891479055e+01
  -1.34827932944738737575e+01
  -1.33134569518538565802e+01
  -1.31491072718924719709e+01
  -1.29894809533576669480e+01
  -1.28343314151113396804e+01
  -1.26834273534727088872e+01
  -1.25365514577413765807e+01
  -1.23934992634712131121e+01
  -1.22540781260853712809e+01
  -1.21181062999311173201e+01
  -1.19854121099782080506e+01
  -1.18558332051356920545e+01
  -1.17292158836627198326e+01
  -1.16054144824175260453e+01
  -1.14842908227718698555e+01
  -1.13657137069415412611e+01
  -1.12495584592723663064e+01
  -1.11357065077026025079e+01
  -1.10240450012045005934e+01
  -1.09144664595146156927e+01
  -1.08068684518977224940e+01
  -1.07011533020683575756e+01
  -1.05972278167257272230e+01
  -1.04950030354410284161e+01
  -1.03943939998918928325e+01
  -1.02953195406548836388e+01
  -1.01977020799614059854e+01
  -1.01014674489921958411e+01
</dep>
<dep S11_dB frequency>
  -6.45674854409118736953e+00
  -6.12991915766053452330e+00
  -5.82519273337456766626e+00
  -5.54060006500565371823e+00
  -5.27440361301468918498e+00
  -5.02506146741619197371e+00
  -4.79119834958089008126e+00
  -4.57158203864002388173e+00
  -4.36510402335031155729e+00
  -4.17076347847196959862e+00
  -3.98765388164784262415e+00
  -3.81495174638497225317e+00
  -3.65190706544805943068e+00
  -3.49783514811729645544e+00
  -3.35210960230015286854e+00
  -3.21415626409492949378e+00
  -3.08344791714224708556e+00
  -2.95949967492361931676e+00
  -2.84186492325020312322e+00
  -2.73013173912317830272e+00
  -2.62391971713180405246e+00
  -2.52287714650164129893e+00
  -2.42667849146797776072e+00
  -2.33502213536917535563e+00
  -2.24762835510649949811e+00
  -2.16423749772855167350e+00
  -2.08460833508083887011e+00
  -2.00851657592361521054e+00
  -1.93575351778755422316e+00
  -1.86612482323479067503e+00
  -1.79944940720048873750e+00
  -1.73555842378852998031e+00
  -1.67429434233216456462e+00
  -1.61551010375744263925e+00
  -1.55906834933798887910e+00
  -1.50484071483201242714e+00
  -1.45270718377675178701e+00
  -1.40255549439122262356e+00
  -1.35428059513024257043e+00
  -1.30778414445012369782e+00
  -1.26297405079967250963e+00
  -1.21976404924984982436e+00
  -1.17807331152879157798e+00
  -1.13782608654145001026e+00
  -1.09895136873044507730e+00
  -1.06138259188263117672e+00
  -1.02505734620575528204e+00
  -9.89917116697501708877e-01
  -9.55907041005420343716e-01
  -9.22975685134993395486e-01
  -8.91074835506065476842e-01
  -8.60159305985815691997e-01
  -8.30186758642798450225e-01
  -8.01117537071191154752e-01
  -7.72914511229401246517e-01
  -7.45542932822969572904e-01
  -7.18970300340272761019e-01
  -6.93166232920441549581e-01
  -6.68102352297939572345e-01
  -6.43752172127681321356e-01
  -6.20090994049055543869e-01
  -5.97095809896989182519e-01
  -5.74745209514774590964e-01
  -5.53019293665490851986e-01
  -5.31899591578799513236e-01
  -5.11368982706613905975e-01
  -4.91411622295318595288e-01
  -4.72012870414889373905e-01
  -4.53159224115258718601e-01
  -4.34838252409164904844e-01
  -4.17038533807939426623e-01
  -3.99749596162606579686e-01
  -3.82961858587285153277e-01
  -3.66666575265828686980e-01
  -3.50855780965184549380e-01
  -3.35522238100861458499e-01
  -3.20659385220976256292e-01
  -3.06261286795697140750e-01
  -2.92322584218126846345e-01
  -2.78838447941758937887e-01
  -2.65804530697176744081e-01
  -2.53216921748180501250e-01
  -2.41072102163692847387e-01
  -2.29366901096961617323e-01
  -2.18098453078472837019e-01
  -2.07264156342026856228e-01
  -1.96861632215922649491e-01
  -1.86888685622428551980e-01
  -1.77343266738513971603e-01
  -1.68223433879634870491e-01
  -1.59527317675439150868e-01
  -1.51253086612257892085e-01
  -1.43398914021601986413e-01
  -1.35962946596693501355e-01
  -1.28943274520342238132e-01
  -1.22337903287550051057e-01
  -1.16144727303998190893e-01
  -1.10361505338953655442e-01
  -1.04985837905649304069e-01
  -1.00015146637003046748e-01
  -9.54466557162198109276e-02
  -9.12773754138423709659e-02
  -8.75040877727874810699e-02
  -8.41233344722883968902e-02
  -8.11314068900757107139e-02
  -7.85243383701141189901e-02
  -7.62978986905166883803e-02
  -7.44475907129687197727e-02
  -7.29686491826448541120e-02
  -7.18560416335941865018e-02
  -7.11044713425506569315e-02
  -7.07083822611838525019e-02
  -7.06619658452721649544e-02
  -7.09591696877397565268e-02
  -7.15937078526880238405e-02
  -7.25590727977196564558e-02
  -7.38485487641035859285e-02
  -7.54552265068262617564e-02
  -7.73720192312251087152e-02
  -7.95916795979045715859e-02
  -8.21068176549580586165e-02
  -8.49099195541666296183e-02
  -8.79933669077924696111e-02
  -9.13494566428863646879e-02
  -9.49704212124928559557e-02
  -9.88484490256357622995e-02
  -1.02975704963222933208e-01
  -1.07344350851194730856e-01
  -1.11946565769278943980e-01
  -1.16774566080165134729e-01
  -1.21820625071821980745e-01
  -1.27077092114029760461e-01
  -1.32536411238369261634e-01
  -1.38191139060622414370e-01
  -1.44033961973248941790e-01
  -1.50057712545130533810e-01
  -1.56255385075208974577e-01
  -1.62620150255767759173e-01
  -1.69145368910190191380e-01
  -1.75824604778914400649e-01
  -1.82651636335717404425e-01
  -1.89620467624477206936e-01
  -1.96725338114410841506e-01
  -2.03960731578398002384e-01
  -2.11321384006199486372e-01
  -2.18802290570130786307e-01
  -2.26398711665939805782e-01
  -2.34106178057057495723e-01
  -2.41920495154265557947e-01
  -2.49837746466810728396e-01
  -2.57854296263951510149e-01
  -2.65966791488783771413e-01
  -2.74172162968036536856e-01
  -2.82467625963315760451e-01
  -2.90850680110432635583e-01
  -2.99319108793868915441e-01
  -3.07870978004282258578e-01
  -3.16504634726102684894e-01
  -3.25218704902693001024e-01
  -3.34012091025173096792e-01
  -3.42883969390425424884e-01
  -3.51833787072400372420e-01
  -3.60861258649503080509e-01
  -3.69966362729198805503e-01
  -3.79149338309291150662e-01
  -3.88410681013534708761e-01
  -3.97751139237055240105e-01
  -4.07171710235466000061e-01
  -4.16673636189084095616e-01
  -4.26258400271917692326e-01
  -4.35927722752806945383e-01
  -4.45683557154160026048e-01
  -4.55528086491477468556e-01
  -4.65463719615162918597e-01
  -4.75493087673833692008e-01
  -4.85619040716498084898e-01
  -4.95844644449217830662e-01
  -5.06173177159935372416e-01
  -5.16608126823485558354e-01
  -5.27153188396941585481e-01
  -5.37812261314205897200e-01
</dep>
<dep Zin_ohm frequency>
  +1.20057557344063502569e+03
  +1.13219847781124963149e+03
  +1.06617561126124746806e+03
  +1.00253584523815129614e+03
  +9.41306811180324302768e+02
  +8.82523212947231741055e+02
  +8.26234918702182426387e+02
  +7.72515190324339641847e+02
  +7.21469346066594425793e+02
  +6.73244015518870355663e+02
  +6.28036868044904394992e+02
  +5.86106171214475807574e+02
  +5.47778627981507611366e+02
  +5.13452544683449787044e+02
  +4.83591604034488398156e+02
  +4.58703040326017230655e+02
  +4.39294497029982437653e+02
  +4.25808700120747857909e+02
  +4.18545468486257107088e+02
  +4.17592811932077722759e+02
  +4.22793453574390980521e+02
  +4.33762135579190669432e+02
  +4.49947018578043525849e+02
  +4.70710965036834068087e+02
  +4.95406649899745161747e+02
  +5.23430126635936744606e+02
  +5.54250149931805140113e+02
  +5.87418244563660437052e+02
  +6.22566599885970845207e+02
  +6.59399777233751251515e+02
  +6.97684216968551027094e+02
  +7.37237780425099003878e+02
  +7.77920373224744594154e+02
  +8.19626004637677169740e+02
  +8.62276283970802069234e+02
  +9.05815200829798754967e+02
  +9.50204988097617160747e+02
  +9.95422869248364804662e+02
  +1.04145851518337349262e+03
  +1.08831206511815139493e+03
  +1.13599259433478141545e+03
  +1.18451693621864137640e+03
  +1.23390878631513282926e+03
  +1.28419803244488321070e+03
  +1.33542026779280763549e+03
  +1.38761645397947131642e+03
  +1.44083270901795845020e+03
  +1.49512020124965329160e+03
  +1.55053513523780361538e+03
  +1.60713881949491496925e+03
  +1.66499780907705280697e+03
  +1.72418411868856787805e+03
  +1.78477550415729001543e+03
  +1.84685581208371263529e+03
  +1.91051539923664859089e+03
  +1.97585162494452333704e+03
  +2.04296942138766894459e+03
  +2.11198194839824918745e+03
  +2.18301134118396930717e+03
  +2.25618956137455734279e+03
  +2.33165936401491171637e+03
  +2.40957539567430740135e+03
  +2.49010544179640373841e+03
  +2.57343184488775250429e+03
  +2.65975311926277572638e+03
  +2.74928579298984686829e+03
  +2.84226651361621088654e+03
  +2.93895446143641629533e+03
  +3.03963412282744229742e+03
  +3.14461848690390888805e+03
  +3.25425274196619739087e+03
  +3.36891856458837173705e+03
  +3.48903911458808033785e+03
  +3.61508487467148415817e+03
  +3.74758050574697927004e+03
  +3.88711292973720310329e+03
  +4.03434090384471983270e+03
  +4.19000641722510590625e+03
  +4.35494832776240582461e+03
  +4.53011876981334808079e+03
  +4.71660301265029829665e+03
  +4.91564364685259715770e+03
  +5.12867024040831984166e+03
  +5.35733596403034516698e+03
  +5.60356317415858575259e+03
  +5.86960061807035526726e+03
  +6.15809587142263535497e+03
  +6.47218795974574004504e+03
  +6.81562704437281172432e+03
  +7.19293087085619754362e+03
  +7.60959186341464555881e+03
  +8.07235508229385504819e+03
  +8.58959704068155406276e+03
  +9.17185082165060339321e+03
  +9.83254793856113792572e+03
  +1.05890890029352540296e+04
  +1.14644267496700449556e+04
  +1.24894721889285119687e+04
  +1.37068704524549993948e+04
  +1.51771509954662396922e+04
  +1.69891971905569480441e+04
  +1.92790415695261654037e+04
  +2.22658848008094064426e+04
  +2.63270506990247486101e+04
  +3.21716846030682463606e+04
  +4.13071806659943104023e+04
  +5.75948971865512285149e+04
  +9.46914982777954282938e+04
  +2.52925530636113631772e+05
  +2.73904310442785150371e+05
  +9.78938503752411197638e+04
  +5.88640743389892013511e+04
  +4.20266452302814941504e+04
  +3.26627888247790069727e+04
  +2.67021430021137966833e+04
  +2.25741862331593656563e+04
  +1.95454695734913657361e+04
  +1.72277072780771195539e+04
  +1.53961674001659266651e+04
  +1.39117820037799647253e+04
  +1.26838896002298479289e+04
  +1.16508632230324383272e+04
  +1.07693506770623935154e+04
  +1.00079688630809432652e+04
  +9.34344016527960047824e+03
  +8.75813452808733018173e+03
  +8.23845472250368220557e+03
  +7.77374561570697824209e+03
  +7.35553925069494562194e+03
  +6.97702101198651689629e+03
  +6.63264485891775893833e+03
  +6.31785122568116184993e+03
  +6.02885699034861045220e+03
  +5.76249691079562853702e+03
  +5.51610239184563579329e+03
  +5.28740771733022029366e+03
  +5.07447675231115590577e+03
  +4.87564508507648497471e+03
  +4.68947394333751890372e+03
  +4.51471318096684535703e+03
  +4.35027131858111988549e+03
  +4.19519111791979594273e+03
  +4.04862953313445905223e+03
  +3.90984115048893681887e+03
  +3.77816442828576964530e+03
  +3.65301019973732081780e+03
  +3.53385201617075290415e+03
  +3.42021799580967945076e+03
  +3.31168391120460455568e+03
  +3.20786730113311205059e+03
  +3.10842243409696175149e+03
  +3.01303598309810331557e+03
  +2.92142329719297913471e+03
  +2.83332517591826717762e+03
  +2.74850506920048837856e+03
  +2.66674663868242896569e+03
  +2.58785162719592153735e+03
  +2.51163799190259214811e+03
  +2.43793826381804228731e+03
  +2.36659810234616588787e+03
  +2.29747501832903208197e+03
  +2.23043724316023190113e+03
  +2.16536272487245469165e+03
  +2.10213823491834500601e+03
  +2.04065857171710945295e+03
  +1.98082584901926384191e+03
  +1.92254885881274321946e+03
  +1.86574249990918269759e+03
  +1.81032726455243778219e+03
  +1.75622877641771924573e+03
  +1.70337737424895613003e+03
  +1.65170773613743153874e+03
  +1.60115854009778854561e+03
  +1.55167215716386454005e+03
  +1.50319437372184142987e+03
  +1.45567414023392461786e+03
  +1.40906334389247467698e+03
  +1.36331660309280164256e+03
  +1.31839108193050856244e+03
  +1.27424632322544903218e+03
  +1.23084409885718946498e+03
</dep>
<dep Zin_norm frequency>
  +2.40115114688126993769e+01
  +2.26439695562249916350e+01
  +2.13235122252249489350e+01
  +2.00507169047630249281e+01
  +1.88261362236064861975e+01
  +1.76504642589446341105e+01
  +1.65246983740436483856e+01
  +1.54503038064867919132e+01
  +1.44293869213318881606e+01
  +1.34648803103774064027e+01
  +1.25607373608980878998e+01
  +1.17221234242895171462e+01
  +1.09555725596301520852e+01
  +1.02690508936689948172e+01
  +9.67183208068976796312e+00
  +9.17406080652034461309e+00
  +8.78588994059964889516e+00
  +8.51617400241495658975e+00
  +8.37090936972514221281e+00
  +8.35185623864155424201e+00
  +8.45586907148781996568e+00
  +8.67524271158381310443e+00
  +8.99894037156087023277e+00
  +9.41421930073668100647e+00
  +9.90813299799490287967e+00
  +1.04686025327187355316e+01
  +1.10850029986361029444e+01
  +1.17483648912732085989e+01
  +1.24513319977194178989e+01
  +1.31879955446750258830e+01
  +1.39536843393710210393e+01
  +1.47447556085019808592e+01
  +1.55584074644948913146e+01
  +1.63925200927535428264e+01
  +1.72455256794160405320e+01
  +1.81163040165959756678e+01
  +1.90040997619523430728e+01
  +1.99084573849672956669e+01
  +2.08291703036674711313e+01
  +2.17662413023630278985e+01
  +2.27198518866956291617e+01
  +2.36903387243728253964e+01
  +2.46781757263026584326e+01
  +2.56839606488976635035e+01
  +2.67084053558561542729e+01
  +2.77523290795894261862e+01
  +2.88166541803591691462e+01
  +2.99024040249930678215e+01
  +3.10107027047560706023e+01
  +3.21427763898983016588e+01
  +3.32999561815410558552e+01
  +3.44836823737713586979e+01
  +3.56955100831457983190e+01
  +3.69371162416742535584e+01
  +3.82103079847329709651e+01
  +3.95170324988904653196e+01
  +4.08593884277533803129e+01
  +4.22396389679649857385e+01
  +4.36602268236793875644e+01
  +4.51237912274911465715e+01
  +4.66331872802982303483e+01
  +4.81915079134861485954e+01
  +4.98021088359280739155e+01
  +5.14686368977550543491e+01
  +5.31950623852555182225e+01
  +5.49857158597969331026e+01
  +5.68453302723242188677e+01
  +5.87790892287283242013e+01
  +6.07926824565488459484e+01
  +6.28923697380781803190e+01
  +6.50850548393239449751e+01
  +6.73783712917674364462e+01
  +6.97807822917616107361e+01
  +7.23016974934296854371e+01
  +7.49516101149395836956e+01
  +7.77422585947440580867e+01
  +8.06868180768943972225e+01
  +8.38001283445021130092e+01
  +8.70989665552481113764e+01
  +9.06023753962669644579e+01
  +9.43320602530059630908e+01
  +9.83128729370519351960e+01
  +1.02573404808166401381e+02
  +1.07146719280606902203e+02
  +1.12071263483171719599e+02
  +1.17392012361407097387e+02
  +1.23161917428452710510e+02
  +1.29443759194914804311e+02
  +1.36312540887456236760e+02
  +1.43858617417123952009e+02
  +1.52191837268292914587e+02
  +1.61447101645877097553e+02
  +1.71791940813631072160e+02
  +1.83437016433012075822e+02
  +1.96650958771222747146e+02
  +2.11781780058705095371e+02
  +2.29288534993400901385e+02
  +2.49789443778570245058e+02
  +2.74137409049099971980e+02
  +3.03543019909324812033e+02
  +3.39783943811138954061e+02
  +3.85580831390523314894e+02
  +4.45317696016188165231e+02
  +5.26541013980494994939e+02
  +6.43433692061364922665e+02
  +8.26143613319886185309e+02
  +1.15189794373102449754e+03
  +1.89382996555590852950e+03
  +5.05851061272227252630e+03
  +5.47808620885570326209e+03
  +1.95787700750482235890e+03
  +1.17728148677978401793e+03
  +8.40532904605629823891e+02
  +6.53255776495580107621e+02
  +5.34042860042275947308e+02
  +4.51483724663187331316e+02
  +3.90909391469827312449e+02
  +3.44554145561542384257e+02
  +3.07923348003318551491e+02
  +2.78235640075599292231e+02
  +2.53677792004596966535e+02
  +2.33017264460648760860e+02
  +2.15387013541247853254e+02
  +2.00159377261618857347e+02
  +1.86868803305591995922e+02
  +1.75162690561746615003e+02
  +1.64769094450073652069e+02
  +1.55474912314139572800e+02
  +1.47110785013898919260e+02
  +1.39540420239730337926e+02
  +1.32652897178355175356e+02
  +1.26357024513623230177e+02
  +1.20577139806972212455e+02
  +1.15249938215912564488e+02
  +1.10322047836912716434e+02
  +1.05748154346604408715e+02
  +1.01489535046223110726e+02
  +9.75129017015296994941e+01
  +9.37894788667503860324e+01
  +9.02942636193369025932e+01
  +8.70054263716224056679e+01
  +8.39038223583959279495e+01
  +8.09725906626891855922e+01
  +7.81968230097787397881e+01
  +7.55632885657153963166e+01
  +7.30602039947464163561e+01
  +7.06770403234150563776e+01
  +6.84043599161935844677e+01
  +6.62336782240920882714e+01
  +6.41573460226622387381e+01
  +6.21684486819392390089e+01
  +6.02607196619620708589e+01
  +5.84284659438595852521e+01
  +5.66665035183653458262e+01
  +5.49701013840097658658e+01
  +5.33349327736485818718e+01
  +5.17570325439184273364e+01
  +5.02327598380518409726e+01
  +4.87587652763608474515e+01
  +4.73319620469233157678e+01
  +4.59495003665806436288e+01
  +4.46087448632046417174e+01
  +4.33072544974490938330e+01
  +4.20427646983669021097e+01
  +4.08131714343421876379e+01
  +3.96165169803852776909e+01
  +3.84509771762548666629e+01
  +3.73148499981836536676e+01
  +3.62065452910487550753e+01
  +3.51245755283543843461e+01
  +3.40675474849791228849e+01
  +3.30341547227486316274e+01
  +3.20231708019557714806e+01
  +3.10334431432772923642e+01
  +3.00638874744368287395e+01
  +2.91134828046784903677e+01
  +2.81812668778494916921e+01
  +2.72663320618560334196e+01
  +2.63678216386101702540e+01
  +2.54849264645089803594e+01
  +2.46168819771437874522e+01
</dep>
<dep S[2,2] frequency>
  -3.83280186636245634446e-01-j2.81441108028191611101e-01
  -4.10208995044079705039e-01-j2.74798471903101082514e-01
  -4.36621955264086369919e-01-j2.66208015504110440119e-01
  -4.62392467524112449340e-01-j2.55751848805362280714e-01
  -4.87405639546514724003e-01-j2.43518337278867347262e-01
  -5.11558140734706956465e-01-j2.29600654831185524429e-01
  -5.34757911158182275280e-01-j2.14095462212259834978e-01
  -5.56923753717771252703e-01-j1.97101717646685881125e-01
  -5.77984835888968540019e-01-j1.78719621854724175503e-01
  -5.97880125002240858656e-01-j1.59049695878733410304e-01
  -6.16557778315554472215e-01-j1.38191987176361746892e-01
  -6.33974506330446274660e-01-j1.16245397221892393658e-01
  -6.50094925023307901313e-01-j9.33071222899213154056e-02
  -6.64890910003338997392e-01-j6.94721980913626246945e-02
  -6.78340963135239061188e-01-j4.48331383977350339531e-02
  -6.90429599919000325237e-01-j1.94796576367866729196e-02
  -7.01146763924439198057e-01+j6.50153241166412029783e-03
  -7.10487272841183847838e-01+j3.30268613206781067038e-02
  -7.18450299220084187546e-01+j6.00159830914786737721e-02
  -7.25038887737020520952e-01+j8.73918119303764145966e-02
  -7.30259509786481131322e-01+j1.15080518357885144831e-01
  -7.34121655386839155888e-01+j1.43011492551580216004e-01
  -7.36637461730815346073e-01+j1.71117281095520407108e-01
  -7.37821377218000229448e-01+j1.99333502599566947389e-01
  -7.37689859440726736217e-01+j2.27598746977903831912e-01
  -7.36261105337579158103e-01+j2.55854462544746197317e-01
  -7.33554811562991182505e-01+j2.84044834505647991740e-01
  -7.29591963028162648897e-01+j3.12116657894667581807e-01
  -7.24394647534258973032e-01+j3.40019207533962697365e-01
  -7.17985894429855275867e-01+j3.67704107170373717395e-01
  -7.10389535270559480118e-01+j3.95125199572123164682e-01
  -7.01630084530041608915e-01+j4.22238419043600488045e-01
  -6.91732638501095120631e-01+j4.49001667534784043578e-01
  -6.80722790626531293334e-01+j4.75374695279556280791e-01
  -6.68626561607783109764e-01+j5.01318986690265311346e-01
  -6.55470342750072543225e-01+j5.26797652061138710344e-01
  -6.41280851113939176500e-01+j5.51775325485358125732e-01
  -6.26085095151490911292e-01+j5.76218069268318311416e-01
  -6.09910349610234381323e-01+j6.00093285017864630504e-01
  -5.92784138586562647788e-01+j6.23369631509074872966e-01
  -5.74734225704136236779e-01+j6.46016949353700242753e-01
  -5.55788610479062139547e-01+j6.68006192450078972733e-01
  -5.35975530013630074855e-01+j6.89309366146215740656e-01
  -5.15323465233420652254e-01+j7.09899472014986598900e-01
  -4.93861150949014116041e-01+j7.29750459114296479157e-01
  -4.71617589083480948098e-01+j7.48837181585070399414e-01
  -4.48622064460610703307e-01+j7.67135362425100830741e-01
  -4.24904162596853041123e-01+j7.84621563265701427170e-01
  -4.00493788982605680715e-01+j8.01273159970120274487e-01
  -3.75421189376155872708e-01+j8.17068323866776746733e-01
  -3.49716970666738347084e-01+j8.31986008426014556072e-01
  -3.23412121892315440608e-01+j8.46005941185642540425e-01
  -2.96538035023125534639e-01+j8.59108620727518368376e-01
  -2.69126525144336492534e-01+j8.71275318504467266578e-01
  -2.41209849690649485998e-01+j8.82488085313550274513e-01
  -2.12820726402871390759e-01+j8.92729762207906563098e-01
  -1.83992349691674800249e-01+j9.01983995634711210876e-01
  -1.54758405107408042456e-01+j9.10235256581306884094e-01
  -1.25153081627339068937e-01+j9.17468863504895204564e-01
  -9.52110814833220520104e-02+j9.23671008813460869824e-01
  -6.49676272641384611184e-02+j9.28828788656642867494e-01
  -3.44584660377772050710e-02+j9.32930235775248917207e-01
  -3.71987025022188933648e-03+j9.35964355146830628840e-01
  +2.72113648309070428610e-02+j9.37921162152554166447e-01
  +5.82979273470453987493e-02+j9.38791722977363796154e-01
  +8.95019989591543801977e-02+j9.38568196941444887749e-01
  +1.20785269028700459337e-01+j9.37243880446386068428e-01
  +1.52108953043256917015e-01+j9.34813252204341416096e-01
  +1.83433815442879927238e-01+j9.31272019403249551317e-01
  +2.14720196983238964528e-01+j9.26617164445932339767e-01
  +2.45928046749527395853e-01+j9.20846991886010268757e-01
  +2.77016958910970889640e-01+j9.13961175169291872855e-01
  +3.07946214279353647214e-01+j9.05960802776020313054e-01
  +3.38674826706457987591e-01+j8.96848423347286316520e-01
  +3.69161594324501907138e-01+j8.86628089368575067475e-01
  +3.99365155600807764102e-01+j8.75305398974998150052e-01
  +4.29244050142993494035e-01+j8.62887535436732022731e-01
  +4.58756784154325858438e-01+j8.49383303879812423531e-01
  +4.87861900400466619310e-01+j8.34803164797187080559e-01
  +5.16518052509204128597e-01+j8.19159263907956791684e-01
  +5.44684083384085138135e-01+j8.02465457929497083533e-01
  +5.72319107471514820773e-01+j7.84737335837799587779e-01
  +5.99382596579305926277e-01+j7.65992235206238603062e-01
  +6.25834468903444518517e-01+j7.46249253232099452049e-01
  +6.51635180879213016247e-01+j7.25529252083822240316e-01
  +6.76745821433543004453e-01+j7.03854858230095414839e-01
  +7.01128208178059320055e-01+j6.81250455444543878691e-01
  +7.24744985047213186036e-01+j6.57742171216857740568e-01
  +7.47559720853873121982e-01+j6.33357856342550595841e-01
  +7.69537008206205630501e-01+j6.08127057508936696983e-01
  +7.90642562205309040735e-01+j5.82080982744032415788e-01
  +8.10843318323262285396e-01+j5.55252459647507023988e-01
  +8.30107528846585673854e-01+j5.27675886378095038154e-01
  +8.48404857260942835140e-01+j4.99387175429489349465e-01
  +8.65706469949701906685e-01+j4.70423690286016160655e-01
  +8.81985124581859514237e-01+j4.40824175109655935767e-01
  +8.97215254574186826808e-01+j4.10628677670676511813e-01
  +9.11373049028224913037e-01+j3.79878465794231179320e-01
  +9.24436527565156596076e-01+j3.48615937654265517498e-01
  +9.36385609510226313290e-01+j3.16884526303012337145e-01
  +9.47202176913440219153e-01+j2.84728598878503547098e-01
  +9.56870130934131091216e-01+j2.52193350983123565356e-01
  +9.65375441163387582044e-01+j2.19324696772594585070e-01
  +9.72706187509819852899e-01+j1.86169155336148361979e-01
  +9.78852594329997716116e-01+j1.52773733984563842014e-01
  +9.83807056544551361554e-01+j1.19185809092468952830e-01
  +9.87564157543613263535e-01+j8.54530051646215094152e-02
  +9.90120678750230132081e-01+j5.16230728123630369653e-02
  +9.91475600776643206657e-01+j1.77437663357515318374e-02
  +9.91630096175324826646e-01-j1.61372783908962889876e-02
  +9.90587513853162682231e-01-j4.99726650373608638489e-02
  +9.88353355282656664826e-01-j8.37153562591594208042e-02
  +9.84935242707386637839e-01-j1.17318790800837541299e-01
  +9.80342879599709338123e-01-j1.50736997624800223017e-01
  +9.74588003685710635438e-01-j1.83924706461157078108e-01
  +9.67684332905466848551e-01-j2.16837454211299851536e-01
  +9.59647504724776223561e-01-j2.49431686680222614028e-01
  +9.50495009257515066636e-01-j2.81664855159093063808e-01
  +9.40246116694947287051e-01-j3.13495507429946307365e-01
  +9.28921799569653261486e-01-j3.44883372817513134123e-01
  +9.16544650406780680996e-01-j3.75789440968508137164e-01
  +9.03138795334185728869e-01-j4.06176034095522331402e-01
  +8.88729804235535825185e-01-j4.36006872479943796694e-01
  +8.73344598036847497013e-01-j4.65247133085699593469e-01
  +8.57011353717241686212e-01-j4.93863501192041032262e-01
  +8.39759407629416809726e-01-j5.21824215008708014452e-01
  +8.21619157704452485191e-01-j5.49099103289721224286e-01
  +8.02621965099938883270e-01-j5.75659616012551111908e-01
  +7.82800055830018437497e-01-j6.01478848236722596354e-01
  +7.62186422891626524923e-01-j6.26531557299868757660e-01
  +7.40814729373307723215e-01-j6.50794173549393173417e-01
  +7.18719213002110390853e-01-j6.74244804843986633713e-01
  +6.95934592550707664671e-01-j6.96863235091312094305e-01
  +6.72495976491664149144e-01-j7.18630917115696821185e-01
  +6.48438774249114224801e-01-j7.39530960173103490973e-01
  +6.23798610360649763429e-01-j7.59548112449672685464e-01
  +5.98611241824267059641e-01-j7.78668738894991219190e-01
  +5.72912478867482088951e-01-j7.96880794751979482093e-01
  +5.46738109338290589889e-01-j8.14173795152260737495e-01
  +5.20123826881221273943e-01-j8.30538781149046334562e-01
  +4.93105163026366644097e-01-j8.45968282559442230628e-01
  +4.65717423285444576120e-01-j8.60456277984764539291e-01
  +4.37995627316789093442e-01-j8.73998152371281866735e-01
  +4.09974453190958210147e-01-j8.86590652465139794636e-01
  +3.81688185760397258317e-01-j8.98231840504283618465e-01
  +3.53170669110630830456e-01-j9.08921046477307537081e-01
  +3.24455263046694364348e-01-j9.18658819264750681199e-01
  +2.95574803546927888931e-01-j9.27446876962489841212e-01
  +2.66561567097214235922e-01-j9.35288056670025902406e-01
  +2.37447238801621440807e-01-j9.42186264008838203488e-01
  +2.08262884150840266173e-01-j9.48146422617763939833e-01
  +1.79038924317142661424e-01-j9.53174423853865415701e-01
  +1.49805114834125924217e-01-j9.57277076908662705179e-01
  +1.20590527510898840036e-01-j9.60462059531062228857e-01
  +9.14235354237339092887e-02-j9.62737869530042700283e-01
  +6.23318008230983877649e-02-j9.64113777212322053956e-01
  +3.33422657906802880068e-02-j9.64599778892776149597e-01
  +4.48114547897249769493e-03-j9.64206551598762562350e-01
  -2.42260762345747511504e-02-j9.62945409073339142481e-01
  -5.27546488463487422971e-02-j9.60828259167196829793e-01
  -8.10805552441853510937e-02-j9.57867562694645791055e-01
  -1.09180509807148606871e-01-j9.54076293815426024203e-01
  -1.37031954747517781268e-01-j9.49467901991406959539e-01
  -1.64613054850969192655e-01-j9.44056275555475443717e-01
  -1.91902690766414890655e-01-j9.37855706918949927342e-01
  -2.18880450991804281768e-01-j9.30880859433874552344e-01
  -2.45526622696847940386e-01-j9.23146735917380945047e-01
  -2.71822181517840044673e-01-j9.14668648836964082172e-01
  -2.97748780453816863645e-01-j9.05462192148036471018e-01
  -3.23288737987272145613e-01-j8.95543214768362849654e-01
  -3.48425025546396871512e-01-j8.84927795668021266451e-01
  -3.73141254419802059772e-01-j8.73632220548166249507e-01
  -3.97421662228389704907e-01-j8.61672960077311200777e-01
  -4.21251099053129074434e-01-j8.49066649649718785398e-01
  -4.44615013311519979844e-01-j8.35830070627047616583e-01
  -4.67499437469693412961e-01-j8.21980133021483871936e-01
  -4.89890973671613272344e-01-j8.07533859576010870640e-01
  -5.11776779361313050032e-01-j7.92508371195509098150e-01
  -5.33144552968987883723e-01-j7.76920873680662871230e-01
  -5.53982519726761157841e-01-j7.60788645715364530986e-01
  -5.74279417675200853921e-01-j7.44129028057285313302e-01
</dep>
<dep S[2,1] frequency>
  +5.19605901301457451247e-01-j7.07227978762849818217e-01
  +4.82938049531843494044e-01-j7.20522438283300648010e-01
  +4.46333170887912356051e-01-j7.31671725380336201994e-01
  +4.09920607083973431717e-01-j7.40748451487671211169e-01
  +3.73818156535453416378e-01-j7.47831459686000954434e-01
  +3.38132223525946851161e-01-j7.53004378307606581089e-01
  +3.02958112848723259969e-01-j7.56354300192601747277e-01
  +2.68380441507625411290e-01-j7.57970594361694116614e-01
  +2.34473641052338727109e-01-j7.57943852286566022158e-01
  +2.01302526566299655464e-01-j7.56364967186636483198e-01
  +1.68922911032176492618e-01-j7.53324341826291821178e-01
  +1.37382246605982943910e-01-j7.48911218066156569861e-01
  +1.06720277111937336678e-01-j7.43213119854566617306e-01
  +7.69696887313474492620e-02-j7.36315400340874059992e-01
  +4.81567483328113610241e-02-j7.28300883257898989953e-01
  +2.03019211369294717839e-02-j7.19249588567734798872e-01
  -6.57953859642895592941e-03-j7.09238532510638730599e-01
  -3.24770284335153883171e-02-j6.98341592566629532080e-01
  -5.73840732754428151097e-02-j6.86629428370559957706e-01
  -8.12978373563904149757e-02-j6.74169450259396785263e-01
  -1.04218673554220042643e-01-j6.61025827830827528153e-01
  -1.26149710011600302284e-01-j6.47259531620981598543e-01
  -1.47096473417859169297e-01-j6.32928401737331225441e-01
  -1.67066547805845955210e-01-j6.18087237991891580435e-01
  -1.86069267353215828109e-01-j6.02787906753344149280e-01
  -2.04115441421266280431e-01-j5.87079460367496031026e-01
  -2.21217109899335351297e-01-j5.71008265574388662600e-01
  -2.37387326830412859202e-01-j5.54618137877900485577e-01
  -2.52639970260040924721e-01-j5.37950479296591677070e-01
  -2.66989576262399497253e-01-j5.21044417345740584757e-01
  -2.80451195144292841910e-01-j5.03936943471107845482e-01
  -2.93040267899682627117e-01-j4.86663049479103659856e-01
  -3.04772521077734226402e-01-j4.69255860788467649147e-01
  -3.15663878329172920001e-01-j4.51746765569755015512e-01
  -3.25730387004521615424e-01-j4.34165539044586767936e-01
  -3.34988158289532989009e-01-j4.16540462390165455719e-01
  -3.43453319474633589348e-01-j3.98898435840952525488e-01
  -3.51141977064395260921e-01-j3.81265085700275785374e-01
  -3.58070189538074901137e-01-j3.63664865074843468573e-01
  -3.64253948671924621117e-01-j3.46121148226765096290e-01
  -3.69709168427587275829e-01-j3.28656318503457389735e-01
  -3.74451680497816741244e-01-j3.11291849858353952829e-01
  -3.78497235680874899444e-01-j2.94048382016608877976e-01
  -3.81861510328163622496e-01-j2.76945789371835726644e-01
  -3.84560117176015126006e-01-j2.60003243724032329087e-01
  -3.86608619932512276307e-01-j2.43239270986790462326e-01
  -3.88022551043705976603e-01-j2.26671802004608013981e-01
  -3.88817432111278393769e-01-j2.10318217630043741151e-01
  -3.89008796475892593136e-01-j1.94195388216245906632e-01
  -3.88612213517466553725e-01-j1.78319707684040484885e-01
  -3.87643314256000404150e-01-j1.62707122324836833682e-01
  -3.86117817864744361511e-01-j1.47373154501763942159e-01
  -3.84051558731798137192e-01-j1.32332921412142257012e-01
  -3.81460513727243322180e-01-j1.17601149075078806328e-01
  -3.78360829350876559651e-01-j1.03192181708934224704e-01
  -3.74768848451126568300e-01-j8.91199866650060901208e-02
  -3.70701136219074522948e-01-j7.53981550861631683036e-02
  -3.66174505173022968307e-01-j6.20398984625741972687e-02
  -3.61206038859346656444e-01-j4.90580412612239766257e-02
  -3.55813114004491726217e-01-j3.64650098116612031429e-02
  -3.50013420861557011943e-01-j2.42728176374832557705e-02
  -3.43824981503087601098e-01-j1.24930474313736140923e-02
  -3.37266165819917917990e-01-j1.13682988113321175802e-03
  -3.30355704994460985802e-01+j9.78518043505249152103e-03
  -3.23112702225918702048e-01+j2.02628318539400421872e-02
  -3.15556640494960238819e-01+j3.02865048899918568037e-02
  -3.07707387166493706587e-01+j3.98471436986834112726e-02
  -2.99585195241778623476e-01+j4.89362894689405608650e-02
  -2.91210701085129641807e-01+j5.75461154583855188926e-02
  -2.82604918466459409387e-01+j6.56694633699172330976e-02
  -2.73789228778641813289e-01+j7.32998807530364643315e-02
  -2.64785367308544239418e-01+j8.04316590985284657345e-02
  -2.55615405462633171751e-01+j8.70598722809912267673e-02
  -2.46301728872152514427e-01+j9.31804149904758849399e-02
  -2.36867011329290555466e-01+j9.87900407826454857174e-02
  -2.27334184534188632476e-01+j1.03886399366580478576e-01
  -2.17726403663284939771e-01+j1.08468072741149806903e-01
  -2.08067008801823327691e-01+j1.12534609784928144038e-01
  -1.98379482317653066392e-01+j1.16086558901458150594e-01
  -1.88687402289021782797e-01+j1.19125498321435041582e-01
  -1.79014392135948330331e-01+j1.21654063666526965348e-01
  -1.69384066642403713354e-01+j1.23675972386224450328e-01
  -1.59819974594738956064e-01+j1.25196044689677293826e-01
  -1.50345538299873238142e-01+j1.26220220609001038126e-01
  -1.40983990284493460043e-01+j1.26755572849231612498e-01
  -1.31758307513297506786e-01+j1.26810315103084519928e-01
  -1.22691143499538246608e-01+j1.26393805535812364660e-01
  -1.13804758714401335618e-01+j1.25516545176886346047e-01
  -1.05120949732392096609e-01+j1.24190170990632731129e-01
  -9.66609775775100904527e-02+j1.22427443437332125753e-01
  -8.84454957588163975801e-02+j1.20242228379102797375e-01
  -8.04944785038046589642e-02+j1.17649473231081463931e-01
  -7.28271497130738298953e-02+j1.14665177307263513318e-01
  -6.54619131698730150060e-02+j1.11306356361538738575e-01
  -5.84162845428049110064e-02+j1.07591001377389777760e-01
  -5.17068257189258681517e-02+j1.03538031713613490337e-01
  -4.53490819976551592929e-02+j9.91672427678826906572e-02
  -3.93575226629717736526e-02+j9.44992483739562627587e-02
  -3.37454854324789541020e-02+j8.95554182014471344964e-02
  -2.85251252570973314049e-02+j8.43578104782737592249e-02
  -2.37073679144653298723e-02+j7.89291004046935723570e-02
  -1.93018688030640248043e-02+j7.32925046733130386434e-02
  -1.53169773028209305066e-02+j6.74717025510609830219e-02
  -1.17597070220958280912e-02+j6.14907540161617055530e-02
  -8.63571220099113891211e-03+j5.53740154750987159660e-02
  -5.94927048750903877256e-03+j4.91460536107883316781e-02
  -3.70327224691513901683e-03+j4.28315579335513535453e-02
  -1.89921650647830592140e-03+j3.64552526203672233596e-02
  -5.37213578389647843266e-04+j3.00418082352936696711e-02
  +3.84005656196796424547e-04+j2.36157539246795340759e-02
  +8.67073878395018286455e-04+j1.72013906749037825961e-02
  +9.15965012723174648937e-04+j1.08227062079396928879e-02
  +5.35965648925322774368e-04+j4.50329207129271293780e-03
  -2.66359551254934470189e-04-j1.73373654583408760843e-03
  -1.48320816807971439175e-03-j7.86581776860235948323e-03
  -3.10558571833167550852e-03-j1.38710162985947130926e-02
  -5.12335634867626139172e-03-j1.97280925555262873217e-02
  -7.52529810983184558465e-03-j2.54165673158715105240e-02
  -1.02991623625809988057e-02-j3.09167815126337106046e-02
  -1.34317368413173262448e-02-j3.62099509097350835685e-02
  -1.69089118814110886402e-02-j4.12782154155859545841e-02
  -2.07157493030740262607e-02-j4.61046828525172661117e-02
  -2.48365534367462129084e-02-j5.06734670509903228908e-02
  -2.92549437730663317025e-02-j5.49697201895803164162e-02
  -3.39539287240948686741e-02-j5.89796593524525222807e-02
  -3.89159799913333451227e-02-j6.26905873253728596062e-02
  -4.41231070498538172076e-02-j6.60909076981208432056e-02
  -4.95569312761121802402e-02-j6.91701343854495276364e-02
  -5.51987592693715181658e-02-j7.19188957197969408464e-02
  -6.10296549425031822911e-02-j7.43289333064297008669e-02
  -6.70305099868773873739e-02-j7.63930958655509306787e-02
  -7.31821123474264562114e-02-j7.81053283155475203126e-02
  -7.94652123774220592312e-02-j7.94606563773026519648e-02
  -8.58605863772499838804e-02-j8.04551670008284564029e-02
  -9.23490972573185048278e-02-j8.10859849328087606279e-02
  -9.89117521013631040283e-02-j8.13512457567264340996e-02
  -1.05529756442650834991e-01-j8.12500657464109155015e-02
  -1.12184565101263386544e-01-j8.07825088790895540214e-02
  -1.18857929465586750761e-01-j7.99495513557442333274e-02
  -1.25531941134819385875e-01-j7.87530439748171245951e-02
  -1.32189071871547020320e-01-j7.71956727004909359913e-02
  -1.38812209843955702837e-01-j7.52809177591245021199e-02
  -1.45384692165801104879e-01-j7.30130115872489882101e-02
  -1.51890333768673890802e-01-j7.03968959421702455970e-02
  -1.58313452665368087358e-01-j6.74381784719686044882e-02
  -1.64638891685016497402e-01-j6.41430890258437580442e-02
  -1.70852036780208493827e-01-j6.05184359686861891858e-02
  -1.76938832023537329086e-01-j5.65715627456500821935e-02
  -1.82885791425775268149e-01-j5.23103049237415712591e-02
  -1.88680007720511466740e-01-j4.77429479182105223622e-02
  -1.94309158270380921696e-01-j4.28781855921309476565e-02
  -1.99761508258205267019e-01-j3.77250798981193929960e-02
  -2.05025911332625182526e-01-j3.22930217119937607029e-02
  -2.10091807882071018865e-01-j2.65916929893331432933e-02
  -2.14949221113536176331e-01-j2.06310303576629598676e-02
  -2.19588751113544727867e-01-j1.44211902393788608812e-02
  -2.24001567068250639903e-01-j7.97251558368474409766e-03
  -2.28179397817782736446e-01-j1.29550426989236177125e-03
  -2.32114520916980621168e-01+j5.59922077064509138289e-03
  -2.35799750370707467129e-01+j1.27009396807249257122e-02
  -2.39228423207031193343e-01+j1.99988620314466465644e-02
  -2.42394385045991950234e-01+j2.74821513961427052464e-02
  -2.45291974815442626046e-01+j3.51399481469509694653e-02
  -2.47916008758728434458e-01+j4.29613904868024268358e-02
  -2.50261763871919062918e-01+j5.09356337386117352661e-02
  -2.52324960900880246317e-01+j5.90518679214047798043e-02
  -2.54101747020994028770e-01+j6.72993336501726685528e-02
  -2.55588678314644823786e-01+j7.56673364023975614234e-02
  -2.56782702153938169332e-01+j8.41452591994362869565e-02
  -2.57681139588555596642e-01+j9.27225737554675244478e-02
  -2.58281667831078309838e-01+j1.01388850150396669925e-01
  -2.58582302924857232451e-01+j1.10133765086148624479e-01
  -2.58581382672325499339e-01+j1.18947108788127309253e-01
  -2.58277549894803837294e-01+j1.27818790615433358626e-01
  -2.57669736088248557682e-01+j1.36738843444663971116e-01
  -2.56757145533026975848e-01+j1.45697426892838377555e-01
  -2.55539239909926108041e-01+j1.54684829445409482984e-01
  -2.54015723468812737451e-01+j1.63691469555176383199e-01
  -2.52186528791143504957e-01+j1.72707895777602010723e-01
  -2.50051803182496312772e-01+j1.81724786007334215832e-01
  -2.47611895726640884874e-01+j1.90732945879828280633e-01
</dep>
<dep S[1,2] frequency>
  +5.19605901301457451247e-01-j7.07227978762849818217e-01
  +4.82938049531843494044e-01-j7.20522438283300648010e-01
  +4.46333170887912356051e-01-j7.31671725380336201994e-01
  +4.09920607083973431717e-01-j7.40748451487671211169e-01
  +3.73818156535453416378e-01-j7.47831459686000954434e-01
  +3.38132223525946851161e-01-j7.53004378307606581089e-01
  +3.02958112848723259969e-01-j7.56354300192601747277e-01
  +2.68380441507625411290e-01-j7.57970594361694116614e-01
  +2.34473641052338727109e-01-j7.57943852286566022158e-01
  +2.01302526566299655464e-01-j7.56364967186636483198e-01
  +1.68922911032176492618e-01-j7.53324341826291821178e-01
  +1.37382246605982943910e-01-j7.48911218066156569861e-01
  +1.06720277111937336678e-01-j7.43213119854566617306e-01
  +7.69696887313474492620e-02-j7.36315400340874059992e-01
  +4.81567483328113610241e-02-j7.28300883257898989953e-01
  +2.03019211369294717839e-02-j7.19249588567734798872e-01
  -6.57953859642895592941e-03-j7.09238532510638730599e-01
  -3.24770284335153883171e-02-j6.98341592566629532080e-01
  -5.73840732754428151097e-02-j6.86629428370559957706e-01
  -8.12978373563904149757e-02-j6.74169450259396785263e-01
  -1.04218673554220042643e-01-j6.61025827830827528153e-01
  -1.26149710011600302284e-01-j6.47259531620981598543e-01
  -1.47096473417859169297e-01-j6.32928401737331225441e-01
  -1.67066547805845955210e-01-j6.18087237991891580435e-01
  -1.86069267353215828109e-01-j6.02787906753344149280e-01
  -2.04115441421266280431e-01-j5.87079460367496031026e-01
  -2.21217109899335351297e-01-j5.71008265574388662600e-01
  -2.37387326830412859202e-01-j5.54618137877900485577e-01
  -2.52639970260040924721e-01-j5.37950479296591677070e-01
  -2.66989576262399497253e-01-j5.21044417345740584757e-01
  -2.80451195144292841910e-01-j5.03936943471107845482e-01
  -2.93040267899682627117e-01-j4.86663049479103659856e-01
  -3.04772521077734226402e-01-j4.69255860788467649147e-01
  -3.15663878329172920001e-01-j4.51746765569755015512e-01
  -3.25730387004521615424e-01-j4.34165539044586767936e-01
  -3.34988158289532989009e-01-j4.16540462390165455719e-01
  -3.43453319474633589348e-01-j3.98898435840952525488e-01
  -3.51141977064395260921e-01-j3.81265085700275785374e-01
  -3.58070189538074901137e-01-j3.63664865074843468573e-01
  -3.64253948671924621117e-01-j3.46121148226765096290e-01
  -3.69709168427587275829e-01-j3.28656318503457389735e-01
  -3.74451680497816741244e-01-j3.11291849858353952829e-01
  -3.78497235680874899444e-01-j2.94048382016608877976e-01
  -3.81861510328163622496e-01-j2.76945789371835726644e-01
  -3.84560117176015126006e-01-j2.60003243724032329087e-01
  -3.86608619932512276307e-01-j2.43239270986790462326e-01
  -3.88022551043705976603e-01-j2.26671802004608013981e-01
  -3.88817432111278393769e-01-j2.10318217630043741151e-01
  -3.89008796475892593136e-01-j1.94195388216245906632e-01
  -3.88612213517466553725e-01-j1.78319707684040484885e-01
  -3.87643314256000404150e-01-j1.62707122324836833682e-01
  -3.86117817864744361511e-01-j1.47373154501763942159e-01
  -3.84051558731798137192e-01-j1.32332921412142257012e-01
  -3.81460513727243322180e-01-j1.17601149075078806328e-01
  -3.78360829350876559651e-01-j1.03192181708934224704e-01
  -3.74768848451126568300e-01-j8.91199866650060901208e-02
  -3.70701136219074522948e-01-j7.53981550861631683036e-02
  -3.66174505173022968307e-01-j6.20398984625741972687e-02
  -3.61206038859346656444e-01-j4.90580412612239766257e-02
  -3.55813114004491726217e-01-j3.64650098116612031429e-02
  -3.50013420861557011943e-01-j2.42728176374832557705e-02
  -3.43824981503087601098e-01-j1.24930474313736140923e-02
  -3.37266165819917917990e-01-j1.13682988113321175802e-03
  -3.30355704994460985802e-01+j9.78518043505249152103e-03
  -3.23112702225918702048e-01+j2.02628318539400421872e-02
  -3.15556640494960238819e-01+j3.02865048899918568037e-02
  -3.07707387166493706587e-01+j3.98471436986834112726e-02
  -2.99585195241778623476e-01+j4.89362894689405608650e-02
  -2.91210701085129641807e-01+j5.75461154583855188926e-02
  -2.82604918466459409387e-01+j6.56694633699172330976e-02
  -2.73789228778641813289e-01+j7.32998807530364643315e-02
  -2.64785367308544239418e-01+j8.04316590985284657345e-02
  -2.55615405462633171751e-01+j8.70598722809912267673e-02
  -2.46301728872152514427e-01+j9.31804149904758849399e-02
  -2.36867011329290555466e-01+j9.87900407826454857174e-02
  -2.27334184534188632476e-01+j1.03886399366580478576e-01
  -2.17726403663284939771e-01+j1.08468072741149806903e-01
  -2.08067008801823327691e-01+j1.12534609784928144038e-01
  -1.98379482317653066392e-01+j1.16086558901458150594e-01
  -1.88687402289021782797e-01+j1.19125498321435041582e-01
  -1.79014392135948330331e-01+j1.21654063666526965348e-01
  -1.69384066642403713354e-01+j1.23675972386224450328e-01
  -1.59819974594738956064e-01+j1.25196044689677293826e-01
  -1.50345538299873238142e-01+j1.26220220609001038126e-01
  -1.40983990284493460043e-01+j1.26755572849231612498e-01
  -1.31758307513297506786e-01+j1.26810315103084519928e-01
  -1.22691143499538246608e-01+j1.26393805535812364660e-01
  -1.13804758714401335618e-01+j1.25516545176886346047e-01
  -1.05120949732392096609e-01+j1.24190170990632731129e-01
  -9.66609775775100904527e-02+j1.22427443437332125753e-01
  -8.84454957588163975801e-02+j1.20242228379102797375e-01
  -8.04944785038046589642e-02+j1.17649473231081463931e-01
  -7.28271497130738298953e-02+j1.14665177307263513318e-01
  -6.54619131698730150060e-02+j1.11306356361538738575e-01
  -5.84162845428049110064e-02+j1.07591001377389777760e-01
  -5.17068257189258681517e-02+j1.03538031713613490337e-01
  -4.53490819976551592929e-02+j9.91672427678826906572e-02
  -3.93575226629717736526e-02+j9.44992483739562627587e-02
  -3.37454854324789541020e-02+j8.95554182014471344964e-02
  -2.85251252570973314049e-02+j8.43578104782737592249e-02
  -2.37073679144653298723e-02+j7.89291004046935723570e-02
  -1.93018688030640248043e-02+j7.32925046733130386434e-02
  -1.53169773028209305066e-02+j6.74717025510609830219e-02
  -1.17597070220958280912e-02+j6.14907540161617055530e-02
  -8.63571220099113891211e-03+j5.53740154750987159660e-02
  -5.94927048750903877256e-03+j4.91460536107883316781e-02
  -3.70327224691513901683e-03+j4.28315579335513535453e-02
  -1.89921650647830592140e-03+j3.64552526203672233596e-02
  -5.37213578389647843266e-04+j3.00418082352936696711e-02
  +3.84005656196796424547e-04+j2.36157539246795340759e-02
  +8.67073878395018286455e-04+j1.72013906749037825961e-02
  +9.15965012723174648937e-04+j1.08227062079396928879e-02
  +5.35965648925322774368e-04+j4.50329207129271293780e-03
  -2.66359551254934470189e-04-j1.73373654583408760843e-03
  -1.48320816807971439175e-03-j7.86581776860235948323e-03
  -3.10558571833167550852e-03-j1.38710162985947130926e-02
  -5.12335634867626139172e-03-j1.97280925555262873217e-02
  -7.52529810983184558465e-03-j2.54165673158715105240e-02
  -1.02991623625809988057e-02-j3.09167815126337106046e-02
  -1.34317368413173262448e-02-j3.62099509097350835685e-02
  -1.69089118814110886402e-02-j4.12782154155859545841e-02
  -2.07157493030740262607e-02-j4.61046828525172661117e-02
  -2.48365534367462129084e-02-j5.06734670509903228908e-02
  -2.92549437730663317025e-02-j5.49697201895803164162e-02
  -3.39539287240948686741e-02-j5.89796593524525222807e-02
  -3.89159799913333451227e-02-j6.26905873253728596062e-02
  -4.41231070498538172076e-02-j6.60909076981208432056e-02
  -4.95569312761121802402e-02-j6.91701343854495276364e-02
  -5.51987592693715181658e-02-j7.19188957197969408464e-02
  -6.10296549425031822911e-02-j7.43289333064297008669e-02
  -6.70305099868773873739e-02-j7.63930958655509306787e-02
  -7.31821123474264562114e-02-j7.81053283155475203126e-02
  -7.94652123774220592312e-02-j7.94606563773026519648e-02
  -8.58605863772499838804e-02-j8.04551670008284564029e-02
  -9.23490972573185048278e-02-j8.10859849328087606279e-02
  -9.89117521013631040283e-02-j8.13512457567264340996e-02
  -1.05529756442650834991e-01-j8.12500657464109155015e-02
  -1.12184565101263386544e-01-j8.07825088790895540214e-02
  -1.18857929465586750761e-01-j7.99495513557442333274e-02
  -1.25531941134819385875e-01-j7.87530439748171245951e-02
  -1.32189071871547020320e-01-j7.71956727004909359913e-02
  -1.38812209843955702837e-01-j7.52809177591245021199e-02
  -1.45384692165801104879e-01-j7.30130115872489882101e-02
  -1.51890333768673890802e-01-j7.03968959421702455970e-02
  -1.58313452665368087358e-01-j6.74381784719686044882e-02
  -1.64638891685016497402e-01-j6.41430890258437580442e-02
  -1.70852036780208493827e-01-j6.05184359686861891858e-02
  -1.76938832023537329086e-01-j5.65715627456500821935e-02
  -1.82885791425775268149e-01-j5.23103049237415712591e-02
  -1.88680007720511466740e-01-j4.77429479182105223622e-02
  -1.94309158270380921696e-01-j4.28781855921309476565e-02
  -1.99761508258205267019e-01-j3.77250798981193929960e-02
  -2.05025911332625182526e-01-j3.22930217119937607029e-02
  -2.10091807882071018865e-01-j2.65916929893331432933e-02
  -2.14949221113536176331e-01-j2.06310303576629598676e-02
  -2.19588751113544727867e-01-j1.44211902393788608812e-02
  -2.24001567068250639903e-01-j7.97251558368474409766e-03
  -2.28179397817782736446e-01-j1.29550426989236177125e-03
  -2.32114520916980621168e-01+j5.59922077064509138289e-03
  -2.35799750370707467129e-01+j1.27009396807249257122e-02
  -2.39228423207031193343e-01+j1.99988620314466465644e-02
  -2.42394385045991950234e-01+j2.74821513961427052464e-02
  -2.45291974815442626046e-01+j3.51399481469509694653e-02
  -2.47916008758728434458e-01+j4.29613904868024268358e-02
  -2.50261763871919062918e-01+j5.09356337386117352661e-02
  -2.52324960900880246317e-01+j5.90518679214047798043e-02
  -2.54101747020994028770e-01+j6.72993336501726685528e-02
  -2.55588678314644823786e-01+j7.56673364023975614234e-02
  -2.56782702153938169332e-01+j8.41452591994362869565e-02
  -2.57681139588555596642e-01+j9.27225737554675244478e-02
  -2.58281667831078309838e-01+j1.01388850150396669925e-01
  -2.58582302924857232451e-01+j1.10133765086148624479e-01
  -2.58581382672325499339e-01+j1.18947108788127309253e-01
  -2.58277549894803837294e-01+j1.27818790615433358626e-01
  -2.57669736088248557682e-01+j1.36738843444663971116e-01
  -2.56757145533026975848e-01+j1.45697426892838377555e-01
  -2.55539239909926108041e-01+j1.54684829445409482984e-01
  -2.54015723468812737451e-01+j1.63691469555176383199e-01
  -2.52186528791143504957e-01+j1.72707895777602010723e-01
  -2.50051803182496312772e-01+j1.81724786007334215832e-01
  -2.47611895726640884874e-01+j1.90732945879828280633e-01
</dep>
<dep S[1,1] frequency>
  -3.83280186636245689957e-01-j2.81441108028191555590e-01
  -4.10208995044079594017e-01-j2.74798471903100915981e-01
  -4.36621955264086425430e-01-j2.66208015504110440119e-01
  -4.62392467524112504851e-01-j2.55751848805362280714e-01
  -4.87405639546514835025e-01-j2.43518337278867430529e-01
  -5.11558140734706845443e-01-j2.29600654831185496674e-01
  -5.34757911158182164257e-01-j2.14095462212259779466e-01
  -5.56923753717771252703e-01-j1.97101717646685797858e-01
  -5.77984835888968317974e-01-j1.78719621854724203258e-01
  -5.97880125002240969678e-01-j1.59049695878733410304e-01
  -6.16557778315554250170e-01-j1.38191987176361663625e-01
  -6.33974506330446496705e-01-j1.16245397221892421413e-01
  -6.50094925023308012335e-01-j9.33071222899212460167e-02
  -6.64890910003339219436e-01-j6.94721980913627357168e-02
  -6.78340963135239061188e-01-j4.48331383977350478309e-02
  -6.90429599919000325237e-01-j1.94796576367867110835e-02
  -7.01146763924439309079e-01+j6.50153241166408907281e-03
  -7.10487272841184069883e-01+j3.30268613206781552760e-02
  -7.18450299220084298568e-01+j6.00159830914787015277e-02
  -7.25038887737020631974e-01+j8.73918119303763452077e-02
  -7.30259509786481020299e-01+j1.15080518357885117076e-01
  -7.34121655386839266910e-01+j1.43011492551580243759e-01
  -7.36637461730815346073e-01+j1.71117281095520296086e-01
  -7.37821377218000118425e-01+j1.99333502599566947389e-01
  -7.37689859440726736217e-01+j2.27598746977903859667e-01
  -7.36261105337579158103e-01+j2.55854462544746141806e-01
  -7.33554811562991071483e-01+j2.84044834505648047251e-01
  -7.29591963028162648897e-01+j3.12116657894667526296e-01
  -7.24394647534258973032e-01+j3.40019207533962752876e-01
  -7.17985894429855164844e-01+j3.67704107170373606372e-01
  -7.10389535270559591140e-01+j3.95125199572123275704e-01
  -7.01630084530041386870e-01+j4.22238419043600543556e-01
  -6.91732638501095231653e-01+j4.49001667534784099090e-01
  -6.80722790626531182312e-01+j4.75374695279556280791e-01
  -6.68626561607783109764e-01+j5.01318986690265311346e-01
  -6.55470342750072543225e-01+j5.26797652061138599322e-01
  -6.41280851113939176500e-01+j5.51775325485358125732e-01
  -6.26085095151490911292e-01+j5.76218069268318311416e-01
  -6.09910349610234492346e-01+j6.00093285017864630504e-01
  -5.92784138586562536766e-01+j6.23369631509075095011e-01
  -5.74734225704136347801e-01+j6.46016949353700353775e-01
  -5.55788610479062028524e-01+j6.68006192450078972733e-01
  -5.35975530013630296899e-01+j6.89309366146216073723e-01
  -5.15323465233420541232e-01+j7.09899472014986598900e-01
  -4.93861150949014060529e-01+j7.29750459114296590180e-01
  -4.71617589083481003609e-01+j7.48837181585070621459e-01
  -4.48622064460610481262e-01+j7.67135362425100830741e-01
  -4.24904162596853152145e-01+j7.84621563265701316148e-01
  -4.00493788982605625204e-01+j8.01273159970120274487e-01
  -3.75421189376155983730e-01+j8.17068323866776746733e-01
  -3.49716970666738236062e-01+j8.31986008426014445050e-01
  -3.23412121892315496119e-01+j8.46005941185642429403e-01
  -2.96538035023125645662e-01+j8.59108620727518479399e-01
  -2.69126525144336548045e-01+j8.71275318504466933511e-01
  -2.41209849690649402731e-01+j8.82488085313550496558e-01
  -2.12820726402871307492e-01+j8.92729762207906674121e-01
  -1.83992349691674800249e-01+j9.01983995634711321898e-01
  -1.54758405107408070212e-01+j9.10235256581306773072e-01
  -1.25153081627339124449e-01+j9.17468863504895315586e-01
  -9.52110814833220103770e-02+j9.23671008813460980846e-01
  -6.49676272641385998963e-02+j9.28828788656642978516e-01
  -3.44584660377772536433e-02+j9.32930235775248917207e-01
  -3.71987025022195438861e-03+j9.35964355146830517818e-01
  +2.72113648309069283693e-02+j9.37921162152554277469e-01
  +5.82979273470454473216e-02+j9.38791722977364129221e-01
  +8.95019989591543246865e-02+j9.38568196941444998771e-01
  +1.20785269028700417704e-01+j9.37243880446385846383e-01
  +1.52108953043256944770e-01+j9.34813252204341527118e-01
  +1.83433815442879899482e-01+j9.31272019403249662339e-01
  +2.14720196983238909016e-01+j9.26617164445932450789e-01
  +2.45928046749527479120e-01+j9.20846991886010157735e-01
  +2.77016958910970889640e-01+j9.13961175169291983877e-01
  +3.07946214279353758236e-01+j9.05960802776020313054e-01
  +3.38674826706457876568e-01+j8.96848423347286316520e-01
  +3.69161594324501907138e-01+j8.86628089368575178497e-01
  +3.99365155600807708591e-01+j8.75305398974998261075e-01
  +4.29244050142993438524e-01+j8.62887535436732133753e-01
  +4.58756784154325913949e-01+j8.49383303879812201487e-01
  +4.87861900400466730332e-01+j8.34803164797187080559e-01
  +5.16518052509204128597e-01+j8.19159263907957013728e-01
  +5.44684083384085138135e-01+j8.02465457929497083533e-01
  +5.72319107471514598728e-01+j7.84737335837799809823e-01
  +5.99382596579305815254e-01+j7.65992235206238603062e-01
  +6.25834468903444629539e-01+j7.46249253232099341027e-01
  +6.51635180879213127270e-01+j7.25529252083822240316e-01
  +6.76745821433542893431e-01+j7.03854858230095303817e-01
  +7.01128208178059209033e-01+j6.81250455444543656647e-01
  +7.24744985047213297058e-01+j6.57742171216857740568e-01
  +7.47559720853873233004e-01+j6.33357856342550595841e-01
  +7.69537008206205741523e-01+j6.08127057508936585961e-01
  +7.90642562205309040735e-01+j5.82080982744032193743e-01
  +8.10843318323262507441e-01+j5.55252459647507135010e-01
  +8.30107528846585562832e-01+j5.27675886378095038154e-01
  +8.48404857260942724118e-01+j4.99387175429489404976e-01
  +8.65706469949701684641e-01+j4.70423690286016216167e-01
  +8.81985124581859514237e-01+j4.40824175109655991278e-01
  +8.97215254574187048853e-01+j4.10628677670676622835e-01
  +9.11373049028224913037e-01+j3.79878465794231179320e-01
  +9.24436527565156929143e-01+j3.48615937654265461987e-01
  +9.36385609510226202268e-01+j3.16884526303012337145e-01
  +9.47202176913440219153e-01+j2.84728598878503547098e-01
  +9.56870130934131091216e-01+j2.52193350983123565356e-01
  +9.65375441163387582044e-01+j2.19324696772594640581e-01
  +9.72706187509820074943e-01+j1.86169155336148361979e-01
  +9.78852594329997716116e-01+j1.52773733984563842014e-01
  +9.83807056544551139510e-01+j1.19185809092468980586e-01
  +9.87564157543613041490e-01+j8.54530051646214677818e-02
  +9.90120678750230243104e-01+j5.16230728123630508430e-02
  +9.91475600776643317680e-01+j1.77437663357515387763e-02
  +9.91630096175324826646e-01-j1.61372783908962542931e-02
  +9.90587513853162793254e-01-j4.99726650373608638489e-02
  +9.88353355282656664826e-01-j8.37153562591593791709e-02
  +9.84935242707386748862e-01-j1.17318790800837541299e-01
  +9.80342879599709338123e-01-j1.50736997624800167506e-01
  +9.74588003685710524415e-01-j1.83924706461157133619e-01
  +9.67684332905466737529e-01-j2.16837454211299851536e-01
  +9.59647504724776112539e-01-j2.49431686680222669539e-01
  +9.50495009257514844592e-01-j2.81664855159093063808e-01
  +9.40246116694947287051e-01-j3.13495507429946307365e-01
  +9.28921799569653261486e-01-j3.44883372817513189634e-01
  +9.16544650406780792018e-01-j3.75789440968508137164e-01
  +9.03138795334185617847e-01-j4.06176034095522331402e-01
  +8.88729804235536047230e-01-j4.36006872479943796694e-01
  +8.73344598036847274969e-01-j4.65247133085699537958e-01
  +8.57011353717241797234e-01-j4.93863501192041143284e-01
  +8.39759407629416809726e-01-j5.21824215008708014452e-01
  +8.21619157704452263147e-01-j5.49099103289721224286e-01
  +8.02621965099938883270e-01-j5.75659616012551222930e-01
  +7.82800055830018326475e-01-j6.01478848236722818399e-01
  +7.62186422891626524923e-01-j6.26531557299868868682e-01
  +7.40814729373307945259e-01-j6.50794173549393173417e-01
  +7.18719213002110168809e-01-j6.74244804843986633713e-01
  +6.95934592550707664671e-01-j6.96863235091312205327e-01
  +6.72495976491664149144e-01-j7.18630917115696710162e-01
  +6.48438774249114002757e-01-j7.39530960173103268929e-01
  +6.23798610360649652407e-01-j7.59548112449672352398e-01
  +5.98611241824267170664e-01-j7.78668738894990997146e-01
  +5.72912478867481977929e-01-j7.96880794751979593116e-01
  +5.46738109338290589889e-01-j8.14173795152260848518e-01
  +5.20123826881221273943e-01-j8.30538781149046445584e-01
  +4.93105163026366422052e-01-j8.45968282559442230628e-01
  +4.65717423285444742653e-01-j8.60456277984764761335e-01
  +4.37995627316789093442e-01-j8.73998152371281755713e-01
  +4.09974453190958210147e-01-j8.86590652465139905658e-01
  +3.81688185760397147295e-01-j8.98231840504283618465e-01
  +3.53170669110630830456e-01-j9.08921046477307648104e-01
  +3.24455263046694253326e-01-j9.18658819264750792222e-01
  +2.95574803546927888931e-01-j9.27446876962489841212e-01
  +2.66561567097214291433e-01-j9.35288056670026013428e-01
  +2.37447238801621357540e-01-j9.42186264008838314510e-01
  +2.08262884150840210662e-01-j9.48146422617763717788e-01
  +1.79038924317142716935e-01-j9.53174423853865526723e-01
  +1.49805114834125840950e-01-j9.57277076908662927224e-01
  +1.20590527510898826158e-01-j9.60462059531062228857e-01
  +9.14235354237338398997e-02-j9.62737869530043033350e-01
  +6.23318008230984432760e-02-j9.64113777212321942933e-01
  +3.33422657906803227013e-02-j9.64599778892776038575e-01
  +4.48114547897253412412e-03-j9.64206551598762784394e-01
  -2.42260762345748517643e-02-j9.62945409073339031458e-01
  -5.27546488463488325027e-02-j9.60828259167196496726e-01
  -8.10805552441852261936e-02-j9.57867562694646013099e-01
  -1.09180509807148454215e-01-j9.54076293815425691136e-01
  -1.37031954747517836779e-01-j9.49467901991406848516e-01
  -1.64613054850969220411e-01-j9.44056275555475554739e-01
  -1.91902690766414807388e-01-j9.37855706918950149387e-01
  -2.18880450991804254013e-01-j9.30880859433874330300e-01
  -2.45526622696847995897e-01-j9.23146735917381056069e-01
  -2.71822181517840100184e-01-j9.14668648836964193194e-01
  -2.97748780453816919156e-01-j9.05462192148036248973e-01
  -3.23288737987272201124e-01-j8.95543214768362849654e-01
  -3.48425025546396982534e-01-j8.84927795668021377473e-01
  -3.73141254419802004261e-01-j8.73632220548166249507e-01
  -3.97421662228389704907e-01-j8.61672960077311311800e-01
  -4.21251099053129129945e-01-j8.49066649649718785398e-01
  -4.44615013311520035355e-01-j8.35830070627047838627e-01
  -4.67499437469693468472e-01-j8.21980133021483871936e-01
  -4.89890973671613050300e-01-j8.07533859576010648595e-01
  -5.11776779361313050032e-01-j7.92508371195509098150e-01
  -5.33144552968987994745e-01-j7.76920873680662982252e-01
  -5.53982519726761379886e-01-j7.60788645715364642008e-01
  -5.74279417675200964943e-01-j7.44129028057285313302e-01
</dep>
