<Qucs Dataset 1.0.7>
<indep frequency 181>
  +1.00000000000000000000e+09
  +1.05000000000000000000e+09
  +1.10000000000000000000e+09
  +1.15000000000000000000e+09
  +1.20000000000000000000e+09
  +1.25000000000000000000e+09
  +1.30000000000000000000e+09
  +1.35000000000000000000e+09
  +1.40000000000000000000e+09
  +1.45000000000000000000e+09
  +1.50000000000000000000e+09
  +1.55000000000000000000e+09
  +1.60000000000000000000e+09
  +1.65000000000000000000e+09
  +1.70000000000000000000e+09
  +1.75000000000000000000e+09
  +1.80000000000000000000e+09
  +1.85000000000000000000e+09
  +1.90000000000000000000e+09
  +1.95000000000000000000e+09
  +2.00000000000000000000e+09
  +2.05000000000000000000e+09
  +2.10000000000000000000e+09
  +2.15000000000000000000e+09
  +2.20000000000000000000e+09
  +2.25000000000000000000e+09
  +2.30000000000000000000e+09
  +2.35000000000000000000e+09
  +2.40000000000000000000e+09
  +2.45000000000000000000e+09
  +2.50000000000000000000e+09
  +2.55000000000000000000e+09
  +2.60000000000000000000e+09
  +2.65000000000000000000e+09
  +2.70000000000000000000e+09
  +2.75000000000000000000e+09
  +2.80000000000000000000e+09
  +2.85000000000000000000e+09
  +2.90000000000000000000e+09
  +2.95000000000000000000e+09
  +3.00000000000000000000e+09
  +3.05000000000000000000e+09
  +3.10000000000000000000e+09
  +3.15000000000000000000e+09
  +3.20000000000000000000e+09
  +3.25000000000000000000e+09
  +3.30000000000000000000e+09
  +3.35000000000000000000e+09
  +3.40000000000000000000e+09
  +3.45000000000000000000e+09
  +3.50000000000000000000e+09
  +3.55000000000000000000e+09
  +3.60000000000000000000e+09
  +3.65000000000000000000e+09
  +3.70000000000000000000e+09
  +3.75000000000000000000e+09
  +3.80000000000000000000e+09
  +3.85000000000000000000e+09
  +3.90000000000000000000e+09
  +3.95000000000000000000e+09
  +4.00000000000000000000e+09
  +4.05000000000000000000e+09
  +4.10000000000000000000e+09
  +4.15000000000000000000e+09
  +4.20000000000000000000e+09
  +4.25000000000000000000e+09
  +4.30000000000000000000e+09
  +4.35000000000000000000e+09
  +4.40000000000000000000e+09
  +4.45000000000000000000e+09
  +4.50000000000000000000e+09
  +4.55000000000000000000e+09
  +4.60000000000000000000e+09
  +4.65000000000000000000e+09
  +4.70000000000000000000e+09
  +4.75000000000000000000e+09
  +4.80000000000000000000e+09
  +4.85000000000000000000e+09
  +4.90000000000000000000e+09
  +4.95000000000000000000e+09
  +5.00000000000000000000e+09
  +5.05000000000000000000e+09
  +5.10000000000000000000e+09
  +5.15000000000000000000e+09
  +5.20000000000000000000e+09
  +5.25000000000000000000e+09
  +5.30000000000000000000e+09
  +5.35000000000000000000e+09
  +5.40000000000000000000e+09
  +5.45000000000000000000e+09
  +5.50000000000000000000e+09
  +5.55000000000000000000e+09
  +5.60000000000000000000e+09
  +5.65000000000000000000e+09
  +5.70000000000000000000e+09
  +5.75000000000000000000e+09
  +5.80000000000000000000e+09
  +5.85000000000000000000e+09
  +5.90000000000000000000e+09
  +5.95000000000000000000e+09
  +6.00000000000000000000e+09
  +6.05000000000000000000e+09
  +6.10000000000000000000e+09
  +6.15000000000000000000e+09
  +6.20000000000000000000e+09
  +6.25000000000000000000e+09
  +6.30000000000000000000e+09
  +6.35000000000000000000e+09
  +6.40000000000000000000e+09
  +6.45000000000000000000e+09
  +6.50000000000000000000e+09
  +6.55000000000000000000e+09
  +6.60000000000000000000e+09
  +6.65000000000000000000e+09
  +6.70000000000000000000e+09
  +6.75000000000000000000e+09
  +6.80000000000000000000e+09
  +6.85000000000000000000e+09
  +6.90000000000000000000e+09
  +6.95000000000000000000e+09
  +7.00000000000000000000e+09
  +7.05000000000000000000e+09
  +7.10000000000000000000e+09
  +7.15000000000000000000e+09
  +7.20000000000000000000e+09
  +7.25000000000000000000e+09
  +7.30000000000000000000e+09
  +7.35000000000000000000e+09
  +7.40000000000000000000e+09
  +7.45000000000000000000e+09
  +7.50000000000000000000e+09
  +7.55000000000000000000e+09
  +7.60000000000000000000e+09
  +7.65000000000000000000e+09
  +7.70000000000000000000e+09
  +7.75000000000000000000e+09
  +7.80000000000000000000e+09
  +7.85000000000000000000e+09
  +7.90000000000000000000e+09
  +7.95000000000000000000e+09
  +8.00000000000000000000e+09
  +8.05000000000000000000e+09
  +8.10000000000000000000e+09
  +8.15000000000000000000e+09
  +8.20000000000000000000e+09
  +8.25000000000000000000e+09
  +8.30000000000000000000e+09
  +8.35000000000000000000e+09
  +8.40000000000000000000e+09
  +8.45000000000000000000e+09
  +8.50000000000000000000e+09
  +8.55000000000000000000e+09
  +8.60000000000000000000e+09
  +8.65000000000000000000e+09
  +8.70000000000000000000e+09
  +8.75000000000000000000e+09
  +8.80000000000000000000e+09
  +8.85000000000000000000e+09
  +8.90000000000000000000e+09
  +8.95000000000000000000e+09
  +9.00000000000000000000e+09
  +9.05000000000000000000e+09
  +9.10000000000000000000e+09
  +9.15000000000000000000e+09
  +9.20000000000000000000e+09
  +9.25000000000000000000e+09
  +9.30000000000000000000e+09
  +9.35000000000000000000e+09
  +9.40000000000000000000e+09
  +9.45000000000000000000e+09
  +9.50000000000000000000e+09
  +9.55000000000000000000e+09
  +9.60000000000000000000e+09
  +9.65000000000000000000e+09
  +9.70000000000000000000e+09
  +9.75000000000000000000e+09
  +9.80000000000000000000e+09
  +9.85000000000000000000e+09
  +9.90000000000000000000e+09
  +9.95000000000000000000e+09
  +1.00000000000000000000e+10
</indep>
<dep S21_phase frequency>
  -9.15763976673563888653e+01
  -9.36162483237089588783e+01
  -9.55797702616305286938e+01
  -9.74751701927476688070e+01
  -9.93095151452505433554e+01
  -1.01088914072255647625e+02
  -1.02818667692750224774e+02
  -1.04503392422356625957e+02
  -1.06147123173202984958e+02
  -1.07753398901757250883e+02
  -1.09325334044350427121e+02
  -1.10865678379930585606e+02
  -1.12376867375199012145e+02
  -1.13861064677675443590e+02
  -1.15320198109328913461e+02
  -1.16755990262033677141e+02
  -1.18169984594037657644e+02
  -1.19563567763840623570e+02
  -1.20937988806532459307e+02
  +5.77056243486890494410e+01
  +5.63662506073451083921e+01
  +5.50429633426513476024e+01
  +5.37349196475830623854e+01
  +5.24413509681984635336e+01
  +5.11615549186439793061e+01
  +4.98948881102856631742e+01
  +4.86407598535343836943e+01
  +4.73986266128093092220e+01
  +4.61679871131819794527e+01
  +4.49483780123628875458e+01
  +4.37393700643838414521e+01
  +4.25405647119220873265e+01
  +4.13515910532023411861e+01
  +4.01721031369177126180e+01
  +3.90017775450518868752e+01
  +3.78403112288812124575e+01
  +3.66874195680666232988e+01
  +3.55428346266901158401e+01
  +3.44063035834464869822e+01
  +3.32775873161105195663e+01
  +3.21564591228687248758e+01
  +3.10427035652442917524e+01
  +2.99361154192008562802e+01
  +2.88364987225973443685e+01
  +2.77436659085523871227e+01
  +2.66574370154811504108e+01
  +2.55776389656099425451e+01
  +2.45041049046872565498e+01
  +2.34366735964057362196e+01
  +2.23751888657371686975e+01
  +2.13194990860041890812e+01
  +2.02694567050289649046e+01
  +1.92249178061843082332e+01
  +1.81857417005634864893e+01
  +1.71517905468608766739e+01
  +1.61229289958641608393e+01
  +1.50990238567345027576e+01
  +1.40799437824961373167e+01
  +1.30655589723728500218e+01
  +1.20557408887833403810e+01
  +1.10503619869826117394e+01
  +1.00492954554629658759e+01
  +9.05241496535582967908e+00
  +8.05959442716901008907e+00
  +7.07070775329292011691e+00
  +6.08562862475751664704e+00
  +5.10423026079700292712e+00
  +4.12638518980907154088e+00
  +3.15196502032406700167e+00
  +2.18084021062280264402e+00
  +1.21287983563589296665e+00
  +2.47951349755597766356e-01
  -7.14079655835567428390e-01
  -1.67334970274303929116e+00
  -2.62999768332173866625e+00
  -3.58416512855346214295e+00
  -4.53599648745004113692e+00
  -5.48563941967713208925e+00
  -6.43324510321305442773e+00
  -7.37896855896052628054e+00
  -8.32296899439600323944e+00
  -9.26541016848925735871e+00
  -1.02064607803243347917e+01
  -1.11462948840685811547e+01
  -1.20850923331770179203e+01
  -1.30230392570032780242e+01
  -1.39603285733052775441e+01
  -1.48971605404851779042e+01
  -1.58337433538175247349e+01
  -1.67702937903793909413e+01
  -1.77070379079119319954e+01
  -1.86442118034446480124e+01
  -1.95820624381812891102e+01
  -2.05208485359162118300e+01
  -2.14608415631175155625e+01
  -2.24023267998117106004e+01
  -2.33456045115343719942e+01
  -2.42909912339113382984e+01
  -2.52388211829122681706e+01
  -2.61894478055259796179e+01
  -2.71432454875540365435e+01
  -2.81006114374666680078e+01
  -2.90619677678481771466e+01
  -3.00277637989565064913e+01
  -3.09984786123507802813e+01
  -3.19746238865680396657e+01
  -3.29567470514398834780e+01
  -3.39454348030583190621e+01
  -3.49413170276590960839e+01
  -3.59450711900374955121e+01
  -3.69574272506634287083e+01
  -3.79791731857022369923e+01
  -3.90111611959109936265e+01
  -4.00543147042044651585e+01
  -4.11096362579601191101e+01
  -4.21782164713056531014e+01
  -4.32612441652704973194e+01
  -4.43600178904174669015e+01
  -4.54759590482001883061e+01
  -4.66106268646914756459e+01
  -4.77657355146048132610e+01
  -4.89431737458522277961e+01
  -5.01450274167208434051e+01
  -5.13736054305699880729e+01
  -5.26314696384789186823e+01
  -5.39214693801205200430e+01
  -5.52467814487657378208e+01
  -5.66109563986860990781e+01
  -5.80179722620106375075e+01
  -5.94722969049958010146e+01
  -6.09789604244104310737e+01
  -6.25436391506875892787e+01
  -6.41727529621981886976e+01
  -6.58735776835535062901e+01
  -6.76543742712539284412e+01
  -6.95245361690183329983e+01
  -7.14947554604879229601e+01
  -7.35772069710470475457e+01
  -7.57857468282921900027e+01
  -7.81361175103305782841e+01
  -8.06461441104326297591e+01
  -8.33358950559710223160e+01
  -8.62277630702833874921e+01
  -8.93463967815910251602e+01
  -9.27183785564605358331e+01
  -9.63715004955881795468e+01
  -1.00333444219840203004e+02
  -1.04629638455352079518e+02
  -1.09280087399095549472e+02
  -1.14295091000239509071e+02
  -1.19670085197434971747e+02
  -1.25380348708576036643e+02
  -1.31376956616828266533e+02
  -1.37585793894081945155e+02
  -1.43911193432802150483e+02
  -1.50244523399181929335e+02
  -1.56476148942078907567e+02
  -1.62507666814170249836e+02
  -1.68261181168250573137e+02
  -1.73683747525642417031e+02
  -1.78747033224263191187e+02
  +1.76556370038299832004e+02
  +1.72218149888335858577e+02
  +1.68219519764838054243e+02
  +1.64535663837374329432e+02
  +1.61139084026553518925e+02
  +1.58001893013034447222e+02
  +1.55097249047216450890e+02
  +1.52400160157197973376e+02
  +1.49887858769909115608e+02
  +1.47539902230130394400e+02
  +1.45338110023087978107e+02
  +1.43266412153474846036e+02
  +1.41310656328154749417e+02
  +1.39458403016846460787e+02
  +1.37698725159226228243e+02
  +1.36022021425557085195e+02
  +1.34419847086199922614e+02
  -4.71152363358317742836e+01
  -4.85897930809779907690e+01
  -5.00096281357799554712e+01
</dep>
<dep S11_phase frequency>
  +1.78423117902781427802e+02
  +1.76382613119504355836e+02
  +1.74418431491340840012e+02
  +1.72522365974786822562e+02
  +1.70687349331304631050e+02
  +1.68907272496414748275e+02
  +1.67176834721038602538e+02
  +1.65491419626671614651e+02
  +1.63846992394222979783e+02
  +1.62240014207043458327e+02
  +1.60667370807926715770e+02
  +1.59126312630197389808e+02
  +1.57614404447450141333e+02
  +1.56129482876195055496e+02
  +1.54669620378604207644e+02
  +1.53233094663974213745e+02
  +1.51818362589626190129e+02
  +1.50424037824749802894e+02
  +1.49048871672097845931e+02
  +1.47691736548750355951e+02
  +1.46351611713444043517e+02
  +1.45027570898188002957e+02
  +1.43718771559196170529e+02
  +1.42424445509127878040e+02
  +1.41143890731177350517e+02
  +1.39876464207354416658e+02
  +1.38621575619560104542e+02
  +1.37378681803869483247e+02
  +1.36147281856555338209e+02
  +1.34926912805521396876e+02
  +1.33717145773474243242e+02
  +1.32517582569791358083e+02
  +1.31327852657001358239e+02
  +1.30147610445327700290e+02
  +1.28976532875165531777e+02
  +1.27814317252771544986e+02
  +1.26660679309073003651e+02
  +1.25515351455448495699e+02
  +1.24378081213691658036e+02
  +1.23248629800272723855e+02
  +1.22126770847486426419e+02
  +1.21012289246217036975e+02
  +1.19904980096902434639e+02
  +1.18804647756865321639e+02
  +1.17711104973575743315e+02
  +1.16624172094602215566e+02
  +1.15543676346056926718e+02
  +1.14469451172256341920e+02
  +1.13401335630103091034e+02
  +1.12339173832401428399e+02
  +1.11282814434920325652e+02
  +1.10232110162549574284e+02
  +1.09186917370370352387e+02
  +1.08147095635858676133e+02
  +1.07112507378813958780e+02
  +1.06083017505909481315e+02
  +1.05058493077043920039e+02
  +1.04038802990916764202e+02
  +1.03023817687458929981e+02
  +1.02013408864939236764e+02
  +1.01007449209723290551e+02
  +1.00005812136809126400e+02
  +9.90083715393711116803e+01
  +9.80150015456562044847e+01
  +9.70255762816563844808e+01
  +9.60399696380480207836e+01
  +9.50580550399497923308e+01
  +9.40797052180883071060e+01
  +9.31047919799882777170e+01
  +9.21331859798236507686e+01
  +9.11647564855663148364e+01
  +9.01993711420604427076e+01
  +8.92368957286324473444e+01
  +8.82771939098085169917e+01
  +8.73201269776680817358e+01
  +8.63655535843001871399e+01
  +8.54133294627556693968e+01
  +8.44633071347981569943e+01
  +8.35153356036476282043e+01
  +8.25692600297937673304e+01
  +8.16249213878018906598e+01
  +8.06821561018786042041e+01
  +7.97407956577684018384e+01
  +7.88006661883426318127e+01
  +7.78615880299888800664e+01
  +7.69233752466423510441e+01
  +7.59858351179704101241e+01
  +7.50487675878768669691e+01
  +7.41119646690801374689e+01
  +7.31752097990559775553e+01
  +7.22382771421248719435e+01
  +7.13009308318603984844e+01
  +7.03629241473303750354e+01
  +6.94239986159135042953e+01
  +6.84838830345676967681e+01
  +6.75422924004315348157e+01
  +6.65989267405102935982e+01
  +6.56534698289036242613e+01
  +6.47055877785539337310e+01
  +6.37549274927945006652e+01
  +6.28011149600312705843e+01
  +6.18437533726483508190e+01
  +6.08824210486551677945e+01
  +5.99166691315960093789e+01
  +5.89460190408270463536e+01
  +5.79699596402478221080e+01
  +5.69879440889739115050e+01
  +5.59993863320372540215e+01
  +5.50036571829578235793e+01
  +5.40000799427041542344e+01
  +5.29879254910380481647e+01
  +5.19664067762280339480e+01
  +5.09346726173952646377e+01
  +4.98918007199824486975e+01
  +4.88367897886183399692e+01
  +4.77685506025602037994e+01
  +4.66858958963544310450e+01
  +4.55875288617442748773e+01
  +4.44720300553897871509e+01
  +4.33378424597636069393e+01
  +4.21832544005842535739e+01
  +4.10063799721702224588e+01
  +3.98051365607231275590e+01
  +3.85772189833355625410e+01
  +3.73200696758147998366e+01
  +3.60308442636759593825e+01
  +3.47063717365503805468e+01
  +3.33431083160002330601e+01
  +3.19370839608973717816e+01
  +3.04838402958220520134e+01
  +2.89783585832569805518e+01
  +2.74149762032775612397e+01
  +2.57872899799695041168e+01
  +2.40880446453525252082e+01
  +2.23090048323328602464e+01
  +2.04408093586200969582e+01
  +1.84728073986070917556e+01
  +1.63928777508049812184e+01
  +1.41872352833869346256e+01
  +1.18402335380454228897e+01
  +9.33418055317339501187e+00
  +6.64919798899345249055e+00
  +3.76317426764539586515e+00
  +6.51894901632812828751e-01
  -2.71051488581301303071e+00
  -6.35061063353697541345e+00
  -1.02937005218631227876e+01
  -1.45600065121122597134e+01
  -1.91554663390080861518e+01
  -2.40346590797665200512e+01
  -2.85019932387525862794e+01
  +1.43900595522599530796e+02
  +1.38305895507261396915e+02
  +1.32195918940597152869e+02
  +1.25915469864688930102e+02
  +1.19607974067731689161e+02
  +1.13393224366528883706e+02
  +1.07373671262014951822e+02
  +1.01629141448469937359e+02
  +9.62136173047869647235e+01
  +9.11560391489649077812e+01
  +8.64641947024024659640e+01
  +8.21300207362323959615e+01
  +7.81349010557358241158e+01
  +7.44541402772036633451e+01
  +7.10603278874575750024e+01
  +6.79256417590993777367e+01
  +6.50232896802766617839e+01
  +6.23283179982125901120e+01
  +5.98179892488934967787e+01
  +5.74718847660000307087e+01
  +5.52718433861889337777e+01
  +5.32018108999157774974e+01
  +5.12476480220441885649e+01
  +4.93969260405729997387e+01
  +4.76387269686793928258e+01
  +4.59634571462414882603e+01
  +4.43626783735329155434e+01
  +4.28289577706607715868e+01
  +4.13557359250648559623e+01
  +3.99372120393997818155e+01
</dep>
<dep S21_dB frequency>
  -1.17407532485575298864e+01
  -1.24588966752060876786e+01
  -1.31948833822277542538e+01
  -1.39528505405703047160e+01
  -1.47375923203780843096e+01
  -1.55547536503602188418e+01
  -1.64111009788802384435e+01
  -1.73149066215616507236e+01
  -1.82765070788025028037e+01
  -1.93091381783266875516e+01
  -2.04302296976129227346e+01
  -2.16635010622061088270e+01
  -2.30425390098396576377e+01
  -2.46173268485456091526e+01
  -2.64672385062549331280e+01
  -2.87301260020370428094e+01
  -3.16795726836374313962e+01
  -3.59961180605756609907e+01
  -4.44955935009688730020e+01
  -4.87650855332321384594e+01
  -3.77368255279474453801e+01
  -3.31319700840482482818e+01
  -3.02066605741132718776e+01
  -2.80727306863193106778e+01
  -2.64004778309518464141e+01
  -2.50307465232381822773e+01
  -2.38744548177326336713e+01
  -2.28766923005558773241e+01
  -2.20012195724674910480e+01
  -2.12228669520641943791e+01
  -2.05234456840806167577e+01
  -1.98893877543336010660e+01
  -1.93103053828348478760e+01
  -1.87780711231137722450e+01
  -1.82862079641802530716e+01
  -1.78294719760365509842e+01
  -1.74035588892331070099e+01
  -1.70048929271794193596e+01
  -1.66304716982327214225e+01
  -1.62777501958859858178e+01
  -1.59445526486721895765e+01
  -1.56290045692317765003e+01
  -1.53294796962309192168e+01
  -1.50445580805151699622e+01
  -1.47729926230209471782e+01
  -1.45136821011937815484e+01
  -1.42656492325990402747e+01
  -1.40280226892806396677e+01
  -1.38000222400989080995e+01
  -1.35809463912968837462e+01
  -1.33701620384922854612e+01
  -1.31670957503356689244e+01
  -1.29712263850516542618e+01
  -1.27820788029032819111e+01
  -1.25992184852607103096e+01
  -1.24222469079507717993e+01
  -1.22507975455316469038e+01
  -1.20845324059760255153e+01
  -1.19231390133784955765e+01
  -1.17663277707956819285e+01
  -1.16138296469732704708e+01
  -1.14653941401418819623e+01
  -1.13207874797134948608e+01
  -1.11797910329783807271e+01
  -1.10421998890388834980e+01
  -1.09078215964590583553e+01
  -1.07764750346251680924e+01
  -1.06479894017384708604e+01
  -1.05222033048043002168e+01
  -1.03989639390350987469e+01
  -1.02781263458082214868e+01
  -1.01595527397784763934e+01
  -1.00431118969815145192e+01
  -9.92867859681150299878e+00
  -9.81613311165382285139e+00
  -9.70536073871605076135e+00
  -9.59625136925657251652e+00
  -9.48869909097157737676e+00
  -9.38260181978391827329e+00
  -9.27786095769567964453e+00
  -9.17438107372210431834e+00
  -9.07206960523798500162e+00
  -8.97083657733199579809e+00
  -8.87059433799868024551e+00
  -8.77125730719349760989e+00
  -8.67274173795300384882e+00
  -8.57496548792444990283e+00
  -8.47784779978070801576e+00
  -8.38130908910171790183e+00
  -8.28527073839381955622e+00
  -8.18965489599929696851e+00
  -8.09438427870749777071e+00
  -7.99938197693348929107e+00
  -7.90457126137038468272e+00
  -7.80987539005425546179e+00
  -7.71521741480311895600e+00
  -7.62051998600808211393e+00
  -7.52570515476433499202e+00
  -7.43069417133414145127e+00
  -7.33540727893314503660e+00
  -7.23976350182933803268e+00
  -7.14368042673842129631e+00
  -7.04707397649829836439e+00
  -6.94985817499929137142e+00
  -6.85194490236056186205e+00
  -6.75324363935002836001e+00
  -6.65366120008482653247e+00
  -6.55310145209668881705e+00
  -6.45146502293813384199e+00
  -6.34864899262786686052e+00
  -6.24454657142575086937e+00
  -6.13904676268849058829e+00
  -6.03203401092754099011e+00
  -5.92338783569850235722e+00
  -5.81298245263791280024e+00
  -5.70068638389703608027e+00
  -5.58636206146938718575e+00
  -5.46986542857920099436e+00
  -5.35104554652067498921e+00
  -5.22974421729423433192e+00
  -5.10579563630615940184e+00
  -4.97902609460333689384e+00
  -4.84925375700752603336e+00
  -4.71628855166289717715e+00
  -4.57993221864469468585e+00
  -4.43997858139018219958e+00
  -4.29621412613195730046e+00
  -4.14841900300130639323e+00
  -3.99636860041279984301e+00
  -3.83983589489197196798e+00
  -3.67859484590052154829e+00
  -3.51242519502330052816e+00
  -3.34111914844453794515e+00
  -3.16449058043888120650e+00
  -2.98238760564439653322e+00
  -2.79470964383813758047e+00
  -2.60143045968989650163e+00
  -2.40262911883207985753e+00
  -2.19853137376165141958e+00
  -1.98956467794189983955e+00
  -1.77643079022772809594e+00
  -1.56020067188112721013e+00
  -1.34243686190815836312e+00
  -1.12534828047706070286e+00
  -9.11980620840838751562e-01
  -7.06440781445555887608e-01
  -5.14144183660058207153e-01
  -3.42056992213732813379e-01
  -1.98879667580655283832e-01
  -9.50858961096137378366e-02
  -4.27017658854227794007e-02
  -5.47064541408343665840e-02
  -1.43989887077957845474e-01
  -3.21937654229006220419e-01
  -5.96905826674436923440e-01
  -9.73004423525766437564e-01
  -1.44960182601509579570e+00
  -2.02174228116127752131e+00
  -2.68133746796417504754e+00
  -3.41874497315600667235e+00
  -4.22430690324437652095e+00
  -5.08956155600951287710e+00
  -6.00803787403593858585e+00
  -6.97569307382969050479e+00
  -7.99112556825210074152e+00
  -9.05570776581136627215e+00
  -1.01737717878061992849e+01
  -1.13529751859386074386e+01
  -1.26049955722961275484e+01
  -1.39467779272709346827e+01
  -1.54027359662667073792e+01
  -1.70087128716414319740e+01
  -1.88194779614602261120e+01
  -2.09241335311851948120e+01
  -2.34819047562936020768e+01
  -2.68223714179545922320e+01
  -3.18322823434371535711e+01
  -4.32349334634425090940e+01
  -3.94252310719643688230e+01
  -3.13010426732561413132e+01
  -2.73659951125965505980e+01
</dep>
<dep S11_dB frequency>
  -3.13467796064032633296e-01
  -2.66463423541197286237e-01
  -2.26163187887773731166e-01
  -1.91555181420400677528e-01
  -1.61813039010977766097e-01
  -1.36256936286227064992e-01
  -1.14323702958870954127e-01
  -9.55437265816073133529e-02
  -7.95229602814694347401e-02
  -6.59287996461077191457e-02
  -5.44789165458081786619e-02
  -4.49323702528592050509e-02
  -3.70824853724932776422e-02
  -3.07511101645290031714e-02
  -2.57839605692595334741e-02
  -2.20468236091882728578e-02
  -1.94224451560223339286e-02
  -1.78079658542794547205e-02
  -1.71127985317629446871e-02
  -1.72568630633313686851e-02
  -1.81691121092917989843e-02
  -1.97862946912990139703e-02
  -2.20519151356339537795e-02
  -2.49153532041143863096e-02
  -2.83311177742181438677e-02
  -3.22582116154462028579e-02
  -3.66595889418313489183e-02
  -4.15016907290745237780e-02
  -4.67540454457869916749e-02
  -5.23889249986383906399e-02
  -5.83810474348816013657e-02
  -6.47073193670747032202e-02
  -7.13466122464082586063e-02
  -7.82795675656952905097e-02
  -8.54884268585804629748e-02
  -9.29568830120793138105e-02
  -1.00669949948923739824e-01
  -1.08613848185201436469e-01
  -1.16775904144249265126e-01
  -1.25144461421936914469e-01
  -1.33708802462733172822e-01
  -1.42459079329043364348e-01
  -1.51386252434265761169e-01
  -1.60482036269990496757e-01
  -1.69738851293714576585e-01
  -1.79149781259003659795e-01
  -1.88708535369525920444e-01
  -1.98409414722959420718e-01
  -2.08247282584241882875e-01
  -2.18217538090577256593e-01
  -2.28316093045207446632e-01
  -2.38539351504634400403e-01
  -2.48884191904790441630e-01
  -2.59347951508685448108e-01
  -2.69928412989120514176e-01
  -2.80623792988462739117e-01
  -2.91432732522569626354e-01
  -3.02354289118196117858e-01
  -3.13387930592977925759e-01
  -3.24533530405977987954e-01
  -3.35791364522855406705e-01
  -3.47162109755411785184e-01
  -3.58646843549923932670e-01
  -3.70247045212069525455e-01
  -3.81964598569293267705e-01
  -3.93801796084836619460e-01
  -4.05761344449548255753e-01
  -4.17846371690656637199e-01
  -4.30060435849460243052e-01
  -4.42407535292834219742e-01
  -4.54892120737558081078e-01
  -4.67519109080411776613e-01
  -4.80293899142990143858e-01
  -4.93222389456199283853e-01
  -5.06310998227515129955e-01
  -5.19566685653787274646e-01
  -5.32996978763486062292e-01
  -5.46609998996210211253e-01
  -5.60414492753747550680e-01
  -5.74419865185677891439e-01
  -5.88636217505930980920e-01
  -6.03074388173082120979e-01
  -6.17745998308479316030e-01
  -6.32663501773393366356e-01
  -6.47840240378685150446e-01
  -6.63290504760755128544e-01
  -6.79029601525713344401e-01
  -6.95073927340916997153e-01
  -7.11441050742238401128e-01
  -7.28149802526733114227e-01
  -7.45220375716445726511e-01
  -7.62674436213647943816e-01
  -7.80535245421277834588e-01
  -7.98827796281056601302e-01
  -8.17578964387207118847e-01
  -8.36817676073496441447e-01
  -8.56575095648432816020e-01
  -8.76884834278334746038e-01
  -8.97783183395662987003e-01
  -9.19309375954204366366e-01
  -9.41505879373190968096e-01
  -9.64418724626002088485e-01
  -9.88097876653306839145e-01
  -1.01259765213967156683e+00
  -1.03797719171017566175e+00
  -1.06430099482081796936e+00
  -1.09163952706647782165e+00
  -1.12006991137405220726e+00
  -1.14967671664295645328e+00
  -1.18055285992901004555e+00
  -1.21280064133584830621e+00
  -1.24653293451435787098e+00
  -1.28187456023442281072e+00
  -1.31896387609213405767e+00
  -1.35795462231585517543e+00
  -1.39901807217361318081e+00
  -1.44234554610495990801e+00
  -1.48815136197166775212e+00
  -1.53667631049511643759e+00
  -1.58819176600364175833e+00
  -1.64300456936180894196e+00
  -1.70146285412796149927e+00
  -1.76396303093731998679e+00
  -1.83095820199718506416e+00
  -1.90296835175140421903e+00
  -1.98059275719581262543e+00
  -2.06452519033032277918e+00
  -2.15557265753386184670e+00
  -2.25467865291080471479e+00
  -2.36295221891987017315e+00
  -2.48170454295483766671e+00
  -2.61249542507388721191e+00
  -2.75719280829265578348e+00
  -2.91804978943509985001e+00
  -3.09780531482208143501e+00
  -3.29981741530695149578e+00
  -3.52824185141631829765e+00
  -3.78827527571391309280e+00
  -4.08649197986319467901e+00
  -4.43131973216302732510e+00
  -4.83372840119699631600e+00
  -5.30825563082272644522e+00
  -5.87458949857131873529e+00
  -6.56012085863672567143e+00
  -7.40429709739400010449e+00
  -8.46660864223241205195e+00
  -9.84272263372154831984e+00
  -1.17017069464610514729e+01
  -1.43905146775115593272e+01
  -1.88425820410822950635e+01
  -3.02326258503889846452e+01
  -2.46186041677532401195e+01
  -1.63196928449781566428e+01
  -1.20763667727207106850e+01
  -9.25064932821011254305e+00
  -7.18833030477642598299e+00
  -5.62074354059054037691e+00
  -4.40637754450142971052e+00
  -3.45743594703531931245e+00
  -2.71308900662073204657e+00
  -2.12825817754938650950e+00
  -1.66834565486349584162e+00
  -1.30640170147025780345e+00
  -1.02134733405449318333e+00
  -7.96702311429272391763e-01
  -6.19602233842090233118e-01
  -4.80016760056742541884e-01
  -3.70126106556748935006e-01
  -2.83827522311613844597e-01
  -2.16348400432547771643e-01
  -1.63945528475499396892e-01
  -1.23672726744550862121e-01
  -9.32019965998975713495e-02
  -7.06860859503391780745e-02
  -5.46528775925379378675e-02
  -4.39241212259026680975e-02
  -3.75527493885902882709e-02
  -3.47743767310289761396e-02
  -3.49696362242716829449e-02
  -3.76348132676255359153e-02
  -4.23588520432794796156e-02
</dep>
<dep Zin_ohm frequency>
  +5.67298975933114064674e+01
  +8.77647054291471988563e+01
  +1.26138253564520752548e+02
  +1.65677907687973629436e+02
  +2.04946114120293856331e+02
  +2.43555088269728997830e+02
  +2.81412947984618199371e+02
  +3.18527219791071843247e+02
  +3.54941236994365510782e+02
  +3.90710367829300196263e+02
  +4.25892338301695247083e+02
  +4.60543163885905812549e+02
  +4.94715501198769743496e+02
  +5.28458098080512627348e+02
  +5.61815752873062592698e+02
  +5.94829505915083473155e+02
  +6.27536928406541733239e+02
  +6.59972441885064654343e+02
  +6.92167635454881860824e+02
  +7.24151565244437506408e+02
  +7.55951029564530472271e+02
  +7.87590817907967107203e+02
  +8.19093934307149311280e+02
  +8.50481796707855210116e+02
  +8.81774414495172436546e+02
  +9.12990546429289793195e+02
  +9.44147841187158974208e+02
  +9.75262962554332830223e+02
  +1.00635170112331206838e+03
  +1.03742907415824060990e+03
  +1.06850941509626454717e+03
  +1.09960645398042379384e+03
  +1.13073338996036909521e+03
  +1.16190295685695900829e+03
  +1.19312748266252310714e+03
  +1.22441894374102389520e+03
  +1.25578901439833657605e+03
  +1.28724911241134213924e+03
  +1.31881044103465978878e+03
  +1.35048402794274329608e+03
  +1.38228076151309869601e+03
  +1.41421142481129936641e+03
  +1.44628672759964115357e+03
  +1.47851733665838855813e+03
  +1.51091390467982023438e+03
  +1.54348709797124683973e+03
  +1.57624762318244961534e+03
  +1.60920625325545006490e+03
  +1.64237385278015335643e+03
  +1.67576140292698551093e+03
  +1.70938002611793490360e+03
  +1.74324101058956102861e+03
  +1.77735583499526046580e+03
  +1.81173619319009549145e+03
  +1.84639401933830072267e+03
  +1.88134151348262184911e+03
  +1.91659116771461344797e+03
  +1.95215579308648443657e+03
  +1.98804854740807854796e+03
  +2.02428296407665538936e+03
  +2.06087298209293658147e+03
  +2.09783297742358672622e+03
  +2.13517779587926406748e+03
  +2.17292278768704227332e+03
  +2.21108384394792892635e+03
  +2.24967743518383667833e+03
  +2.28872065219362866628e+03
  +2.32823124945559766275e+03
  +2.36822769133367728500e+03
  +2.40872920136706716221e+03
  +2.44975581494833659235e+03
  +2.49132843572360707185e+03
  +2.53346889608024093832e+03
  +2.57620002212357212557e+03
  +2.61954570358440014388e+03
  +2.66353096914428397213e+03
  +2.70818206771646009656e+03
  +2.75352655627721969722e+03
  +2.79959339490688535079e+03
  +2.84641304977116260488e+03
  +2.89401760485520344446e+03
  +2.94244088335339847617e+03
  +2.99171857972098132450e+03
  +3.04188840350877489982e+03
  +3.09299023623326547749e+03
  +3.14506630268047865684e+03
  +3.19816135820869340023e+03
  +3.25232289380132169754e+03
  +3.30760136083266388596e+03
  +3.36405041774739311222e+03
  +3.42172720112247588986e+03
  +3.48069262388317201840e+03
  +3.54101170378469714706e+03
  +3.60275392565369475051e+03
  +3.66599364131201991768e+03
  +3.73081051158442778615e+03
  +3.79728999532431635089e+03
  +3.86552389098110324994e+03
  +3.93561093687925540507e+03
  +4.00765747708132585103e+03
  +4.08177820045807129645e+03
  +4.15809696137514583825e+03
  +4.23674769120204382489e+03
  +4.31787541061787487706e+03
  +4.40163735335967976425e+03
  +4.48820421254152006441e+03
  +4.57776152080567953817e+03
  +4.67051117513278222759e+03
  +4.76667311578908629599e+03
  +4.86648716613251872332e+03
  +4.97021503508670593874e+03
  +5.07814247593895470345e+03
  +5.19058158211230966117e+03
  +5.30787318033916017157e+03
  +5.43038925073944210453e+03
  +5.55853525654001805378e+03
  +5.69275219598863805004e+03
  +5.83351808423345482879e+03
  +5.98134841706964652985e+03
  +6.13679493721955350338e+03
  +6.30044168159339278645e+03
  +6.47289678286220441805e+03
  +6.65477775588141321350e+03
  +6.84668691332291200524e+03
  +7.04917198066843684501e+03
  +7.26266473151295576827e+03
  +7.48738732380738383654e+03
  +7.72321179824174760142e+03
  +7.96945290145664694137e+03
  +8.22456858444795034302e+03
  +8.48573812477917454089e+03
  +8.74828960129547522229e+03
  +9.00496638474832070642e+03
  +9.24507414767558293534e+03
  +9.45366063684108485177e+03
  +9.61106953156495910662e+03
  +9.69345044271602273511e+03
  +9.67495342596150112513e+03
  +9.53207820793104292534e+03
  +9.24967681843020909582e+03
  +8.82662620916270316229e+03
  +8.27831982205282656651e+03
  +7.63418215780107402679e+03
  +6.93111378048265578400e+03
  +6.20595001659982062847e+03
  +5.48992335528997136862e+03
  +4.80632977580425267661e+03
  +4.17088539101581045543e+03
  +3.59359205810401226699e+03
  +3.08110477189544553767e+03
  +2.63900955080911307959e+03
  +2.27363621266866448423e+03
  +1.99281639793918679970e+03
  +1.80445443825281267891e+03
  +1.71209727047732758365e+03
  +1.70980803680190410887e+03
  +1.78176978065561684161e+03
  +1.90786711333794733036e+03
  +2.06986106635936903331e+03
  +2.25412168044968530012e+03
  +2.45150899699491856154e+03
  +2.65625377643131969307e+03
  +2.86485715169475270159e+03
  +3.07528236305960308528e+03
  +3.28642004238961771989e+03
  +3.49774834356108567590e+03
  +3.70911961879995487834e+03
  +3.92062664746030986862e+03
  +4.13251851902364705893e+03
  +4.34514765576529589453e+03
  +4.55893657061499834526e+03
  +4.77435730381613120699e+03
  +4.99191913512180781254e+03
  +5.21216179852985533216e+03
  +5.43565244018604698795e+03
  +5.66298519962453610788e+03
  +5.89478270497153880569e+03
  +6.13169904153346760722e+03
  +6.37442393370097033767e+03
  +6.62368800543071665743e+03
  +6.88026907565903547948e+03
</dep>
<dep Zin_norm frequency>
  +1.13459795186622813823e+00
  +1.75529410858294387943e+00
  +2.52276507129041505095e+00
  +3.31355815375947271306e+00
  +4.09892228240587730426e+00
  +4.87110176539458006317e+00
  +5.62825895969236356109e+00
  +6.37054439582143672283e+00
  +7.09882473988731010905e+00
  +7.81420735658600396079e+00
  +8.51784676603390522587e+00
  +9.21086327771811674836e+00
  +9.89431002397539494098e+00
  +1.05691619616102521206e+01
  +1.12363150574612529198e+01
  +1.18965901183016704579e+01
  +1.25507385681308356595e+01
  +1.31994488377012935132e+01
  +1.38433527090976369323e+01
  +1.44830313048887511229e+01
  +1.51190205912906101560e+01
  +1.57518163581593420020e+01
  +1.63818786861429863677e+01
  +1.70096359341571030654e+01
  +1.76354882899034492993e+01
  +1.82598109285857965745e+01
  +1.88829568237431786315e+01
  +1.95052592510866560360e+01
  +2.01270340224662405149e+01
  +2.07485814831648127665e+01
  +2.13701883019252925067e+01
  +2.19921290796084747399e+01
  +2.26146677992073819041e+01
  +2.32380591371391780342e+01
  +2.38625496532504612901e+01
  +2.44883788748204764829e+01
  +2.51157802879667322316e+01
  +2.57449822482268437795e+01
  +2.63762088206931970547e+01
  +2.70096805588548676269e+01
  +2.76456152302619742045e+01
  +2.82842284962259853387e+01
  +2.89257345519928250610e+01
  +2.95703467331677707364e+01
  +3.02182780935964068192e+01
  +3.08697419594249353736e+01
  +3.15249524636489937279e+01
  +3.21841250651090007295e+01
  +3.28474770556030648549e+01
  +3.35152280585397122081e+01
  +3.41876005223587000614e+01
  +3.48648202117912191511e+01
  +3.55471166999052101687e+01
  +3.62347238638019106816e+01
  +3.69278803867660130322e+01
  +3.76268302696524372664e+01
  +3.83318233542922683910e+01
  +3.90431158617296887314e+01
  +3.97609709481615709592e+01
  +4.04856592815331097768e+01
  +4.12174596418587313451e+01
  +4.19566595484717339559e+01
  +4.27035559175852839076e+01
  +4.34584557537408429084e+01
  +4.42216768789585756849e+01
  +4.49935487036767298719e+01
  +4.57744130438725775889e+01
  +4.65646249891119552444e+01
  +4.73645538266735499633e+01
  +4.81745840273413463706e+01
  +4.89951162989667352576e+01
  +4.98265687144721383106e+01
  +5.06693779216048199032e+01
  +5.15240004424714470588e+01
  +5.23909140716880017408e+01
  +5.32706193828856768846e+01
  +5.41636413543292007944e+01
  +5.50705311255443916707e+01
  +5.59918678981377055948e+01
  +5.69282609954232512450e+01
  +5.78803520971040725840e+01
  +5.88488176670679692393e+01
  +5.98343715944196219425e+01
  +6.08377680701754997017e+01
  +6.18598047246653095499e+01
  +6.29013260536095728526e+01
  +6.39632271641738654466e+01
  +6.50464578760264373614e+01
  +6.61520272166532805613e+01
  +6.72810083549478576970e+01
  +6.84345440224495149550e+01
  +6.96138524776634426416e+01
  +7.08202340756939463517e+01
  +7.20550785130738944417e+01
  +7.33198728262403989220e+01
  +7.46162102316885551545e+01
  +7.59457999064863287231e+01
  +7.73104778196220649988e+01
  +7.87122187375851041224e+01
  +8.01531495416265187259e+01
  +8.16355640091614276344e+01
  +8.31619392275029127859e+01
  +8.47349538240408719503e+01
  +8.63575082123575015203e+01
  +8.80327470671935969904e+01
  +8.97640842508303933300e+01
  +9.15552304161135879212e+01
  +9.34102235026556400044e+01
  +9.53334623157817304673e+01
  +9.73297433226503727610e+01
  +9.94043007017341153642e+01
  +1.01562849518779088953e+02
  +1.03811631642246197771e+02
  +1.06157463606783210253e+02
  +1.08607785014788845501e+02
  +1.11170705130800357097e+02
  +1.13855043919772768390e+02
  +1.16670361684669103397e+02
  +1.19626968341392924344e+02
  +1.22735898744391064952e+02
  +1.26008833631867858571e+02
  +1.29457935657244092909e+02
  +1.33095555117628265407e+02
  +1.36933738266458249200e+02
  +1.40983439613368744858e+02
  +1.45253294630259119913e+02
  +1.49747746476147682415e+02
  +1.54464235964834955439e+02
  +1.59389058029132939964e+02
  +1.64491371688959020503e+02
  +1.69714762495583499913e+02
  +1.74965792025909507856e+02
  +1.80099327694966405033e+02
  +1.84901482953511646201e+02
  +1.89073212736821687940e+02
  +1.92221390631299186680e+02
  +1.93869008854320469482e+02
  +1.93499068519230007723e+02
  +1.90641564158620866465e+02
  +1.84993536368604196696e+02
  +1.76532524183254054151e+02
  +1.65566396441056525646e+02
  +1.52683643156021474852e+02
  +1.38622275609653115680e+02
  +1.24119000331996417685e+02
  +1.09798467105799431920e+02
  +9.61265955160850609218e+01
  +8.34177078203162096770e+01
  +7.18718411620802442030e+01
  +6.16220954379089107533e+01
  +5.27801910161822647183e+01
  +4.54727242533732933794e+01
  +3.98563279587837371309e+01
  +3.60890887650562532940e+01
  +3.42419454095465525256e+01
  +3.41961607360380810405e+01
  +3.56353956131123368323e+01
  +3.81573422667589454704e+01
  +4.13972213271873812346e+01
  +4.50824336089937105498e+01
  +4.90301799398983675360e+01
  +5.31250755286263967037e+01
  +5.72971430338950540317e+01
  +6.15056472611920597160e+01
  +6.57284008477923578084e+01
  +6.99549668712217140865e+01
  +7.41823923759991004090e+01
  +7.84125329492061950987e+01
  +8.26503703804729497051e+01
  +8.69029531153059195958e+01
  +9.11787314122999674737e+01
  +9.54871460763226309609e+01
  +9.98383827024361636404e+01
  +1.04243235970597098117e+02
  +1.08713048803720937485e+02
  +1.13259703992490727842e+02
  +1.17895654099430771566e+02
  +1.22633980830669344186e+02
  +1.27488478674019404480e+02
  +1.32473760108614328601e+02
  +1.37605381513180702768e+02
</dep>
<dep S[2,2] frequency>
  -9.64188864674073053962e-01+j2.65429001287880023119e-02
  -9.67855872742724998581e-01+j6.11872022856362399179e-02
  -9.69678665809710071954e-01+j9.47628993151889836843e-02
  -9.69869032341830861199e-01+j1.27300540230984526868e-01
  -9.68606313827557463547e-01+j1.58834974002174555974e-01
  -9.66043130705706465378e-01+j1.89402791546781718024e-01
  -9.62310051345521055843e-01+j2.19040671963939836964e-01
  -9.57519395486443825050e-01+j2.47784343643319221462e-01
  -9.51768333900037344364e-01+j2.75667961743198131064e-01
  -9.45141417978184072979e-01+j3.02723765763916852212e-01
  -9.37712648285129901637e-01+j3.28981923635648154658e-01
  -9.29547170283262502721e-01+j3.54470498082138207874e-01
  -9.20702668269996249428e-01+j3.79215491231439105757e-01
  -9.11230514609396191616e-01+j4.03240937389559628290e-01
  -9.01176720103727846301e-01+j4.26569023531679913930e-01
  -8.90582722346380917244e-01+j4.49220223732478107781e-01
  -8.79486041703559151550e-01+j4.71213438370218618001e-01
  -8.67920828830291646305e-01+j4.92566132127351619108e-01
  -8.55918323042708539816e-01+j5.13294467008153842968e-01
  -8.43507237205473159314e-01+j5.33413428102607944936e-01
  -8.30714081861152253694e-01+j5.52936940853763103654e-01
  -8.17563438976263046065e-01+j5.71877979278814452258e-01
  -8.04078193787017836414e-01+j5.90248665054106003147e-01
  -7.90279731702751120359e-01+j6.08060357671682316649e-01
  -7.76188105991309496012e-01+j6.25323736060503843071e-01
  -7.61822180970451734439e-01+j6.42048872173291762522e-01
  -7.47199754615133548974e-01+j6.58245297095446324498e-01
  -7.32337663826446827464e-01+j6.73922060252144294878e-01
  -7.17251875064085497868e-01+j6.89087782286241790075e-01
  -7.01957562597707918073e-01+j7.03750702160953811592e-01
  -6.86469176264758451644e-01+j7.17918719013617256941e-01
  -6.70800500318400660937e-01+j7.31599429253967592501e-01
  -6.54964704697589494842e-01+j7.44800159365079816887e-01
  -6.38974389841818424252e-01+j7.57527994829513384722e-01
  -6.22841625999049908202e-01+j7.69789805567874574344e-01
  -6.06577987829416853671e-01+j7.81592268243489818325e-01
  -5.90194584985304859792e-01+j7.92941885754967157318e-01
  -5.73702089246040380921e-01+j8.03845004208628477471e-01
  -5.57110758698889041440e-01+j8.14307827635357472928e-01
  -5.40430459385485506552e-01+j8.24336430690885024752e-01
  -5.23670684771084804510e-01+j8.33936769555384871389e-01
  -5.06840573341875155755e-01+j8.43114691226927059908e-01
  -4.89948924591411594243e-01+j8.51875941383971047038e-01
  -4.73004213619380109446e-01+j8.60226170974529469326e-01
  -4.56014604533999778901e-01+j8.68170941673533702598e-01
  -4.38987962821893729082e-01+j8.75715730335497877235e-01
  -4.21931866825933199472e-01+j8.82865932556356702854e-01
  -4.04853618451664010180e-01+j8.89626865446398906734e-01
  -3.87760253205687133171e-01+j8.96003769705459141015e-01
  -3.70658549654924562855e-01+j9.02001811081604043530e-01
  -3.53555038383083941600e-01+j9.07626081285716090896e-01
  -3.36456010509918024276e-01+j9.12881598426268370261e-01
  -3.19367525829835796625e-01+j9.17773307021225837055e-01
  -3.02295420618399812707e-01+j9.22306077637347732079e-01
  -2.85245315148762002000e-01+j9.26484706201066821052e-01
  -2.68222620954245483116e-01+j9.30313913019636840041e-01
  -2.51232547868495692533e-01+j9.33798341546149268666e-01
  -2.34280110870557389813e-01+j9.36942556917402025185e-01
  -2.17370136758737314553e-01+j9.39751044289454884328e-01
  -2.00507270674261578458e-01+j9.42228206991737815557e-01
  -1.83695982493300380423e-01+j9.44378364517108104259e-01
  -1.66940573104094047707e-01+j9.46205750361905129076e-01
  -1.50245180584152066006e-01+j9.47714509727047849097e-01
  -1.33613786291452874000e-01+j9.48908697088362118599e-01
  -1.17050220882565489400e-01+j9.49792273641728024280e-01
  -1.00558170269926944185e-01+j9.50369104626089478138e-01
  -8.41411815302119253657e-02+j9.50642956525078020036e-01
  -6.78026687755069051855e-02+j9.50617494145728714194e-01
  -5.15459189990538912962e-02+j9.50296277570619185582e-01
  -3.53740979076546391280e-02+j9.49682758977698160407e-01
  -1.92902557532540798457e-02+j9.48780279319991870501e-01
  -3.29733317689808944073e-03+j9.47592064855421578606e-01
  +1.26018329208129400976e-02+j9.46121223514879372551e-01
  +2.84045034676175152388e-02+j9.44370741094753940459e-01
  +4.41080312493335804924e-02+j9.42343477257994277529e-01
  +5.97098548634040146577e-02+j9.40042161325676306483e-01
  +7.52074925764137092177e-02+j9.37469387838861245577e-01
  +9.05985360636527015110e-02+j9.34627611868212304636e-01
  +1.05880644006488264242e-01+j9.31519144046374369950e-01
  +1.21051535520447867134e-01+j9.28146145295615010440e-01
  +1.36108983384001847039e-01+j9.24510621220367534434e-01
  +1.51050807034322359668e-01+j9.20614416131419588396e-01
  +1.65874865292419820806e-01+j9.16459206665247050339e-01
  +1.80579048775335898602e-01+j9.12046494958520637120e-01
  +1.95161271948016162847e-01+j9.07377601334031780311e-01
  +2.09619464761321844248e-01+j9.02453656450177610360e-01
  +2.23951563816066234747e-01+j8.97275592861580983950e-01
  +2.38155502984970346425e-01+j8.91844135933569703845e-01
  +2.52229203415630764962e-01+j8.86159794047760573932e-01
  +2.66170562827404644235e-01+j8.80222848030063120817e-01
  +2.79977444003223885360e-01+j8.74033339725984848023e-01
  +2.93647662363985872958e-01+j8.67591059640872352965e-01
  +3.07178972497482605242e-01+j8.60895533554981162716e-01
  +3.20569053495876332693e-01+j8.53946008014629054372e-01
  +3.33815492934867286134e-01+j8.46741434591347652550e-01
  +3.46915769303574483828e-01+j8.39280452790656883444e-01
  +3.59867232666111591666e-01+j8.31561371480977196136e-01
  +3.72667083303204416111e-01+j8.23582148701004435054e-01
  +3.85312348044160424276e-01+j8.15340369690892075027e-01
  +3.97799853955099758096e-01+j8.06833222978400432801e-01
  +4.10126198997347146680e-01+j7.98057474336250405322e-01
  +4.22287719208969403173e-01+j7.89009438411003682923e-01
  +4.34280451890702134943e-01+j7.79684947807346095949e-01
  +4.46100094193411733645e-01+j7.70079319394454064884e-01
  +4.57741956404447147833e-01+j7.60187317584514410385e-01
  +4.69200909112950759194e-01+j7.50003114316632357728e-01
  +4.80471323294624330646e-01+j7.39520245464846293082e-01
  +4.91547002191285220540e-01+j7.28731563376390112374e-01
  +5.02421103663681423157e-01+j7.17629185238887301601e-01
  +5.13086051461763337223e-01+j7.06204436973920768317e-01
  +5.23533433576492623907e-01+j6.94447792363961591278e-01
  +5.33753885502363800697e-01+j6.82348807143501878691e-01
  +5.43736955838118651840e-01+j6.69896047830429997028e-01
  +5.53470951170762615057e-01+j6.57077015148482712625e-01
  +5.62942756607740402153e-01+j6.43878062007631757346e-01
  +5.72137627622871902666e-01+j6.30284306182834264121e-01
  +5.81038948038151481512e-01+j6.16279538084102074258e-01
  +5.89627947944776020783e-01+j6.01846124372371060751e-01
  +5.97883374135507850156e-01+j5.86964908686428921136e-01
  +6.05781104132220193925e-01+j5.71615111461962643880e-01
  +6.13293693093849290321e-01+j5.55774231819860742299e-01
  +6.20389840719037799488e-01+j5.39417955881838051546e-01
  +6.27033762642883019112e-01+j5.22520077778293567938e-01
  +6.33184447688791229858e-01+j5.05052442242595045485e-01
  +6.38794778590165646115e-01+j4.86984921304793427765e-01
  +6.43810489361105742212e-01+j4.68285442575346377847e-01
  +6.48168927306475683991e-01+j4.48920093452524038291e-01
  +6.51797581700237715907e-01+j4.28853334991217416405e-01
  +6.54612334498778425385e-01+j4.08048372091478206425e-01
  +6.56515381336948533608e-01+j3.86467744404901003552e-01
  +6.57392764029346432508e-01+j3.64074226688827995435e-01
  +6.57111449948518111519e-01+j3.40832160646237669610e-01
  +6.55515890949913360153e-01+j3.16709385739261939374e-01
  +6.52423998416659878252e-01+j2.91679998166490150879e-01
  +6.47622487376989242058e-01+j2.65728250300429680308e-01
  +6.40861581248760914242e-01+j2.38854013469909975953e-01
  +6.31849145432850645143e-01+j2.11080371425215185255e-01
  +6.20244457926981351825e-01+j1.82464095111967872231e-01
  +6.05652067505332958319e-01+j1.53109971158864932583e-01
  +5.87616593588416780136e-01+j1.23190203053412661305e-01
  +5.65619970825727347297e-01+j9.29703328253550786986e-02
  +5.39083646902065782847e-01+j6.28432430176724954318e-02
  +5.07379730834409237161e-01+j3.33725914983729193830e-02
  +4.69857156678082144019e-01+j5.34613029436090125834e-03
  +4.25891517396016772157e-01-j2.01628679639111740851e-02
  +3.74969867226913167180e-01-j4.17323477590817171201e-02
  +3.16823143978863519532e-01-j5.75405400963237556589e-02
  +2.51616061319323180978e-01-j6.53535596016340536440e-02
  +1.80192529340388152281e-01-j6.25926794598322122631e-02
  +1.04347968559800649557e-01-j4.65343634155016561138e-02
  +2.70557145938705723154e-02-j1.46912731748217728622e-02
  -4.74765340699923460432e-02+j3.46197282498920677618e-02
  -1.14068403697551515319e-01+j1.01610187966656134728e-01
  -1.67238477014997166670e-01+j1.84464745385134548661e-01
  -2.02210155659566542807e-01+j2.79183644445251066823e-01
  -2.15956213425706200493e-01+j3.80028525728384025673e-01
  -2.07872185284777105663e-01+j4.80520174655025944510e-01
  -1.79793596820383483337e-01+j5.74647312989148062456e-01
  -1.35383982831193599994e-01+j6.57840497578068728046e-01
  -7.91982884838606793210e-02+j7.27422386233055107141e-01
  -1.57909236288546334093e-02+j7.82525835191341556651e-01
  +5.08947209947855916390e-02+j8.23673757580432486236e-01
  +1.17805176598414496070e-01+j8.52255983296068331256e-01
  +1.82798594749215559396e-01+j8.70067838456114572843e-01
  +2.44520462097933488632e-01+j8.78979709743289538970e-01
  +3.02225774993729490170e-01+j8.80738817432381804196e-01
  +3.55604297618345499554e-01+j8.76873362423877367178e-01
  +4.04634750216197325301e-01+j8.68663715177299344816e-01
  +4.49474378236542182474e-01+j8.57151598310079698706e-01
  +4.90380756006005669168e-01+j8.43167316556107215852e-01
  +5.27659281668776847241e-01+j8.27362963422564878790e-01
  +5.61629598265937279855e-01+j8.10245108790741297433e-01
  +5.92605233921839835709e-01+j7.92203965589500791467e-01
  +6.20882108868401227930e-01+j7.73538023420893949833e-01
  +6.46732785949281074878e-01+j7.54474164253287171711e-01
  +6.70404313442624744113e-01+j7.35183737145761906362e-01
  +6.92118223456335557309e-01+j7.15795222859677782168e-01
  +7.12071750620597687664e-01+j6.96404119190117354421e-01
  +7.30439676965861428570e-01+j6.77080610397704951708e-01
  +7.47376435644940162462e-01+j6.57875494837587226904e-01
  +7.63018254045285004850e-01+j6.38824755974907954048e-01
</dep>
<dep S[2,1] frequency>
  -7.11951968338883547233e-03-j2.58700900236886466299e-01
  -1.50280420390905434386e-02-j2.37787802023732786072e-01
  -2.12844695419184028184e-02-j2.17867857596494296502e-01
  -2.60989581591856006915e-02-j1.98907324409854230352e-01
  -2.96491476267783590770e-02-j1.80868204901501961057e-01
  -3.20858894850093862017e-02-j1.63710806188769986136e-01
  -3.35379181014730451404e-02-j1.47395395455939381968e-01
  -3.41156561098806820898e-02-j1.31883240394974732279e-01
  -3.39143160424030740141e-02-j1.17137233208802024609e-01
  -3.30164318706265280667e-02-j1.03122234450697417008e-01
  -3.14939295006182520820e-02-j8.98052302810237595976e-02
  -2.94098244376263737165e-02-j7.71553673797396172285e-02
  -2.68196176616837429763e-02-j6.51439095436582293885e-02
  -2.37724468003021570384e-02-j5.37441460524909764285e-02
  -2.03120384450181830360e-02-j4.29312722491116544044e-02
  -1.64774984539107355319e-02-j3.26822561123951277340e-02
  -1.23039698876841810393e-02-j2.29756999881687191956e-02
  -7.82318248444485199455e-03-j1.37917034555602845830e-02
  -3.06391299440150147865e-03-j5.11173110845979453143e-03
  +1.94762796766916566893e-03+j3.08151247687954649504e-03
  +7.18746982667716350496e-03+j1.08041993449978224184e-02
  +1.26336063349220106139e-02+j1.80714857849787226274e-02
  +1.82657617617562571810e-02+j2.48976108844720205038e-02
  +2.40651920289917421736e-02+j3.12959862211166089940e-02
  +3.00145150694281319381e-02+j3.72792770837283848895e-02
  +3.60975656863350494175e-02+j4.28594757235799747597e-02
  +4.22992710057903259502e-02+j4.80479671913330574906e-02
  +4.86055432779808754828e-02+j5.28555883348890073736e-02
  +5.50031873274043070499e-02+j5.72926805297912442039e-02
  +6.14798203984390431720e-02+j6.13691366951335179336e-02
  +6.80238025105092680711e-02+j6.50944431201638529227e-02
  +7.46241757409647071819e-02+j6.84777165938585813398e-02
  +8.12706111053480423356e-02+j7.15277372943626532642e-02
  +8.79533619142196243512e-02+j7.42529778595696493548e-02
  +9.46632226596202386304e-02+j7.66616290246842219114e-02
  +1.01391492630170165778e-01+j7.87616221790699982952e-02
  +1.08129943575679204892e-01+j8.05606491627134796429e-02
  +1.14870790844497874805e-01+j8.20661795927973974907e-02
  +1.21606667503253662588e-01+j8.32854759833797919644e-02
  +1.28330601021161255781e-01+j8.42256068956554887484e-02
  +1.35035992162754747703e-01+j8.48934583330564346282e-02
  +1.41716595784918741874e-01+j8.52957435741068664692e-02
  +1.48366503278286682166e-01+j8.54390116165783253255e-02
  +1.54980126430767362056e-01+j8.53296543888861919180e-02
  +1.61552182522832293854e-01+j8.49739128685752242998e-02
  +1.68077680491587388989e-01+j8.43778822332811873075e-02
  +1.74551908023901136691e-01+j8.35475161563396379050e-02
  +1.80970419458689191217e-01+j8.24886303472391890779e-02
  +1.87329024395605031605e-01+j8.12069054263615947020e-02
  +1.93623776921768631087e-01+j7.97078892135186095613e-02
  +1.99850965380694106655e-01+j7.79969985009890676153e-02
  +2.06007102618246562553e-01+j7.60795203736245317927e-02
  +2.12088916649401687531e-01+j7.39606131312676717826e-02
  +2.18093341697546322377e-01+j7.16453068620701294389e-02
  +2.24017509564485267637e-01+j6.91385037092270698933e-02
  +2.29858741295086294043e-01+j6.64449778681558689275e-02
  +2.35614539105203579794e-01+j6.35693753460902927221e-02
  +2.41282578545558512584e-01+j6.05162135114869770280e-02
  +2.46860700877674282827e-01+j5.72898804564733396538e-02
  +2.52346905640735141851e-01+j5.38946341916616139534e-02
  +2.57739343390678221635e-01+j5.03346016892119232922e-02
  +2.63036308594538192906e-01+j4.66137777866739988486e-02
  +2.68236232664845253293e-01+j4.27360239612254166897e-02
  +2.73337677119822763938e-01+j3.87050669810403563664e-02
  +2.78339326856128221888e-01+j3.45244974380120098201e-02
  +2.83239983521477556305e-01+j3.01977681634997517646e-02
  +2.88038558974818337255e-01+j2.57281925265524409607e-02
  +2.92734068821826287632e-01+j2.11189426118042374025e-02
  +2.97325626013470956099e-01+j1.63730472721342820708e-02
  +3.01812434494986736588e-01+j1.14933900491659413134e-02
  +3.06193782892176913357e-01+j6.48270695264574741551e-03
  +3.10469038221226067975e-01+j1.34358408779949455199e-03
  +3.14637639607256658358e-01-j3.92154488223368010574e-03
  +3.18699091995831629287e-01-j9.31040145373890175307e-03
  +3.22652959840183106710e-01-j1.48208651964413223173e-02
  +3.26498860745445262932e-01-j2.04509768831621537022e-02
  +3.30236459049307928826e-01-j2.61989418562518609768e-02
  +3.33865459316439294746e-01-j3.20631336541715925015e-02
  +3.37385599721648443694e-01-j3.80420979240622264550e-02
  +3.40796645293956701472e-01-j4.41345566485563250980e-02
  +3.44098380990746410824e-01-j5.03394127179526279514e-02
  +3.47290604567485505783e-01-j5.66557548816870940045e-02
  +3.50373119204616889633e-01-j6.30828631162687752942e-02
  +3.53345725848489444765e-01-j6.96202144502679060034e-02
  +3.56208215218134727209e-01-j7.62674892906808621351e-02
  +3.58960359423533159617e-01-j8.30245782990796793444e-02
  +3.61601903134431579279e-01-j8.98915898704712723610e-02
  +3.64132554230792937489e-01-j9.68688582726055791294e-02
  +3.66551973857149104852e-01-j1.03956952508912167654e-01
  +3.68859765792950988761e-01-j1.11156685974155400309e-01
  +3.71055465039105858427e-01-j1.18469126978281394380e-01
  +3.73138525507549723148e-01-j1.25895610221141901475e-01
  +3.75108306685015824300e-01-j1.33437749308510100743e-01
  +3.76964059124206718465e-01-j1.41097450408390195919e-01
  +3.78704908594728717475e-01-j1.48876927155936006342e-01
  +3.80329838702037847931e-01-j1.56778716925556560469e-01
  +3.81837671754607477226e-01-j1.64805698599886113476e-01
  +3.83227047626900851895e-01-j1.72961111977406462037e-01
  +3.84496400327718534928e-01-j1.81248578973532581404e-01
  +3.85643931939094630756e-01-j1.89672126784074801531e-01
  +3.86667583538912784658e-01-j1.98236213194920685154e-01
  +3.87565002659516377737e-01-j2.06945754237655848984e-01
  +3.88333506762870761531e-01-j2.15806154407278155682e-01
  +3.88970042128726101183e-01-j2.24823339675316868913e-01
  +3.89471137452476023899e-01-j2.34003793548283850479e-01
  +3.89832851332122642951e-01-j2.43354596438174669570e-01
  +3.90050712684207379066e-01-j2.52883468626247054356e-01
  +3.90119652963420160408e-01-j2.62598817113859128725e-01
  +3.90033928863738665882e-01-j2.72509786661603359281e-01
  +3.89787033944716920786e-01-j2.82626315319173537777e-01
  +3.89371597346410913687e-01-j2.92959194738868666796e-01
  +3.88779267421563490270e-01-j3.03520135541747670960e-01
  +3.88000577711991589958e-01-j3.14321837960252759014e-01
  +3.87024792213731261281e-01-j3.25378067906299583978e-01
  +3.85839726295311324922e-01-j3.36703738497815097119e-01
  +3.84431538934240368821e-01-j3.48314996903095364100e-01
  +3.82784491093342449375e-01-j3.60229316109845210114e-01
  +3.80880664039821736910e-01-j3.72465590864213047517e-01
  +3.78699630178744195419e-01-j3.85044236514349602629e-01
  +3.76218067484307694404e-01-j3.97987288777212511182e-01
  +3.73409306813745733855e-01-j4.11318501451249540768e-01
  +3.70242799217722795557e-01-j4.25063437716668102162e-01
  +3.66683487746248537587e-01-j4.39249548758132712933e-01
  +3.62691065110749055744e-01-j4.53906230815461664285e-01
  +3.58219094816656979940e-01-j4.69064848149058966076e-01
  +3.53213968945353729012e-01-j4.84758704429260667279e-01
  +3.47613670575492028636e-01-j5.01022938215659019434e-01
  +3.41346302872287898911e-01-j5.17894308788424795331e-01
  +3.34328340211194119380e-01-j5.35410825673042101158e-01
  +3.26462549583399819220e-01-j5.53611157460067171421e-01
  +3.17635523505403638556e-01-j5.72533731189683425811e-01
  +3.07714759804077253591e-01-j5.92215400262904645423e-01
  +2.96545220946809573448e-01-j6.12689513391223461447e-01
  +2.83945309489547437209e-01-j6.33983155394289288331e-01
  +2.69702212595357149194e-01-j6.56113247548942069010e-01
  +2.53566607177727831868e-01-j6.79081084604590823339e-01
  +2.35246793890192235077e-01-j7.02864741126848158181e-01
  +2.14402468133641499470e-01-j7.27408596543154484237e-01
  +1.90638578626501353774e-01-j7.52609006485005394005e-01
  +1.63500127662085631419e-01-j7.78294901452394105590e-01
  +1.32469416075476714711e-01-j8.04201864980489178336e-01
  +9.69682414306806822468e-02-j8.29938131528422773364e-01
  +5.63690466948008617187e-02-j8.54941151536714682990e-01
  +1.00210843178486150307e-02-j8.78424272471768907700e-01
  -4.26997495281426706071e-02-j8.99315312268511579674e-01
  -1.02306112214994679444e-01-j9.16193296942972024155e-01
  -1.69066792002787347204e-01-j9.27237529906086654918e-01
  -2.42816815392015494801e-01-j9.30215188974514717302e-01
  -3.22712026204605484381e-01-j9.22548601229094211718e-01
  -4.06956771233463798776e-01-j9.01515274943926803175e-01
  -4.92577495224437000854e-01-j8.64628906923817219798e-01
  -5.75366292763047515457e-01-j8.10207385791638201589e-01
  -6.50142595562484437721e-01-j7.38040180511695620424e-01
  -7.11424803839075803324e-01-j6.49943658165012649874e-01
  -7.54436148435668307854e-01-j5.49918571683887358326e-01
  -7.76149243745134720385e-01-j4.43704267710199551367e-01
  -7.75959476412034665493e-01-j3.37780938373389183482e-01
  -7.55702234454547761011e-01-j2.38160829767658788203e-01
  -7.19040925558556809349e-01-j1.49414343199381904892e-01
  -6.70530377926521259369e-01-j7.42197692993151053598e-02
  -6.14724894293947277113e-01-j1.34451905587163484529e-02
  -5.55567767839484361048e-01+j3.34313771316868124650e-02
  -4.96112379056011854050e-01+j6.77988443514360994424e-02
  -4.38500497059960248070e-01+j9.14516275912297671447e-02
  -3.84086564583024481223e-01+j1.06259213578068500983e-01
  -3.33615523081459308674e-01+j1.13967932280458511540e-01
  -2.87397554330732940553e-01+j1.16105103915785851099e-01
  -2.45453891928920198140e-01+j1.13950227853317737070e-01
  -2.07627251892668229782e-01+j1.08544165178806772953e-01
  -1.73660028727418758177e-01+j1.00716368615014373322e-01
  -1.43246800234567650545e-01+j9.11180891369092471610e-02
  -1.16067906184058239338e-01+j8.02550635273725498919e-02
  -9.18098078844674231336e-02+j6.85166810022517502876e-02
  -7.01765809196875367526e-02+j5.62006167843663306805e-02
  -5.08956644101986946382e-02+j4.35329477420096436213e-02
  -3.37200179602135802215e-02+j3.06842270557922576490e-02
  -1.84281230366974795032e-02+j1.77821487698946907596e-02
  -4.82276405549583904453e-03+j4.92143306053265203875e-03
  +7.27081671367905708198e-03-j7.82850439772351386347e-03
  +1.80070230820973259389e-02-j2.04176248708793986464e-02
  +2.75220482628078313980e-02-j3.28106956202540364642e-02
</dep>
<dep S[1,2] frequency>
  -7.11951968338883547233e-03-j2.58700900236886466299e-01
  -1.50280420390905434386e-02-j2.37787802023732786072e-01
  -2.12844695419184028184e-02-j2.17867857596494296502e-01
  -2.60989581591856006915e-02-j1.98907324409854230352e-01
  -2.96491476267783590770e-02-j1.80868204901501961057e-01
  -3.20858894850093862017e-02-j1.63710806188769986136e-01
  -3.35379181014730451404e-02-j1.47395395455939381968e-01
  -3.41156561098806820898e-02-j1.31883240394974732279e-01
  -3.39143160424030740141e-02-j1.17137233208802024609e-01
  -3.30164318706265280667e-02-j1.03122234450697417008e-01
  -3.14939295006182520820e-02-j8.98052302810237595976e-02
  -2.94098244376263737165e-02-j7.71553673797396172285e-02
  -2.68196176616837429763e-02-j6.51439095436582293885e-02
  -2.37724468003021570384e-02-j5.37441460524909764285e-02
  -2.03120384450181830360e-02-j4.29312722491116544044e-02
  -1.64774984539107355319e-02-j3.26822561123951277340e-02
  -1.23039698876841810393e-02-j2.29756999881687191956e-02
  -7.82318248444485199455e-03-j1.37917034555602845830e-02
  -3.06391299440150147865e-03-j5.11173110845979453143e-03
  +1.94762796766916566893e-03+j3.08151247687954649504e-03
  +7.18746982667716350496e-03+j1.08041993449978224184e-02
  +1.26336063349220106139e-02+j1.80714857849787226274e-02
  +1.82657617617562571810e-02+j2.48976108844720205038e-02
  +2.40651920289917421736e-02+j3.12959862211166089940e-02
  +3.00145150694281319381e-02+j3.72792770837283848895e-02
  +3.60975656863350494175e-02+j4.28594757235799747597e-02
  +4.22992710057903259502e-02+j4.80479671913330574906e-02
  +4.86055432779808754828e-02+j5.28555883348890073736e-02
  +5.50031873274043070499e-02+j5.72926805297912442039e-02
  +6.14798203984390431720e-02+j6.13691366951335179336e-02
  +6.80238025105092680711e-02+j6.50944431201638529227e-02
  +7.46241757409647071819e-02+j6.84777165938585813398e-02
  +8.12706111053480423356e-02+j7.15277372943626532642e-02
  +8.79533619142196243512e-02+j7.42529778595696493548e-02
  +9.46632226596202386304e-02+j7.66616290246842219114e-02
  +1.01391492630170165778e-01+j7.87616221790699982952e-02
  +1.08129943575679204892e-01+j8.05606491627134796429e-02
  +1.14870790844497874805e-01+j8.20661795927973974907e-02
  +1.21606667503253662588e-01+j8.32854759833797919644e-02
  +1.28330601021161255781e-01+j8.42256068956554887484e-02
  +1.35035992162754747703e-01+j8.48934583330564346282e-02
  +1.41716595784918741874e-01+j8.52957435741068664692e-02
  +1.48366503278286682166e-01+j8.54390116165783253255e-02
  +1.54980126430767362056e-01+j8.53296543888861919180e-02
  +1.61552182522832293854e-01+j8.49739128685752242998e-02
  +1.68077680491587388989e-01+j8.43778822332811873075e-02
  +1.74551908023901136691e-01+j8.35475161563396379050e-02
  +1.80970419458689191217e-01+j8.24886303472391890779e-02
  +1.87329024395605031605e-01+j8.12069054263615947020e-02
  +1.93623776921768631087e-01+j7.97078892135186095613e-02
  +1.99850965380694106655e-01+j7.79969985009890676153e-02
  +2.06007102618246562553e-01+j7.60795203736245317927e-02
  +2.12088916649401687531e-01+j7.39606131312676717826e-02
  +2.18093341697546322377e-01+j7.16453068620701294389e-02
  +2.24017509564485267637e-01+j6.91385037092270698933e-02
  +2.29858741295086294043e-01+j6.64449778681558689275e-02
  +2.35614539105203579794e-01+j6.35693753460902927221e-02
  +2.41282578545558512584e-01+j6.05162135114869770280e-02
  +2.46860700877674282827e-01+j5.72898804564733396538e-02
  +2.52346905640735141851e-01+j5.38946341916616139534e-02
  +2.57739343390678221635e-01+j5.03346016892119232922e-02
  +2.63036308594538192906e-01+j4.66137777866739988486e-02
  +2.68236232664845253293e-01+j4.27360239612254166897e-02
  +2.73337677119822763938e-01+j3.87050669810403563664e-02
  +2.78339326856128221888e-01+j3.45244974380120098201e-02
  +2.83239983521477556305e-01+j3.01977681634997517646e-02
  +2.88038558974818337255e-01+j2.57281925265524409607e-02
  +2.92734068821826287632e-01+j2.11189426118042374025e-02
  +2.97325626013470956099e-01+j1.63730472721342820708e-02
  +3.01812434494986736588e-01+j1.14933900491659413134e-02
  +3.06193782892176913357e-01+j6.48270695264574741551e-03
  +3.10469038221226067975e-01+j1.34358408779949455199e-03
  +3.14637639607256658358e-01-j3.92154488223368010574e-03
  +3.18699091995831629287e-01-j9.31040145373890175307e-03
  +3.22652959840183106710e-01-j1.48208651964413223173e-02
  +3.26498860745445262932e-01-j2.04509768831621537022e-02
  +3.30236459049307928826e-01-j2.61989418562518609768e-02
  +3.33865459316439294746e-01-j3.20631336541715925015e-02
  +3.37385599721648443694e-01-j3.80420979240622264550e-02
  +3.40796645293956701472e-01-j4.41345566485563250980e-02
  +3.44098380990746410824e-01-j5.03394127179526279514e-02
  +3.47290604567485505783e-01-j5.66557548816870940045e-02
  +3.50373119204616889633e-01-j6.30828631162687752942e-02
  +3.53345725848489444765e-01-j6.96202144502679060034e-02
  +3.56208215218134727209e-01-j7.62674892906808621351e-02
  +3.58960359423533159617e-01-j8.30245782990796793444e-02
  +3.61601903134431579279e-01-j8.98915898704712723610e-02
  +3.64132554230792937489e-01-j9.68688582726055791294e-02
  +3.66551973857149104852e-01-j1.03956952508912167654e-01
  +3.68859765792950988761e-01-j1.11156685974155400309e-01
  +3.71055465039105858427e-01-j1.18469126978281394380e-01
  +3.73138525507549723148e-01-j1.25895610221141901475e-01
  +3.75108306685015824300e-01-j1.33437749308510100743e-01
  +3.76964059124206718465e-01-j1.41097450408390195919e-01
  +3.78704908594728717475e-01-j1.48876927155936006342e-01
  +3.80329838702037847931e-01-j1.56778716925556560469e-01
  +3.81837671754607477226e-01-j1.64805698599886113476e-01
  +3.83227047626900851895e-01-j1.72961111977406462037e-01
  +3.84496400327718534928e-01-j1.81248578973532581404e-01
  +3.85643931939094630756e-01-j1.89672126784074801531e-01
  +3.86667583538912784658e-01-j1.98236213194920685154e-01
  +3.87565002659516377737e-01-j2.06945754237655848984e-01
  +3.88333506762870761531e-01-j2.15806154407278155682e-01
  +3.88970042128726101183e-01-j2.24823339675316868913e-01
  +3.89471137452476023899e-01-j2.34003793548283850479e-01
  +3.89832851332122642951e-01-j2.43354596438174669570e-01
  +3.90050712684207379066e-01-j2.52883468626247054356e-01
  +3.90119652963420160408e-01-j2.62598817113859128725e-01
  +3.90033928863738665882e-01-j2.72509786661603359281e-01
  +3.89787033944716920786e-01-j2.82626315319173537777e-01
  +3.89371597346410913687e-01-j2.92959194738868666796e-01
  +3.88779267421563490270e-01-j3.03520135541747670960e-01
  +3.88000577711991589958e-01-j3.14321837960252759014e-01
  +3.87024792213731261281e-01-j3.25378067906299583978e-01
  +3.85839726295311324922e-01-j3.36703738497815097119e-01
  +3.84431538934240368821e-01-j3.48314996903095364100e-01
  +3.82784491093342449375e-01-j3.60229316109845210114e-01
  +3.80880664039821736910e-01-j3.72465590864213047517e-01
  +3.78699630178744195419e-01-j3.85044236514349602629e-01
  +3.76218067484307694404e-01-j3.97987288777212511182e-01
  +3.73409306813745733855e-01-j4.11318501451249540768e-01
  +3.70242799217722795557e-01-j4.25063437716668102162e-01
  +3.66683487746248537587e-01-j4.39249548758132712933e-01
  +3.62691065110749055744e-01-j4.53906230815461664285e-01
  +3.58219094816656979940e-01-j4.69064848149058966076e-01
  +3.53213968945353729012e-01-j4.84758704429260667279e-01
  +3.47613670575492028636e-01-j5.01022938215659019434e-01
  +3.41346302872287898911e-01-j5.17894308788424795331e-01
  +3.34328340211194119380e-01-j5.35410825673042101158e-01
  +3.26462549583399819220e-01-j5.53611157460067171421e-01
  +3.17635523505403638556e-01-j5.72533731189683425811e-01
  +3.07714759804077253591e-01-j5.92215400262904645423e-01
  +2.96545220946809573448e-01-j6.12689513391223461447e-01
  +2.83945309489547437209e-01-j6.33983155394289288331e-01
  +2.69702212595357149194e-01-j6.56113247548942069010e-01
  +2.53566607177727831868e-01-j6.79081084604590823339e-01
  +2.35246793890192235077e-01-j7.02864741126848158181e-01
  +2.14402468133641499470e-01-j7.27408596543154484237e-01
  +1.90638578626501353774e-01-j7.52609006485005394005e-01
  +1.63500127662085631419e-01-j7.78294901452394105590e-01
  +1.32469416075476714711e-01-j8.04201864980489178336e-01
  +9.69682414306806822468e-02-j8.29938131528422773364e-01
  +5.63690466948008617187e-02-j8.54941151536714682990e-01
  +1.00210843178486150307e-02-j8.78424272471768907700e-01
  -4.26997495281426706071e-02-j8.99315312268511579674e-01
  -1.02306112214994679444e-01-j9.16193296942972024155e-01
  -1.69066792002787347204e-01-j9.27237529906086654918e-01
  -2.42816815392015494801e-01-j9.30215188974514717302e-01
  -3.22712026204605484381e-01-j9.22548601229094211718e-01
  -4.06956771233463798776e-01-j9.01515274943926803175e-01
  -4.92577495224437000854e-01-j8.64628906923817219798e-01
  -5.75366292763047515457e-01-j8.10207385791638201589e-01
  -6.50142595562484437721e-01-j7.38040180511695620424e-01
  -7.11424803839075803324e-01-j6.49943658165012649874e-01
  -7.54436148435668307854e-01-j5.49918571683887358326e-01
  -7.76149243745134720385e-01-j4.43704267710199551367e-01
  -7.75959476412034665493e-01-j3.37780938373389183482e-01
  -7.55702234454547761011e-01-j2.38160829767658788203e-01
  -7.19040925558556809349e-01-j1.49414343199381904892e-01
  -6.70530377926521259369e-01-j7.42197692993151053598e-02
  -6.14724894293947277113e-01-j1.34451905587163484529e-02
  -5.55567767839484361048e-01+j3.34313771316868124650e-02
  -4.96112379056011854050e-01+j6.77988443514360994424e-02
  -4.38500497059960248070e-01+j9.14516275912297671447e-02
  -3.84086564583024481223e-01+j1.06259213578068500983e-01
  -3.33615523081459308674e-01+j1.13967932280458511540e-01
  -2.87397554330732940553e-01+j1.16105103915785851099e-01
  -2.45453891928920198140e-01+j1.13950227853317737070e-01
  -2.07627251892668229782e-01+j1.08544165178806772953e-01
  -1.73660028727418758177e-01+j1.00716368615014373322e-01
  -1.43246800234567650545e-01+j9.11180891369092471610e-02
  -1.16067906184058239338e-01+j8.02550635273725498919e-02
  -9.18098078844674231336e-02+j6.85166810022517502876e-02
  -7.01765809196875367526e-02+j5.62006167843663306805e-02
  -5.08956644101986946382e-02+j4.35329477420096436213e-02
  -3.37200179602135802215e-02+j3.06842270557922576490e-02
  -1.84281230366974795032e-02+j1.77821487698946907596e-02
  -4.82276405549583904453e-03+j4.92143306053265203875e-03
  +7.27081671367905708198e-03-j7.82850439772351386347e-03
  +1.80070230820973259389e-02-j2.04176248708793986464e-02
  +2.75220482628078313980e-02-j3.28106956202540364642e-02
</dep>
<dep S[1,1] frequency>
  -9.64188864674072942940e-01+j2.65429001287879953730e-02
  -9.67855872742725109603e-01+j6.11872022856362468568e-02
  -9.69678665809710071954e-01+j9.47628993151889559288e-02
  -9.69869032341831083244e-01+j1.27300540230984554624e-01
  -9.68606313827557241503e-01+j1.58834974002174500463e-01
  -9.66043130705706465378e-01+j1.89402791546781718024e-01
  -9.62310051345521166866e-01+j2.19040671963939781453e-01
  -9.57519395486443825050e-01+j2.47784343643319193706e-01
  -9.51768333900037455386e-01+j2.75667961743198131064e-01
  -9.45141417978184406046e-01+j3.02723765763916907723e-01
  -9.37712648285130012660e-01+j3.28981923635648154658e-01
  -9.29547170283262502721e-01+j3.54470498082138096851e-01
  -9.20702668269996693517e-01+j3.79215491231439161268e-01
  -9.11230514609395858550e-01+j4.03240937389559572779e-01
  -9.01176720103727957323e-01+j4.26569023531679969441e-01
  -8.90582722346380806222e-01+j4.49220223732478052270e-01
  -8.79486041703559040528e-01+j4.71213438370218618001e-01
  -8.67920828830291535283e-01+j4.92566132127351563597e-01
  -8.55918323042708428794e-01+j5.13294467008153842968e-01
  -8.43507237205472826247e-01+j5.33413428102607944936e-01
  -8.30714081861151920627e-01+j5.52936940853763103654e-01
  -8.17563438976263046065e-01+j5.71877979278814341235e-01
  -8.04078193787018169481e-01+j5.90248665054106114169e-01
  -7.90279731702751231381e-01+j6.08060357671682316649e-01
  -7.76188105991309496012e-01+j6.25323736060503954093e-01
  -7.61822180970451290349e-01+j6.42048872173291651499e-01
  -7.47199754615133548974e-01+j6.58245297095446324498e-01
  -7.32337663826446716442e-01+j6.73922060252144294878e-01
  -7.17251875064085053779e-01+j6.89087782286241679053e-01
  -7.01957562597707696028e-01+j7.03750702160953922615e-01
  -6.86469176264758562667e-01+j7.17918719013617478986e-01
  -6.70800500318400882982e-01+j7.31599429253967481479e-01
  -6.54964704697589494842e-01+j7.44800159365079816887e-01
  -6.38974389841818313229e-01+j7.57527994829513162678e-01
  -6.22841625999049797180e-01+j7.69789805567874574344e-01
  -6.06577987829416853671e-01+j7.81592268243489818325e-01
  -5.90194584985304970814e-01+j7.92941885754967268340e-01
  -5.73702089246040380921e-01+j8.03845004208628588493e-01
  -5.57110758698889041440e-01+j8.14307827635357583951e-01
  -5.40430459385485506552e-01+j8.24336430690885246797e-01
  -5.23670684771084915532e-01+j8.33936769555384760366e-01
  -5.06840573341875266777e-01+j8.43114691226927059908e-01
  -4.89948924591411427709e-01+j8.51875941383970936016e-01
  -4.73004213619380109446e-01+j8.60226170974529580349e-01
  -4.56014604533999889924e-01+j8.68170941673533702598e-01
  -4.38987962821893840104e-01+j8.75715730335498321324e-01
  -4.21931866825933310494e-01+j8.82865932556356591832e-01
  -4.04853618451663954669e-01+j8.89626865446398795712e-01
  -3.87760253205687188682e-01+j8.96003769705459252037e-01
  -3.70658549654924507344e-01+j9.02001811081603821485e-01
  -3.53555038383084052622e-01+j9.07626081285716090896e-01
  -3.36456010509917913254e-01+j9.12881598426268148216e-01
  -3.19367525829835796625e-01+j9.17773307021225837055e-01
  -3.02295420618399701684e-01+j9.22306077637347843101e-01
  -2.85245315148762002000e-01+j9.26484706201066599007e-01
  -2.68222620954245538627e-01+j9.30313913019636840041e-01
  -2.51232547868495692533e-01+j9.33798341546149379688e-01
  -2.34280110870557584102e-01+j9.36942556917402025185e-01
  -2.17370136758737286797e-01+j9.39751044289454884328e-01
  -2.00507270674261661725e-01+j9.42228206991737926579e-01
  -1.83695982493300380423e-01+j9.44378364517107882214e-01
  -1.66940573104094103218e-01+j9.46205750361905018053e-01
  -1.50245180584152315806e-01+j9.47714509727047960119e-01
  -1.33613786291452846244e-01+j9.48908697088362118599e-01
  -1.17050220882565364500e-01+j9.49792273641727802236e-01
  -1.00558170269926944185e-01+j9.50369104626089256094e-01
  -8.41411815302119114879e-02+j9.50642956525077909014e-01
  -6.78026687755068913077e-02+j9.50617494145728714194e-01
  -5.15459189990537317017e-02+j9.50296277570619296604e-01
  -3.53740979076546044335e-02+j9.49682758977698271430e-01
  -1.92902557532540763763e-02+j9.48780279319991981524e-01
  -3.29733317689805127682e-03+j9.47592064855421356562e-01
  +1.26018329208129609142e-02+j9.46121223514879261529e-01
  +2.84045034676174423804e-02+j9.44370741094753940459e-01
  +4.41080312493335180424e-02+j9.42343477257994388552e-01
  +5.97098548634040354743e-02+j9.40042161325676417505e-01
  +7.52074925764136398287e-02+j9.37469387838861356599e-01
  +9.05985360636527709000e-02+j9.34627611868212415658e-01
  +1.05880644006488278119e-01+j9.31519144046374591994e-01
  +1.21051535520448005911e-01+j9.28146145295614788395e-01
  +1.36108983384001791528e-01+j9.24510621220367534434e-01
  +1.51050807034322276401e-01+j9.20614416131419366351e-01
  +1.65874865292419876317e-01+j9.16459206665247050339e-01
  +1.80579048775335870847e-01+j9.12046494958520748142e-01
  +1.95161271948016079580e-01+j9.07377601334031669289e-01
  +2.09619464761321927515e-01+j9.02453656450177610360e-01
  +2.23951563816066234747e-01+j8.97275592861580983950e-01
  +2.38155502984970290914e-01+j8.91844135933569703845e-01
  +2.52229203415630931495e-01+j8.86159794047760684954e-01
  +2.66170562827404588724e-01+j8.80222848030063009794e-01
  +2.79977444003223885360e-01+j8.74033339725984848023e-01
  +2.93647662363985817446e-01+j8.67591059640872019898e-01
  +3.07178972497482494219e-01+j8.60895533554981495783e-01
  +3.20569053495876221671e-01+j8.53946008014628832328e-01
  +3.33815492934867230623e-01+j8.46741434591347319483e-01
  +3.46915769303574428317e-01+j8.39280452790656994466e-01
  +3.59867232666111591666e-01+j8.31561371480977085113e-01
  +3.72667083303204527134e-01+j8.23582148701004546076e-01
  +3.85312348044160368765e-01+j8.15340369690891964005e-01
  +3.97799853955099647074e-01+j8.06833222978400210756e-01
  +4.10126198997347257702e-01+j7.98057474336250405322e-01
  +4.22287719208969347662e-01+j7.89009438411003682923e-01
  +4.34280451890702079432e-01+j7.79684947807345984927e-01
  +4.46100094193411789156e-01+j7.70079319394453953862e-01
  +4.57741956404447203344e-01+j7.60187317584514410385e-01
  +4.69200909112950870217e-01+j7.50003114316632468750e-01
  +4.80471323294624441669e-01+j7.39520245464846404104e-01
  +4.91547002191285276052e-01+j7.28731563376390001352e-01
  +5.02421103663681423157e-01+j7.17629185238887190579e-01
  +5.13086051461763448245e-01+j7.06204436973920879339e-01
  +5.23533433576492623907e-01+j6.94447792363961369233e-01
  +5.33753885502363689675e-01+j6.82348807143501989714e-01
  +5.43736955838118651840e-01+j6.69896047830429774983e-01
  +5.53470951170762726079e-01+j6.57077015148482823648e-01
  +5.62942756607740291130e-01+j6.43878062007631757346e-01
  +5.72137627622871791644e-01+j6.30284306182834264121e-01
  +5.81038948038151370490e-01+j6.16279538084101963236e-01
  +5.89627947944776020783e-01+j6.01846124372371171773e-01
  +5.97883374135507739133e-01+j5.86964908686428921136e-01
  +6.05781104132220082903e-01+j5.71615111461962754902e-01
  +6.13293693093849401343e-01+j5.55774231819860631276e-01
  +6.20389840719037799488e-01+j5.39417955881838051546e-01
  +6.27033762642882908089e-01+j5.22520077778293456916e-01
  +6.33184447688791118836e-01+j5.05052442242595045485e-01
  +6.38794778590165757137e-01+j4.86984921304793538788e-01
  +6.43810489361105853234e-01+j4.68285442575346433358e-01
  +6.48168927306475683991e-01+j4.48920093452523982780e-01
  +6.51797581700237715907e-01+j4.28853334991217360894e-01
  +6.54612334498778536407e-01+j4.08048372091478317447e-01
  +6.56515381336948422586e-01+j3.86467744404900948041e-01
  +6.57392764029346432508e-01+j3.64074226688827995435e-01
  +6.57111449948518222541e-01+j3.40832160646237725121e-01
  +6.55515890949913249131e-01+j3.16709385739261994885e-01
  +6.52423998416659878252e-01+j2.91679998166490206390e-01
  +6.47622487376989464103e-01+j2.65728250300429680308e-01
  +6.40861581248760803220e-01+j2.38854013469909864931e-01
  +6.31849145432850756166e-01+j2.11080371425215185255e-01
  +6.20244457926981240803e-01+j1.82464095111967872231e-01
  +6.05652067505333069342e-01+j1.53109971158864988094e-01
  +5.87616593588416780136e-01+j1.23190203053412633549e-01
  +5.65619970825727347297e-01+j9.29703328253550786986e-02
  +5.39083646902065893869e-01+j6.28432430176724399207e-02
  +5.07379730834409237161e-01+j3.33725914983729332608e-02
  +4.69857156678082144019e-01+j5.34613029436087350277e-03
  +4.25891517396016827668e-01-j2.01628679639111185740e-02
  +3.74969867226913167180e-01-j4.17323477590817171201e-02
  +3.16823143978863630554e-01-j5.75405400963238111700e-02
  +2.51616061319323180978e-01-j6.53535596016340258885e-02
  +1.80192529340388124526e-01-j6.25926794598322122631e-02
  +1.04347968559800691191e-01-j4.65343634155017116250e-02
  +2.70557145938705168042e-02-j1.46912731748218283734e-02
  -4.74765340699923876766e-02+j3.46197282498920955174e-02
  -1.14068403697551612463e-01+j1.01610187966656106973e-01
  -1.67238477014997027892e-01+j1.84464745385134520905e-01
  -2.02210155659566515052e-01+j2.79183644445251066823e-01
  -2.15956213425706172737e-01+j3.80028525728383970161e-01
  -2.07872185284777216685e-01+j4.80520174655025944510e-01
  -1.79793596820383511092e-01+j5.74647312989148062456e-01
  -1.35383982831193599994e-01+j6.57840497578068728046e-01
  -7.91982884838606515654e-02+j7.27422386233055107141e-01
  -1.57909236288547027982e-02+j7.82525835191341556651e-01
  +5.08947209947855916390e-02+j8.23673757580432264191e-01
  +1.17805176598414398925e-01+j8.52255983296068442279e-01
  +1.82798594749215559396e-01+j8.70067838456114683865e-01
  +2.44520462097933460877e-01+j8.78979709743289427948e-01
  +3.02225774993729490170e-01+j8.80738817432381804196e-01
  +3.55604297618345388532e-01+j8.76873362423877145133e-01
  +4.04634750216197158768e-01+j8.68663715177299122772e-01
  +4.49474378236542126963e-01+j8.57151598310079698706e-01
  +4.90380756006005669168e-01+j8.43167316556107437897e-01
  +5.27659281668776736218e-01+j8.27362963422564656746e-01
  +5.61629598265937279855e-01+j8.10245108790741186411e-01
  +5.92605233921839835709e-01+j7.92203965589500791467e-01
  +6.20882108868401116908e-01+j7.73538023420893727788e-01
  +6.46732785949281074878e-01+j7.54474164253287282733e-01
  +6.70404313442624744113e-01+j7.35183737145761906362e-01
  +6.92118223456335557309e-01+j7.15795222859677893190e-01
  +7.12071750620597576642e-01+j6.96404119190117465443e-01
  +7.30439676965861428570e-01+j6.77080610397705062731e-01
  +7.47376435644940162462e-01+j6.57875494837587226904e-01
  +7.63018254045284893827e-01+j6.38824755974908065070e-01
</dep>
