<Qucs Dataset 1.0.7>
<indep frequency 181>
  +1.00000000000000000000e+09
  +1.05000000000000000000e+09
  +1.10000000000000000000e+09
  +1.15000000000000000000e+09
  +1.20000000000000000000e+09
  +1.25000000000000000000e+09
  +1.30000000000000000000e+09
  +1.35000000000000000000e+09
  +1.40000000000000000000e+09
  +1.45000000000000000000e+09
  +1.50000000000000000000e+09
  +1.55000000000000000000e+09
  +1.60000000000000000000e+09
  +1.65000000000000000000e+09
  +1.70000000000000000000e+09
  +1.75000000000000000000e+09
  +1.80000000000000000000e+09
  +1.85000000000000000000e+09
  +1.90000000000000000000e+09
  +1.95000000000000000000e+09
  +2.00000000000000000000e+09
  +2.05000000000000000000e+09
  +2.10000000000000000000e+09
  +2.15000000000000000000e+09
  +2.20000000000000000000e+09
  +2.25000000000000000000e+09
  +2.30000000000000000000e+09
  +2.35000000000000000000e+09
  +2.40000000000000000000e+09
  +2.45000000000000000000e+09
  +2.50000000000000000000e+09
  +2.55000000000000000000e+09
  +2.60000000000000000000e+09
  +2.65000000000000000000e+09
  +2.70000000000000000000e+09
  +2.75000000000000000000e+09
  +2.80000000000000000000e+09
  +2.85000000000000000000e+09
  +2.90000000000000000000e+09
  +2.95000000000000000000e+09
  +3.00000000000000000000e+09
  +3.05000000000000000000e+09
  +3.10000000000000000000e+09
  +3.15000000000000000000e+09
  +3.20000000000000000000e+09
  +3.25000000000000000000e+09
  +3.30000000000000000000e+09
  +3.35000000000000000000e+09
  +3.40000000000000000000e+09
  +3.45000000000000000000e+09
  +3.50000000000000000000e+09
  +3.55000000000000000000e+09
  +3.60000000000000000000e+09
  +3.65000000000000000000e+09
  +3.70000000000000000000e+09
  +3.75000000000000000000e+09
  +3.80000000000000000000e+09
  +3.85000000000000000000e+09
  +3.90000000000000000000e+09
  +3.95000000000000000000e+09
  +4.00000000000000000000e+09
  +4.05000000000000000000e+09
  +4.10000000000000000000e+09
  +4.15000000000000000000e+09
  +4.20000000000000000000e+09
  +4.25000000000000000000e+09
  +4.30000000000000000000e+09
  +4.35000000000000000000e+09
  +4.40000000000000000000e+09
  +4.45000000000000000000e+09
  +4.50000000000000000000e+09
  +4.55000000000000000000e+09
  +4.60000000000000000000e+09
  +4.65000000000000000000e+09
  +4.70000000000000000000e+09
  +4.75000000000000000000e+09
  +4.80000000000000000000e+09
  +4.85000000000000000000e+09
  +4.90000000000000000000e+09
  +4.95000000000000000000e+09
  +5.00000000000000000000e+09
  +5.05000000000000000000e+09
  +5.10000000000000000000e+09
  +5.15000000000000000000e+09
  +5.20000000000000000000e+09
  +5.25000000000000000000e+09
  +5.30000000000000000000e+09
  +5.35000000000000000000e+09
  +5.40000000000000000000e+09
  +5.45000000000000000000e+09
  +5.50000000000000000000e+09
  +5.55000000000000000000e+09
  +5.60000000000000000000e+09
  +5.65000000000000000000e+09
  +5.70000000000000000000e+09
  +5.75000000000000000000e+09
  +5.80000000000000000000e+09
  +5.85000000000000000000e+09
  +5.90000000000000000000e+09
  +5.95000000000000000000e+09
  +6.00000000000000000000e+09
  +6.05000000000000000000e+09
  +6.10000000000000000000e+09
  +6.15000000000000000000e+09
  +6.20000000000000000000e+09
  +6.25000000000000000000e+09
  +6.30000000000000000000e+09
  +6.35000000000000000000e+09
  +6.40000000000000000000e+09
  +6.45000000000000000000e+09
  +6.50000000000000000000e+09
  +6.55000000000000000000e+09
  +6.60000000000000000000e+09
  +6.65000000000000000000e+09
  +6.70000000000000000000e+09
  +6.75000000000000000000e+09
  +6.80000000000000000000e+09
  +6.85000000000000000000e+09
  +6.90000000000000000000e+09
  +6.95000000000000000000e+09
  +7.00000000000000000000e+09
  +7.05000000000000000000e+09
  +7.10000000000000000000e+09
  +7.15000000000000000000e+09
  +7.20000000000000000000e+09
  +7.25000000000000000000e+09
  +7.30000000000000000000e+09
  +7.35000000000000000000e+09
  +7.40000000000000000000e+09
  +7.45000000000000000000e+09
  +7.50000000000000000000e+09
  +7.55000000000000000000e+09
  +7.60000000000000000000e+09
  +7.65000000000000000000e+09
  +7.70000000000000000000e+09
  +7.75000000000000000000e+09
  +7.80000000000000000000e+09
  +7.85000000000000000000e+09
  +7.90000000000000000000e+09
  +7.95000000000000000000e+09
  +8.00000000000000000000e+09
  +8.05000000000000000000e+09
  +8.10000000000000000000e+09
  +8.15000000000000000000e+09
  +8.20000000000000000000e+09
  +8.25000000000000000000e+09
  +8.30000000000000000000e+09
  +8.35000000000000000000e+09
  +8.40000000000000000000e+09
  +8.45000000000000000000e+09
  +8.50000000000000000000e+09
  +8.55000000000000000000e+09
  +8.60000000000000000000e+09
  +8.65000000000000000000e+09
  +8.70000000000000000000e+09
  +8.75000000000000000000e+09
  +8.80000000000000000000e+09
  +8.85000000000000000000e+09
  +8.90000000000000000000e+09
  +8.95000000000000000000e+09
  +9.00000000000000000000e+09
  +9.05000000000000000000e+09
  +9.10000000000000000000e+09
  +9.15000000000000000000e+09
  +9.20000000000000000000e+09
  +9.25000000000000000000e+09
  +9.30000000000000000000e+09
  +9.35000000000000000000e+09
  +9.40000000000000000000e+09
  +9.45000000000000000000e+09
  +9.50000000000000000000e+09
  +9.55000000000000000000e+09
  +9.60000000000000000000e+09
  +9.65000000000000000000e+09
  +9.70000000000000000000e+09
  +9.75000000000000000000e+09
  +9.80000000000000000000e+09
  +9.85000000000000000000e+09
  +9.90000000000000000000e+09
  +9.95000000000000000000e+09
  +1.00000000000000000000e+10
</indep>
<dep S21_phase frequency>
  -6.90324030774006587308e+01
  -7.16813022783702962215e+01
  -7.42620698704664903289e+01
  -7.67776386917249595854e+01
  -7.92309121144161849770e+01
  -8.16247350072281108169e+01
  -8.39618719493425800238e+01
  -8.62449914825209162927e+01
  -8.84766553153795598519e+01
  -9.06593115306123706887e+01
  -9.27952909806023740202e+01
  -9.48868061832154268131e+01
  -9.69359521441187439450e+01
  -9.89447086331173863982e+01
  -1.00914943529588526872e+02
  -1.02848416926751482947e+02
  -1.04746785747290331869e+02
  -1.06611608675065170360e+02
  -1.08444351250660915298e+02
  -1.10246391013649173374e+02
  -1.12019022602888156825e+02
  -1.13763462749056998291e+02
  -1.15480855111861515638e+02
  -1.17172274928795118853e+02
  -1.18838733453659955330e+02
  -1.20481182171881272325e+02
  -1.22100516786409073688e+02
  -1.23697580973163823614e+02
  -1.25273169908820776186e+02
  -1.26828033576540917693e+02
  -1.28362879857259230221e+02
  -1.29878377415505212866e+02
  -1.31375158389597515907e+02
  -1.32853820896537655472e+02
  -1.34314931362131147807e+02
  -1.35759026686843242260e+02
  -1.37186616257704770305e+02
  -1.38598183816295829729e+02
  -1.39994189192450761539e+02
  -1.41375069912890154455e+02
  -1.42741242693529727603e+02
  -1.44093104823718761054e+02
  -1.45431035450190108804e+02
  -1.46755396768002071894e+02
  -1.48066535125297889408e+02
  -1.49364782048241210077e+02
  -1.50650455192053158271e+02
  -1.51923859223662134355e+02
  -1.53185286641077397007e+02
  -1.54435018534240498411e+02
  -1.55673325291738876786e+02
  -1.56900467257463787973e+02
  -1.58116695340973592465e+02
  -1.59322251585047894196e+02
  -1.60517369693651517082e+02
  -1.61702275523288477643e+02
  -1.62877187540494901441e+02
  -1.64042317248000330210e+02
  -1.65197869581922020643e+02
  -1.66344043282156093255e+02
  -1.67481031237937571632e+02
  -1.68609020810464983242e+02
  -1.69728194134258188797e+02
  +9.16127160114861815998e+00
  +8.05920388775468587994e+00
  +6.96543465247835325016e+00
  +5.87980002620364672339e+00
  +4.80214012728808636865e+00
  +3.73229885849861275915e+00
  +2.67012371636550449594e+00
  +1.61546561207474081989e+00
  +5.68178703028406117959e-01
  -4.71879765672481410466e-01
  -1.50484961058432964442e+00
  -2.53086785074495690395e+00
  -3.55006884061498695360e+00
  -4.56258439568507867534e+00
  -5.56854391130471260141e+00
  -6.56807447520646725536e+00
  -7.56130097419459445973e+00
  -8.54834619541727391834e+00
  -9.52933092263079473128e+00
  -1.05043740278010488964e+01
  -1.14735925584081588369e+01
  -1.24371018207549646206e+01
  -1.33950154595885280173e+01
  -1.43474455343026896514e+01
  -1.52945025919838588635e+01
  -1.62362957375462144682e+01
  -1.71729327011726766727e+01
  -1.81045199032798294070e+01
  -1.90311625172062655054e+01
  -1.99529645298025570810e+01
  -2.08700288001111040614e+01
  -2.17824571162873255048e+01
  -2.26903502509262224862e+01
  -2.35938080149415760900e+01
  -2.44929293101311564840e+01
  -2.53878121805675078804e+01
  -2.62785538629361603569e+01
  -2.71652508359411442029e+01
  -2.80479988688960233389e+01
  -2.89268930696078818698e+01
  -2.98020279316605858355e+01
  -3.06734973812014466432e+01
  -3.15413948233292806833e+01
  -3.24058131881793656248e+01
  -3.32668449768031919689e+01
  -3.41245823069293550134e+01
  -3.49791169587005512653e+01
  -3.58305404204754509578e+01
  -3.66789439347814791859e+01
  -3.75244185445081157582e+01
  -3.83670551394305547888e+01
  -3.92069445031466088381e+01
  -4.00441773605207984588e+01
  -4.08788444257217733480e+01
  -4.17110364509435598279e+01
  -4.25408442759074034711e+01
  -4.33683588782292090968e+01
  -4.41936714247604882644e+01
  -4.50168733239916250000e+01
  -4.58380562796251922464e+01
  -4.66573123454226603712e+01
  -4.74747339814343405351e+01
  -4.82904141117228959956e+01
  -4.91044461837048373809e+01
  -4.99169242292240795678e+01
  -5.07279429274919380077e+01
  -5.15375976700270683750e+01
  -5.23459846277328608721e+01
  -5.31532008202638550642e+01
  -5.39593441878331603334e+01
  -5.47645136656281010801e+01
  -5.55688092610033095298e+01
  -5.63723321336345861710e+01
  -5.71751846788263975441e+01
  -5.79774706141737325993e+01
  -5.87792950697994385223e+01
  -5.95807646823873469089e+01
  -6.03819876932594539198e+01
  -6.11830740507503776371e+01
  -6.19841355171537031765e+01
  -6.27852857805266708624e+01
  -6.35866405716677931537e+01
  -6.43883177865850484523e+01
  -6.51904376148131916580e+01
  -6.59931226739463028252e+01
  -6.67964981507820851903e+01
  -6.76006919495009697130e+01
  -6.84058348473293875713e+01
  -6.92120606581675588131e+01
  -7.00195064046942121649e+01
  -7.08283124994950554765e+01
  -7.16386229357998871592e+01
  -7.24505854884536972804e+01
  -7.32643519257865847294e+01
  -7.40800782330966143263e+01
  -7.48979248485107973465e+01
  -7.57180569120350668300e+01
  -7.65406445286682668439e+01
  -7.73658630465130414677e+01
  -7.81938933508787670235e+01
  -7.90249221754457664701e+01
  -7.98591424316328755140e+01
  -8.06967535573847953856e+01
  -8.15379618866925000020e+01
  -8.23829810412330090230e+01
  -8.32320323456283404084e+01
  -8.40853452679138513304e+01
  -8.49431578869175609725e+01
  -8.58057173883698851569e+01
  -8.66732805916791022582e+01
  -8.75461145094401729239e+01
  -8.84244969418714390486e+01
  -8.93087171085224014178e+01
  -9.01990763197296416820e+01
  -9.10958886904562064046e+01
  -9.19994818992979617178e+01
  -9.29101979955951975398e+01
  -9.38283942577444918243e+01
</dep>
<dep S11_phase frequency>
  -1.59021299929408399976e+02
  -1.61671495142726371341e+02
  -1.64253550376792674115e+02
  -1.66770400531020158041e+02
  -1.69224950590920144577e+02
  -1.71620046673282274696e+02
  -1.73958454305587594035e+02
  -1.76242842730067906132e+02
  -1.78475774149755750386e+02
  +1.79340303030420955110e+02
  +1.77203057780316271419e+02
  +1.75110277525912948704e+02
  +1.73059867308012655940e+02
  +1.71049847489998569472e+02
  +1.69078350399004136762e+02
  +1.67143616210281862777e+02
  +1.65243988321886035919e+02
  +1.63377908414650022451e+02
  +1.61543911349467407490e+02
  +1.59740620018820322912e+02
  +1.57966740241074859341e+02
  +1.56221055763226615909e+02
  +1.54502423419556521367e+02
  +1.52809768479228381466e+02
  +1.51142080204557743173e+02
  +1.49498407632859453997e+02
  +1.47877855588031678735e+02
  +1.46279580922879489435e+02
  +1.44702788989350324300e+02
  +1.43146730331045461071e+02
  +1.41610697590364935650e+02
  +1.40094022621300979381e+02
  +1.38596073798011389044e+02
  +1.37116253508834830654e+02
  +1.35653995825205839765e+02
  +1.34208764334949762542e+02
  +1.32780050129633849565e+02
  +1.31367369935933140823e+02
  +1.29970264381363563189e+02
  +1.28588296385166074742e+02
  +1.27221049665586846800e+02
  +1.25868127355294205927e+02
  +1.24529150717146421812e+02
  +1.23203757953021252547e+02
  +1.21891603098881361689e+02
  +1.20592354999710977381e+02
  +1.19305696358393817036e+02
  +1.18031322853018849628e+02
  +1.16768942317498613193e+02
  +1.15518273980744837104e+02
  +1.14279047760011394530e+02
  +1.13051003604321039120e+02
  +1.11833890884215421124e+02
  +1.10627467824335141700e+02
  +1.09431500975611101012e+02
  +1.08245764724088132880e+02
  +1.07070040833628851829e+02
  +1.05904118019954864849e+02
  +1.04747791553679491017e+02
  +1.03600862890161693031e+02
  +1.02463139324179351775e+02
  +1.01334433667573406979e+02
  +1.00214563948151166528e+02
  +9.91033531282743354041e+01
  +9.80006288416719115730e+01
  +9.69062231471308876962e+01
  +9.58199722978204420087e+01
  +9.47417165250988801972e+01
  +9.36712998357384805104e+01
  +9.26085698215860873006e+01
  +9.15533774807485798419e+01
  +9.05055770494594611364e+01
  +8.94650258438516772230e+01
  +8.84315841109090996497e+01
  +8.74051148879337915787e+01
  +8.63854838699057552276e+01
  +8.53725592841643532438e+01
  +8.43662117718753563622e+01
  +8.33663142757936839189e+01
  +8.23727419338605812982e+01
  +8.13853719782104718661e+01
  +8.04040836391916968751e+01
  +7.94287580540336790591e+01
  +7.84592781798165219698e+01
  +7.74955287104273509158e+01
  +7.65373959972029354049e+01
  +7.55847679729837267359e+01
  +7.46375340793207158185e+01
  +7.36955851965920771818e+01
  +7.27588135768050250363e+01
  +7.18271127788707843820e+01
  +7.09003776061536115094e+01
  +6.99785040461091796260e+01
  +6.90613892118346086590e+01
  +6.81489312853679933824e+01
  +6.72410294625796751689e+01
  +6.63375838995087434569e+01
  +6.54384956600062110965e+01
  +6.45436666645509262707e+01
  +6.36529996401141673346e+01
  +6.27663980709514035539e+01
  +6.18837661502076130660e+01
  +6.10050087322250007560e+01
  +6.01300312854476288749e+01
  +5.92587398458209690943e+01
  +5.83910409705873476582e+01
  +5.75268416923799534857e+01
  +5.66660494735230599872e+01
  +5.58085721604459763512e+01
  +5.49543179381204325296e+01
  +5.41031952844319619089e+01
  +5.32551129243978493832e+01
  +5.24099797841438146406e+01
  +5.15677049445511954673e+01
  +5.07281975944876393214e+01
  +4.98913669835325634949e+01
  +4.90571223741094755155e+01
  +4.82253729929322432213e+01
  +4.73960279816767808825e+01
  +4.65689963467818657250e+01
  +4.57441869082840852911e+01
  +4.49215082475885836288e+01
  +4.41008686540736789539e+01
  +4.32821760704247822105e+01
  +4.24653380365882924252e+01
  +4.16502616322348728772e+01
  +4.08368534176113868739e+01
  +4.00250193726631735558e+01
  +3.92146648342958670241e+01
  +3.84056944316447044230e+01
  +3.75980120192109907862e+01
  +3.67915206077183185585e+01
  +3.59861222925344392820e+01
  +3.51817181794952347218e+01
  +3.43782083079598237418e+01
  +3.35754915709148775704e+01
  +3.27734656319384214385e+01
  +3.19720268388181239061e+01
  +3.11710701336122575356e+01
  +3.03704889589249376058e+01
  +2.95701751601549567283e+01
  +2.87700188834644166036e+01
  +2.79699084691931680879e+01
  +2.71697303404336345523e+01
  +2.63693688864575861430e+01
  +2.55687063406709391700e+01
  +2.47676226527475158434e+01
  +2.39659953545734829561e+01
  +2.31636994196092302900e+01
  +2.23606071152479799480e+01
  +2.15565878477245576050e+01
  +2.07515079990962050260e+01
  +1.99452307557867634102e+01
  +1.91376159281500193288e+01
  +1.83285197604712664088e+01
  +1.75177947307861572313e+01
  +1.67052893398557387172e+01
  +1.58908478885871407016e+01
  +1.50743102431434170541e+01
  +1.42555115869326041178e+01
  +1.34342821586117473487e+01
  +1.26104469751761776308e+01
  +1.17838255391490829282e+01
  +1.09542315288081670843e+01
  +1.01214724703196132793e+01
  +9.28534939056809172087e+00
  +8.44565644938693260713e+00
  +7.60218054980907798068e+00
  +6.75470092485608830657e+00
  +5.90298869928866132284e+00
  +5.04680642463549933296e+00
  +4.18590758569789311849e+00
  +3.32003607661867139456e+00
  +2.44892564446899729802e+00
  +1.57229929818603553215e+00
  +6.89868680548706980638e-01
  -1.98666599253755155052e-01
  -1.09361967505711477067e+00
  -1.99531717790250562317e+00
  -2.90410003785364745355e+00
  -3.82032433649023950295e+00
</dep>
<dep S21_dB frequency>
  -3.52768710862471790435e+00
  -3.80962019148763264553e+00
  -4.09552290387064221733e+00
  -4.38500265779425379975e+00
  -4.67773106677208794224e+00
  -4.97343814107870141328e+00
  -5.27190678932422329694e+00
  -5.57296771107974020509e+00
  -5.87649472973963504785e+00
  -6.18240058840184225630e+00
  -6.49063321267768866818e+00
  -6.80117243146058925163e+00
  -7.11402713847508216816e+00
  -7.42923287278172139736e+00
  -7.74684979441897958452e+00
  -8.06696103133002573315e+00
  -8.38967137510566907110e+00
  -8.71510630546311837463e+00
  -9.04341132651426526934e+00
  -9.37475160154274789193e+00
  -9.70931187711030929677e+00
  -1.00472966917874391157e+01
  -1.03889308696655255915e+01
  -1.07344603040997821353e+01
  -1.10841530429517725054e+01
  -1.14383006931047148669e+01
  -1.17972201693834790603e+01
  -1.21612558215146222551e+01
  -1.25307819827181354810e+01
  -1.29062059953734387108e+01
  -1.32879717835249007152e+01
  -1.36765640594826329846e+01
  -1.40725132734424729364e+01
  -1.44764014421275497568e+01
  -1.48888690266896119851e+01
  -1.53106230737917918816e+01
  -1.57424468900785701209e+01
  -1.61852115935027178750e+01
  -1.66398899812637708351e+01
  -1.71075732820169257309e+01
  -1.75894915317990445658e+01
  -1.80870385465468395125e+01
  -1.86018027853203129496e+01
  -1.91356058464239744410e+01
  -1.96905509729228214155e+01
  -2.02690848564789618536e+01
  -2.08740773642662382770e+01
  -2.15089258076934619623e+01
  -2.21776934127353513304e+01
  -2.28852964022115017428e+01
  -2.36377617236506587517e+01
  -2.44425900680063357129e+01
  -2.53092804260785158021e+01
  -2.62501109422207150601e+01
  -2.72813427738706018033e+01
  -2.84251557280206483824e+01
  -2.97129242848995573922e+01
  -3.11911296216390745428e+01
  -3.29329500355104087816e+01
  -3.50636674410266380164e+01
  -3.78260400278909898475e+01
  -4.17975021593648534690e+01
  -4.90936882592491556920e+01
  -5.98221211093350717647e+01
  -4.52490764198687855924e+01
  -4.01542926810413192129e+01
  -3.70145079641255776437e+01
  -3.47506777845023080431e+01
  -3.29861515647012097929e+01
  -3.15445471215144763732e+01
  -3.03289315830844614652e+01
  -2.92802778044940126279e+01
  -2.83599606599448534894e+01
  -2.75413188293922317484e+01
  -2.68051730941141457265e+01
  -2.61372646421911589698e+01
  -2.55267037602430768573e+01
  -2.49649854632640284535e+01
  -2.44453402795019592020e+01
  -2.39622919432002987605e+01
  -2.35113475842202035437e+01
  -2.30887754665302011858e+01
  -2.26914421689321521569e+01
  -2.23166910960455346924e+01
  -2.19622503360492515867e+01
  -2.16261617491206337149e+01
  -2.13067256741641557483e+01
  -2.10024572995447940116e+01
  -2.07120518643965390027e+01
  -2.04343566289395184299e+01
  -2.01683480927580589537e+01
  -1.99131133243887745721e+01
  -1.96678345427976069004e+01
  -1.94317762938704774456e+01
  -1.92042747148135859447e+01
  -1.89847284913230289760e+01
  -1.87725911969633969534e+01
  -1.85673647686946772239e+01
  -1.83685939221161689261e+01
  -1.81758613485070199545e+01
  -1.79887835658595882649e+01
  -1.78070073198268303827e+01
  -1.76302064493275345569e+01
  -1.74580791465838274235e+01
  -1.72903455534402183957e+01
  -1.71267456455739974786e+01
  -1.69670373641365266337e+01
  -1.68109949608469761984e+01
  -1.66584075278783743101e+01
  -1.65090776882652043867e+01
  -1.63628204261987235668e+01
  -1.62194620396048811983e+01
  -1.60788391999282609390e+01
  -1.59407981061679500101e+01
  -1.58051937220018512420e+01
  -1.56718890863431941085e+01
  -1.55407546889603320750e+01
  -1.54116679038747310670e+01
  -1.52845124741914268895e+01
  -1.51591780428073263920e+01
  -1.50355597241316694124e+01
  -1.49135577125416531885e+01
  -1.47930769238064208082e+01
  -1.46740266661537042125e+01
  -1.45563203380368477724e+01
  -1.44398751499942470389e+01
  -1.43246118682822363155e+01
  -1.42104545782197639880e+01
  -1.40973304654039122141e+01
  -1.39851696131523066668e+01
  -1.38739048147010439749e+01
  -1.37634713988383268202e+01
  -1.36538070677886516080e+01
  -1.35448517462816120371e+01
  -1.34365474408446168297e+01
  -1.33288381084531355469e+01
  -1.32216695337560175005e+01
  -1.31149892141662167688e+01
  -1.30087462521769943180e+01
  -1.29028912543207106012e+01
  -1.27973762362420941940e+01
  -1.26921545334072263245e+01
  -1.25871807170098559681e+01
  -1.24824105146799624322e+01
  -1.23778007356313342058e+01
  -1.22733091999204884104e+01
  -1.21688946715155328349e+01
  -1.20645167949028042642e+01
  -1.19601360349831544738e+01
  -1.18557136200312189800e+01
  -1.17512114875137250181e+01
  -1.16465922325805699700e+01
  -1.15418190590620568514e+01
  -1.14368557328218010127e+01
  -1.13316665373307383646e+01
  -1.12262162313437201533e+01
  -1.11204700085749514926e+01
  -1.10143934592820009755e+01
  -1.09079525336826765880e+01
  -1.08011135071428689969e+01
  -1.06938429470886013917e+01
  -1.05861076816056396410e+01
  -1.04778747697102794234e+01
  -1.03691114732842049051e+01
  -1.02597852306849635085e+01
  -1.01498636320596204996e+01
  -1.00393143964043911609e+01
  -9.92810535043552100376e+00
  -9.81620440935213345313e+00
  -9.70357955959688744940e+00
  -9.59019884374403730476e+00
  -9.47603034766748386630e+00
  -9.36104219017514793677e+00
  -9.24520251532284298435e+00
  -9.12847948766110661722e+00
  -9.01084129070407868767e+00
  -8.89225612895619477172e+00
  -8.77269223388059771196e+00
  -8.65211787424850697903e+00
  -8.53050137137115527253e+00
  -8.40781111978522943673e+00
</dep>
<dep S11_dB frequency>
  -2.57336418376483955228e+00
  -2.36050753524187628685e+00
  -2.16756749232298373542e+00
  -1.99234772742925914102e+00
  -1.83293624233330842976e+00
  -1.68766270353077851851e+00
  -1.55506324290528663568e+00
  -1.43385117821121643722e+00
  -1.32289248680053939111e+00
  -1.22118513749353585496e+00
  -1.12784158347702123670e+00
  -1.04207386599196016874e+00
  -9.63180889314479760088e-01
  -8.90537512313331225400e-01
  -8.23585167677848062340e-01
  -7.61823771650797620936e-01
  -7.04804728240935540740e-01
  -6.52124864934365722213e-01
  -6.03421163698441787027e-01
  -5.58366172935367943708e-01
  -5.16664004015973343797e-01
  -4.78046830885758389229e-01
  -4.42271823587277512768e-01
  -4.09118456854745682350e-01
  -3.78386143580091427463e-01
  -3.49892150218765074499e-01
  -3.23469757338372077005e-01
  -2.98966633702800355099e-01
  -2.76243396688331643851e-01
  -2.55172335573343678217e-01
  -2.35636277434768365291e-01
  -2.17527578111238045766e-01
  -2.00747223026151694336e-01
  -1.85204024665157673812e-01
  -1.70813905221155470926e-01
  -1.57499254399315030684e-01
  -1.45188353650135160144e-01
  -1.33814859199181984684e-01
  -1.23317337194852133520e-01
  -1.13638845120193371363e-01
  -1.04726554330517418467e-01
  -9.65314092003204254899e-02
  -8.90078189038746858675e-02
  -8.21133783256248195315e-02
  -7.58086150074798181819e-02
  -7.00567593997864779265e-02
  -6.48235359972546554275e-02
  -6.00769732166221426262e-02
  -5.57872301147279564537e-02
  -5.19264382577611163794e-02
  -4.84685572397600406003e-02
  -4.53892425123791146135e-02
  -4.26657243334749580743e-02
  -4.02766967698525366059e-02
  -3.82022158027835595506e-02
  -3.64236056851769823828e-02
  -3.49233727877683378105e-02
  -3.36851262507985652062e-02
  -3.26935048271169009793e-02
  -3.19341093650905571977e-02
  -3.13934404348446272071e-02
  -3.10588406506310879540e-02
  -3.09184412861546846496e-02
  -3.09611128186345341273e-02
  -3.11764190728897674920e-02
  -3.15545746675289645600e-02
  -3.20864054939915266385e-02
  -3.27633119837888869830e-02
  -3.35772349424753036029e-02
  -3.45206237486901379441e-02
  -3.55864067351523705174e-02
  -3.67679635848199987125e-02
  -3.80590995902904197234e-02
  -3.94540216378209546155e-02
  -4.09473157894719719252e-02
  -4.25339263477834683691e-02
  -4.42091362971308438068e-02
  -4.59685490251294098796e-02
  -4.78080712353163295170e-02
  -4.97238969697014615567e-02
  -5.17124926667449497097e-02
  -5.37705831861218647161e-02
  -5.58951387372016994526e-02
  -5.80833626535782326927e-02
  -6.03326799600245183841e-02
  -6.26407266831290471254e-02
  -6.50053398601075638208e-02
  -6.74245482044014826650e-02
  -6.98965633895680532595e-02
  -7.24197719160097064250e-02
  -7.49927275280812544178e-02
  -7.76141441513667068586e-02
  -8.02828893224445394594e-02
  -8.29979780856817533907e-02
  -8.57585673334245041088e-02
  -8.85639505680248934061e-02
  -9.14135530658546358040e-02
  -9.43069274250102063117e-02
  -9.72437494800454244048e-02
  -1.00223814568452473939e-01
  -1.03247034135011669931e-01
  -1.06313432661360993126e-01
  -1.09423144909422925819e-01
  -1.12576413468336494761e-01
  -1.15773586595942779010e-01
  -1.19015116346457991425e-01
  -1.22301556977528508297e-01
  -1.25633563630446171144e-01
  -1.29011891278385110171e-01
  -1.32437393938508063407e-01
  -1.35911024144683589832e-01
  -1.39433832678331759425e-01
  -1.43006968556049274266e-01
  -1.46631679273360293614e-01
  -1.50309311304806403342e-01
  -1.54041310861807334565e-01
  -1.57829224910144616523e-01
  -1.61674702450262636200e-01
  -1.65579496064403031141e-01
  -1.69545463735317231135e-01
  -1.73574570942830685993e-01
  -1.77668893044963943639e-01
  -1.81830617951920819886e-01
  -1.86062049102018428615e-01
  -1.90365608750023340701e-01
  -1.94743841579543525144e-01
  -1.99199418652465709556e-01
  -2.03735141709784017827e-01
  -2.08353947839655884167e-01
  -2.13058914530209309035e-01
  -2.17853265126107753513e-01
  -2.22740374709900101902e-01
  -2.27723776430935886950e-01
  -2.32807168306893352838e-01
  -2.37994420524934358063e-01
  -2.43289583272207565745e-01
  -2.48696895127847317220e-01
  -2.54220792051282729052e-01
  -2.59865917005267066386e-01
  -2.65637130254471387492e-01
  -2.71539520384877164361e-01
  -2.77578416092602919818e-01
  -2.83759398795159545337e-01
  -2.90088316122700862199e-01
  -2.96571296351968827221e-01
  -3.03214763850772839326e-01
  -3.10025455607199129648e-01
  -3.17010438924032023067e-01
  -3.24177130365927212985e-01
  -3.31533316054947624352e-01
  -3.39087173418349208109e-01
  -3.46847294502071246125e-01
  -3.54822710973569876991e-01
  -3.63022920949045757588e-01
  -3.71457917792459568762e-01
  -3.80138221047589597301e-01
  -3.89074909679266778273e-01
  -3.98279657816749066424e-01
  -4.07764773210602560205e-01
  -4.17543238634551505672e-01
  -4.27628756486430394723e-01
  -4.38035796867228766072e-01
  -4.48779649444525641222e-01
  -4.59876479437468899114e-01
  -4.71343388094214221784e-01
  -4.83198478070195058809e-01
  -4.95460924158201365675e-01
  -5.08151049866761184148e-01
  -5.21290410396608949739e-01
  -5.34901882621915736316e-01
  -5.49009762748417173839e-01
  -5.63639872392689866842e-01
  -5.78819673907943310631e-01
  -5.94578395872490617080e-01
  -6.10947169758700669995e-01
  -6.27959178914991422715e-01
  -6.45649821121263123302e-01
  -6.64056886123546963319e-01
  -6.83220749715991559903e-01
  -7.03184586122404975406e-01
  -7.23994600637090757189e-01
</dep>
<dep Zin_ohm frequency>
  +5.90893105112850889782e+02
  +5.25853475102885340675e+02
  +4.64497684959737171084e+02
  +4.06835539797658725547e+02
  +3.53047475424242406916e+02
  +3.03574609106109221557e+02
  +2.59268068971712636994e+02
  +2.21607868189998441721e+02
  +1.92900457949396383128e+02
  +1.76043058190726583234e+02
  +1.73191589833464803405e+02
  +1.83928614780453045796e+02
  +2.05316758934781205426e+02
  +2.33833037568931331407e+02
  +2.66730479211972522080e+02
  +3.02221386258755387644e+02
  +3.39214561137400778534e+02
  +3.77051782041074261542e+02
  +4.15333066444231405967e+02
  +4.53812752616635634695e+02
  +4.92339071169941348671e+02
  +5.30818680400693210686e+02
  +5.69195411921891718521e+02
  +6.07437218090249189117e+02
  +6.45527959554611243220e+02
  +6.83462120454515797974e+02
  +7.21241338427625350960e+02
  +7.58872085985714306844e+02
  +7.96364098130545926324e+02
  +8.33729293099677647660e+02
  +8.70981024700418515749e+02
  +9.08133561084522966667e+02
  +9.45201720282204632895e+02
  +9.82200615555451804539e+02
  +1.01914547847874553099e+03
  +1.05605153751173361343e+03
  +1.09293393647201833119e+03
  +1.12980768185825809269e+03
  +1.16668761111836784039e+03
  +1.20358837616119512859e+03
  +1.24052443797078240095e+03
  +1.27751006929829327419e+03
  +1.31455936321258673161e+03
  +1.35168624587614203847e+03
  +1.38890449234279572011e+03
  +1.42622774449054622892e+03
  +1.46366953043785565569e+03
  +1.50124328496737689420e+03
  +1.53896237061238207389e+03
  +1.57684009916049012645e+03
  +1.61488975340358206267e+03
  +1.65312460902006364449e+03
  +1.69155795651817015823e+03
  +1.73020312320240850568e+03
  +1.76907349515006717411e+03
  +1.80818253920422580450e+03
  +1.84754382500465976591e+03
  +1.88717104708973806737e+03
  +1.92707804711148469323e+03
  +1.96727883621347700682e+03
  +2.00778761762714839278e+03
  +2.04861880954712569292e+03
  +2.08978706835073944603e+03
  +2.13130731223056409362e+03
  +2.17319474531275409390e+03
  +2.21546488233750051222e+03
  +2.25813357398155540068e+03
  +2.30121703290660570929e+03
  +2.34473186062134618624e+03
  +2.38869507524932669185e+03
  +2.43312414029945148286e+03
  +2.47803699454124671320e+03
  +2.52345208309238751099e+03
  +2.56938838983268396987e+03
  +2.61586547126515824857e+03
  +2.66290349195278304251e+03
  +2.71052326166763214133e+03
  +2.75874627439865162160e+03
  +2.80759474937420282004e+03
  +2.85709167426702879311e+03
  +2.90726085076156323339e+03
  +2.95812694267718597985e+03
  +3.00971552685610777189e+03
  +3.06205314704122883995e+03
  +3.11516737098743578827e+03
  +3.16908685107026303740e+03
  +3.22384138867789442884e+03
  +3.27946200269711516739e+03
  +3.33598100243111639429e+03
  +3.39343206531686746530e+03
  +3.45185031984306851882e+03
  +3.51127243410650316946e+03
  +3.57173671048511641857e+03
  +3.63328318695158213814e+03
  +3.69595374560089157967e+03
  +3.75979222902145829721e+03
  +3.82484456520105823074e+03
  +3.89115890172778108536e+03
  +3.95878575012334840721e+03
  +4.02777814123168263905e+03
  +4.09819179268178231723e+03
  +4.17008528955120073078e+03
  +4.24352027947687747655e+03
  +4.31856168359500679799e+03
  +4.39527792484340625379e+03
  +4.47374117533068874764e+03
  +4.55402762466914191464e+03
  +4.63621777138532434037e+03
  +4.72039673976840549585e+03
  +4.80665462479446523503e+03
  +4.89508686808088987164e+03
  +4.98579466818375840376e+03
  +5.07888542895973296254e+03
  +5.17447325018020092102e+03
  +5.27267946511776062835e+03
  +5.37363323043517175392e+03
  +5.47747217440624899609e+03
  +5.58434311030303160805e+03
  +5.69440282270949410304e+03
  +5.80781893559264153737e+03
  +5.92477087219961231312e+03
  +6.04545091828547447221e+03
  +6.17006540184621917433e+03
  +6.29883600447725439153e+03
  +6.43200122175180422346e+03
  +6.56981799267702808720e+03
  +6.71256352141582101467e+03
  +6.86053731814738239336e+03
  +7.01406349029552711727e+03
  +7.17349332051308192604e+03
  +7.33920817394370897091e+03
  +7.51162278459482149628e+03
  +7.69118897940216720599e+03
  +7.87839990906561706652e+03
  +8.07379486738143441471e+03
  +8.27796479608327899768e+03
  +8.49155859075258013036e+03
  +8.71529034595403027197e+03
  +8.94994770538209559163e+03
  +9.19640151673728178139e+03
  +9.45561703289654724358e+03
  +9.72866695277516009810e+03
  +1.00167466597733273375e+04
  +1.03211920963214106450e+04
  +1.06435008143019040290e+04
  +1.09853568689330404595e+04
  +1.13486603858108919667e+04
  +1.17355628374562711542e+04
  +1.21485093304638157861e+04
  +1.25902895452235261473e+04
  +1.30640994111873988004e+04
  +1.35736161738075934409e+04
  +1.41230902572445247642e+04
  +1.47174583063734989992e+04
  +1.53624830770332773682e+04
  +1.60649275312965728517e+04
  +1.68327727057341944601e+04
  +1.76754917979201673006e+04
  +1.86043966070370333910e+04
  +1.96330770672939033830e+04
  +2.07779600421742434264e+04
  +2.20590192060167501040e+04
  +2.35006718608083829167e+04
  +2.51328960581481260306e+04
  +2.69925806567398576590e+04
  +2.91250545171508674684e+04
  +3.15855663891683543625e+04
  +3.44400646793805863126e+04
  +3.77636556197182653705e+04
  +4.16329980902685492765e+04
  +4.61046288913298631087e+04
  +5.11640872197654753109e+04
  +5.66245872245489154011e+04
  +6.19715152872626640601e+04
  +6.62470296200177690480e+04
  +6.82489310085684701335e+04
  +6.72225173334135033656e+04
  +6.34815272153600380989e+04
  +5.81480738759871746879e+04
  +5.23651379000319939223e+04
  +4.68522970588733733166e+04
</dep>
<dep Zin_norm frequency>
  +1.18178621022570187193e+01
  +1.05170695020577067424e+01
  +9.28995369919474356379e+00
  +8.13671079595317436883e+00
  +7.06094950848484792516e+00
  +6.07149218212218411139e+00
  +5.18536137943425323726e+00
  +4.43215736379996894101e+00
  +3.85800915898792773362e+00
  +3.52086116381453173574e+00
  +3.46383179666929619245e+00
  +3.67857229560906118238e+00
  +4.10633517869562414404e+00
  +4.67666075137862691236e+00
  +5.33460958423945008633e+00
  +6.04442772517510729102e+00
  +6.78429122274801610359e+00
  +7.54103564082148469794e+00
  +8.30666132888462804829e+00
  +9.07625505233271212546e+00
  +9.84678142339882711553e+00
  +1.06163736080138644269e+01
  +1.13839082384378347257e+01
  +1.21487443618049830718e+01
  +1.29105591910922257171e+01
  +1.36692424090903159595e+01
  +1.44248267685525064508e+01
  +1.51774417197142863500e+01
  +1.59272819626109178870e+01
  +1.66745858619935525269e+01
  +1.74196204940083703150e+01
  +1.81626712216904593333e+01
  +1.89040344056440936527e+01
  +1.96440123111090372277e+01
  +2.03829095695749096251e+01
  +2.11210307502346736896e+01
  +2.18586787294403670501e+01
  +2.25961536371651625643e+01
  +2.33337522223673587973e+01
  +2.40717675232239010086e+01
  +2.48104887594156480191e+01
  +2.55502013859658667627e+01
  +2.62911872642517359111e+01
  +2.70337249175228393483e+01
  +2.77780898468559129810e+01
  +2.85245548898109255731e+01
  +2.92733906087571114085e+01
  +3.00248656993475364629e+01
  +3.07792474122476420462e+01
  +3.15368019832098021027e+01
  +3.22977950680716432430e+01
  +3.30624921804012714688e+01
  +3.38311591303634031647e+01
  +3.46040624640481695451e+01
  +3.53814699030013457559e+01
  +3.61636507840845169426e+01
  +3.69508765000931944655e+01
  +3.77434209417947599263e+01
  +3.85415609422296938646e+01
  +3.93455767242695415575e+01
  +4.01557523525429687083e+01
  +4.09723761909425121530e+01
  +4.17957413670147914786e+01
  +4.26261462446112773250e+01
  +4.34638949062550850044e+01
  +4.43092976467500108129e+01
  +4.51626714796311077293e+01
  +4.60243406581321181648e+01
  +4.68946372124269217352e+01
  +4.77739015049865329843e+01
  +4.86624828059890290888e+01
  +4.95607398908249336955e+01
  +5.04690416618477470934e+01
  +5.13877677966536836607e+01
  +5.23173094253031649714e+01
  +5.32580698390556577237e+01
  +5.42104652333526431107e+01
  +5.51749254879730344214e+01
  +5.61518949874840558323e+01
  +5.71418334853405767149e+01
  +5.81452170152312604046e+01
  +5.91625388535437224391e+01
  +6.01943105371221562905e+01
  +6.12410629408245767991e+01
  +6.23033474197487180390e+01
  +6.33817370214052644428e+01
  +6.44768277735578863030e+01
  +6.55892400539423050532e+01
  +6.67196200486223318649e+01
  +6.78686413063373521481e+01
  +6.90370063968613720817e+01
  +7.02254486821300645261e+01
  +7.14347342097023272345e+01
  +7.26656637390316433311e+01
  +7.39190749120178338671e+01
  +7.51958445804291670811e+01
  +7.64968913040211617727e+01
  +7.78231780345556245493e+01
  +7.91757150024669726918e+01
  +8.05555628246336539178e+01
  +8.19638358536356435025e+01
  +8.34017057910240140473e+01
  +8.48704055895375546470e+01
  +8.63712336719001285701e+01
  +8.79055584968681245073e+01
  +8.94748235066137738158e+01
  +9.10805524933828394296e+01
  +9.27243554277064845337e+01
  +9.44079347953681065064e+01
  +9.61330924958893007215e+01
  +9.79017373616177906115e+01
  +9.97158933636751640961e+01
  +1.01577708579194663230e+02
  +1.03489465003604010462e+02
  +1.05453589302355211998e+02
  +1.07472664608703439626e+02
  +1.09549443488124978785e+02
  +1.11686862206060624203e+02
  +1.13888056454189879219e+02
  +1.16156378711852838137e+02
  +1.18495417443992252515e+02
  +1.20909018365709485465e+02
  +1.23401308036924390876e+02
  +1.25976720089545096926e+02
  +1.28640024435036082195e+02
  +1.31396359853540559470e+02
  +1.34251270428316416883e+02
  +1.37210746362947645594e+02
  +1.40281269805910540072e+02
  +1.43469866410261630563e+02
  +1.46784163478874177144e+02
  +1.50232455691896433336e+02
  +1.53823779588043350941e+02
  +1.57567998181312333372e+02
  +1.61475897347628688294e+02
  +1.65559295921665579954e+02
  +1.69831171815051590102e+02
  +1.74305806919080595208e+02
  +1.78998954107641907285e+02
  +1.83928030334745642449e+02
  +1.89112340657930928955e+02
  +1.94573339055503197415e+02
  +2.00334933195466533107e+02
  +2.06423841926428224269e+02
  +2.12870016286038065800e+02
  +2.19707137378660803506e+02
  +2.26973207716217842744e+02
  +2.34711256749125425358e+02
  +2.42970186609276311174e+02
  +2.51805790904470512714e+02
  +2.61281988223747987377e+02
  +2.71472323476151871091e+02
  +2.82461805144890490737e+02
  +2.94349166127469970888e+02
  +3.07249661540665556458e+02
  +3.21298550625931454761e+02
  +3.36655454114683891476e+02
  +3.53509835958403357381e+02
  +3.72087932140740690556e+02
  +3.92661541345878049469e+02
  +4.15559200843484859433e+02
  +4.41180384120335020270e+02
  +4.70013437216167687893e+02
  +5.02657921162962509243e+02
  +5.39851613134797162274e+02
  +5.82501090343017381201e+02
  +6.31711327783367096345e+02
  +6.88801293587611780822e+02
  +7.55273112394365284672e+02
  +8.32659961805370926413e+02
  +9.22092577826597221247e+02
  +1.02328174439530948803e+03
  +1.13249174449097836259e+03
  +1.23943030574525323573e+03
  +1.32494059240035539915e+03
  +1.36497862017136935719e+03
  +1.34445034666826995817e+03
  +1.26963054430720080745e+03
  +1.16296147751974353923e+03
  +1.04730275800063986935e+03
  +9.37045941177467511807e+02
</dep>
<dep S[2,2] frequency>
  -6.94297288507489951392e-01-j2.66219660611856145938e-01
  -7.23375822738662854761e-01-j2.39632990074947899162e-01
  -7.49911051716874443862e-01-j2.11446626130840420466e-01
  -7.73928934305390225923e-01-j1.81945256996620480239e-01
  -7.95477187371824490114e-01-j1.51386406960164143776e-01
  -8.14620132761592397053e-01-j1.20001415813959122492e-01
  -8.31434368915957788815e-01-j8.79968607207062547548e-02
  -8.46005189733045503964e-01-j5.55562457785400212740e-02
  -8.58423663429787708878e-01-j2.28418270727690705946e-02
  -8.68784282598336954351e-01+j1.00035236692703425471e-02
  -8.77183100386329517306e-01+j4.28544852574518214672e-02
  -8.83716274563380865814e-01+j7.56015292004097450018e-02
  -8.88478949607119483645e-01+j1.08149266968640245246e-01
  -8.91564415795762177375e-01+j1.40414918787532039257e-01
  -8.93063492957120952376e-01+j1.72326911176391345260e-01
  -8.93064094596352497923e-01+j2.03823603962868554751e-01
  -8.91650935399028954365e-01+j2.34852143104345323366e-01
  -8.88905351502196072744e-01+j2.65367432819573090264e-01
  -8.84905208445690538710e-01+j2.95331218861422717392e-01
  -8.79724876409309741732e-01+j3.24711273920642640167e-01
  -8.73435256284384786696e-01+j3.53480675893534879162e-01
  -8.66103843408020712680e-01+j3.81617169885780316285e-01
  -8.57794818493104016532e-01+j4.09102605221716597583e-01
  -8.48569157501358084517e-01+j4.35922439281906271002e-01
  -8.38484754007348787042e-01+j4.62065300628937081218e-01
  -8.27596549056498043129e-01+j4.87522604552423355351e-01
  -8.15956664689517663369e-01+j5.12288214833260258096e-01
  -8.03614538239873610337e-01+j5.36358146173223304665e-01
  -7.90617055253057476882e-01+j5.59730302343906305218e-01
  -7.77008679462401374849e-01+j5.82404245671670928175e-01
  -7.62831578715811309266e-01+j6.04380993989239834185e-01
  -7.48125746105912425854e-01+j6.25662841648656598004e-01
  -7.32929115832433253352e-01+j6.46253201606853067140e-01
  -7.17277673537220827882e-01+j6.66156465965599853263e-01
  -7.01205561011942646310e-01+j6.85377882676225569369e-01
  -6.84745175297423180893e-01+j7.03923446409266295731e-01
  -6.67927262280363587266e-01+j7.21799801843796884349e-01
  -6.50781004954643971239e-01+j7.39014157854760878053e-01
  -6.33334106556557085987e-01+j7.55574211271726525752e-01
  -6.15612868810244684425e-01+j7.71488079053040287647e-01
  -5.97642265535047734204e-01+j7.86764237867977667129e-01
  -5.79446011873344435372e-01+j8.01411470208688303529e-01
  -5.61046629397616847257e-01+j8.15438816266370825048e-01
  -5.42465507351198250596e-01+j8.28855530903637394147e-01
  -5.23722960269301873737e-01+j8.41671045140056861555e-01
  -5.04838282216873879271e-01+j8.53894931641425936064e-01
  -4.85829797868252089010e-01+j8.65536873767310699357e-01
  -4.66714910641167490812e-01+j8.76606637786878195584e-01
  -4.47510148084883763175e-01+j8.87114047921160997490e-01
  -4.28231204709248136631e-01+j8.97068963911809347245e-01
  -4.08892982429025275692e-01+j9.06481260852515013937e-01
  -3.89509628785344674817e-01+j9.15360811051037726038e-01
  -3.70094573094663925605e-01+j9.23717467716984486081e-01
  -3.50660560664250831042e-01+j9.31561050294480441636e-01
  -3.31219685202895686160e-01+j9.38901331279554440812e-01
  -3.11783419545683226914e-01+j9.45748024380159590940e-01
  -2.92362644802516780107e-01+j9.52110773892555828368e-01
  -2.72967678031595717414e-01+j9.57999145181518518832e-01
  -2.53608298531277809307e-01+j9.63422616163917666654e-01
  -2.34293772836450475694e-01+j9.68390569705743886608e-01
  -2.15032878498960217106e-01+j9.72912286851910890206e-01
  -1.95833926725534068769e-01+j9.76996940816296954857e-01
  -1.76704783940989040847e-01+j9.80653591666646118341e-01
  -1.57652892339515487974e-01+j9.83891181645252910215e-01
  -1.38685289482048751397e-01+j9.86718531071912541286e-01
  -1.19808626993519865001e-01+j9.89144334780608480706e-01
  -1.01029188409865425258e-01+j9.91177159045717681707e-01
  -8.23529062211208751076e-02+j9.92825438957490979952e-01
  -6.37853781536399794261e-02+j9.94097476209979347139e-01
  -4.53318827315673592016e-02+j9.95001437267728605640e-01
  -2.69973941549450195676e-02+j9.95545351880345319451e-01
  -8.78659652931412966936e-03+j9.95737111916537909195e-01
  +9.29610252045186963299e-03+j9.95584470491503115142e-01
  +2.72465588216211571093e-02+j9.95095041363573185045e-01
  +4.50608791816209872105e-02+j9.94276298577891570751e-01
  +6.27354094457231864501e-02+j9.93135576336559244837e-01
  +8.02667230590195235340e-02+j9.91680069076253611904e-01
  +9.76516101088659438378e-02+j9.89916831735684343840e-01
  +1.14887066825217723509e-01+j9.87852780196564750348e-01
  +1.31970285517617913484e-01+j9.85494691882953355311e-01
  +1.48898644928692952538e-01+j9.82849206504883055047e-01
  +1.65669700985079992872e-01+j9.79922826933202095745e-01
  +1.82281177927694298946e-01+j9.76721920193510673158e-01
  +1.98730959804166718019e-01+j9.73252718567849561815e-01
  +2.15017082307073170711e-01+j9.69521320793691687712e-01
  +2.31137724942434452657e-01+j9.65533693350426380775e-01
  +2.47091203513644858125e-01+j9.61295671824287434326e-01
  +2.62875962906655269435e-01+j9.56812962343264405973e-01
  +2.78490570162935047183e-01+j9.52091143074143997360e-01
  +2.93933707827260082279e-01+j9.47135665774405888229e-01
  +3.09204167557962039670e-01+j9.41951857392182456685e-01
  +3.24300843987809728208e-01+j9.36544921707997080063e-01
  +3.39222728824128461067e-01+j9.30919941012457341500e-01
  +3.53968905177298120979e-01+j9.25081877814479258682e-01
  +3.68538542107110955737e-01+j9.19035576575053858583e-01
  +3.82930889376957406256e-01+j9.12785765461917031338e-01
  +3.97145272406138505339e-01+j9.06337058120846306153e-01
  +4.11181087410964318796e-01+j8.99693955459646699246e-01
  +4.25037796725671934706e-01+j8.92860847441187432949e-01
  +4.38714924294463404220e-01+j8.85842014882159745071e-01
  +4.52212051326301101017e-01+j8.78641631254495569792e-01
  +4.65528812104352873735e-01+j8.71263764486651992591e-01
  +4.78664889942267635092e-01+j8.63712378762209409544e-01
  +4.91620013279689904717e-01+j8.55991336313478901054e-01
  +5.04393951909653304178e-01+j8.48104399208013282063e-01
  +5.16986513330723984616e-01+j8.40055231126163426403e-01
  +5.29397539216971635412e-01+j8.31847399127965569932e-01
  +5.41626901999000320842e-01+j8.23484375407893764987e-01
  +5.53674501549490161167e-01+j8.14969539036159096312e-01
  +5.65540261966831048213e-01+j8.06306177685417568846e-01
  +5.77224128450604001550e-01+j7.97497489341905896332e-01
  +5.88726064262778736591e-01+j7.88546584000209938026e-01
  +6.00046047768629353669e-01+j7.79456485340995763877e-01
  +6.11184069551493847072e-01+j7.70230132391190980279e-01
  +6.22140129595588398104e-01+j7.60870381166263043404e-01
  +6.32914234531170682985e-01+j7.51380006294353086638e-01
  +6.43506394936427583708e-01+j7.41761702622205976176e-01
  +6.53916622690554616426e-01+j7.32018086802915912692e-01
  +6.64144928372463971833e-01+j7.22151698865704183561e-01
  +6.74191318699700836703e-01+j7.12165003768044369004e-01
  +6.84055794002084938121e-01+j7.02060392930580978721e-01
  +6.93738345724654648095e-01+j6.91840185755465131301e-01
  +7.03238953954473444696e-01+j6.81506631128833029187e-01
  +7.12557584965844648117e-01+j6.71061908908312299005e-01
  +7.21694188778465139933e-01+j6.60508131396591702256e-01
  +7.30648696722970725226e-01+j6.49847344802256920993e-01
  +7.39421019008330682176e-01+j6.39081530689207144569e-01
  +7.48011042285399718743e-01+j6.28212607416218760115e-01
  +7.56418627200922344400e-01+j6.17242431568321481272e-01
  +7.64643605936130343892e-01+j6.06172799381890947679e-01
  +7.72685779723973120703e-01+j5.95005448165555228535e-01
  +7.80544916338887673213e-01+j5.83742057719219054057e-01
  +7.88220747552847433859e-01+j5.72384251753759509818e-01
  +7.95712966551262113057e-01+j5.60933599314177966377e-01
  +8.03021225302111285593e-01+j5.49391616209295552409e-01
  +8.10145131871471413376e-01+j5.37759766451339271676e-01
  +8.17084247678350972244e-01+j5.26039463709132792957e-01
  +8.23838084681540183674e-01+j5.14232072778902815635e-01
  +8.30406102490809039374e-01+j5.02338911077134353533e-01
  +8.36787705394589464980e-01+j4.90361250160322836855e-01
  +8.42982239295864799189e-01+j4.78300317276898201424e-01
  +8.48988988547655365480e-01+j4.66157296957154854145e-01
  +8.54807172679133309146e-01+j4.53933332647494247603e-01
  +8.60435943002942127400e-01+j4.41629528395980630595e-01
  +8.65874379093871326951e-01+j4.29246950596797072208e-01
  +8.71121485128572903278e-01+j4.16786629801999874978e-01
  +8.76176186075477203552e-01+j4.04249562609697354887e-01
  +8.81037323723539933518e-01+j3.91636713638733868770e-01
  +8.85703652537866759076e-01+j3.78949017600928916849e-01
  +8.90173835329666984784e-01+j3.66187381482984963821e-01
  +8.94446438727325876528e-01+j3.53352686851408692714e-01
  +8.98519928434720949184e-01+j3.40445792295094307178e-01
  +9.02392664262180010937e-01+j3.27467536021709360039e-01
  +9.06062894914731131735e-01+j3.14418738625629079486e-01
  +9.09528752521519989749e-01+j3.01300206046972551821e-01
  +9.12788246889437493437e-01+j2.88112732743276422909e-01
  +9.15839259463164467867e-01+j2.74857105097588649834e-01
  +9.18679536972977439646e-01+j2.61534105089156199142e-01
  +9.21306684750738069667e-01+j2.48144514255634024424e-01
  +9.23718159693625362472e-01+j2.34689117978744143933e-01
  +9.25911262854210548312e-01+j2.21168710128685191973e-01
  +9.27883131634606894700e-01+j2.07584098106215003687e-01
  +9.29630731561514545014e-01+j1.93936108325598349778e-01
  +9.31150847618131050076e-01+j1.80225592186044281107e-01
  +9.32440075108096122491e-01+j1.66453432584442284625e-01
  +9.33494810025952248544e-01+j1.52620551027838585734e-01
  +9.34311238907922669839e-01+j1.38727915410335606028e-01
  +9.34885328136462523396e-01+j1.24776548526212449630e-01
  +9.35212812671673887621e-01+j1.10767537398671261917e-01
  +9.35289184182757082908e-01+j9.67020435123919636089e-02
  +9.35109678552930256856e-01+j8.25813140476814033786e-02
  +9.34669262732011230099e-01+j6.84066942245922238186e-02
  +9.33962620912055396794e-01+j5.41796408774384494200e-02
  +9.32984140003291884113e-01+j3.99017373931849356206e-02
  +9.31727894390235178435e-01+j2.55747101620497456487e-02
  +9.30187629951334415956e-01+j1.12004467048136373275e-02
  +9.28356747330278064823e-01-j3.21898434039870687262e-03
  +9.26228284453058381409e-01-j1.76813111690990523717e-02
  +9.23794898292673472007e-01-j3.21840344740523393030e-02
  +9.21048845893094214610e-01-j4.67244005717253607646e-02
  +9.17981964676284456495e-01-j6.12993717144163091648e-02
</dep>
<dep S[2,1] frequency>
  +2.38398998354996366489e-01-j6.22101980345392768790e-01
  +2.02705956436111667252e-01-j6.12255894553427104654e-01
  +1.69267624071674338548e-01-j6.00662039569301420272e-01
  +1.38062124884518910850e-01-j5.87599248447235322779e-01
  +1.09045972431972351679e-01-j5.73319331018086963958e-01
  +8.21592166563163694981e-02-j5.58048057491662419238e-01
  +5.73297657108058356101e-02-j5.41986584198091647657e-01
  +3.44769605470978818262e-02-j5.25313146736608449494e-01
  +1.35144894976890559551e-02-j5.08184888319060723560e-01
  -5.64726834341492713032e-03-j4.90739726425408584465e-01
  -2.30993858706045745999e-02-j4.73098189335097063513e-01
  -3.89329386061020785159e-02-j4.55365176387510617317e-01
  -5.32378933567537737659e-02-j4.37631612854238627452e-01
  -6.61022738682730537363e-02-j4.19975982997287444753e-01
  -7.76115511187337875354e-02-j4.02465734100107830340e-01
  -8.78482139649498922074e-02-j3.85158550745715755337e-01
  -9.68914831290361572291e-02-j3.68103503014352295697e-01
  -1.04817137908357838061e-01-j3.51342075102105300122e-01
  -1.11697430511521880736e-01-j3.34909082534786795016e-01
  -1.17601067616424304063e-01-j3.18833486992833647911e-01
  -1.22593242689438913784e-01-j3.03139118020466058478e-01
  -1.26735705884782390296e-01-j2.87845310753487848565e-01
  -1.30086861048155200127e-01-j2.72967468403387147902e-01
  -1.32701881563353052407e-01-j2.58517557682369281125e-01
  -1.34632838581471236949e-01-j2.44504544717062732850e-01
  -1.35928836627942833948e-01-j2.30934778328039297390e-01
  -1.36636152752460354742e-01-j2.17812326883432744173e-01
  -1.36798376321492970442e-01-j2.05139274289192319323e-01
  -1.36456547295737307124e-01-j1.92915980070748116493e-01
  -1.35649291421389955881e-01-j1.81141307938464085625e-01
  -1.34412951224184396004e-01-j1.69812826715355968954e-01
  -1.32781712053840567078e-01-j1.58926987041611983420e-01
  -1.30787722703400277613e-01-j1.48479276854002195662e-01
  -1.28461210340008014086e-01-j1.38464358267780779377e-01
  -1.25830589643886242568e-01-j1.28876188160084698131e-01
  -1.22922566171633843024e-01-j1.19708124464045148616e-01
  -1.19762234047286600380e-01-j1.10953019928170970587e-01
  -1.16373168146526206890e-01-j1.02603304871986336644e-01
  -1.12777510982013523533e-01-j9.46510602736195527651e-02
  -1.08996054525249103095e-01-j8.70880823544431942329e-02
  -1.05048317216218628500e-01-j7.99059396770606805704e-02
  -1.00952616419349522348e-01-j7.30960236435582999537e-02
  -9.67261365849561988162e-02-j6.66495931681892195275e-02
  -9.23849933713614540620e-02-j6.05578142008270925434e-02
  -8.79442939754550290221e-02-j5.48117946923796714453e-02
  -8.34181939097534130845e-02-j4.94026155195063099157e-02
  -7.88199504527332395210e-02-j4.43213578217486955935e-02
  -7.41619729871574595581e-02-j3.95591271484788467583e-02
  -6.94558704285863776073e-02-j3.51070747646505740280e-02
  -6.47124959335632077284e-02-j3.09564164221775087182e-02
  -5.99419890647969744180e-02-j2.70984488673373276335e-02
  -5.51538155783255906739e-02-j2.35245643225727787962e-02
  -5.03568049864744973765e-02-j2.02262631535628269186e-02
  -4.55591860391588096557e-02-j1.71951649081275963205e-02
  -4.07686202559996296868e-02-j1.44230178925944894225e-02
  -3.59922336319506569469e-02-j1.19017074328097438585e-02
  -3.12366466301641429459e-02-j9.62326295093405593983e-03
  -2.65080025674282356019e-02-j7.57986397508131348744e-03
  -2.18119944898157169799e-02-j5.76384518651898783426e-03
  -1.71538906289996906374e-02-j4.16770059831931497657e-03
  -1.25385585231393356653e-02-j2.78408694982647123353e-03
  -7.97048788018745076045e-03-j1.60582639286529355038e-03
  -3.45381225587686364886e-03-j6.25908538220261000812e-04
  +1.00767038637553530550e-03+j1.62508075669851335737e-04
  +5.41047817114779193426e-03+j7.66095035696255687377e-04
  +9.75142680400014998099e-03+j1.19135357782251534269e-03
  +1.40276120074724688913e-02+j1.44461453529719382159e-03
  +1.82363928493096197347e-02+j1.53203866917820731054e-03
  +2.23753759155018855376e-02+j1.45961734273074837144e-03
  +2.64424002836741757483e-02+j1.23317350457458974403e-03
  +3.04355232551631812998e-02+j8.58362948478861957635e-04
  +3.43530068066885407863e-02+j3.40675820394497968439e-04
  +3.81933047247603393859e-02-j3.14561654208418218018e-04
  +4.19550503882648653797e-02-j1.10218524743192682752e-03
  +4.56370451665031248711e-02-j2.01719063313772180648e-03
  +4.92382474018877927535e-02-j3.05473113908404916503e-03
  +5.27577619481463810924e-02-j4.21011536613804387974e-03
  +5.61948302364659521557e-02-j5.47880469217463042519e-03
  +5.95488208434299115535e-02-j6.85641067681304425957e-03
  +6.28192205359922595242e-02-j8.33869238185874946112e-03
  +6.60056257699521281568e-02-j9.92155362109487480582e-03
  +6.91077346195596436962e-02-j1.16010401519716817298e-02
  +7.21253391170010860201e-02-j1.33733368206764395569e-02
  +7.50583179815121626088e-02-j1.52347646711625990534e-02
  +7.79066297187929190926e-02-j1.71817780277788469123e-02
  +8.06703060723604342686e-02-j1.92109615603662867156e-02
  +8.33494458092727541487e-02-j2.13190273398973714758e-02
  +8.59442088234173978689e-02-j2.35028118920288450755e-02
  +8.84548105403989426421e-02-j2.57592732553082980063e-02
  +9.08815166086522352451e-02-j2.80854880501129160197e-02
  +9.32246378621574833812e-02-j3.04786485638733443959e-02
  +9.54845255407144322124e-02-j3.29360598575861376891e-02
  +9.76615667543317134136e-02-j3.54551368981061779118e-02
  +9.97561801788800078805e-02-j3.80334017202979893235e-02
  +1.01768811970638181630e-01-j4.06684806226294479070e-02
  +1.03699931887916804718e-01-j4.33581013994477001972e-02
  +1.05550029608389828173e-01-j4.61000906127788795397e-02
  +1.07319611231227060588e-01-j4.88923709061342276483e-02
  +1.09009195953555057534e-01-j5.17329583625102257249e-02
  +1.10619312911179323855e-01-j5.46199599084446762998e-02
  +1.12150498173877427588e-01-j5.75515707657105121675e-02
  +1.13603291885951238060e-01-j6.05260719519814180400e-02
  +1.14978235543071821700e-01-j6.35418278315437595749e-02
  +1.16275869396766678987e-01-j6.65972837169013232028e-02
  +1.17496729978217723245e-01-j6.96909635219148115848e-02
  +1.18641347733323049285e-01-j7.28214674669068473545e-02
  +1.19710244761269235525e-01-j7.59874698359885164534e-02
  +1.20703932649081982498e-01-j7.91877167866804620999e-02
  +1.21622910394899363951e-01-j8.24210242117304620058e-02
  +1.22467662412920133552e-01-j8.56862756528939673029e-02
  +1.23238656613198729883e-01-j8.89824202662908708694e-02
  +1.23936342549637326660e-01-j9.23084708387967300958e-02
  +1.24561149629718898035e-01-j9.56635018548172011421e-02
  +1.25113485379695799082e-01-j9.90466476126779099554e-02
  +1.25593733759070763645e-01-j1.02457100389696353915e-01
  +1.26002253518383844355e-01-j1.05894108654955840243e-01
  +1.26339376594375218943e-01-j1.09356975328607622377e-01
  +1.26605406536798553718e-01-j1.12845056086509645810e-01
  +1.26800616961125101056e-01-j1.16357757708816650366e-01
  +1.26925250021578533977e-01-j1.19894536471078991258e-01
  +1.26979514898903883546e-01-j1.23454896576297726285e-01
  +1.26963586297387187596e-01-j1.27038388626244946877e-01
  +1.26877602945633660703e-01-j1.30644608130275369229e-01
  +1.26721666095648777262e-01-j1.34273194049727095933e-01
  +1.26495838014760414447e-01-j1.37923827375895202696e-01
  +1.26200140464900717463e-01-j1.41596229739414519733e-01
  +1.25834553163743340098e-01-j1.45290162048809290418e-01
  +1.25399012222137590244e-01-j1.49005423155748828457e-01
  +1.24893408552216353402e-01-j1.52741848544466790605e-01
  +1.24317586240468333503e-01-j1.56499309042606005171e-01
  +1.23671340879972668780e-01-j1.60277709550571856312e-01
  +1.22954417855860476116e-01-j1.64076987786306666139e-01
  +1.22166510577945724991e-01-j1.67897113042176943098e-01
  +1.21307258654285571309e-01-j1.71738084950447678079e-01
  +1.20376245999274961163e-01-j1.75599932253568097318e-01
  +1.19372998869659324717e-01-j1.79482711575222997347e-01
  +1.18296983821622653243e-01-j1.83386506187800196743e-01
  +1.17147605581895103422e-01-j1.87311424771630485875e-01
  +1.15924204825484378212e-01-j1.91257600160955776314e-01
  +1.14626055852416974812e-01-j1.95225188071211808172e-01
  +1.13252364155491946907e-01-j1.99214365801787474108e-01
  +1.11802263870714208016e-01-j2.03225330907896156729e-01
  +1.10274815101717021948e-01-j2.07258299834746084755e-01
  +1.08669001109041055142e-01-j2.11313506506513870686e-01
  +1.06983725354707209787e-01-j2.15391200862081771961e-01
  +1.05217808392068595813e-01-j2.19491647328679650997e-01
  +1.03369984590389013546e-01-j2.23615123223894263216e-01
  +1.01438898683081493712e-01-j2.27761917075552822176e-01
  +9.94231021279510240873e-02-j2.31932326848043851575e-01
  +9.73210492671922194896e-02-j2.36126658062603744792e-01
  +9.51310932742292503228e-02-j2.40345221797862190760e-01
  +9.28514818738251368480e-02-j2.44588332555678161784e-01
  +9.04803528211527430258e-02-j2.48856305975805547348e-01
  +8.80157291247791739863e-02-j2.53149456381340176581e-01
  +8.54555139977302563592e-02-j2.57468094135126668309e-01
  +8.27974855199700293662e-02-j2.61812522785305645812e-01
  +8.00392909947991310071e-02-j2.66183035975980586407e-01
  +7.71784409807964588701e-02-j2.70579914096582052618e-01
  +7.42123029800180883386e-02-j2.75003420640789697504e-01
  +7.11380947622903964112e-02-j2.79453798242867812451e-01
  +6.79528773044766054579e-02-j2.83931264355907375663e-01
  +6.46535473227277390773e-02-j2.88436006532889699372e-01
  +6.12368293748002737176e-02-j2.92968177267184382018e-01
  +5.76992675086888673341e-02-j2.97527888344709279256e-01
  +5.40372164329995241516e-02-j3.02115204654796243311e-01
  +5.02468321837957893061e-02-j3.06730137401165781075e-01
  +4.63240622619933567483e-02-j3.11372636648218070743e-01
  +4.22646352149841642021e-02-j3.16042583130714260786e-01
  +3.80640496358465654780e-02-j3.20739779247335154988e-01
  +3.37175625535322195936e-02-j3.25463939149837566678e-01
  +2.92201771877194510507e-02-j3.30214677829926694930e-01
  +2.45666300427354461489e-02-j3.34991499095396882968e-01
  +1.97513773161784554622e-02-j3.39793782315024717189e-01
  +1.47685805996987367522e-02-j3.44620767798685279093e-01
  +9.61209185202589744268e-03-j3.49471540664289981315e-01
  +4.27543762782162366926e-03-j3.54345013026987287752e-01
  -1.24819744933306222938e-03-j3.59239904327843195819e-01
  -6.96598797549983009270e-03-j3.64154719599168730237e-01
  -1.28854858144296490624e-02-j3.69087725441358927014e-01
  -1.90146388932817232698e-02-j3.74036923461399217761e-01
  -2.53618107220409602642e-02-j3.79000020895881417626e-01
</dep>
<dep S[1,2] frequency>
  +2.38398998354996366489e-01-j6.22101980345392768790e-01
  +2.02705956436111667252e-01-j6.12255894553427104654e-01
  +1.69267624071674338548e-01-j6.00662039569301420272e-01
  +1.38062124884518910850e-01-j5.87599248447235322779e-01
  +1.09045972431972351679e-01-j5.73319331018086963958e-01
  +8.21592166563163694981e-02-j5.58048057491662419238e-01
  +5.73297657108058356101e-02-j5.41986584198091647657e-01
  +3.44769605470978818262e-02-j5.25313146736608449494e-01
  +1.35144894976890559551e-02-j5.08184888319060723560e-01
  -5.64726834341492713032e-03-j4.90739726425408584465e-01
  -2.30993858706045745999e-02-j4.73098189335097063513e-01
  -3.89329386061020785159e-02-j4.55365176387510617317e-01
  -5.32378933567537737659e-02-j4.37631612854238627452e-01
  -6.61022738682730537363e-02-j4.19975982997287444753e-01
  -7.76115511187337875354e-02-j4.02465734100107830340e-01
  -8.78482139649498922074e-02-j3.85158550745715755337e-01
  -9.68914831290361572291e-02-j3.68103503014352295697e-01
  -1.04817137908357838061e-01-j3.51342075102105300122e-01
  -1.11697430511521880736e-01-j3.34909082534786795016e-01
  -1.17601067616424304063e-01-j3.18833486992833647911e-01
  -1.22593242689438913784e-01-j3.03139118020466058478e-01
  -1.26735705884782390296e-01-j2.87845310753487848565e-01
  -1.30086861048155200127e-01-j2.72967468403387147902e-01
  -1.32701881563353052407e-01-j2.58517557682369281125e-01
  -1.34632838581471236949e-01-j2.44504544717062732850e-01
  -1.35928836627942833948e-01-j2.30934778328039297390e-01
  -1.36636152752460354742e-01-j2.17812326883432744173e-01
  -1.36798376321492970442e-01-j2.05139274289192319323e-01
  -1.36456547295737307124e-01-j1.92915980070748116493e-01
  -1.35649291421389955881e-01-j1.81141307938464085625e-01
  -1.34412951224184396004e-01-j1.69812826715355968954e-01
  -1.32781712053840567078e-01-j1.58926987041611983420e-01
  -1.30787722703400277613e-01-j1.48479276854002195662e-01
  -1.28461210340008014086e-01-j1.38464358267780779377e-01
  -1.25830589643886242568e-01-j1.28876188160084698131e-01
  -1.22922566171633843024e-01-j1.19708124464045148616e-01
  -1.19762234047286600380e-01-j1.10953019928170970587e-01
  -1.16373168146526206890e-01-j1.02603304871986336644e-01
  -1.12777510982013523533e-01-j9.46510602736195527651e-02
  -1.08996054525249103095e-01-j8.70880823544431942329e-02
  -1.05048317216218628500e-01-j7.99059396770606805704e-02
  -1.00952616419349522348e-01-j7.30960236435582999537e-02
  -9.67261365849561988162e-02-j6.66495931681892195275e-02
  -9.23849933713614540620e-02-j6.05578142008270925434e-02
  -8.79442939754550290221e-02-j5.48117946923796714453e-02
  -8.34181939097534130845e-02-j4.94026155195063099157e-02
  -7.88199504527332395210e-02-j4.43213578217486955935e-02
  -7.41619729871574595581e-02-j3.95591271484788467583e-02
  -6.94558704285863776073e-02-j3.51070747646505740280e-02
  -6.47124959335632077284e-02-j3.09564164221775087182e-02
  -5.99419890647969744180e-02-j2.70984488673373276335e-02
  -5.51538155783255906739e-02-j2.35245643225727787962e-02
  -5.03568049864744973765e-02-j2.02262631535628269186e-02
  -4.55591860391588096557e-02-j1.71951649081275963205e-02
  -4.07686202559996296868e-02-j1.44230178925944894225e-02
  -3.59922336319506569469e-02-j1.19017074328097438585e-02
  -3.12366466301641429459e-02-j9.62326295093405593983e-03
  -2.65080025674282356019e-02-j7.57986397508131348744e-03
  -2.18119944898157169799e-02-j5.76384518651898783426e-03
  -1.71538906289996906374e-02-j4.16770059831931497657e-03
  -1.25385585231393356653e-02-j2.78408694982647123353e-03
  -7.97048788018745076045e-03-j1.60582639286529355038e-03
  -3.45381225587686364886e-03-j6.25908538220261000812e-04
  +1.00767038637553530550e-03+j1.62508075669851335737e-04
  +5.41047817114779193426e-03+j7.66095035696255687377e-04
  +9.75142680400014998099e-03+j1.19135357782251534269e-03
  +1.40276120074724688913e-02+j1.44461453529719382159e-03
  +1.82363928493096197347e-02+j1.53203866917820731054e-03
  +2.23753759155018855376e-02+j1.45961734273074837144e-03
  +2.64424002836741757483e-02+j1.23317350457458974403e-03
  +3.04355232551631812998e-02+j8.58362948478861957635e-04
  +3.43530068066885407863e-02+j3.40675820394497968439e-04
  +3.81933047247603393859e-02-j3.14561654208418218018e-04
  +4.19550503882648653797e-02-j1.10218524743192682752e-03
  +4.56370451665031248711e-02-j2.01719063313772180648e-03
  +4.92382474018877927535e-02-j3.05473113908404916503e-03
  +5.27577619481463810924e-02-j4.21011536613804387974e-03
  +5.61948302364659521557e-02-j5.47880469217463042519e-03
  +5.95488208434299115535e-02-j6.85641067681304425957e-03
  +6.28192205359922595242e-02-j8.33869238185874946112e-03
  +6.60056257699521281568e-02-j9.92155362109487480582e-03
  +6.91077346195596436962e-02-j1.16010401519716817298e-02
  +7.21253391170010860201e-02-j1.33733368206764395569e-02
  +7.50583179815121626088e-02-j1.52347646711625990534e-02
  +7.79066297187929190926e-02-j1.71817780277788469123e-02
  +8.06703060723604342686e-02-j1.92109615603662867156e-02
  +8.33494458092727541487e-02-j2.13190273398973714758e-02
  +8.59442088234173978689e-02-j2.35028118920288450755e-02
  +8.84548105403989426421e-02-j2.57592732553082980063e-02
  +9.08815166086522352451e-02-j2.80854880501129160197e-02
  +9.32246378621574833812e-02-j3.04786485638733443959e-02
  +9.54845255407144322124e-02-j3.29360598575861376891e-02
  +9.76615667543317134136e-02-j3.54551368981061779118e-02
  +9.97561801788800078805e-02-j3.80334017202979893235e-02
  +1.01768811970638181630e-01-j4.06684806226294479070e-02
  +1.03699931887916804718e-01-j4.33581013994477001972e-02
  +1.05550029608389828173e-01-j4.61000906127788795397e-02
  +1.07319611231227060588e-01-j4.88923709061342276483e-02
  +1.09009195953555057534e-01-j5.17329583625102257249e-02
  +1.10619312911179323855e-01-j5.46199599084446762998e-02
  +1.12150498173877427588e-01-j5.75515707657105121675e-02
  +1.13603291885951238060e-01-j6.05260719519814180400e-02
  +1.14978235543071821700e-01-j6.35418278315437595749e-02
  +1.16275869396766678987e-01-j6.65972837169013232028e-02
  +1.17496729978217723245e-01-j6.96909635219148115848e-02
  +1.18641347733323049285e-01-j7.28214674669068473545e-02
  +1.19710244761269235525e-01-j7.59874698359885164534e-02
  +1.20703932649081982498e-01-j7.91877167866804620999e-02
  +1.21622910394899363951e-01-j8.24210242117304620058e-02
  +1.22467662412920133552e-01-j8.56862756528939673029e-02
  +1.23238656613198729883e-01-j8.89824202662908708694e-02
  +1.23936342549637326660e-01-j9.23084708387967300958e-02
  +1.24561149629718898035e-01-j9.56635018548172011421e-02
  +1.25113485379695799082e-01-j9.90466476126779099554e-02
  +1.25593733759070763645e-01-j1.02457100389696353915e-01
  +1.26002253518383844355e-01-j1.05894108654955840243e-01
  +1.26339376594375218943e-01-j1.09356975328607622377e-01
  +1.26605406536798553718e-01-j1.12845056086509645810e-01
  +1.26800616961125101056e-01-j1.16357757708816650366e-01
  +1.26925250021578533977e-01-j1.19894536471078991258e-01
  +1.26979514898903883546e-01-j1.23454896576297726285e-01
  +1.26963586297387187596e-01-j1.27038388626244946877e-01
  +1.26877602945633660703e-01-j1.30644608130275369229e-01
  +1.26721666095648777262e-01-j1.34273194049727095933e-01
  +1.26495838014760414447e-01-j1.37923827375895202696e-01
  +1.26200140464900717463e-01-j1.41596229739414519733e-01
  +1.25834553163743340098e-01-j1.45290162048809290418e-01
  +1.25399012222137590244e-01-j1.49005423155748828457e-01
  +1.24893408552216353402e-01-j1.52741848544466790605e-01
  +1.24317586240468333503e-01-j1.56499309042606005171e-01
  +1.23671340879972668780e-01-j1.60277709550571856312e-01
  +1.22954417855860476116e-01-j1.64076987786306666139e-01
  +1.22166510577945724991e-01-j1.67897113042176943098e-01
  +1.21307258654285571309e-01-j1.71738084950447678079e-01
  +1.20376245999274961163e-01-j1.75599932253568097318e-01
  +1.19372998869659324717e-01-j1.79482711575222997347e-01
  +1.18296983821622653243e-01-j1.83386506187800196743e-01
  +1.17147605581895103422e-01-j1.87311424771630485875e-01
  +1.15924204825484378212e-01-j1.91257600160955776314e-01
  +1.14626055852416974812e-01-j1.95225188071211808172e-01
  +1.13252364155491946907e-01-j1.99214365801787474108e-01
  +1.11802263870714208016e-01-j2.03225330907896156729e-01
  +1.10274815101717021948e-01-j2.07258299834746084755e-01
  +1.08669001109041055142e-01-j2.11313506506513870686e-01
  +1.06983725354707209787e-01-j2.15391200862081771961e-01
  +1.05217808392068595813e-01-j2.19491647328679650997e-01
  +1.03369984590389013546e-01-j2.23615123223894263216e-01
  +1.01438898683081493712e-01-j2.27761917075552822176e-01
  +9.94231021279510240873e-02-j2.31932326848043851575e-01
  +9.73210492671922194896e-02-j2.36126658062603744792e-01
  +9.51310932742292503228e-02-j2.40345221797862190760e-01
  +9.28514818738251368480e-02-j2.44588332555678161784e-01
  +9.04803528211527430258e-02-j2.48856305975805547348e-01
  +8.80157291247791739863e-02-j2.53149456381340176581e-01
  +8.54555139977302563592e-02-j2.57468094135126668309e-01
  +8.27974855199700293662e-02-j2.61812522785305645812e-01
  +8.00392909947991310071e-02-j2.66183035975980586407e-01
  +7.71784409807964588701e-02-j2.70579914096582052618e-01
  +7.42123029800180883386e-02-j2.75003420640789697504e-01
  +7.11380947622903964112e-02-j2.79453798242867812451e-01
  +6.79528773044766054579e-02-j2.83931264355907375663e-01
  +6.46535473227277390773e-02-j2.88436006532889699372e-01
  +6.12368293748002737176e-02-j2.92968177267184382018e-01
  +5.76992675086888673341e-02-j2.97527888344709279256e-01
  +5.40372164329995241516e-02-j3.02115204654796243311e-01
  +5.02468321837957893061e-02-j3.06730137401165781075e-01
  +4.63240622619933567483e-02-j3.11372636648218070743e-01
  +4.22646352149841642021e-02-j3.16042583130714260786e-01
  +3.80640496358465654780e-02-j3.20739779247335154988e-01
  +3.37175625535322195936e-02-j3.25463939149837566678e-01
  +2.92201771877194510507e-02-j3.30214677829926694930e-01
  +2.45666300427354461489e-02-j3.34991499095396882968e-01
  +1.97513773161784554622e-02-j3.39793782315024717189e-01
  +1.47685805996987367522e-02-j3.44620767798685279093e-01
  +9.61209185202589744268e-03-j3.49471540664289981315e-01
  +4.27543762782162366926e-03-j3.54345013026987287752e-01
  -1.24819744933306222938e-03-j3.59239904327843195819e-01
  -6.96598797549983009270e-03-j3.64154719599168730237e-01
  -1.28854858144296490624e-02-j3.69087725441358927014e-01
  -1.90146388932817232698e-02-j3.74036923461399217761e-01
  -2.53618107220409602642e-02-j3.79000020895881417626e-01
</dep>
<dep S[1,1] frequency>
  -6.94297288507490173437e-01-j2.66219660611856201449e-01
  -7.23375822738662854761e-01-j2.39632990074947815895e-01
  -7.49911051716874554884e-01-j2.11446626130840309443e-01
  -7.73928934305390336945e-01-j1.81945256996620563505e-01
  -7.95477187371824490114e-01-j1.51386406960164199287e-01
  -8.14620132761592619097e-01-j1.20001415813959122492e-01
  -8.31434368915958010859e-01-j8.79968607207062963882e-02
  -8.46005189733045281919e-01-j5.55562457785399796406e-02
  -8.58423663429788041945e-01-j2.28418270727691538613e-02
  -8.68784282598337065373e-01+j1.00035236692703616290e-02
  -8.77183100386329517306e-01+j4.28544852574518284061e-02
  -8.83716274563380754792e-01+j7.56015292004097727574e-02
  -8.88478949607119594667e-01+j1.08149266968640231368e-01
  -8.91564415795762288397e-01+j1.40414918787532039257e-01
  -8.93063492957121174420e-01+j1.72326911176391317504e-01
  -8.93064094596352386901e-01+j2.03823603962868582506e-01
  -8.91650935399028843342e-01+j2.34852143104345323366e-01
  -8.88905351502196183766e-01+j2.65367432819573090264e-01
  -8.84905208445690427688e-01+j2.95331218861422661881e-01
  -8.79724876409309741732e-01+j3.24711273920642695678e-01
  -8.73435256284385008740e-01+j3.53480675893534823651e-01
  -8.66103843408020601657e-01+j3.81617169885780316285e-01
  -8.57794818493104016532e-01+j4.09102605221716653094e-01
  -8.48569157501357973494e-01+j4.35922439281906215491e-01
  -8.38484754007348898064e-01+j4.62065300628937247751e-01
  -8.27596549056498265173e-01+j4.87522604552423355351e-01
  -8.15956664689517663369e-01+j5.12288214833260258096e-01
  -8.03614538239873721359e-01+j5.36358146173223415687e-01
  -7.90617055253057476882e-01+j5.59730302343906305218e-01
  -7.77008679462401485871e-01+j5.82404245671670706130e-01
  -7.62831578715811531310e-01+j6.04380993989239834185e-01
  -7.48125746105912203809e-01+j6.25662841648656598004e-01
  -7.32929115832433031308e-01+j6.46253201606853178163e-01
  -7.17277673537220605837e-01+j6.66156465965599631218e-01
  -7.01205561011942646310e-01+j6.85377882676225569369e-01
  -6.84745175297423291916e-01+j7.03923446409266184709e-01
  -6.67927262280363254199e-01+j7.21799801843796773326e-01
  -6.50781004954644082261e-01+j7.39014157854761100097e-01
  -6.33334106556556974965e-01+j7.55574211271726525752e-01
  -6.15612868810244684425e-01+j7.71488079053040287647e-01
  -5.97642265535047845226e-01+j7.86764237867977556107e-01
  -5.79446011873344546395e-01+j8.01411470208688747618e-01
  -5.61046629397616736235e-01+j8.15438816266370714025e-01
  -5.42465507351198139574e-01+j8.28855530903637505169e-01
  -5.23722960269301873737e-01+j8.41671045140056972578e-01
  -5.04838282216873879271e-01+j8.53894931641426047086e-01
  -4.85829797868251977988e-01+j8.65536873767310477312e-01
  -4.66714910641167601835e-01+j8.76606637786878195584e-01
  -4.47510148084883763175e-01+j8.87114047921161219534e-01
  -4.28231204709248303164e-01+j8.97068963911809458267e-01
  -4.08892982429025109159e-01+j9.06481260852514680870e-01
  -3.89509628785344452773e-01+j9.15360811051037726038e-01
  -3.70094573094663870094e-01+j9.23717467716984486081e-01
  -3.50660560664250831042e-01+j9.31561050294480219591e-01
  -3.31219685202895575138e-01+j9.38901331279554329790e-01
  -3.11783419545683282426e-01+j9.45748024380159701963e-01
  -2.92362644802516780107e-01+j9.52110773892555828368e-01
  -2.72967678031595661903e-01+j9.57999145181518629855e-01
  -2.53608298531277864818e-01+j9.63422616163917888699e-01
  -2.34293772836450420183e-01+j9.68390569705744108653e-01
  -2.15032878498960078328e-01+j9.72912286851910668162e-01
  -1.95833926725533985502e-01+j9.76996940816296843835e-01
  -1.76704783940989290647e-01+j9.80653591666646229363e-01
  -1.57652892339515460218e-01+j9.83891181645252910215e-01
  -1.38685289482048806908e-01+j9.86718531071912652308e-01
  -1.19808626993519920512e-01+j9.89144334780608702751e-01
  -1.01029188409865522402e-01+j9.91177159045717681707e-01
  -8.23529062211209028632e-02+j9.92825438957491090974e-01
  -6.37853781536398545260e-02+j9.94097476209979236117e-01
  -4.53318827315673800182e-02+j9.95001437267728494618e-01
  -2.69973941549450230371e-02+j9.95545351880345097406e-01
  -8.78659652931405854570e-03+j9.95737111916537909195e-01
  +9.29610252045186269410e-03+j9.95584470491503115142e-01
  +2.72465588216212611927e-02+j9.95095041363573296067e-01
  +4.50608791816209108827e-02+j9.94276298577891681774e-01
  +6.27354094457230199167e-02+j9.93135576336559133814e-01
  +8.02667230590193292450e-02+j9.91680069076253500882e-01
  +9.76516101088658050600e-02+j9.89916831735684343840e-01
  +1.14887066825217695754e-01+j9.87852780196564417281e-01
  +1.31970285517617830218e-01+j9.85494691882953688378e-01
  +1.48898644928692869271e-01+j9.82849206504883055047e-01
  +1.65669700985080020628e-01+j9.79922826933202095745e-01
  +1.82281177927694215679e-01+j9.76721920193510673158e-01
  +1.98730959804166801286e-01+j9.73252718567849339770e-01
  +2.15017082307073059688e-01+j9.69521320793691576689e-01
  +2.31137724942434452657e-01+j9.65533693350426047708e-01
  +2.47091203513644830370e-01+j9.61295671824287434326e-01
  +2.62875962906655102902e-01+j9.56812962343264628018e-01
  +2.78490570162934991671e-01+j9.52091143074143997360e-01
  +2.93933707827260026768e-01+j9.47135665774405999251e-01
  +3.09204167557962039670e-01+j9.41951857392182567708e-01
  +3.24300843987809728208e-01+j9.36544921707996746996e-01
  +3.39222728824128516578e-01+j9.30919941012457341500e-01
  +3.53968905177298176490e-01+j9.25081877814479369704e-01
  +3.68538542107111066759e-01+j9.19035576575053636539e-01
  +3.82930889376957517278e-01+j9.12785765461917031338e-01
  +3.97145272406138505339e-01+j9.06337058120846417175e-01
  +4.11181087410964263285e-01+j8.99693955459646921291e-01
  +4.25037796725671934706e-01+j8.92860847441187321927e-01
  +4.38714924294463515242e-01+j8.85842014882159745071e-01
  +4.52212051326301045506e-01+j8.78641631254495569792e-01
  +4.65528812104352818224e-01+j8.71263764486651992591e-01
  +4.78664889942267413048e-01+j8.63712378762209298522e-01
  +4.91620013279689793695e-01+j8.55991336313479012077e-01
  +5.04393951909653193155e-01+j8.48104399208013393086e-01
  +5.16986513330723873594e-01+j8.40055231126163537425e-01
  +5.29397539216971413367e-01+j8.31847399127965569932e-01
  +5.41626901999000209820e-01+j8.23484375407893764987e-01
  +5.53674501549490161167e-01+j8.14969539036159096312e-01
  +5.65540261966831159235e-01+j8.06306177685417679868e-01
  +5.77224128450604001550e-01+j7.97497489341905896332e-01
  +5.88726064262778736591e-01+j7.88546584000209827003e-01
  +6.00046047768629464692e-01+j7.79456485340995763877e-01
  +6.11184069551493847072e-01+j7.70230132391190869257e-01
  +6.22140129595588398104e-01+j7.60870381166263154427e-01
  +6.32914234531170460940e-01+j7.51380006294353086638e-01
  +6.43506394936427583708e-01+j7.41761702622205754132e-01
  +6.53916622690554727448e-01+j7.32018086802915801670e-01
  +6.64144928372463971833e-01+j7.22151698865704183561e-01
  +6.74191318699700947725e-01+j7.12165003768044480026e-01
  +6.84055794002084827099e-01+j7.02060392930580645654e-01
  +6.93738345724654648095e-01+j6.91840185755465131301e-01
  +7.03238953954473444696e-01+j6.81506631128832918165e-01
  +7.12557584965844537095e-01+j6.71061908908312299005e-01
  +7.21694188778464917888e-01+j6.60508131396591702256e-01
  +7.30648696722970614204e-01+j6.49847344802256920993e-01
  +7.39421019008330793199e-01+j6.39081530689207255591e-01
  +7.48011042285399718743e-01+j6.28212607416218760115e-01
  +7.56418627200922566445e-01+j6.17242431568321481272e-01
  +7.64643605936130343892e-01+j6.06172799381890725634e-01
  +7.72685779723973009681e-01+j5.95005448165555117512e-01
  +7.80544916338887562191e-01+j5.83742057719218943035e-01
  +7.88220747552847544881e-01+j5.72384251753759509818e-01
  +7.95712966551262224080e-01+j5.60933599314177966377e-01
  +8.03021225302111174571e-01+j5.49391616209295552409e-01
  +8.10145131871471413376e-01+j5.37759766451339382698e-01
  +8.17084247678350972244e-01+j5.26039463709132903979e-01
  +8.23838084681540183674e-01+j5.14232072778902926657e-01
  +8.30406102490808928351e-01+j5.02338911077134353533e-01
  +8.36787705394589353958e-01+j4.90361250160322725833e-01
  +8.42982239295864799189e-01+j4.78300317276898145913e-01
  +8.48988988547655365480e-01+j4.66157296957154798633e-01
  +8.54807172679133420168e-01+j4.53933332647494247603e-01
  +8.60435943002942127400e-01+j4.41629528395980630595e-01
  +8.65874379093871326951e-01+j4.29246950596797072208e-01
  +8.71121485128572681234e-01+j4.16786629801999763956e-01
  +8.76176186075477314574e-01+j4.04249562609697465909e-01
  +8.81037323723539822495e-01+j3.91636713638733924281e-01
  +8.85703652537866759076e-01+j3.78949017600928916849e-01
  +8.90173835329666873761e-01+j3.66187381482984908310e-01
  +8.94446438727325765505e-01+j3.53352686851408637203e-01
  +8.98519928434720949184e-01+j3.40445792295094362689e-01
  +9.02392664262180010937e-01+j3.27467536021709360039e-01
  +9.06062894914731131735e-01+j3.14418738625628968464e-01
  +9.09528752521520100771e-01+j3.01300206046972607332e-01
  +9.12788246889437493437e-01+j2.88112732743276478420e-01
  +9.15839259463164578889e-01+j2.74857105097588594322e-01
  +9.18679536972977439646e-01+j2.61534105089156254653e-01
  +9.21306684750738291712e-01+j2.48144514255634107691e-01
  +9.23718159693625473494e-01+j2.34689117978744088422e-01
  +9.25911262854210437290e-01+j2.21168710128685219729e-01
  +9.27883131634607005722e-01+j2.07584098106214864909e-01
  +9.29630731561514656036e-01+j1.93936108325598433044e-01
  +9.31150847618130939054e-01+j1.80225592186044281107e-01
  +9.32440075108096011469e-01+j1.66453432584442312381e-01
  +9.33494810025952248544e-01+j1.52620551027838613489e-01
  +9.34311238907922447794e-01+j1.38727915410335578272e-01
  +9.34885328136462412374e-01+j1.24776548526212421875e-01
  +9.35212812671674109666e-01+j1.10767537398671261917e-01
  +9.35289184182757304953e-01+j9.67020435123919219755e-02
  +9.35109678552930145834e-01+j8.25813140476813617452e-02
  +9.34669262732011341122e-01+j6.84066942245922515742e-02
  +9.33962620912055285771e-01+j5.41796408774383939089e-02
  +9.32984140003291884113e-01+j3.99017373931849078650e-02
  +9.31727894390235178435e-01+j2.55747101620497352403e-02
  +9.30187629951334082890e-01+j1.12004467048136269192e-02
  +9.28356747330278175845e-01-j3.21898434039871728096e-03
  +9.26228284453058270387e-01-j1.76813111690990731883e-02
  +9.23794898292673360984e-01-j3.21840344740523809364e-02
  +9.21048845893094325632e-01-j4.67244005717253330090e-02
  +9.17981964676284345472e-01-j6.12993717144164063093e-02
</dep>
