<Qucs Dataset 1.0.7>
<indep frequency 181>
  +1.00000000000000000000e+09
  +1.05000000000000000000e+09
  +1.10000000000000000000e+09
  +1.15000000000000000000e+09
  +1.20000000000000000000e+09
  +1.25000000000000000000e+09
  +1.30000000000000000000e+09
  +1.35000000000000000000e+09
  +1.40000000000000000000e+09
  +1.45000000000000000000e+09
  +1.50000000000000000000e+09
  +1.55000000000000000000e+09
  +1.60000000000000000000e+09
  +1.65000000000000000000e+09
  +1.70000000000000000000e+09
  +1.75000000000000000000e+09
  +1.80000000000000000000e+09
  +1.85000000000000000000e+09
  +1.90000000000000000000e+09
  +1.95000000000000000000e+09
  +2.00000000000000000000e+09
  +2.05000000000000000000e+09
  +2.10000000000000000000e+09
  +2.15000000000000000000e+09
  +2.20000000000000000000e+09
  +2.25000000000000000000e+09
  +2.30000000000000000000e+09
  +2.35000000000000000000e+09
  +2.40000000000000000000e+09
  +2.45000000000000000000e+09
  +2.50000000000000000000e+09
  +2.55000000000000000000e+09
  +2.60000000000000000000e+09
  +2.65000000000000000000e+09
  +2.70000000000000000000e+09
  +2.75000000000000000000e+09
  +2.80000000000000000000e+09
  +2.85000000000000000000e+09
  +2.90000000000000000000e+09
  +2.95000000000000000000e+09
  +3.00000000000000000000e+09
  +3.05000000000000000000e+09
  +3.10000000000000000000e+09
  +3.15000000000000000000e+09
  +3.20000000000000000000e+09
  +3.25000000000000000000e+09
  +3.30000000000000000000e+09
  +3.35000000000000000000e+09
  +3.40000000000000000000e+09
  +3.45000000000000000000e+09
  +3.50000000000000000000e+09
  +3.55000000000000000000e+09
  +3.60000000000000000000e+09
  +3.65000000000000000000e+09
  +3.70000000000000000000e+09
  +3.75000000000000000000e+09
  +3.80000000000000000000e+09
  +3.85000000000000000000e+09
  +3.90000000000000000000e+09
  +3.95000000000000000000e+09
  +4.00000000000000000000e+09
  +4.05000000000000000000e+09
  +4.10000000000000000000e+09
  +4.15000000000000000000e+09
  +4.20000000000000000000e+09
  +4.25000000000000000000e+09
  +4.30000000000000000000e+09
  +4.35000000000000000000e+09
  +4.40000000000000000000e+09
  +4.45000000000000000000e+09
  +4.50000000000000000000e+09
  +4.55000000000000000000e+09
  +4.60000000000000000000e+09
  +4.65000000000000000000e+09
  +4.70000000000000000000e+09
  +4.75000000000000000000e+09
  +4.80000000000000000000e+09
  +4.85000000000000000000e+09
  +4.90000000000000000000e+09
  +4.95000000000000000000e+09
  +5.00000000000000000000e+09
  +5.05000000000000000000e+09
  +5.10000000000000000000e+09
  +5.15000000000000000000e+09
  +5.20000000000000000000e+09
  +5.25000000000000000000e+09
  +5.30000000000000000000e+09
  +5.35000000000000000000e+09
  +5.40000000000000000000e+09
  +5.45000000000000000000e+09
  +5.50000000000000000000e+09
  +5.55000000000000000000e+09
  +5.60000000000000000000e+09
  +5.65000000000000000000e+09
  +5.70000000000000000000e+09
  +5.75000000000000000000e+09
  +5.80000000000000000000e+09
  +5.85000000000000000000e+09
  +5.90000000000000000000e+09
  +5.95000000000000000000e+09
  +6.00000000000000000000e+09
  +6.05000000000000000000e+09
  +6.10000000000000000000e+09
  +6.15000000000000000000e+09
  +6.20000000000000000000e+09
  +6.25000000000000000000e+09
  +6.30000000000000000000e+09
  +6.35000000000000000000e+09
  +6.40000000000000000000e+09
  +6.45000000000000000000e+09
  +6.50000000000000000000e+09
  +6.55000000000000000000e+09
  +6.60000000000000000000e+09
  +6.65000000000000000000e+09
  +6.70000000000000000000e+09
  +6.75000000000000000000e+09
  +6.80000000000000000000e+09
  +6.85000000000000000000e+09
  +6.90000000000000000000e+09
  +6.95000000000000000000e+09
  +7.00000000000000000000e+09
  +7.05000000000000000000e+09
  +7.10000000000000000000e+09
  +7.15000000000000000000e+09
  +7.20000000000000000000e+09
  +7.25000000000000000000e+09
  +7.30000000000000000000e+09
  +7.35000000000000000000e+09
  +7.40000000000000000000e+09
  +7.45000000000000000000e+09
  +7.50000000000000000000e+09
  +7.55000000000000000000e+09
  +7.60000000000000000000e+09
  +7.65000000000000000000e+09
  +7.70000000000000000000e+09
  +7.75000000000000000000e+09
  +7.80000000000000000000e+09
  +7.85000000000000000000e+09
  +7.90000000000000000000e+09
  +7.95000000000000000000e+09
  +8.00000000000000000000e+09
  +8.05000000000000000000e+09
  +8.10000000000000000000e+09
  +8.15000000000000000000e+09
  +8.20000000000000000000e+09
  +8.25000000000000000000e+09
  +8.30000000000000000000e+09
  +8.35000000000000000000e+09
  +8.40000000000000000000e+09
  +8.45000000000000000000e+09
  +8.50000000000000000000e+09
  +8.55000000000000000000e+09
  +8.60000000000000000000e+09
  +8.65000000000000000000e+09
  +8.70000000000000000000e+09
  +8.75000000000000000000e+09
  +8.80000000000000000000e+09
  +8.85000000000000000000e+09
  +8.90000000000000000000e+09
  +8.95000000000000000000e+09
  +9.00000000000000000000e+09
  +9.05000000000000000000e+09
  +9.10000000000000000000e+09
  +9.15000000000000000000e+09
  +9.20000000000000000000e+09
  +9.25000000000000000000e+09
  +9.30000000000000000000e+09
  +9.35000000000000000000e+09
  +9.40000000000000000000e+09
  +9.45000000000000000000e+09
  +9.50000000000000000000e+09
  +9.55000000000000000000e+09
  +9.60000000000000000000e+09
  +9.65000000000000000000e+09
  +9.70000000000000000000e+09
  +9.75000000000000000000e+09
  +9.80000000000000000000e+09
  +9.85000000000000000000e+09
  +9.90000000000000000000e+09
  +9.95000000000000000000e+09
  +1.00000000000000000000e+10
</indep>
<dep S21_phase frequency>
  -6.99302377290797920750e+01
  -7.29248320442208637360e+01
  -7.58736406533911917904e+01
  -7.87785040535608942491e+01
  -8.16413406327999524592e+01
  -8.44641196659167690086e+01
  -8.72488382838884177772e+01
  -8.99975020945662151917e+01
  -9.27121090996148353724e+01
  -9.53946365423225586255e+01
  -9.80470303268412095576e+01
  -1.00671196666413749199e+02
  -1.03268995642277445768e+02
  -1.05842236382964500763e+02
  -1.08392673603503595814e+02
  -1.10922005273729880059e+02
  -1.13431871213577835533e+02
  -1.15923852440015551224e+02
  -1.18399471114852303799e+02
  -1.20860190964798718483e+02
  -1.23307418064844426908e+02
  -1.25742501893341568575e+02
  -1.28166736582279384038e+02
  -1.30581362299252390358e+02
  -1.32987566708865131204e+02
  -1.35386486470833006024e+02
  -1.37779208740185794113e+02
  -1.40166772641819335377e+02
  -1.42550170697445850010e+02
  -1.44930350187823165697e+02
  -1.47308214437237012362e+02
  -1.49684624010593068988e+02
  -1.52060397816350644007e+02
  -1.54436314110898109675e+02
  -1.56813111401986475357e+02
  -1.59191489250535170186e+02
  -1.61572108971553916490e+02
  -1.63955594236168906264e+02
  -1.66342531577808927068e+02
  -1.68733470806554379351e+02
  -1.71128925336488805442e+02
  -1.73529372431667553656e+02
  -1.75935253377018540277e+02
  -1.78346973581148745325e+02
  +1.79235097381341830669e+02
  +1.76810625779844798444e+02
  +1.74379313781272600181e+02
  +1.71940899537836827449e+02
  +1.69495157299272335649e+02
  +1.67041897539242910398e+02
  +1.64580967085230355451e+02
  +1.62112249240843539155e+02
  +1.59635663889175020813e+02
  +1.57151167565608659515e+02
  +1.54658753488336856208e+02
  +1.52158451534825900353e+02
  +1.49650328152545768035e+02
  +1.47134486192510365754e+02
  +1.44611064654531219276e+02
  +1.42080238333620428648e+02
  +1.39542217357661371580e+02
  +1.36997246607323035050e+02
  +1.34445605010230394782e+02
  +1.31887604702598252970e+02
  +1.29323590052915989190e+02
  +1.26753936543774145207e+02
  +1.24179049509605277990e+02
  +1.21599362729872694899e+02
  +1.19015336879122401115e+02
  +1.16427457837247942507e+02
  +1.13836234865269730676e+02
  +1.11242198653908090478e+02
  +1.08645899254123591504e+02
  +1.06047903900634850061e+02
  +1.03448794741123649032e+02
  +1.00849166485382625069e+02
  +9.82496239899946317564e+01
  +9.56507797952567528910e+01
  +9.30532516319212135159e+01
  +9.04576599159028660324e+01
  +8.78646252494054351700e+01
  -9.47252340531299097393e+01
  -9.73113043958773857867e+01
  -9.98929792722830285356e+01
  -1.02469661557937243401e+02
  -1.05040765710828694068e+02
  -1.07605719864270994890e+02
  -1.10163967799785012858e+02
  -1.12714970788837661075e+02
  -1.15258209294034315917e+02
  -1.17793184522263700842e+02
  -1.20319419824150273257e+02
  -1.22836461936054973876e+02
  -1.25343882062690752832e+02
  -1.27841276800196297359e+02
  -1.30328268901174027405e+02
  -1.32804507884730554679e+02
  -1.35269670495968796331e+02
  -1.37723461020604162286e+02
  -1.40165611461468273546e+02
  -1.42595881584546248178e+02
  -1.45014058842931660820e+02
  -1.47419958187633795887e+02
  -1.49813421774567018474e+02
  -1.52194318577300180095e+02
  -1.54562543915219123392e+02
  -1.56918018906752536168e+02
  -1.59260689857135247394e+02
  -1.61590527589956849397e+02
  -1.63907526731395535080e+02
  -1.66211704955642346704e+02
  -1.68503102199557304175e+02
  -1.70781779854091411153e+02
  -1.73047819939486259955e+02
  -1.75301324270698529517e+02
  -1.77542413618944692644e+02
  -1.79771226874690341901e+02
  +1.78012079783134055333e+02
  +1.75807333707460827554e+02
  +1.73614346589240057028e+02
  +1.71432915246205709536e+02
  +1.69262822391511150499e+02
  +1.67103837379932542717e+02
  +1.64955716929755737965e+02
  +1.62818205818843210864e+02
  +1.60691037553732854803e+02
  +1.58573935010942904000e+02
  +1.56466611049951382029e+02
  +1.54368769097581747474e+02
  +1.52280103703770805623e+02
  +1.50200301068904281010e+02
  +1.48129039543095757381e+02
  +1.46065990097962412619e+02
  +1.44010816771582710771e+02
  +1.41963177087479181182e+02
  +1.39922722448555617802e+02
  +1.37889098507044565167e+02
  +1.35861945511594598202e+02
  +1.33840898632712821836e+02
  +1.31825588267843329504e+02
  +1.29815640327427615830e+02
  +1.27810676503341753119e+02
  +1.25810314521164499979e+02
  +1.23814168377764218576e+02
  +1.21821848565748069859e+02
  +1.19832962286346742076e+02
  +1.17847113652358999047e+02
  +1.15863903882806198453e+02
  +1.13882931491001059499e+02
  +1.11903792467765853758e+02
  +1.09926080461577541314e+02
  +1.07949386957466586523e+02
  +1.05973301456533135934e+02
  +1.03997411657993836798e+02
  +1.02021303645724657372e+02
  +1.00044562081303894274e+02
  +9.80667704056217104380e+01
  +9.60875110511632612997e+01
  +9.41063656671298645051e+01
  +9.21229153596073899735e+01
  +9.01367409490406998884e+01
  +8.81474232473143786137e+01
  +8.61545433567805645225e+01
  +8.41576829936036716617e+01
  +8.21564248378162034214e+01
  +8.01503529124899074532e+01
  +7.81390529944231815307e+01
  +7.61221130587266543444e+01
  +7.40991237596489753514e+01
  +7.20696789499192789208e+01
  +7.00333762407941264883e+01
  +6.79898176048691880169e+01
  +6.59386100235631431588e+01
  +6.38793661809731077028e+01
  +6.18117052055616014172e+01
  +5.97352534608380594250e+01
  +5.76496453858413744342e+01
  +5.55545243858312005614e+01
  +5.34495437731062423836e+01
  +5.13343677573416172777e+01
  +4.92086724842115543765e+01
</dep>
<dep S11_phase frequency>
  -1.59941733152010073127e+02
  -1.62934685775107254813e+02
  -1.65881854720518447266e+02
  -1.68785078725092375862e+02
  -1.71646274949425901468e+02
  -1.74467411886178666691e+02
  -1.77250486261354012640e+02
  -1.79997503601328105560e+02
  +1.77289537892850006529e+02
  +1.74608660531774461333e+02
  +1.71957917745957246325e+02
  +1.69335402459935863817e+02
  +1.66739253551630497441e+02
  +1.64167660688065979002e+02
  +1.61618867798633601751e+02
  +1.59091175417197916886e+02
  +1.56582942095603101507e+02
  +1.54092585064248993376e+02
  +1.51618580290786979958e+02
  +1.49159462065777745465e+02
  +1.46713822224442054676e+02
  +1.44280309096266279312e+02
  +1.41857626259123804857e+02
  +1.39444531161518199269e+02
  +1.37039833665311590494e+02
  +1.34642394551771502620e+02
  +1.32251124025604781309e+02
  +1.29864980244807782128e+02
  +1.27482967898350267433e+02
  +1.25104136848868208176e+02
  +1.22727580853448870357e+02
  +1.20352436372198539516e+02
  +1.17977881471408409197e+02
  +1.15603134825758189663e+02
  +1.13227454821977644883e+02
  +1.10850138764682057513e+02
  +1.08470522183668492744e+02
  +1.06087978240703961319e+02
  +1.03701917232766291477e+02
  +1.01311786187749092392e+02
  +9.89170685477901656668e+01
  +9.65172839346124078475e+01
  +9.41119879905501051098e+01
  +9.17007722882691496125e+01
  +8.92832643015554481281e+01
  +8.68591274289449017942e+01
  +8.44280610613946436160e+01
  +8.19898006846495945865e+01
  +7.95441180064411952344e+01
  +7.70908210981771446768e+01
  +7.46297545403479745119e+01
  +7.21607995604924212785e+01
  +6.96838741522497144842e+01
  +6.71989331637928728469e+01
  +6.47059683437852868337e+01
  +6.22050083329712961699e+01
  +5.96961185895886998765e+01
  +5.71794012370082640473e+01
  +5.46549948223679535886e+01
  +5.21230739754906906569e+01
  +4.95838489580616510466e+01
  +4.70375650939004259499e+01
  +4.44845020721996320390e+01
  +4.19249731168081112287e+01
  +3.93593240160132395999e+01
  +3.67879320088084043050e+01
  +3.42112045253049146254e+01
  +3.16295777807374278723e+01
  +2.90435152244061072224e+01
  +2.64535058468417112465e+01
  +2.38600623504718996060e+01
  +2.12637191910402485462e+01
  +1.86650304989648070375e+01
  +1.60645678916718672724e+01
  +1.34629181896681675568e+01
  +1.08606810506757245349e+01
  +8.25846653751927384235e+00
  +5.65689263659315866306e+00
  +3.05658274461413714818e+00
  +4.58163141964471165579e-01
  -2.13773952875295814025e+00
  -4.73050076031888266925e+00
  -7.31950063631034364420e+00
  -9.90412622654955576706e+00
  -1.24837739056573404639e+01
  -1.50578515788779014883e+01
  -1.76257808006626639497e+01
  -2.01869987730093356504e+01
  -2.27409602122198535312e+01
  -2.52871390745174053905e+01
  -2.78250301328264093570e+01
  -3.03541503989036165478e+01
  -3.28740403869080139998e+01
  -3.53842652163467334958e+01
  -3.78844155541177514124e+01
  -4.03741083970532841363e+01
  -4.28529876979322921215e+01
  -4.53207248393384318774e+01
  -4.77770189610084230480e+01
  -5.02215971473994642338e+01
  -5.26542144831248180026e+01
  -5.50746539846508085247e+01
  -5.74827264172198084680e+01
  -5.98782700063714656835e+01
  -6.22611500536904927117e+01
  -6.46312584665108573745e+01
  -6.69885132112919166048e+01
  -6.93328577002336601254e+01
  -7.16642601204639788648e+01
  -7.39827127147980121435e+01
  -7.62882310226704873912e+01
  -7.85808530893835097686e+01
  -8.08606386513109640646e+01
  -8.31276683041638335681e+01
  -8.53820426608698994642e+01
  -8.76238815050564738840e+01
  -8.98533229455561439636e+01
  -9.20705225768045636414e+01
  -9.42756526494471103206e+01
  -9.64689012549492161952e+01
  -9.86504715275001302643e+01
  -1.00820580866023036037e+02
  -1.02979460178652843183e+02
  -1.05127353151625641203e+02
  -1.07264515544134226843e+02
  -1.09391214510342464905e+02
  -1.11507727949427774661e+02
  -1.13614343884215813318e+02
  -1.15711359868707305054e+02
  -1.17799082424546611492e+02
  -1.19877826506270238838e+02
  -1.21947914994971213787e+02
  -1.24009678219847998548e+02
  -1.26063453506953536021e+02
  -1.28109584754319570266e+02
  -1.30148422032519505365e+02
  -1.32180321209628118595e+02
  -1.34205643599438218416e+02
  -1.36224755631725770399e+02
  -1.38238028543272463367e+02
  -1.40245838088301979951e+02
  -1.42248564266923466448e+02
  -1.44246591070126555678e+02
  -1.46240306239830601953e+02
  -1.48230101042438576542e+02
  -1.50216370054314324989e+02
  -1.52199510957552377022e+02
  -1.54179924344381333867e+02
  -1.56158013528491295574e+02
  -1.58134184361541372255e+02
  -1.60108845053064499098e+02
  -1.62082405991938060197e+02
  -1.64055279567548751629e+02
  -1.66027879988736827954e+02
  -1.68000623098548686585e+02
  -1.69973926182791672090e+02
  -1.71948207770323904242e+02
  -1.73923887422967737848e+02
  -1.75901385512887117102e+02
  -1.77881122985216620691e+02
  -1.79863521103688327685e+02
  +1.78150998823042499453e+02
  +1.76162015736707587621e+02
  +1.74169109148736879433e+02
  +1.72171859485957611469e+02
  +1.70169848465078132449e+02
  +1.68162659498346812370e+02
  +1.66149878132758345828e+02
  +1.64131092525137177063e+02
  +1.62105893955360215841e+02
  +1.60073877379892337558e+02
  +1.58034642027679979037e+02
  +1.55987792040289150464e+02
  +1.53932937157970997077e+02
  +1.51869693453092338586e+02
  +1.49797684112071038953e+02
  +1.47716540266600986797e+02
  +1.45625901874544581460e+02
  +1.43525418650386455965e+02
  +1.41414751044609545261e+02
  +1.39293571270728421041e+02
</dep>
<dep S21_dB frequency>
  -2.11281128648855975882e+00
  -2.28192054292908119706e+00
  -2.45291463540826493173e+00
  -2.62543182259375607046e+00
  -2.79915161004723600513e+00
  -2.97379277217171056336e+00
  -3.14911118186081706583e+00
  -3.32489753999147730212e+00
  -3.50097507814187647313e+00
  -3.67719729140395967804e+00
  -3.85344574401902351113e+00
  -4.02962797873696576545e+00
  -4.20567555112598157052e+00
  -4.38154220230443414152e+00
  -4.55720217749960454512e+00
  -4.73264869318781666863e+00
  -4.90789255212293795694e+00
  -5.08296090307983750023e+00
  -5.25789614045241116003e+00
  -5.43275493778622742269e+00
  -5.60760740875392293958e+00
  -5.78253638889667609391e+00
  -5.95763683155788204004e+00
  -6.13301531175615899372e+00
  -6.30878963224377820040e+00
  -6.48508852660287882230e+00
  -6.66205145495170381054e+00
  -6.83982848861280334773e+00
  -7.01858028095041319716e+00
  -7.19847812248626972575e+00
  -7.37970407937407646415e+00
  -7.56245121533748410059e+00
  -7.74692389829017535874e+00
  -7.93333819404922380158e+00
  -8.12192235087026581652e+00
  -8.31291737999057467334e+00
  -8.50657773899438751641e+00
  -8.70317212667180584162e+00
  -8.90298440016809955466e+00
  -9.10631462767909916067e+00
  -9.31348029283135758760e+00
  -9.52481767028145753784e+00
  -9.74068339610308520093e+00
  -9.96145626136486761482e+00
  -1.01875392631236181273e+01
  -1.04193619541241879745e+01
  -1.06573831411186645823e+01
  -1.09020939923148869610e+01
  -1.11540216275610646335e+01
  -1.14137332811717442382e+01
  -1.16818411477159713741e+01
  -1.19590080468417561121e+01
  -1.22459540759349376771e+01
  -1.25434644613102381783e+01
  -1.28523988727310012337e+01
  -1.31737025364960231855e+01
  -1.35084195749197952807e+01
  -1.38577091229401432315e+01
  -1.42228649374668094651e+01
  -1.46053394388378734448e+01
  -1.50067734311394236357e+01
  -1.54290331761285521850e+01
  -1.58742571000894123756e+01
  -1.63449152806719233411e+01
  -1.68438861279547822392e+01
  -1.73745565602811673500e+01
  -1.79409548434910028902e+01
  -1.85479297271616374587e+01
  -1.92013966490895455763e+01
  -1.99086835359131661960e+01
  -2.06790287646743777827e+01
  -2.15243193668852406120e+01
  -2.24602234595746708123e+01
  -2.35079999632734484294e+01
  -2.46975384293457267404e+01
  -2.60727923676845385614e+01
  -2.77022976601975656763e+01
  -2.97018318283941162861e+01
  -3.22912329982899137804e+01
  -3.59751241406388402311e+01
  -4.24483055197754879373e+01
  -6.24261105949860422015e+01
  -4.09145898345084759740e+01
  -3.52974125375185536768e+01
  -3.19367709363080898299e+01
  -2.95379469037056097136e+01
  -2.76759070762920664777e+01
  -2.61572920071477525994e+01
  -2.48776531919238337309e+01
  -2.37741075487846806880e+01
  -2.28058334871014807277e+01
  -2.19448141454500280645e+01
  -2.11709774535264330098e+01
  -2.04694430029260701076e+01
  -1.98288667275382870514e+01
  -1.92403967219317486581e+01
  -1.86969880025013210911e+01
  -1.81929376573564667297e+01
  -1.77235604718846175842e+01
  -1.72849570032770110117e+01
  -1.68738442037091793679e+01
  -1.64874293979035719815e+01
  -1.61233149581420995844e+01
  -1.57794251301178505287e+01
  -1.54539491152143284580e+01
  -1.51452962661977217351e+01
  -1.48520604341319124586e+01
  -1.45729913155596175756e+01
  -1.43069712158895896437e+01
  -1.40529960473030630652e+01
  -1.38101596691762829039e+01
  -1.35776408903332423961e+01
  -1.33546926084541759394e+01
  -1.31406326784547502484e+01
  -1.29348361895234731378e+01
  -1.27367288974428092274e+01
  -1.25457816102694845739e+01
  -1.23615053653214630458e+01
  -1.21834472665721982310e+01
  -1.20111868760671409717e+01
  -1.18443330724019411093e+01
  -1.16825213047971931957e+01
  -1.15254111837368284910e+01
  -1.13726843591728297156e+01
  -1.12240426454432231651e+01
  -1.10792063586924687257e+01
  -1.09379128380287298228e+01
  -1.07999151261367760668e+01
  -1.06649807887731977729e+01
  -1.05328908556509084349e+01
  -1.04034388677879885421e+01
  -1.02764300185454278136e+01
  -1.01516803773844728198e+01
  -1.00290161868942533374e+01
  -9.90827322493043638474e+00
  -9.78929622479458849682e+00
  -9.67193834731380164271e+00
  -9.55606069947442016144e+00
  -9.44153189493967559542e+00
  -9.32822765236487505547e+00
  -9.21603042792352411539e+00
  -9.10482907888999726254e+00
  -8.99451855549685141966e+00
  -8.88499961860775044897e+00
  -8.77617858102823511501e+00
  -8.66796707051775250363e+00
  -8.56028181278097832774e+00
  -8.45304443289777651671e+00
  -8.34618127381447294511e+00
  -8.23962323065769020047e+00
  -8.13330559975408640128e+00
  -8.02716794134548017325e+00
  -7.92115395508155462068e+00
  -7.81521136745008959679e+00
  -7.70929183037533327649e+00
  -7.60335083027089719820e+00
  -7.49734760688500845305e+00
  -7.39124508131495527863e+00
  -7.28500979260156178441e+00
  -7.17861184234038418595e+00
  -7.07202484676505171990e+00
  -6.96522589577175921249e+00
  -6.85819551836003160616e+00
  -6.75091765396666954047e+00
  -6.64337962916496493904e+00
  -6.53557213919182888873e+00
  -6.42748923375024361349e+00
  -6.31912830651539003668e+00
  -6.21049008774756039486e+00
  -6.10157863938651257030e+00
  -5.99240135196885326252e+00
  -5.88296894267241476939e+00
  -5.77329545375198449619e+00
  -5.66339825058653456580e+00
  -5.55329801851241811050e+00
  -5.44301875756993247535e+00
  -5.33258777424117536015e+00
  -5.22203566920965922549e+00
  -5.11139632012438038799e+00
  -5.00070685830708772102e+00
  -4.89000763829954543382e+00
</dep>
<dep S11_dB frequency>
  -4.19566017774508459581e+00
  -3.93704514020224749515e+00
  -3.69956403074726924984e+00
  -3.48105913191616078706e+00
  -3.27963542623232973128e+00
  -3.09362193287617781579e+00
  -2.92154002950541347161e+00
  -2.76207722323471172032e+00
  -2.61406523076114449822e+00
  -2.47646150930925879052e+00
  -2.34833358316038109947e+00
  -2.22884565889346752954e+00
  -2.11724713223371008297e+00
  -2.01286267166962851149e+00
  -1.91508362639737494959e+00
  -1.82336055407707342546e+00
  -1.73719670111580315464e+00
  -1.65614229745433805263e+00
  -1.57978955107890284282e+00
  -1.50776824612780879775e+00
  -1.43974186357959155202e+00
  -1.37540415585382103103e+00
  -1.31447611683175513697e+00
  -1.25670329724585450037e+00
  -1.20185342243588544342e+00
  -1.14971427539401149787e+00
  -1.10009181302036274097e+00
  -1.05280848775454849431e+00
  -1.00770175035965925403e+00
  -9.64622712724270137130e-01
  -9.23434952194750358068e-01
  -8.84013441226634277825e-01
  -8.46243588104885979817e-01
  -8.10020376177144174612e-01
  -7.75247590510613315828e-01
  -7.41837122153425454485e-01
  -7.09708341286270361081e-01
  -6.78787531509921659989e-01
  -6.49007378351295183272e-01
  -6.20306505802298069341e-01
  -5.92629055345314403880e-01
  -5.65924302481067398318e-01
  -5.40146306269436826675e-01
  -5.15253587831914328099e-01
  -4.91208834153199935812e-01
  -4.67978623868290644072e-01
  -4.45533172035356694884e-01
  -4.23846091180957840194e-01
  -4.02894166166808731511e-01
  -3.82657140671685769284e-01
  -3.63117513312166628747e-01
  -3.44260341644209988399e-01
  -3.26073052498116411346e-01
  -3.08545257304181252955e-01
  -2.91668571265903842082e-01
  -2.75436435435693349749e-01
  -2.59843940942721729481e-01
  -2.44887654816051292261e-01
  -2.30565447036854609397e-01
  -2.16876318641783777386e-01
  -2.03820230882665737182e-01
  -1.91397935625458925912e-01
  -1.79610807340538303212e-01
  -1.68460677195282210183e-01
  -1.57949669905469464171e-01
  -1.48080044131729260393e-01
  -1.38854037318541179147e-01
  -1.30273715963029640408e-01
  -1.22340832366815893684e-01
  -1.15056688965055053941e-01
  -1.08422011339390833573e-01
  -1.02436831006738421346e-01
  -9.71003790316805059923e-02
  -9.24109914383508534996e-02
  -8.83660272982753763893e-02
  -8.49618002463831401005e-02
  -8.21935240304982328574e-02
  -8.00552725338027071356e-02
  -7.85399545289377915003e-02
  -7.76393032308344693826e-02
  -7.73438805183506022933e-02
  -7.76430954965734443363e-02
  -7.85252368787246468607e-02
  -7.99775184815123552085e-02
  -8.19861369576052045893e-02
  -8.45363407358307034078e-02
  -8.76125090081212309912e-02
  -9.11982394945226315652e-02
  -9.52764436358675692595e-02
  -9.98294478092166676086e-02
  -1.04839099133831062383e-01
  -1.10286874435453055576e-01
  -1.16153990962148484511e-01
  -1.22421517494377476987e-01
  -1.29070484563347021023e-01
  -1.36081992581273736320e-01
  -1.43437316792543623212e-01
  -1.51118008072500836780e-01
  -1.59105988726924690857e-01
  -1.67383642577432822929e-01
  -1.75933898752271444810e-01
  -1.84740308735468428125e-01
  -1.93787116357867744698e-01
  -2.03059320538109544518e-01
  -2.12542730698609433349e-01
  -2.22224014889317589283e-01
  -2.32090740749848589708e-01
  -2.42131409526184782077e-01
  -2.52335483433532847819e-01
  -2.62693406719076316680e-01
  -2.73196620830137626434e-01
  -2.83837574133102177321e-01
  -2.94609726657601378452e-01
  -3.05507550360744728479e-01
  -3.16526525415862181045e-01
  -3.27663133033355646884e-01
  -3.38914845316180435297e-01
  -3.50280112642422591929e-01
  -3.61758349050790295465e-01
  -3.73349916085598865223e-01
  -3.85056105534439363502e-01
  -3.96879121465716577788e-01
  -4.08822061946550185940e-01
  -4.20888900792369624604e-01
  -4.33084469671730032392e-01
  -4.45414440860307792036e-01
  -4.57885310910584319988e-01
  -4.70504385476056996573e-01
  -4.83279765502991842663e-01
  -4.96220334977957810985e-01
  -5.09335750396112230121e-01
  -5.22636432094039538043e-01
  -5.36133557570778296331e-01
  -5.49839056902858058784e-01
  -5.63765610342657264020e-01
  -5.77926648174808654801e-01
  -5.92336352892008255466e-01
  -6.07009663740213256666e-01
  -6.21962283672603311047e-01
  -6.37210688742855357880e-01
  -6.52772139960082098398e-01
  -6.68664697621193071519e-01
  -6.84907238129531692472e-01
  -7.01519473304155871674e-01
  -7.18521972177875722920e-01
  -7.35936185278573962165e-01
  -7.53784471383134424549e-01
  -7.72090126729124026639e-01
  -7.90877416664689691927e-01
  -8.10171609712100226908e-01
  -8.29999014015283420598e-01
  -8.50387016135141005080e-01
  -8.71364122150218856078e-01
  -8.92960001011974369156e-01
  -9.15205530095117958389e-01
  -9.38132842873380945470e-01
  -9.61775378639013855953e-01
  -9.86167934170953719430e-01
  -1.01134671724148095251e+00
  -1.03734940183357249310e+00
  -1.06421518492190214644e+00
  -1.09198484464854272957e+00
  -1.12070079969982550061e+00
  -1.15040716966413736344e+00
  -1.18114983612041624106e+00
  -1.21297650417450131322e+00
  -1.24593676412477316617e+00
  -1.28008215289990090469e+00
  -1.31546621487021608843e+00
  -1.35214456158884277492e+00
  -1.39017492997232205987e+00
  -1.42961723837971055318e+00
  -1.47053363999705832832e+00
  -1.51298857287999011234e+00
  -1.55704880595121863962e+00
  -1.60278348019303518157e+00
  -1.65026414421881262307e+00
  -1.69956478335103566835e+00
  -1.75076184128023837339e+00
  -1.80393423332811364546e+00
  -1.85916335029274071289e+00
</dep>
<dep Zin_ohm frequency>
  +7.38495809342770144212e+02
  +6.71210844676665715269e+02
  +6.08845968906277789756e+02
  +5.51843128931722617381e+02
  +5.00860334158081514033e+02
  +4.56804324879441196572e+02
  +4.20819301288012866280e+02
  +3.94178794640780893133e+02
  +3.78033147545820327196e+02
  +3.73044978948686605236e+02
  +3.79086110418323585236e+02
  +3.95210515703356918493e+02
  +4.19932381960273005461e+02
  +4.51613695184177174724e+02
  +4.88755351869079561311e+02
  +5.30129068225136848014e+02
  +5.74793325699897764025e+02
  +6.22055028925415854246e+02
  +6.71417227310762200432e+02
  +7.22531086184112723458e+02
  +7.75157526372184975116e+02
  +8.29138485826162650483e+02
  +8.84376047105602538068e+02
  +9.40817500293495868391e+02
  +9.98444727185818692305e+02
  +1.05726668706770988138e+03
  +1.11731412389999786683e+03
  +1.17863587346935969435e+03
  +1.24129633614071622105e+03
  +1.30537381303836741608e+03
  +1.37095949616832149331e+03
  +1.43815696810672034189e+03
  +1.50708211304734345504e+03
  +1.57786337427220973950e+03
  +1.65064231767888190916e+03
  +1.72557447977769083991e+03
  +1.80283049360845370757e+03
  +1.88259749879733203670e+03
  +1.96508085358782841467e+03
  +2.05050617802276974544e+03
  +2.13912176929511269918e+03
  +2.23120144335737677466e+03
  +2.32704787195151084234e+03
  +2.42699650216564305083e+03
  +2.53142016749478807469e+03
  +2.64073452650353328863e+03
  +2.75540449927451709300e+03
  +2.87595191514117732368e+03
  +3.00296464078292592603e+03
  +3.13710752972737327582e+03
  +3.27913562831801800712e+03
  +3.42991019712569868716e+03
  +3.59041827163647940324e+03
  +3.76179670749357819659e+03
  +3.94536195609534343021e+03
  +4.14264722866664669709e+03
  +4.35544927925861429685e+03
  +4.58588784163141281169e+03
  +4.83648190123307085742e+03
  +5.11024864082110161689e+03
  +5.41083333307247812627e+03
  +5.74268209330258196132e+03
  +6.11127495128706323158e+03
  +6.52344533070831676014e+03
  +6.98782576832241466036e+03
  +7.51548216702948775492e+03
  +8.12083666819203244813e+03
  +8.82304492439650675806e+03
  +9.64811209068572497927e+03
  +1.06322550787712552847e+04
  +1.18274604201823112817e+04
  +1.33111142132646109530e+04
  +1.52036675657882515225e+04
  +1.77034190676912003255e+04
  +2.11614741122260529664e+04
  +2.62638566784322283638e+04
  +3.45549090208119523595e+04
  +5.03826112672467861557e+04
  +9.23859360464224591851e+04
  +4.16897351491951732896e+05
  +1.30335089618156445795e+05
  +6.01742914523949802970e+04
  +3.89886483641339145834e+04
  +2.88125045828732181690e+04
  +2.28359978700829924492e+04
  +1.89027825684831768740e+04
  +1.61165010470035722392e+04
  +1.40380516288809903926e+04
  +1.24270587281880489172e+04
  +1.11408968125169958512e+04
  +1.00895944869210925390e+04
  +9.21359187834483782353e+03
  +8.47189351624524533690e+03
  +7.83535858712422759709e+03
  +7.28270489866601292306e+03
  +6.79802704387092308025e+03
  +6.36919917490877469390e+03
  +5.98681517947515931155e+03
  +5.64346652140833066369e+03
  +5.33323856837113635265e+03
  +5.05135199195965560648e+03
  +4.79390272555990486580e+03
  +4.55767026275056468876e+03
  +4.33997422231534710590e+03
  +4.13856557308001902129e+03
  +3.95154312580900977991e+03
  +3.77728869995884315358e+03
  +3.61441626802932751161e+03
  +3.46173168367286143621e+03
  +3.31820050990384197576e+03
  +3.18292210823597952185e+03
  +3.05510861183567885746e+03
  +2.93406774131851625498e+03
  +2.81918866809092878611e+03
  +2.70993031277868885809e+03
  +2.60581160304843842823e+03
  +2.50640331847487777850e+03
  +2.41132122886812840079e+03
  +2.32022029298627421667e+03
  +2.23278973139971640194e+03
  +2.14874882379628661511e+03
  +2.06784330968737140211e+03
  +1.98984229413081766324e+03
  +1.91453557810085658275e+03
  +1.84173134754732291185e+03
  +1.77125416678610827148e+03
  +1.70294323125542064190e+03
  +1.63665084232674371378e+03
  +1.57224107313934518970e+03
  +1.50958859962095311857e+03
  +1.44857767519289404845e+03
  +1.38910123132263333900e+03
  +1.33106008923421541112e+03
  +1.27436227085234645529e+03
  +1.21892239956108164733e+03
  +1.16466118372301866657e+03
  +1.11150497825870093038e+03
  +1.05938542207927912386e+03
  +1.00823915198973315910e+03
  +9.58007597097574830514e+02
  +9.08636862146724979539e+02
  +8.60077714107579367919e+02
  +8.12285694648944399887e+02
  +7.65221393145238380384e+02
  +7.18850932805848970020e+02
  +6.73146749925328663267e+02
  +6.28088789147884654085e+02
  +5.83666306324477773160e+02
  +5.39880583101500747034e+02
  +4.96749046221151843383e+02
  +4.54311608828781231750e+02
  +4.12640620556795397533e+02
  +3.71856831686671227999e+02
  +3.32155614738376186779e+02
  +2.93850957922441011760e+02
  +2.57450151044174731396e+02
  +2.23778789180528349334e+02
  +1.94173187620873619608e+02
  +1.70697641560295267027e+02
  +1.56112066500848982287e+02
  +1.52990549402554648850e+02
  +1.62044636741194580054e+02
  +1.81537686418762120866e+02
  +2.08660234576976989729e+02
  +2.40959565201888892716e+02
  +2.76749154681526931654e+02
  +3.14969123532668561438e+02
  +3.54968913854268180330e+02
  +3.96348691092752517307e+02
  +4.38861481972567332832e+02
  +4.82355322666283086619e+02
  +5.26739028922686088663e+02
  +5.71961586235684990243e+02
  +6.17999451996025413791e+02
  +6.64848545285068098565e+02
  +7.12519082002478739923e+02
  +7.61032181221201881272e+02
  +8.10417601704381240779e+02
  +8.60712216593936204845e+02
  +9.11958980745852386463e+02
  +9.64206233228531459645e+02
</dep>
<dep Zin_norm frequency>
  +1.47699161868554025290e+01
  +1.34242168935333143764e+01
  +1.21769193781255555820e+01
  +1.10368625786344516371e+01
  +1.00172066831616302096e+01
  +9.13608649758882407355e+00
  +8.41638602576025718349e+00
  +7.88357589281561743633e+00
  +7.56066295091640672155e+00
  +7.46089957897373157181e+00
  +7.58172220836647170472e+00
  +7.90421031406713847645e+00
  +8.39864763920546053555e+00
  +9.03227390368354399186e+00
  +9.77510703738159136833e+00
  +1.06025813645027380261e+01
  +1.14958665139979547831e+01
  +1.24411005785083172981e+01
  +1.34283445462152446481e+01
  +1.44506217236822553929e+01
  +1.55031505274436991471e+01
  +1.65827697165232521570e+01
  +1.76875209421120516140e+01
  +1.88163500058699177941e+01
  +1.99688945437163738461e+01
  +2.11453337413541966328e+01
  +2.23462824779999564839e+01
  +2.35727174693871930344e+01
  +2.48259267228143230000e+01
  +2.61074762607673491743e+01
  +2.74191899233664315716e+01
  +2.87631393621344066958e+01
  +3.01416422609468703797e+01
  +3.15572674854441928005e+01
  +3.30128463535776361937e+01
  +3.45114895955538187877e+01
  +3.60566098721690764251e+01
  +3.76519499759466427236e+01
  +3.93016170717565671566e+01
  +4.10101235604553906455e+01
  +4.27824353859022536994e+01
  +4.46240288671475369142e+01
  +4.65409574390302154256e+01
  +4.85399300433128644272e+01
  +5.06284033498957626307e+01
  +5.28146905300706634989e+01
  +5.51080899854903449864e+01
  +5.75190383028235459051e+01
  +6.00592928156585230681e+01
  +6.27421505945474677901e+01
  +6.55827125663603567318e+01
  +6.85982039425139760169e+01
  +7.18083654327295874964e+01
  +7.52359341498715679108e+01
  +7.89072391219068691726e+01
  +8.28529445733329339419e+01
  +8.71089855851722774105e+01
  +9.17177568326282539601e+01
  +9.67296380246614120324e+01
  +1.02204972816422028359e+02
  +1.08216666661449565368e+02
  +1.14853641866051646048e+02
  +1.22225499025741257242e+02
  +1.30468906614166343161e+02
  +1.39756515366448297755e+02
  +1.50309643340589758509e+02
  +1.62416733363840648963e+02
  +1.76460898487930137435e+02
  +1.92962241813714484806e+02
  +2.12645101575425115925e+02
  +2.36549208403646218812e+02
  +2.66222284265292216787e+02
  +3.04073351315765023628e+02
  +3.54068381353824008784e+02
  +4.23229482244521079792e+02
  +5.25277133568644558181e+02
  +6.91098180416239074475e+02
  +1.00765222534493568673e+03
  +1.84771872092844910185e+03
  +8.33794702983903516724e+03
  +2.60670179236312878857e+03
  +1.20348582904789964232e+03
  +7.79772967282678337142e+02
  +5.76250091657464395212e+02
  +4.56719957401659826246e+02
  +3.78055651369663507921e+02
  +3.22330020940071449331e+02
  +2.80761032577619801032e+02
  +2.48541174563760989713e+02
  +2.22817936250339926119e+02
  +2.01791889738421843958e+02
  +1.84271837566896749649e+02
  +1.69437870324904906738e+02
  +1.56707171742484547394e+02
  +1.45654097973320261872e+02
  +1.35960540877418452510e+02
  +1.27383983498175496152e+02
  +1.19736303589503179978e+02
  +1.12869330428166605884e+02
  +1.06664771367422730464e+02
  +1.01027039839193108151e+02
  +9.58780545111981012951e+01
  +9.11534052550112932067e+01
  +8.67994844463069483709e+01
  +8.27713114616003764468e+01
  +7.90308625161801927561e+01
  +7.55457739991768590926e+01
  +7.22883253605865547797e+01
  +6.92346336734572247451e+01
  +6.63640101980768406520e+01
  +6.36584421647195881633e+01
  +6.11021722367135780019e+01
  +5.86813548263703239627e+01
  +5.63837733618185765749e+01
  +5.41986062555737788671e+01
  +5.21162320609687697015e+01
  +5.01280663694975601175e+01
  +4.82264245773625646052e+01
  +4.64044058597254860388e+01
  +4.46557946279943251966e+01
  +4.29749764759257288915e+01
  +4.13568661937474288948e+01
  +3.97968458826163526965e+01
  +3.82907115620171296655e+01
  +3.68346269509464576686e+01
  +3.54250833357221637243e+01
  +3.40588646251084128380e+01
  +3.27330168465348734230e+01
  +3.14448214627869049309e+01
  +3.01917719924190635084e+01
  +2.89715535038578799742e+01
  +2.77820246264526673485e+01
  +2.66212017846843096436e+01
  +2.54872454170469282531e+01
  +2.43784479912216340836e+01
  +2.32932236744603713419e+01
  +2.22300995651740187498e+01
  +2.11877084415855811983e+01
  +2.01647830397946634662e+01
  +1.91601519419514971787e+01
  +1.81727372429344988802e+01
  +1.72015542821515872163e+01
  +1.62457138929788875714e+01
  +1.53044278629047667550e+01
  +1.43770186561169790451e+01
  +1.34629349985065740469e+01
  +1.25617757829576941475e+01
  +1.16733261264895560316e+01
  +1.07976116620300146565e+01
  +9.93498092442303715188e+00
  +9.08623217657562420868e+00
  +8.25281241113590802172e+00
  +7.43713663373342459550e+00
  +6.64311229476752362899e+00
  +5.87701915844882005757e+00
  +5.14900302088349448582e+00
  +4.47557578361056673799e+00
  +3.88346375241747265861e+00
  +3.41395283120590509185e+00
  +3.12224133001697978784e+00
  +3.05981098805109308358e+00
  +3.24089273482389161884e+00
  +3.63075372837524268377e+00
  +4.17320469153953954589e+00
  +4.81919130403777806748e+00
  +5.53498309363053841992e+00
  +6.29938247065337098007e+00
  +7.09937827708536417504e+00
  +7.92697382185505006191e+00
  +8.77722963945134715402e+00
  +9.64710645332566230081e+00
  +1.05347805784537218443e+01
  +1.14392317247137000891e+01
  +1.23599890399205083469e+01
  +1.32969709057013627529e+01
  +1.42503816400495750827e+01
  +1.52206436244240386202e+01
  +1.62083520340876248156e+01
  +1.72142443318787243811e+01
  +1.82391796149170488661e+01
  +1.92841246645706299034e+01
</dep>
<dep S[2,2] frequency>
  -5.79484473173585867833e-01-j2.11582720460062490009e-01
  -6.07564501158348257981e-01-j1.86508702884949084666e-01
  -6.33434416550207601837e-01-j1.59321007197957831281e-01
  -6.57012734577553381143e-01-j1.30269844880264717979e-01
  -6.78243659852220237561e-01-j9.95946482587403147946e-02
  -6.97093487623035801271e-01-j6.75226522191611777668e-02
  -7.13547268461035555376e-01-j3.42680633607451295974e-02
  -7.27605776725313901920e-01-j3.17020574855837733441e-05
  -7.39282800600769673949e-01+j3.49989849668229935364e-02
  -7.48602754759222221992e-01+j7.06496304602647201554e-02
  -7.55598604869366696768e-01+j1.06758446164770634534e-01
  -7.60310085340958452527e-01+j1.43175578412304688181e-01
  -7.62782186970496156597e-01+j1.79762370394714598998e-01
  -7.63063888795570965939e-01+j2.16390571325156405580e-01
  -7.61207107824183659694e-01+j2.52941523792402866988e-01
  -7.57265840861216399382e-01+j2.89305353116741992281e-01
  -7.51295474000224339228e-01+j3.25380176342736471273e-01
  -7.43352237171746033084e-01+j3.61071343506685182856e-01
  -7.33492783210023979734e-01+j3.96290719841038086013e-01
  -7.21773873052678149875e-01+j4.30956014469902559672e-01
  -7.08252150809449698698e-01+j4.64990158763889493976e-01
  -6.92983994451871199161e-01+j4.98320735729463615282e-01
  -6.76025429741080707835e-01+j5.30879460492807098149e-01
  -6.57432096701730195321e-01+j5.62601711003354543195e-01
  -6.37259259457493620893e-01+j5.93426107446806905266e-01
  -6.15561851569377371796e-01+j6.23294138451409018842e-01
  -5.92394550169347167135e-01+j6.52149831941805757651e-01
  -5.67811873171130243598e-01+j6.79939468394630930348e-01
  -5.41868294680686868325e-01+j7.06611334245278444044e-01
  -5.14618374436015546536e-01+j7.32115513255934935444e-01
  -4.86116897693767702204e-01+j7.56403713760050666615e-01
  -4.56419022463199819395e-01+j7.79429129829087630199e-01
  -4.25580431378862034109e-01+j8.01146334551440686411e-01
  -3.93657485814760788045e-01+j8.21511203758986563450e-01
  -3.60707380085140916215e-01+j8.40480868676826697872e-01
  -3.26788293760694681378e-01+j8.58013696099755973634e-01
  -2.91959540263154460060e-01+j8.74069294809857288975e-01
  -2.56281709993624207122e-01+j8.88608547040451557386e-01
  -2.19816806308557433081e-01+j9.01593663859116989379e-01
  -1.82628372688783374711e-01+j9.12988263384883924623e-01
  -1.44781609457771187621e-01+j9.22757470770572463259e-01
  -1.06343478401513827358e-01+j9.30868038869679059744e-01
  -6.73827936299749991056e-02+j9.37288488467612146415e-01
  -2.79702970042667933837e-02+j9.41989266889590393106e-01
  +1.18212835595004634587e-02+j9.44942923702512316275e-01
  +5.19171946045992524499e-02+j9.46124302106586712036e-01
  +9.22406381537595881914e-02+j9.45510744465881347587e-01
  +1.32712774897210061820e-01+j9.43082310257447820057e-01
  +1.73252751162476320568e-01+j9.38822004528998999007e-01
  +2.13777751203622523590e-01+j9.32716014748704358439e-01
  +2.54203076239162828465e-01+j9.24753953711890286371e-01
  +2.94442251523444442629e-01+j9.14929105943184661776e-01
  +3.34407162552246894904e-01+j9.03238674804853536315e-01
  +3.74008221277191799103e-01+j8.89684027299256885435e-01
  +4.13154562933835400873e-01+j8.74270933342880862682e-01
  +4.51754273774031767097e-01+j8.57009796099077680864e-01
  +4.89714649635496768187e-01+j8.37915869794990997299e-01
  +5.26942484882461648077e-01+j8.17009461323566776869e-01
  +5.63344390814488060748e-01+j7.94316111853065609516e-01
  +5.98827142171659221326e-01+j7.69866754642095529881e-01
  +6.33298049870330781452e-01+j7.43697845296231951906e-01
  +6.66665357593443697048e-01+j7.15851460809239115157e-01
  +6.98838659343344437147e-01+j6.86375363913953928652e-01
  +7.29729334555213826619e-01+j6.55323029528606215699e-01
  +7.59250996878385819855e-01+j6.22753630426217674732e-01
  +7.87319952275219892002e-01+j5.88731979677265426787e-01
  +8.13855661676847752517e-01+j5.53328427916393250641e-01
  +8.38781203086529814072e-01+j5.16618714057146100060e-01
  +8.62023727748070345278e-01+j4.78683768716354818284e-01
  +8.83514904811318557698e-01+j4.39609470300746374427e-01
  +9.03191348840036489776e-01+j3.99486354439492041823e-01
  +9.20995024527668681991e-01+j3.58409278201671011033e-01
  +9.36873623119747755972e-01+j3.16477041299628003568e-01
  +9.50780905290055211587e-01+j2.73791967229095045688e-01
  +9.62677005580452327393e-01+j2.30459448015211482153e-01
  +9.72528693986836390017e-01+j1.86587456900782905356e-01
  +9.80309590847585177187e-01+j1.42286033910619197362e-01
  +9.86000331854685940769e-01+j9.76667497365838327417e-02
  +9.89588680746236182273e-01+j5.28421537971002983070e-02
  +9.91069588035108250956e-01+j7.92521262026036135695e-03
  +9.90445194962170538666e-01-j3.69712551269289202427e-02
  +9.87724782713107929411e-01-j8.17351405946705883432e-02
  +9.82924667783669936405e-01-j1.26255597405173003445e-01
  +9.76068045198218769976e-01-j1.70423578926495650210e-01
  +9.67184782060198866560e-01-j2.14132354410833808389e-01
  +9.56311164622471898689e-01-j2.57277998675484953495e-01
  +9.43489602694019047213e-01-j2.99759850531948368602e-01
  +9.28768295734564430788e-01-j3.41480935774126248550e-01
  +9.12200865420079276547e-01-j3.82348351202939695792e-01
  +8.93845959783892030082e-01-j4.22273606872820228553e-01
  +8.73766834247458268337e-01-j4.61172924476604517707e-01
  +8.52030914952552009822e-01-j4.98967490520334178150e-01
  +8.28709349796711181035e-01-j5.35583663660709641263e-01
  +8.03876552463245186431e-01-j5.70953136269298555661e-01
  +7.77609744535138092125e-01-j6.05013050934562368610e-01
  +7.49988500500149091188e-01-j6.37706073203863632592e-01
  +7.21094300104805352447e-01-j6.68980422393282925242e-01
  +6.91010092111369988999e-01-j6.98789862746581502684e-01
  +6.59819873067694961932e-01-j7.27093657602234877402e-01
  +6.27608284228903245960e-01-j7.53856489527143125429e-01
  +5.94460229284818009177e-01-j7.79048349598375877711e-01
  +5.60460515059828967566e-01-j8.02644399162706689843e-01
  +5.25693516873322552740e-01-j8.24624807482033150841e-01
  +4.90242869787896440315e-01-j8.44974568686828075847e-01
  +4.54191186537178381855e-01-j8.63683301416304782805e-01
  +4.17619802521405902862e-01-j8.80745034430100104395e-01
  +3.80608547891130466478e-01-j8.96157981340035436624e-01
  +3.43235546411223113594e-01-j9.09924307439376245377e-01
  +3.05577040509773523169e-01-j9.22049891408825095240e-01
  +2.67707241670655626820e-01-j9.32544084460333766451e-01
  +2.29698205123342324985e-01-j9.41419469248532925221e-01
  +1.91619727618036389538e-01-j9.48691620641167854266e-01
  +1.53539266945776353701e-01-j9.54378870199904527638e-01
  +1.15521881769553066976e-01-j9.58502075985614987452e-01
  +7.76301902702525303823e-02-j9.61084399072025030719e-01
  +3.99243460773438738065e-02-j9.62151087931181869806e-01
  +2.46202994521993890481e-03-j9.61729271646294958664e-01
  -3.47015443517099050896e-02-j9.59847762713774921295e-01
  -7.15136114015326590510e-02-j9.56536870018071194721e-01
  -1.07923824266104403935e-01-j9.51828222400807777426e-01
  -1.43884214715010588792e-01-j9.45754603100042556818e-01
  -1.79349144909788787983e-01-j9.38349795206177783591e-01
  -2.14275251792921089811e-01-j9.29648438167546609101e-01
  -2.48621385358602453586e-01-j9.19685895280615284264e-01
  -2.82348541902181060514e-01-j9.08498132015841952658e-01
  -3.15419793264196279825e-01-j8.96121604960003703688e-01
  -3.47800213004467118072e-01-j8.82593161097746325972e-01
  -3.79456800362853174935e-01-j8.67949947108470842849e-01
  -4.10358402787129261657e-01-j8.52229328318043988233e-01
  -4.40475637735546710072e-01-j8.35468816917288248369e-01
  -4.69780814392705081683e-01-j8.17706009039565251406e-01
  -4.98247855872676670419e-01-j7.98978530276996057324e-01
  -5.25852222423308202082e-01-j7.79323989208016376651e-01
  -5.52570836090276351626e-01-j7.58779938507005091708e-01
  -5.78382007248857354931e-01-j7.37383843209013178921e-01
  -6.03265363365657836248e-01-j7.15173055708013039045e-01
  -6.27201780311408940705e-01-j6.92184797075303892555e-01
  -6.50173316509266907559e-01-j6.68456144294709009301e-01
  -6.72163150170903778147e-01-j6.44024023022626179724e-01
  -6.93155519844463330337e-01-j6.18925205493257246658e-01
  -7.13135668474282780060e-01-j5.93196313201948433047e-01
  -7.32089791151620872256e-01-j5.66873824012094185143e-01
  -7.50004986718430299852e-01-j5.39994083343293240773e-01
  -7.66869213372080915647e-01-j5.12593319109612144402e-01
  -7.82671248407555086857e-01-j4.84707660087364489154e-01
  -7.97400652224892314557e-01-j4.56373157400542517337e-01
  -8.11047736723046974738e-01-j4.27625808819685371276e-01
  -8.23603538196738149679e-01-j3.98501585575372130332e-01
  -8.35059794849900116631e-01-j3.69036461391423986633e-01
  -8.45408929037732015388e-01-j3.39266443444277587815e-01
  -8.54644034348802095202e-01-j3.09227604954236345858e-01
  -8.62758867638827142699e-01-j2.78956119111145262046e-01
  -8.69747846128337109839e-01-j2.48488294031162543218e-01
  -8.75606049677051689883e-01-j2.17860608432819624625e-01
  -8.80329228348143422167e-01-j1.87109747709369306223e-01
  -8.83913815375182432277e-01-j1.56272640060092893322e-01
  -8.86356945643112403843e-01-j1.25386492326346937753e-01
  -8.87656479791565811155e-01-j9.44888251579633769994e-02
  -8.87811034043848201769e-01-j6.36175071126426766588e-02
  -8.86820015857340937515e-01-j3.28107872650516899093e-02
  -8.84683665480518133251e-01-j2.10732587348167951791e-03
  -8.81403103487509165248e-01+j2.84537773795621451445e-02
  -8.76980384342699981204e-01+j5.88329580905801036161e-02
  -8.71418556024482371392e-01+j8.89901653362102640354e-02
  -8.64721725708327060289e-01+j1.18884843964608397093e-01
  -8.56895131474142757178e-01+j1.48475921609196176432e-01
  -8.47945219960676621618e-01+j1.77721801097561027394e-01
  -8.37879729839760223342e-01+j2.06580358969082555909e-01
  -8.26707780924786250765e-01+j2.35008950855152970449e-01
  -8.14439968660284896451e-01+j2.62964424514402272948e-01
  -8.01088463662078087424e-01+j2.90403141351094906675e-01
  -7.86667115889753798541e-01+j3.17281007276387860827e-01
  -7.71191562934671503982e-01+j3.43553513797994813928e-01
  -7.54679341796912095397e-01+j3.69175790241914381085e-01
  -7.37150003403625242449e-01+j3.94102668018627422253e-01
  -7.18625228989057118767e-01+j4.18288757842969149969e-01
  -6.99128947313577220335e-01+j4.41688540799682394233e-01
  -6.78687451546258091462e-01+j4.64256474112499373241e-01
  -6.57329514473795728513e-01+j4.85947112421176385944e-01
  -6.35086500530032682654e-01+j5.06715245294957816746e-01
  -6.11992472966664924350e-01+j5.26516051610013358086e-01
</dep>
<dep S[2,1] frequency>
  +2.69067479122939934300e-01-j7.36465528951173675765e-01
  +2.25786808373054842525e-01-j7.35064900528434983507e-01
  +1.84014895703502906477e-01-j7.31170164001992861635e-01
  +1.43838957986449939019e-01-j7.25012123403254493681e-01
  +1.05320963200261949466e-01-j7.16810634400923851750e-01
  +6.85012507011983490246e-02-j7.06773187649326395388e-01
  +3.34018890442572755073e-02-j6.95094080863919328017e-01
  +2.97309292336806687705e-05-j6.81954065179535828811e-01
  -3.16208525917998362065e-02-j6.67520363488838919253e-01
  -6.15655597698585022037e-02-j6.51946971941802289052e-01
  -8.98280569777248072416e-02-j6.35375169394387429023e-01
  -1.16438170156366552210e-01-j6.17934172524637892465e-01
  -1.41430345640388671624e-01-j5.99741886108909882935e-01
  -1.64842354760194154117e-01-j5.80905708332320580567e-01
  -1.86714215984710080187e-01-j5.61523359923240206193e-01
  -2.07087308932529107208e-01-j5.41683713393040333628e-01
  -2.26003655933898345287e-01-j5.21467604833743991755e-01
  -2.43505348658431208797e-01-j5.00948615721058865269e-01
  -2.59634099403822149466e-01-j4.80193816142328033791e-01
  -2.74430898803887934889e-01-j4.59264463972759884314e-01
  -2.87935763846380476938e-01-j4.38216656903786139221e-01
  -3.00187562117759543234e-01-j4.17101936014120988627e-01
  -3.11223900068518799511e-01-j3.95967840881697008548e-01
  -3.21081064794614123858e-01-j3.74858417160727430684e-01
  -3.29794010349301336404e-01-j3.53814678173460628319e-01
  -3.37396380936322071165e-01-j3.32875022460745739750e-01
  -3.43920564497519731795e-01-j3.12075609452200253280e-01
  -3.49397771207546448125e-01-j2.91450695502538992265e-01
  -3.53858132238733746888e-01-j2.71032932529510384168e-01
  -3.57330814875256030927e-01-j2.50853631410826616310e-01
  -3.59844150651609628877e-01-j2.30942992173417654955e-01
  -3.61425773680324413650e-01-j2.11330302857131502314e-01
  -3.62102766730192704436e-01-j1.92044108768869181691e-01
  -3.61901812931657573813e-01-j1.73112353674044233687e-01
  -3.60849351230563109016e-01-j1.54562494307117603842e-01
  -3.58971733895301958750e-01-j1.36421589428722983550e-01
  -3.56295384514520196984e-01-j1.18716364518493280866e-01
  -3.52846955010405582964e-01-j1.01473253073323638196e-01
  -3.48653480243894753343e-01-j8.47184153839225378979e-02
  -3.43742528809651393118e-01-j6.84777355900789419518e-02
  -3.38142348616133903150e-01-j5.27767977687936540310e-02
  -3.31882005825892834050e-01-j3.76408417905190889607e-02
  -3.24991515698891730857e-01-j2.30946996881192453954e-02
  -3.17501963842436785157e-01-j9.16271332102167913869e-03
  -3.09445616330927431026e-01+j4.13136581659500918412e-03
  -3.00856017122091146110e-01+j1.67644937003921974672e-02
  -2.91768071169227927175e-01+j2.87144667287636511099e-02
  -2.82218111616068245695e-01+j3.99600693130575043699e-02
  -2.72243949467566803690e-01+j5.04812347246341858176e-02
  -2.61884904160997855627e-01+j6.02592176287259154166e-02
  -2.51181813521819952140e-01+j6.92767765293536147420e-02
  -2.40177021682123903457e-01+j7.75183641320846689160e-02
  -2.28914343669820719018e-01+j8.49703234076443214562e-02
  -2.17439005547168356935e-01+j9.16210869154233109590e-02
  -2.05797559189689588388e-01+j9.74613767286713617022e-02
  -1.94037771052507856950e-01+j1.02484402100128060842e-01
  -1.82208484570210133002e-01+j1.06686051826228714412e-01
  -1.70359456177091250773e-01+j1.10065078117997705576e-01
  -1.58541165314303317269e-01+j1.12623268676182317072e-01
  -1.46804599203981978039e-01+j1.14365603605065771498e-01
  -1.35201013611908255063e-01+j1.15300393791999467030e-01
  -1.23781671281382427141e-01+j1.15439397434856219626e-01
  -1.12597560192377030286e-01+j1.14797911523417353608e-01
  -1.01699094270480933089e-01+j1.13394835277569314136e-01
  -9.11357996274267945225e-02+j1.11252702817559140369e-01
  -8.09559898460234100837e-02+j1.08397682690090133018e-01
  -7.12064342133217897945e-02+j1.04859542296318511423e-01
  -6.19320231432947537753e-02+j1.00671575759638393111e-01
  -5.31754353009703459310e-02+j9.58704943249038682440e-02
  -4.49768111317022378781e-02+j9.04962789865994543526e-02
  -3.73734376016411212751e-02+j8.45919956890637536606e-02
  -3.03994489602175919918e-02+j7.82035741125677308361e-02
  -2.40855482366145387529e-02+j7.13795517382587035859e-02
  -1.84587539774539559356e-02+j6.41707855553075301458e-02
  -1.35421764226756596167e-02+j5.66301344164510458978e-02
  -9.35482690510849868026e-03+j4.88121156452862234310e-02
  -5.91146375411136237865e-03+j4.07725400324585388057e-02
  -3.22247739596271363938e-03+j3.25681298124301799035e-02
  -1.29381668724704110979e-03+j2.42561245734326594303e-02
  -1.26957808973272346948e-04+j1.58938803095324439341e-02
  +2.81083692955223102012e-04+j7.53846696758058570920e-03
  -6.23021086811993219171e-05-j7.53730131739688800907e-04
  -1.14541659481938711690e-03-j8.92739971039594425173e-03
  -2.95239008529575358217e-03-j1.69286797043711398358e-02
  -5.46335741575772974171e-03-j2.47055134202797746501e-02
  -8.65466866986558565344e-03-j3.22079823183052948998e-02
  -1.24991315923418909450e-02-j3.93886115574973577624e-02
  -1.69662817595896617262e-02-j4.62026450033781177495e-02
  -2.20226762338565779098e-02-j5.26082870137503655350e-02
  -2.76322061792930138979e-02-j5.85669089682843493905e-02
  -3.37564237758609594908e-02-j6.40432191730571503951e-02
  -4.03548787281316698183e-02-j6.90053954345020564842e-02
  -4.73854597261335053204e-02-j7.34251802418302290665e-02
  -5.48047363671855386480e-02-j7.72779391076754834655e-02
  -6.25682972814392279748e-02-j8.05426831802939641181e-02
  -7.06310805084171683399e-02-j8.32020577466897476304e-02
  -7.89476925344988894606e-02-j8.52422986861160608685e-02
  -8.74727128088533950612e-02-j8.66531593019499585262e-02
  -9.61609809944667104364e-02-j8.74278102541639762224e-02
  -1.04967864668461891009e-01-j8.75627155335393508873e-02
  -1.13849505649592439016e-01-j8.70574875642660256370e-02
  -1.22763043589354844953e-01-j8.59147245969313078096e-02
  -1.31666815906577999717e-01-j8.41398335642200567719e-02
  -1.40520533565208466387e-01-j8.17408415232012408591e-02
  -1.49285432584430305392e-01-j7.87281987079943568197e-02
  -1.57924401523794666335e-01-j7.51145760726280864450e-02
  -1.66402085500273910768e-01-j7.09146600238829694085e-02
  -1.74684967566463456023e-01-j6.61449468358754205655e-02
  -1.82741428509022446613e-01-j6.08235390095824418610e-02
  -1.90541786313773608974e-01-j5.49699455986812982045e-02
  -1.98058316690353036771e-01-j4.86048882745126961669e-02
  -2.05265256156651532127e-01-j4.17501146534860825832e-02
  -2.12138789254678633567e-01-j3.44282201649860619685e-02
  -2.18657021507767584945e-01-j2.66624795009164639037e-02
  -2.24799939738146742352e-01-j1.84766884631258586358e-02
  -2.30549361347291592583e-01-j9.89501681457167873990e-03
  -2.35888874122939018463e-01-j9.41872546355251036646e-04
  -2.40803768080109781291e-01+j8.35822220312321118030e-03
  -2.45280960772166684025e-01+j1.79807434978201639841e-02
  -2.49308917425398290924e-01+j2.79012662818255673114e-02
  -2.52877567159890015436e-01+j3.80955535642869755342e-02
  -2.55978216463193575247e-01+j4.85396343921409220701e-02
  -2.58603460984142663470e-01+j5.92098709757636412765e-02
  -2.60747096614109108437e-01+j7.00830154009339512111e-02
  -2.62404030723917436330e-01+j8.11362564138814884585e-02
  -2.63570194328094753455e-01+j9.23472568059776066640e-02
  -2.64242455855299429590e-01+j1.03694181952198261065e-01
  -2.64418537115654272984e-01+j1.15155720074250664253e-01
  -2.64096931973058945964e-01+j1.26711094806585516936e-01
  -2.63276828153872266558e-01+j1.38340070642717694049e-01
  -2.61958032552977282403e-01+j1.50022951831684792090e-01
  -2.60140900334347613398e-01+j1.61740575281224124859e-01
  -2.57826268065881603064e-01+j1.73474298006422888996e-01
  -2.55015391077378639206e-01+j1.85205979641413526204e-01
  -2.51709885185900761329e-01+j1.96917960507629719036e-01
  -2.47911672894213591656e-01+j2.08593035706672313978e-01
  -2.43622934135253821353e-01+j2.20214425679032155259e-01
  -2.38846061608125881381e-01+j2.31765743642898425225e-01
  -2.33583620728926133481e-01+j2.43230960300436088728e-01
  -2.27838314202024189159e-01+j2.54594366172717467833e-01
  -2.21612951204162855756e-01+j2.65840531899428689222e-01
  -2.14910421164275416972e-01+j2.76954266815895411291e-01
  -2.07733672116079903791e-01+j2.87920576098136316023e-01
  -2.00085693597662983567e-01+j2.98724616746955606850e-01
  -1.91969504072255658933e-01+j3.09351652664509035873e-01
  -1.83388142846726914792e-01+j3.19787009061871796423e-01
  -1.74344666468635722811e-01+j3.30016026423588959560e-01
  -1.64842149588668163140e-01+j3.40024014245679073731e-01
  -1.54883690282581421016e-01+j3.49796204756625261911e-01
  -1.44472419835010634781e-01+j3.59317706827123550806e-01
  -1.33611516996346463282e-01+j3.68573460273548536570e-01
  -1.22304226733066567778e-01+j3.77548190762372837259e-01
  -1.10553883500906655057e-01+j3.86226365528232085111e-01
  -9.83639390789305123608e-02+j3.94592150127057839093e-01
  -8.57379950103781818260e-02+j4.02629366457498860665e-01
  -7.26798397027710874063e-02+j4.10321452299145517095e-01
  -5.91934902448396360608e-02+j4.17651422634363167496e-01
  -4.52832390007975316149e-02+j4.24601833042293708154e-01
  -3.09537050430420644653e-02+j4.31154745478374290535e-01
  -1.62098904818600078603e-02+j4.37291696780685024137e-01
  -1.05724174477057463600e-03+j4.42993670275396711489e-01
  +1.44982841519188561386e-02+j4.48241070887321735317e-01
  +3.04501483114444256028e-02+j4.53013704197959499176e-01
  +4.67911536369043298822e-02+j4.57290759932043655578e-01
  +6.35133635015669301138e-02+j4.61050800394175785968e-01
  +8.06080154597321602017e-02+j4.64271754419108950707e-01
  +9.80654300885777513441e-02+j4.66930917442090309688e-01
  +1.15874915099329872659e-01+j4.69004958338588018307e-01
  +1.34024664912730684385e-01+j4.70469933724974975764e-01
  +1.52501655959841997401e-01+j4.71301310452150623576e-01
  +1.71291538045281327429e-01+j4.71473997061560956556e-01
  +1.90378522196695459945e-01+j4.70962385006220451977e-01
  +2.09745265521908225148e-01+j4.69740400466492458165e-01
  +2.29372753704261439500e-01+j4.67781567609851844924e-01
  +2.49240181887051048815e-01+j4.65059084153560453601e-01
  +2.69324834829651083012e-01+j4.61545910086903932168e-01
  +2.89601967360531231677e-01+j4.57214870393038208540e-01
  +3.10044686304818462030e-01+j4.52038772576903835620e-01
  +3.30623835225564488560e-01+j4.45990539752355030778e-01
  +3.51307883486195682288e-01+j4.39043359965892998620e-01
  +3.72062821315058966931e-01+j4.31170852333240095522e-01
</dep>
<dep S[1,2] frequency>
  +2.69067479122941988212e-01-j7.36465528951175785188e-01
  +2.25786808373055286614e-01-j7.35064900528434539417e-01
  +1.84014895703497549651e-01-j7.31170164001994415948e-01
  +1.43838957986457016691e-01-j7.25012123403253494480e-01
  +1.05320963200264919313e-01-j7.16810634400923518683e-01
  +6.85012507011943244661e-02-j7.06773187649326617432e-01
  +3.34018890442572408128e-02-j6.95094080863919105973e-01
  +2.97309292331429654793e-05-j6.81954065179536161878e-01
  -3.16208525918037081093e-02-j6.67520363488838808230e-01
  -6.15655597698572115695e-02-j6.51946971941803621320e-01
  -8.98280569777217957617e-02-j6.35375169394387651067e-01
  -1.16438170156366468944e-01-j6.17934172524637781443e-01
  -1.41430345640390309203e-01-j5.99741886108909660891e-01
  -1.64842354760196402319e-01-j5.80905708332319359322e-01
  -1.86714215984711356944e-01-j5.61523359923240650282e-01
  -2.07087308932532410122e-01-j5.41683713393040111583e-01
  -2.26003655933895541974e-01-j5.21467604833745546067e-01
  -2.43505348658433373732e-01-j5.00948615721057199934e-01
  -2.59634099403822982133e-01-j4.80193816142328311347e-01
  -2.74430898803888601023e-01-j4.59264463972759551247e-01
  -2.87935763846379921826e-01-j4.38216656903787027399e-01
  -3.00187562117759765279e-01-j4.17101936014120155960e-01
  -3.11223900068518188888e-01-j3.95967840881697619171e-01
  -3.21081064794612736080e-01-j3.74858417160728873974e-01
  -3.29794010349300781293e-01-j3.53814678173460961386e-01
  -3.37396380936321127475e-01-j3.32875022460744629527e-01
  -3.43920564497519842817e-01-j3.12075609452201307992e-01
  -3.49397771207546725680e-01-j2.91450695502538881243e-01
  -3.53858132238733524844e-01-j2.71032932529510384168e-01
  -3.57330814875257085639e-01-j2.50853631410824950976e-01
  -3.59844150651609628877e-01-j2.30942992173417654955e-01
  -3.61425773680324413650e-01-j2.11330302857131474559e-01
  -3.62102766730192981992e-01-j1.92044108768868571069e-01
  -3.61901812931656963190e-01-j1.73112353674043067953e-01
  -3.60849351230563275550e-01-j1.54562494307117548331e-01
  -3.58971733895300404438e-01-j1.36421589428722900283e-01
  -3.56295384514520419028e-01-j1.18716364518492614732e-01
  -3.52846955010403806607e-01-j1.01473253073323360640e-01
  -3.48653480243894031698e-01-j8.47184153839210946080e-02
  -3.43742528809651448629e-01-j6.84777355900779149955e-02
  -3.38142348616133459061e-01-j5.27767977687936470921e-02
  -3.31882005825892945072e-01-j3.76408417905191305941e-02
  -3.24991515698891619834e-01-j2.30946996881189088591e-02
  -3.17501963842437340269e-01-j9.16271332102227241412e-03
  -3.09445616330926653870e-01+j4.13136581659551659074e-03
  -3.00856017122091090599e-01+j1.67644937003931272790e-02
  -2.91768071169227927175e-01+j2.87144667287636511099e-02
  -2.82218111616068356717e-01+j3.99600693130573655920e-02
  -2.72243949467567358802e-01+j5.04812347246334919282e-02
  -2.61884904160997911138e-01+j6.02592176287253464273e-02
  -2.51181813521819952140e-01+j6.92767765293538229088e-02
  -2.40177021682123292834e-01+j7.75183641320850852496e-02
  -2.28914343669820774529e-01+j8.49703234076442381895e-02
  -2.17439005547168967558e-01+j9.16210869154231721811e-02
  -2.05797559189689838188e-01+j9.74613767286703208681e-02
  -1.94037771052507995728e-01+j1.02484402100128546564e-01
  -1.82208484570210244025e-01+j1.06686051826229325035e-01
  -1.70359456177090945461e-01+j1.10065078117997219853e-01
  -1.58541165314303122980e-01+j1.12623268676181720327e-01
  -1.46804599203982283351e-01+j1.14365603605066187831e-01
  -1.35201013611908643641e-01+j1.15300393791999647441e-01
  -1.23781671281382843475e-01+j1.15439397434856150237e-01
  -1.12597560192376835997e-01+j1.14797911523417589530e-01
  -1.01699094270480822066e-01+j1.13394835277568759024e-01
  -9.11357996274268084003e-02+j1.11252702817559168125e-01
  -8.09559898460234100837e-02+j1.08397682690090133018e-01
  -7.12064342133220534725e-02+j1.04859542296318247745e-01
  -6.19320231432939835581e-02+j1.00671575759638282088e-01
  -5.31754353009707414479e-02+j9.58704943249042984554e-02
  -4.49768111317022309392e-02+j9.04962789865988437299e-02
  -3.73734376016413502586e-02+j8.45919956890642671388e-02
  -3.03994489602174913778e-02+j7.82035741125677724694e-02
  -2.40855482366144658946e-02+j7.13795517382587868527e-02
  -1.84587539774540253246e-02+j6.41707855553075162680e-02
  -1.35421764226755277777e-02+j5.66301344164510250812e-02
  -9.35482690510846918996e-03+j4.88121156452862511865e-02
  -5.91146375411174488518e-03+j4.07725400324586498280e-02
  -3.22247739596275006857e-03+j3.25681298124308460373e-02
  -1.29381668724710789664e-03+j2.42561245734327149415e-02
  -1.26957808973667132064e-04+j1.58938803095328672066e-02
  +2.81083692955008972083e-04+j7.53846696758001064836e-03
  -6.23021086817747486676e-05-j7.53730131739582332254e-04
  -1.14541659481886583249e-03-j8.92739971039567190014e-03
  -2.95239008529595394273e-03-j1.69286797043711398358e-02
  -5.46335741575752677907e-03-j2.47055134202797087306e-02
  -8.65466866986551452978e-03-j3.22079823183053434721e-02
  -1.24991315923418163519e-02-j3.93886115574973300069e-02
  -1.69662817595889747757e-02-j4.62026450033777222326e-02
  -2.20226762338569352628e-02-j5.26082870137512537134e-02
  -2.76322061792929653257e-02-j5.85669089682840093847e-02
  -3.37564237758612162299e-02-j6.40432191730576638733e-02
  -4.03548787281314824682e-02-j6.90053954345020564842e-02
  -4.73854597261337551206e-02-j7.34251802418300070219e-02
  -5.48047363671850321087e-02-j7.72779391076753446876e-02
  -6.25682972814389504190e-02-j8.05426831802940612626e-02
  -7.06310805084173209956e-02-j8.32020577466895949748e-02
  -7.89476925344992919165e-02-j8.52422986861163384242e-02
  -8.74727128088534089390e-02-j8.66531593019500695485e-02
  -9.61609809944660304248e-02-j8.74278102541637819334e-02
  -1.04967864668462251831e-01-j8.75627155335395035429e-02
  -1.13849505649592841472e-01-j8.70574875642654427699e-02
  -1.22763043589355178020e-01-j8.59147245969306555535e-02
  -1.31666815906577749917e-01-j8.41398335642193351269e-02
  -1.40520533565208133320e-01-j8.17408415232012547369e-02
  -1.49285432584430138858e-01-j7.87281987079942180419e-02
  -1.57924401523794555313e-01-j7.51145760726283917563e-02
  -1.66402085500273272389e-01-j7.09146600238826363416e-02
  -1.74684967566463622557e-01-j6.61449468358756009767e-02
  -1.82741428509022196813e-01-j6.08235390095821989997e-02
  -1.90541786313773636730e-01-j5.49699455986814508601e-02
  -1.98058316690352981260e-01-j4.86048882745125643279e-02
  -2.05265256156652087238e-01-j4.17501146534855899217e-02
  -2.12138789254678827856e-01-j3.44282201649854166514e-02
  -2.18657021507767224122e-01-j2.66624795009162245119e-02
  -2.24799939738146659085e-01-j1.84766884631262923167e-02
  -2.30549361347292008917e-01-j9.89501681457115138396e-03
  -2.35888874122938796418e-01-j9.41872546354779625541e-04
  -2.40803768080110142114e-01+j8.35822220312281219390e-03
  -2.45280960772166656270e-01+j1.79807434978201015341e-02
  -2.49308917425398707257e-01+j2.79012662818254875141e-02
  -2.52877567159889904413e-01+j3.80955535642873363567e-02
  -2.55978216463193408714e-01+j4.85396343921405959421e-02
  -2.58603460984142274892e-01+j5.92098709757637176043e-02
  -2.60747096614109219459e-01+j7.00830154009339234555e-02
  -2.62404030723917602863e-01+j8.11362564138818492809e-02
  -2.63570194328094642433e-01+j9.23472568059775095195e-02
  -2.64242455855299596124e-01+j1.03694181952197983509e-01
  -2.64418537115654106451e-01+j1.15155720074251233243e-01
  -2.64096931973058779430e-01+j1.26711094806585711225e-01
  -2.63276828153872155536e-01+j1.38340070642717083427e-01
  -2.61958032552977282403e-01+j1.50022951831684792090e-01
  -2.60140900334347779932e-01+j1.61740575281223986082e-01
  -2.57826268065881325509e-01+j1.73474298006423194307e-01
  -2.55015391077379471874e-01+j1.85205979641413387426e-01
  -2.51709885185900872351e-01+j1.96917960507629913325e-01
  -2.47911672894213314100e-01+j2.08593035706672480512e-01
  -2.43622934135253765842e-01+j2.20214425679032765881e-01
  -2.38846061608125825870e-01+j2.31765743642898508492e-01
  -2.33583620728925939192e-01+j2.43230960300436394039e-01
  -2.27838314202024078137e-01+j2.54594366172717578856e-01
  -2.21612951204162716978e-01+j2.65840531899428855755e-01
  -2.14910421164275167172e-01+j2.76954266815895078224e-01
  -2.07733672116080181347e-01+j2.87920576098136205001e-01
  -2.00085693597662872545e-01+j2.98724616746955606850e-01
  -1.91969504072255436888e-01+j3.09351652664508980362e-01
  -1.83388142846727497659e-01+j3.19787009061871574378e-01
  -1.74344666468635639545e-01+j3.30016026423588626493e-01
  -1.64842149588668024363e-01+j3.40024014245679351287e-01
  -1.54883690282581809594e-01+j3.49796204756625650489e-01
  -1.44472419835010496003e-01+j3.59317706827123772850e-01
  -1.33611516996345630615e-01+j3.68573460273548425548e-01
  -1.22304226733066193078e-01+j3.77548190762372837259e-01
  -1.10553883500906821591e-01+j3.86226365528231974089e-01
  -9.83639390789307205276e-02+j3.94592150127057894604e-01
  -8.57379950103778626369e-02+j4.02629366457498916176e-01
  -7.26798397027712261842e-02+j4.10321452299145239540e-01
  -5.91934902448397956554e-02+j4.17651422634363278519e-01
  -4.52832390007970875256e-02+j4.24601833042293763665e-01
  -3.09537050430412317981e-02+j4.31154745478374012979e-01
  -1.62098904818594527488e-02+j4.37291696780685190671e-01
  -1.05724174477111326764e-03+j4.42993670275396878022e-01
  +1.44982841519184762341e-02+j4.48241070887321790828e-01
  +3.04501483114444984612e-02+j4.53013704197959887754e-01
  +4.67911536369042951877e-02+j4.57290759932043433533e-01
  +6.35133635015672493029e-02+j4.61050800394175563923e-01
  +8.06080154597319797904e-02+j4.64271754419109450307e-01
  +9.80654300885780844110e-02+j4.66930917442090420710e-01
  +1.15874915099330275114e-01+j4.69004958338587796263e-01
  +1.34024664912731933386e-01+j4.70469933724974087585e-01
  +1.52501655959841525556e-01+j4.71301310452150845620e-01
  +1.71291538045280772318e-01+j4.71473997061560790023e-01
  +1.90378522196695459945e-01+j4.70962385006220451977e-01
  +2.09745265521908724748e-01+j4.69740400466492069587e-01
  +2.29372753704261633789e-01+j4.67781567609851789413e-01
  +2.49240181887050882281e-01+j4.65059084153560287067e-01
  +2.69324834829650971990e-01+j4.61545910086903932168e-01
  +2.89601967360530843099e-01+j4.57214870393038874674e-01
  +3.10044686304817740385e-01+j4.52038772576904113176e-01
  +3.30623835225564544071e-01+j4.45990539752354975267e-01
  +3.51307883486195737799e-01+j4.39043359965892887598e-01
  +3.72062821315058855909e-01+j4.31170852333240928189e-01
</dep>
<dep S[1,1] frequency>
  -5.79484473173584424543e-01-j2.11582720460062323475e-01
  -6.07564501158347924914e-01-j1.86508702884948723844e-01
  -6.33434416550215484421e-01-j1.59321007197958858237e-01
  -6.57012734577546608783e-01-j1.30269844880263913067e-01
  -6.78243659852217573025e-01-j9.95946482587399817277e-02
  -6.97093487623040020118e-01-j6.75226522191614830781e-02
  -7.13547268461035666398e-01-j3.42680633607448797973e-02
  -7.27605776725314457032e-01-j3.17020574855941816850e-05
  -7.39282800600770895194e-01+j3.49989849668242009040e-02
  -7.48602754759220112568e-01+j7.06496304602645397441e-02
  -7.55598604869363255077e-01+j1.06758446164770093301e-01
  -7.60310085340958785594e-01+j1.43175578412304910225e-01
  -7.62782186970498154999e-01+j1.79762370394714071642e-01
  -7.63063888795572409229e-01+j2.16390571325158043159e-01
  -7.61207107824185102984e-01+j2.52941523792402367388e-01
  -7.57265840861218952895e-01+j2.89305353116741770236e-01
  -7.51295474000220675492e-01+j3.25380176342735250028e-01
  -7.43352237171748253530e-01+j3.61071343506687014724e-01
  -7.33492783210024867913e-01+j3.96290719841037919480e-01
  -7.21773873052679371121e-01+j4.30956014469903392339e-01
  -7.08252150809449032565e-01+j4.64990158763888605797e-01
  -6.92983994451871088138e-01+j4.98320735729464447950e-01
  -6.76025429741079708634e-01+j5.30879460492806543037e-01
  -6.57432096701728641008e-01+j5.62601711003353099905e-01
  -6.37259259457493065781e-01+j5.93426107446806572199e-01
  -6.15561851569377371796e-01+j6.23294138451409684976e-01
  -5.92394550169347278157e-01+j6.52149831941804758451e-01
  -5.67811873171130465643e-01+j6.79939468394630819326e-01
  -5.41868294680686868325e-01+j7.06611334245278110977e-01
  -5.14618374436016656759e-01+j7.32115513255936711801e-01
  -4.86116897693767591182e-01+j7.56403713760050555592e-01
  -4.56419022463199652861e-01+j7.79429129829087630199e-01
  -4.25580431378862256153e-01+j8.01146334551441241523e-01
  -3.93657485814760399467e-01+j8.21511203758987229584e-01
  -3.60707380085140694170e-01+j8.40480868676826919916e-01
  -3.26788293760693404622e-01+j8.58013696099755640567e-01
  -2.91959540263154293527e-01+j8.74069294809857177952e-01
  -2.56281709993624984278e-01+j8.88608547040451224319e-01
  -2.19816806308556766947e-01+j9.01593663859118099602e-01
  -1.82628372688783457978e-01+j9.12988263384884923823e-01
  -1.44781609457769966376e-01+j9.22757470770573462460e-01
  -1.06343478401513896747e-01+j9.30868038869679059744e-01
  -6.73827936299739860271e-02+j9.37288488467612812549e-01
  -2.79702970042675497231e-02+j9.41989266889590615150e-01
  +1.18212835595013360246e-02+j9.44942923702513204454e-01
  +5.19171946045993565333e-02+j9.46124302106587711236e-01
  +9.22406381537599073805e-02+j9.45510744465881125542e-01
  +1.32712774897209895286e-01+j9.43082310257447820057e-01
  +1.73252751162475793212e-01+j9.38822004528998332873e-01
  +2.13777751203622079501e-01+j9.32716014748704025372e-01
  +2.54203076239162994998e-01+j9.24753953711890619438e-01
  +2.94442251523444997741e-01+j9.14929105943184883820e-01
  +3.34407162552246839393e-01+j9.03238674804853647338e-01
  +3.74008221277191466037e-01+j8.89684027299256996457e-01
  +4.13154562933836455585e-01+j8.74270933342880196548e-01
  +4.51754273774031600563e-01+j8.57009796099078346998e-01
  +4.89714649635496601654e-01+j8.37915869794991441388e-01
  +5.26942484882461315010e-01+j8.17009461323567331981e-01
  +5.63344390814487949726e-01+j7.94316111853064832360e-01
  +5.98827142171658777237e-01+j7.69866754642095640904e-01
  +6.33298049870330337363e-01+j7.43697845296231951906e-01
  +6.66665357593442697848e-01+j7.15851460809239448224e-01
  +6.98838659343344548169e-01+j6.86375363913954150696e-01
  +7.29729334555214270708e-01+j6.55323029528605882632e-01
  +7.59250996878385597810e-01+j6.22753630426217674732e-01
  +7.87319952275219780979e-01+j5.88731979677265204742e-01
  +8.13855661676847197405e-01+j5.53328427916393583708e-01
  +8.38781203086530369184e-01+j5.16618714057145989038e-01
  +8.62023727748070123234e-01+j4.78683768716355262374e-01
  +8.83514904811318446676e-01+j4.39609470300746651983e-01
  +9.03191348840036156709e-01+j3.99486354439492374890e-01
  +9.20995024527668681991e-01+j3.58409278201670955522e-01
  +9.36873623119748311083e-01+j3.16477041299628170101e-01
  +9.50780905290054656476e-01+j2.73791967229094934666e-01
  +9.62677005580452771483e-01+j2.30459448015211509908e-01
  +9.72528693986835945928e-01+j1.86587456900782877600e-01
  +9.80309590847585954343e-01+j1.42286033910619003073e-01
  +9.86000331854685940769e-01+j9.76667497365844572421e-02
  +9.89588680746235960228e-01+j5.28421537971004023904e-02
  +9.91069588035108139934e-01+j7.92521262026081585450e-03
  +9.90445194962170427644e-01-j3.69712551269286912592e-02
  +9.87724782713107818388e-01-j8.17351405946706438543e-02
  +9.82924667783670491517e-01-j1.26255597405172725889e-01
  +9.76068045198218436909e-01-j1.70423578926495650210e-01
  +9.67184782060199421672e-01-j2.14132354410833725122e-01
  +9.56311164622471898689e-01-j2.57277998675485009006e-01
  +9.43489602694018825169e-01-j2.99759850531948257579e-01
  +9.28768295734565318966e-01-j3.41480935774125415882e-01
  +9.12200865420079942680e-01-j3.82348351202940528459e-01
  +8.93845959783891697015e-01-j4.22273606872819839975e-01
  +8.73766834247458046292e-01-j4.61172924476605239352e-01
  +8.52030914952552120845e-01-j4.98967490520334067128e-01
  +8.28709349796711181035e-01-j5.35583663660709641263e-01
  +8.03876552463245408475e-01-j5.70953136269298222594e-01
  +7.77609744535138203148e-01-j6.05013050934562257588e-01
  +7.49988500500148980166e-01-j6.37706073203863299526e-01
  +7.21094300104804797336e-01-j6.68980422393283036264e-01
  +6.91010092111369877976e-01-j6.98789862746581724728e-01
  +6.59819873067694517843e-01-j7.27093657602235321491e-01
  +6.27608284228903690050e-01-j7.53856489527143347473e-01
  +5.94460229284817565087e-01-j7.79048349598375100555e-01
  +5.60460515059828190410e-01-j8.02644399162706356776e-01
  +5.25693516873322663763e-01-j8.24624807482033039818e-01
  +4.90242869787896551337e-01-j8.44974568686828519937e-01
  +4.54191186537178215321e-01-j8.63683301416305004850e-01
  +4.17619802521405847351e-01-j8.80745034430100659506e-01
  +3.80608547891131077101e-01-j8.96157981340035103557e-01
  +3.43235546411222780527e-01-j9.09924307439376134354e-01
  +3.05577040509774133792e-01-j9.22049891408824873196e-01
  +2.67707241670655682331e-01-j9.32544084460333988496e-01
  +2.29698205123342491518e-01-j9.41419469248533147265e-01
  +1.91619727618036056471e-01-j9.48691620641167521200e-01
  +1.53539266945776187168e-01-j9.54378870199904194571e-01
  +1.15521881769553427799e-01-j9.58502075985614765408e-01
  +7.76301902702523916044e-02-j9.61084399072025141741e-01
  +3.99243460773437003342e-02-j9.62151087931181092650e-01
  +2.46202994521971252340e-03-j9.61729271646295069687e-01
  -3.47015443517099397841e-02-j9.59847762713775476406e-01
  -7.15136114015324786397e-02-j9.56536870018071416766e-01
  -1.07923824266104403935e-01-j9.51828222400807777426e-01
  -1.43884214715010227970e-01-j9.45754603100042889885e-01
  -1.79349144909788399405e-01-j9.38349795206177783591e-01
  -2.14275251792921672678e-01-j9.29648438167546276034e-01
  -2.48621385358602675630e-01-j9.19685895280615062219e-01
  -2.82348541902181560115e-01-j9.08498132015841952658e-01
  -3.15419793264196113292e-01-j8.96121604960003814710e-01
  -3.47800213004467395628e-01-j8.82593161097746214949e-01
  -3.79456800362852064712e-01-j8.67949947108471064894e-01
  -4.10358402787129261657e-01-j8.52229328318044099255e-01
  -4.40475637735547154161e-01-j8.35468816917288692458e-01
  -4.69780814392705581284e-01-j8.17706009039565584473e-01
  -4.98247855872676892464e-01-j7.98978530276996501414e-01
  -5.25852222423307980037e-01-j7.79323989208016154606e-01
  -5.52570836090275907537e-01-j7.58779938507005646819e-01
  -5.78382007248857243908e-01-j7.37383843209012623809e-01
  -6.03265363365657281136e-01-j7.15173055708012817000e-01
  -6.27201780311409273772e-01-j6.92184797075303337444e-01
  -6.50173316509266907559e-01-j6.68456144294709009301e-01
  -6.72163150170903889169e-01-j6.44024023022625513590e-01
  -6.93155519844463219314e-01-j6.18925205493257246658e-01
  -7.13135668474283113127e-01-j5.93196313201948099980e-01
  -7.32089791151620206122e-01-j5.66873824012094518210e-01
  -7.50004986718430410875e-01-j5.39994083343292907706e-01
  -7.66869213372081026669e-01-j5.12593319109612144402e-01
  -7.82671248407554309701e-01-j4.84707660087363934043e-01
  -7.97400652224893091713e-01-j4.56373157400542628359e-01
  -8.11047736723047529850e-01-j4.27625808819685038209e-01
  -8.23603538196738482746e-01-j3.98501585575372185843e-01
  -8.35059794849900449698e-01-j3.69036461391423709077e-01
  -8.45408929037732570499e-01-j3.39266443444277421282e-01
  -8.54644034348801207024e-01-j3.09227604954236512391e-01
  -8.62758867638826698609e-01-j2.78956119111145151024e-01
  -8.69747846128336887794e-01-j2.48488294031162515463e-01
  -8.75606049677052022950e-01-j2.17860608432819596869e-01
  -8.80329228348143200122e-01-j1.87109747709369222957e-01
  -8.83913815375182765344e-01-j1.56272640060093365166e-01
  -8.86356945643112181799e-01-j1.25386492326346909998e-01
  -8.87656479791565811155e-01-j9.44888251579634186328e-02
  -8.87811034043847646657e-01-j6.36175071126429680923e-02
  -8.86820015857340160359e-01-j3.28107872650518495039e-02
  -8.84683665480518133251e-01-j2.10732587348153727058e-03
  -8.81403103487509276270e-01+j2.84537773795625163753e-02
  -8.76980384342699981204e-01+j5.88329580905805893387e-02
  -8.71418556024482593436e-01+j8.89901653362101530131e-02
  -8.64721725708327282334e-01+j1.18884843964608216682e-01
  -8.56895131474142979222e-01+j1.48475921609196481743e-01
  -8.47945219960675955484e-01+j1.77721801097560999638e-01
  -8.37879729839759890275e-01+j2.06580358969082444887e-01
  -8.26707780924785362586e-01+j2.35008950855152526360e-01
  -8.14439968660285229518e-01+j2.62964424514402661526e-01
  -8.01088463662078198446e-01+j2.90403141351094684630e-01
  -7.86667115889753687519e-01+j3.17281007276387971849e-01
  -7.71191562934670948870e-01+j3.43553513797994314327e-01
  -7.54679341796912095397e-01+j3.69175790241914436596e-01
  -7.37150003403625575515e-01+j3.94102668018626978164e-01
  -7.18625228989057229789e-01+j4.18288757842969149969e-01
  -6.99128947313577775446e-01+j4.41688540799682949345e-01
  -6.78687451546258202484e-01+j4.64256474112499373241e-01
  -6.57329514473795617491e-01+j4.85947112421176830033e-01
  -6.35086500530032460610e-01+j5.06715245294957483679e-01
  -6.11992472966665257417e-01+j5.26516051610013913198e-01
</dep>
