<Qucs Dataset 1.0.7>
<indep frequency 181>
  +1.00000000000000000000e+09
  +1.05000000000000000000e+09
  +1.10000000000000000000e+09
  +1.15000000000000000000e+09
  +1.20000000000000000000e+09
  +1.25000000000000000000e+09
  +1.30000000000000000000e+09
  +1.35000000000000000000e+09
  +1.40000000000000000000e+09
  +1.45000000000000000000e+09
  +1.50000000000000000000e+09
  +1.55000000000000000000e+09
  +1.60000000000000000000e+09
  +1.65000000000000000000e+09
  +1.70000000000000000000e+09
  +1.75000000000000000000e+09
  +1.80000000000000000000e+09
  +1.85000000000000000000e+09
  +1.90000000000000000000e+09
  +1.95000000000000000000e+09
  +2.00000000000000000000e+09
  +2.05000000000000000000e+09
  +2.10000000000000000000e+09
  +2.15000000000000000000e+09
  +2.20000000000000000000e+09
  +2.25000000000000000000e+09
  +2.30000000000000000000e+09
  +2.35000000000000000000e+09
  +2.40000000000000000000e+09
  +2.45000000000000000000e+09
  +2.50000000000000000000e+09
  +2.55000000000000000000e+09
  +2.60000000000000000000e+09
  +2.65000000000000000000e+09
  +2.70000000000000000000e+09
  +2.75000000000000000000e+09
  +2.80000000000000000000e+09
  +2.85000000000000000000e+09
  +2.90000000000000000000e+09
  +2.95000000000000000000e+09
  +3.00000000000000000000e+09
  +3.05000000000000000000e+09
  +3.10000000000000000000e+09
  +3.15000000000000000000e+09
  +3.20000000000000000000e+09
  +3.25000000000000000000e+09
  +3.30000000000000000000e+09
  +3.35000000000000000000e+09
  +3.40000000000000000000e+09
  +3.45000000000000000000e+09
  +3.50000000000000000000e+09
  +3.55000000000000000000e+09
  +3.60000000000000000000e+09
  +3.65000000000000000000e+09
  +3.70000000000000000000e+09
  +3.75000000000000000000e+09
  +3.80000000000000000000e+09
  +3.85000000000000000000e+09
  +3.90000000000000000000e+09
  +3.95000000000000000000e+09
  +4.00000000000000000000e+09
  +4.05000000000000000000e+09
  +4.10000000000000000000e+09
  +4.15000000000000000000e+09
  +4.20000000000000000000e+09
  +4.25000000000000000000e+09
  +4.30000000000000000000e+09
  +4.35000000000000000000e+09
  +4.40000000000000000000e+09
  +4.45000000000000000000e+09
  +4.50000000000000000000e+09
  +4.55000000000000000000e+09
  +4.60000000000000000000e+09
  +4.65000000000000000000e+09
  +4.70000000000000000000e+09
  +4.75000000000000000000e+09
  +4.80000000000000000000e+09
  +4.85000000000000000000e+09
  +4.90000000000000000000e+09
  +4.95000000000000000000e+09
  +5.00000000000000000000e+09
  +5.05000000000000000000e+09
  +5.10000000000000000000e+09
  +5.15000000000000000000e+09
  +5.20000000000000000000e+09
  +5.25000000000000000000e+09
  +5.30000000000000000000e+09
  +5.35000000000000000000e+09
  +5.40000000000000000000e+09
  +5.45000000000000000000e+09
  +5.50000000000000000000e+09
  +5.55000000000000000000e+09
  +5.60000000000000000000e+09
  +5.65000000000000000000e+09
  +5.70000000000000000000e+09
  +5.75000000000000000000e+09
  +5.80000000000000000000e+09
  +5.85000000000000000000e+09
  +5.90000000000000000000e+09
  +5.95000000000000000000e+09
  +6.00000000000000000000e+09
  +6.05000000000000000000e+09
  +6.10000000000000000000e+09
  +6.15000000000000000000e+09
  +6.20000000000000000000e+09
  +6.25000000000000000000e+09
  +6.30000000000000000000e+09
  +6.35000000000000000000e+09
  +6.40000000000000000000e+09
  +6.45000000000000000000e+09
  +6.50000000000000000000e+09
  +6.55000000000000000000e+09
  +6.60000000000000000000e+09
  +6.65000000000000000000e+09
  +6.70000000000000000000e+09
  +6.75000000000000000000e+09
  +6.80000000000000000000e+09
  +6.85000000000000000000e+09
  +6.90000000000000000000e+09
  +6.95000000000000000000e+09
  +7.00000000000000000000e+09
  +7.05000000000000000000e+09
  +7.10000000000000000000e+09
  +7.15000000000000000000e+09
  +7.20000000000000000000e+09
  +7.25000000000000000000e+09
  +7.30000000000000000000e+09
  +7.35000000000000000000e+09
  +7.40000000000000000000e+09
  +7.45000000000000000000e+09
  +7.50000000000000000000e+09
  +7.55000000000000000000e+09
  +7.60000000000000000000e+09
  +7.65000000000000000000e+09
  +7.70000000000000000000e+09
  +7.75000000000000000000e+09
  +7.80000000000000000000e+09
  +7.85000000000000000000e+09
  +7.90000000000000000000e+09
  +7.95000000000000000000e+09
  +8.00000000000000000000e+09
  +8.05000000000000000000e+09
  +8.10000000000000000000e+09
  +8.15000000000000000000e+09
  +8.20000000000000000000e+09
  +8.25000000000000000000e+09
  +8.30000000000000000000e+09
  +8.35000000000000000000e+09
  +8.40000000000000000000e+09
  +8.45000000000000000000e+09
  +8.50000000000000000000e+09
  +8.55000000000000000000e+09
  +8.60000000000000000000e+09
  +8.65000000000000000000e+09
  +8.70000000000000000000e+09
  +8.75000000000000000000e+09
  +8.80000000000000000000e+09
  +8.85000000000000000000e+09
  +8.90000000000000000000e+09
  +8.95000000000000000000e+09
  +9.00000000000000000000e+09
  +9.05000000000000000000e+09
  +9.10000000000000000000e+09
  +9.15000000000000000000e+09
  +9.20000000000000000000e+09
  +9.25000000000000000000e+09
  +9.30000000000000000000e+09
  +9.35000000000000000000e+09
  +9.40000000000000000000e+09
  +9.45000000000000000000e+09
  +9.50000000000000000000e+09
  +9.55000000000000000000e+09
  +9.60000000000000000000e+09
  +9.65000000000000000000e+09
  +9.70000000000000000000e+09
  +9.75000000000000000000e+09
  +9.80000000000000000000e+09
  +9.85000000000000000000e+09
  +9.90000000000000000000e+09
  +9.95000000000000000000e+09
  +1.00000000000000000000e+10
</indep>
<dep S21_phase frequency>
  -9.54873618220990607597e+01
  -9.79674676585669459428e+01
  -1.00384268794697703697e+02
  -1.02746939130326126133e+02
  -1.05063553629835638503e+02
  -1.07341258876527419375e+02
  -1.09586415723339101191e+02
  -1.11804718705507511345e+02
  -1.14001296160946196778e+02
  -1.16180794352486358889e+02
  -1.18347448319825161889e+02
  -1.20505141708787917310e+02
  -1.22657457424345324171e+02
  -1.24807720621794942417e+02
  -1.26959035277241383710e+02
  -1.29114315354195127838e+02
  -1.31276311399143793324e+02
  -1.33447633247985493199e+02
  -1.35630769401081465730e+02
  -1.37828103522340285281e+02
  -1.40041928433023770140e+02
  -1.42274457900564016199e+02
  -1.44527836463817919821e+02
  -1.46804147486777537779e+02
  -1.49105419591005102120e+02
  -1.51433631581644306152e+02
  -1.53790715951691680630e+02
  -1.56178561023483723602e+02
  -1.58599011764483407205e+02
  -1.61053869296030597980e+02
  -1.63544889098492774338e+02
  -1.66073777904183742749e+02
  -1.68642189260524418160e+02
  -1.71251717740422066072e+02
  -1.73903891775051334889e+02
  -1.76600165086565567663e+02
  -1.79341906705254672261e+02
  +1.77869610432064206407e+02
  +1.75033222287543310358e+02
  +1.72147887892172519742e+02
  +1.69212704808848371840e+02
  +1.66226925778431706249e+02
  +1.63189976391933697641e+02
  +1.60101473578062524439e+02
  +1.56961244634854978131e+02
  +1.53769346468416216567e+02
  +1.50526084633013056191e+02
  +1.47232031697831729389e+02
  +1.43888044400530617395e+02
  +1.40495278990924816753e+02
  +1.37055204125124845405e+02
  +1.33569610647045578844e+02
  +1.30040617596229679975e+02
  +1.26470673813720864587e+02
  -5.71374454146398065291e+01
  -6.07806471334005777862e+01
  -6.44555352251044268996e+01
  -6.81584307890428391374e+01
  -7.18853983271408480960e+01
  -7.56322774529359662665e+01
  -7.93947196145187916727e+01
  -8.31682291064278018666e+01
  -8.69482074535424374062e+01
  -9.07300000959871795203e+01
  -9.45089441993983001566e+01
  -9.82804163675272945966e+01
  -1.02039879047445182891e+02
  -1.05782924489994172745e+02
  -1.09505315253433749945e+02
  -1.13203020406224325711e+02
  -1.16872246782813903110e+02
  -1.20509464859803046011e+02
  -1.24111429034940286442e+02
  -1.27675192295290898414e+02
  -1.31198115443252476098e+02
  -1.34677871202437870579e+02
  -1.38112443645474627374e+02
  -1.41500123471121014518e+02
  -1.44839499709922193915e+02
  -1.48129448459024018803e+02
  -1.51369119242154226868e+02
  -1.54557919565243963689e+02
  -1.57695498196970163463e+02
  -1.60781727651670877322e+02
  -1.63816686294046462535e+02
  -1.66800640424660912231e+02
  -1.69734026645382414245e+02
  -1.72617434746930399569e+02
  -1.75451591308057999186e+02
  -1.78237344148638527486e+02
  +1.79024352262521574630e+02
  +1.76332450379850627087e+02
  +1.73685822097665607089e+02
  +1.71083270200224319524e+02
  +1.68523538753635051535e+02
  +1.66005322463259346932e+02
  +1.63527275031666505356e+02
  +1.61088016560359989171e+02
  +1.58686140043970709712e+02
  +1.56320217008812875292e+02
  +1.53988802349092310351e+02
  +1.51690438413986271371e+02
  +1.49423658397591424318e+02
  +1.47186989081644952648e+02
  +1.44978952978168194932e+02
  +1.42798069915949781716e+02
  +1.40642858111227070594e+02
  +1.38511834759146182705e+02
  +1.36403516178684128590e+02
  +1.34316417539763250488e+02
  +1.32249052197324289182e+02
  +1.30199930653216114251e+02
  +1.28167559162873118339e+02
  +1.26150437999983452642e+02
  +1.24147059388625621068e+02
  +1.22155905108754950561e+02
  +1.20175443777388096578e+02
  +1.18204127804421418091e+02
  +1.16240390018702896668e+02
  +1.14282639956780116108e+02
  +1.12329259803683996211e+02
  +1.10378599972221238090e+02
  +1.08428974304562899533e+02
  +1.06478654877526210498e+02
  +1.04525866390920143090e+02
  +1.02568780116819553427e+02
  +1.00605507386804859493e+02
  +9.86340925942967601259e+01
  +9.66525056904657589030e+01
  +9.46586341551746528467e+01
  +9.26502744296066822471e+01
  +9.06251228052998385465e+01
  +8.85807657761769604576e+01
  +8.65146698769405162466e+01
  +8.44241710543777230669e+01
  +8.23064636494713255388e+01
  +8.01585891100397134323e+01
  +7.79774246086709155179e+01
  +7.57596718124111845327e+01
  +7.35018461429759639714e+01
  +7.12002669839287563036e+01
  +6.88510494395697065784e+01
  +6.64500984348920269440e+01
  +6.39931061725970877774e+01
  +6.14755542366591782866e+01
  +5.88927219552232017463e+01
  +5.62397030075117072556e+01
  +5.35114326719428490264e+01
  +5.07027285467410422370e+01
  +4.78083479945283542634e+01
  +4.48230659100850417076e+01
  +4.17417765964435503179e+01
  +3.85596234321596398331e+01
  +3.52721594546878165488e+01
  +3.18755407678193769527e+01
  +2.83667525844987657990e+01
  +2.47438645431744745906e+01
  +2.10063075828721537164e+01
  +1.71551592188657231475e+01
  +1.31934179260832724623e+01
  +9.12624132118315145590e+00
  +4.96111818714156882493e+00
  +7.07942684014865042386e-01
  -3.62103807254684895156e+00
  -8.01142341115972378418e+00
  -1.24470117094242365141e+01
  -1.69102941702332074669e+01
  -2.13830583741130482167e+01
  -2.58470537263346180623e+01
  -3.02846611258253375354e+01
  -3.46795085030058913844e+01
  -3.90169824771534692331e+01
  -4.32846021345257980784e+01
  -4.74722401349593638997e+01
  -5.15721949854106469502e+01
  -5.55791331531709360547e+01
  -5.94899289932448809282e+01
  -6.33034340511847801736e+01
  -6.70202061526087362608e+01
  -7.06422243595231975632e+01
  -7.41726099650536525587e+01
</dep>
<dep S11_phase frequency>
  +1.74519666589604952378e+02
  +1.72042979728336604239e+02
  +1.69629655889809896507e+02
  +1.67270522097948855844e+02
  +1.64957503655016211042e+02
  +1.62683453655111776470e+02
  +1.60442010380324546759e+02
  +1.58227477918614368946e+02
  +1.56034726061028578670e+02
  +1.53859106186577179187e+02
  +1.51696380408728515476e+02
  +1.49542661737281491696e+02
  +1.47394363410186514329e+02
  +1.45248155881696561664e+02
  +1.43100930226319633221e+02
  +1.40949766942256843549e+02
  +1.38791909321889363582e+02
  +1.36624740707805131024e+02
  +1.34445765076976783803e+02
  +1.32252590498055042190e+02
  +1.30042915091495018487e+02
  +1.27814515192703382240e+02
  +1.25565235477317230561e+02
  +1.23292980857254079297e+02
  +1.20995709998023613707e+02
  +1.18671430343374439076e+02
  +1.16318194563673586117e+02
  +1.13934098370338503514e+02
  +1.11517279660730650903e+02
  +1.09065918976571666121e+02
  +1.06578241274420548734e+02
  +1.04052519019087583274e+02
  +1.01487076620023287887e+02
  +9.88802962364861599553e+01
  +9.62306249793382733060e+01
  +9.35365835351946799392e+01
  +9.07967762318331921279e+01
  +8.80099025516149993109e+01
  +8.51747700815498802740e+01
  +8.22903088638986446313e+01
  +7.93555870792606441455e+01
  +7.63698279545559728376e+01
  +7.33324277409842437692e+01
  +7.02429745521619537385e+01
  +6.71012677909070021087e+01
  +6.39073378259329274442e+01
  +6.06614655091312329205e+01
  +5.73642010531702766230e+01
  +5.40163817217118875647e+01
  +5.06191477253810120374e+01
  +4.71739556712655385695e+01
  +4.36825888880634209954e+01
  +4.01471639490676963646e+01
  +3.65701327464562595537e+01
  +3.29542795371538161930e+01
  +2.93027124853091969214e+01
  +2.56188493691150860343e+01
  +2.19063972971037799198e+01
  +1.81693264847235553816e+01
  +1.44118383661213371738e+01
  +1.06383285461027252694e+01
  +6.85334531872673036190e+00
  +3.06154467686272369065e+00
  -7.32357102992815423015e-01
  -4.52363210617291766624e+00
  -8.30758940898433984046e+00
  -1.20796224546490940099e+01
  -1.58352540092640250435e+01
  -1.95701776555835742499e+01
  -2.32802949512551933253e+01
  -2.69617475783117015453e+01
  -3.06109440277911986072e+01
  -3.42245805829300522305e+01
  -3.77996565734103242562e+01
  -4.13334840609027835967e+01
  -4.48236922748439710062e+01
  -4.82682272423991562960e+01
  -5.16653471462738309583e+01
  -5.50136139994426827116e+01
  -5.83118822499462652331e+01
  -6.15592849260946266554e+01
  -6.47552179078140852653e+01
  -6.78993228688357959300e+01
  -7.09914693821024656017e+01
  -7.40317366217325201205e+01
  -7.70203950330888602593e+01
  -7.99578882810229316647e+01
  -8.28448157276502428203e+01
  -8.56819156366299381489e+01
  -8.84700492519820187454e+01
  -9.12101858564635108451e+01
  -9.39033888775976635088e+01
  -9.65508030784469895025e+01
  -9.91536428447812454579e+01
  -1.01713181559924436215e+02
  -1.04230742042719313645e+02
  -1.06707688012148409484e+02
  -1.09145416533620249311e+02
  -1.11545351396239908581e+02
  -1.13908937367042895517e+02
  -1.16237635266730222838e+02
  -1.18532917811536066210e+02
  -1.20796266167134888292e+02
  -1.23029167162692445459e+02
  -1.25233111116037179045e+02
  -1.27409590224295769190e+02
  -1.29560097478036396978e+02
  -1.31686126060879246324e+02
  -1.33789169200570910334e+02
  -1.35870720441596773753e+02
  -1.37932274313486203710e+02
  -1.39975327372991159791e+02
  -1.42001379602278717584e+02
  -1.44011936149149789799e+02
  -1.46008509399064365653e+02
  -1.47992621372418796000e+02
  -1.49965806444079589710e+02
  -1.51929614385614115690e+02
  -1.53885613733982864915e+02
  -1.55835395493640845643e+02
  -1.57780577182030583572e+02
  -1.59722807231291483276e+02
  -1.61663769761622262422e+02
  -1.63605189744037062383e+02
  -1.65548838572155688098e+02
  -1.67496540064028835104e+02
  -1.69450176915632255259e+02
  -1.71411697627333495575e+02
  -1.73383123922995025623e+02
  -1.75366558678032532725e+02
  -1.77364194367103692684e+02
  -1.79378322033474603359e+02
  +1.78588659230449792403e+02
  +1.76534232319600192795e+02
  +1.74455751722158936445e+02
  +1.72350432780087459150e+02
  +1.70215340733019758090e+02
  +1.68047379731569492378e+02
  +1.65843282080685810342e+02
  +1.63599598069761299257e+02
  +1.61312686868783060845e+02
  +1.58978709124593308388e+02
  +1.56593622084553516061e+02
  +1.54153178313105428288e+02
  +1.51652929355903296482e+02
  +1.49088236050981691960e+02
  +1.46454287588126021546e+02
  +1.43746131871992730566e+02
  +1.40958720238167273919e+02
  +1.38086970077556117076e+02
  +1.35125849398369950904e+02
  +1.32070487729224225859e+02
  +1.28916317950957903804e+02
  +1.25659253531636068146e+02
  +1.22295905129078732898e+02
  +1.18823839581132688181e+02
  +1.15241883064637377743e+02
  +1.11550469202905730981e+02
  +1.07752033485597593199e+02
  +1.03851460536834551363e+02
  +9.98566070289426050977e+01
  +9.57789648975791436669e+01
  +9.16346318446399408231e+01
  +8.74460121616613292872e+01
  +8.32453644619818220463e+01
  +7.90834536210884806451e+01
  +7.50545475929656902281e+01
  +7.13884337668526995913e+01
  +6.89762845841748628573e+01
  +8.06782465888772293283e+01
  -1.32575235250558307598e+02
  -1.32233700967572445961e+02
  -1.35234641673019723385e+02
  -1.38828135159797824372e+02
  -1.42580061141617250087e+02
  -1.46356184884384390443e+02
  -1.50101076150059157044e+02
  -1.53788346311609956274e+02
  -1.57404878792996044012e+02
  -1.60944601246281933982e+02
  -1.64405586638589454651e+02
</dep>
<dep S21_dB frequency>
  -8.10338514563348333297e+00
  -8.45128214683213307978e+00
  -8.78677447338957762213e+00
  -9.11060501170624981171e+00
  -9.42350739805605286392e+00
  -9.72620118339349382097e+00
  -1.00193895764273328552e+01
  -1.03037589852775894883e+01
  -1.05799798135963936119e+01
  -1.08487081339933695290e+01
  -1.11105879802622435903e+01
  -1.13662540846326791666e+01
  -1.16163349472274912699e+01
  -1.18614561692332109999e+01
  -1.21022440141262155322e+01
  -1.23393291862595724240e+01
  -1.25733508358819516815e+01
  -1.28049608162106629550e+01
  -1.30348282330390183859e+01
  -1.32636443417847544879e+01
  -1.34921278619934348342e+01
  -1.37210307961677955291e+01
  -1.39511448595423548369e+01
  -1.41833086513948796181e+01
  -1.44184157283054688037e+01
  -1.46574237775147668827e+01
  -1.49013651370057687018e+01
  -1.51513589718569097187e+01
  -1.54086254990180133717e+01
  -1.56745027622019250657e+01
  -1.59504666053753680899e+01
  -1.62381546922803075006e+01
  -1.65393956921936009508e+01
  -1.68562451309876912831e+01
  -1.71910299400198205433e+01
  -1.75464044979841595762e+01
  -1.79254220691992465220e+01
  -1.83316271823122356466e+01
  -1.87691769711226399409e+01
  -1.92430033268077487207e+01
  -1.97590337749920159638e+01
  -2.03244988770052970040e+01
  -2.09483706031056868824e+01
  -2.16420052285337085607e+01
  -2.24201174310600421791e+01
  -2.33023143231158513800e+01
  -2.43156264918979800882e+01
  -2.54989311697090350606e+01
  -2.69112674308703887505e+01
  -2.86490467374535384693e+01
  -3.08867664757038973278e+01
  -3.39947840845248379082e+01
  -3.90236564929238625155e+01
  -5.29786618325112996786e+01
  -4.32818338516881624400e+01
  -3.58730515845695308030e+01
  -3.18969540735258121344e+01
  -2.91592998896396764508e+01
  -2.70703676762377938303e+01
  -2.53838407018579736985e+01
  -2.39731110188312044329e+01
  -2.27644295031841856769e+01
  -2.17110321849567142749e+01
  -2.07813692100651294936e+01
  -1.99531130700582721715e+01
  -1.92098443015929873923e+01
  -1.85390968476492261630e+01
  -1.79311451257480669597e+01
  -1.73782196855385393519e+01
  -1.68739825323846694971e+01
  -1.64131661227463823138e+01
  -1.59913190315040836254e+01
  -1.56046231460427726745e+01
  -1.52497599969454888935e+01
  -1.49238115475404580224e+01
  -1.46241855762373500482e+01
  -1.43485588728079953569e+01
  -1.40948335011141203665e+01
  -1.38611027481570658892e+01
  -1.36456243188082453344e+01
  -1.34467989929909315094e+01
  -1.32631534296201376577e+01
  -1.30933261388132038405e+01
  -1.29360558899964992463e+01
  -1.27901720049811746804e+01
  -1.26545861199011877574e+01
  -1.25282851007536386589e+01
  -1.24103248730312429871e+01
  -1.22998249830727530707e+01
  -1.21959637519086800950e+01
  -1.20979739150444487450e+01
  -1.20051386663397057220e+01
  -1.19167880428549217697e+01
  -1.18322956016931328804e+01
  -1.17510753505667420171e+01
  -1.16725789019070820274e+01
  -1.15962928264414149027e+01
  -1.15217361867738627978e+01
  -1.14484582349989807426e+01
  -1.13760362610173633158e+01
  -1.13040735802427292356e+01
  -1.12321976509343475215e+01
  -1.11600583125925734151e+01
  -1.10873261378043270753e+01
  -1.10136908906911159534e+01
  -1.09388600857480149386e+01
  -1.08625576414050364349e+01
  -1.07845226231233155545e+01
  -1.07045080712808005075e+01
  -1.06222799095195075125e+01
  -1.05376159296365106144e+01
  -1.04503048495090400394e+01
  -1.03601454409658124689e+01
  -1.02669457249526558940e+01
  -1.01705222318047425745e+01
  -1.00706993249348553121e+01
  -9.96730858678379050275e+00
  -9.86018826646882651232e+00
  -9.74918278921696312977e+00
  -9.63414232839135742381e+00
  -9.51492244173051204825e+00
  -9.39138377433342697032e+00
  -9.26339183196002480258e+00
  -9.13081682939511729558e+00
  -8.99353361997476774548e+00
  -8.85142171392100607363e+00
  -8.70436539490958693932e+00
  -8.55225394634348567990e+00
  -8.39498200116255688386e+00
  -8.23245003173038192301e+00
  -8.06456499945666749340e+00
  -7.89124118737832258574e+00
  -7.71240124299058305013e+00
  -7.52797746322469230051e+00
  -7.33791335864654392651e+00
  -7.14216553969748613184e+00
  -6.94070597408896627911e+00
  -6.73352467119198383472e+00
  -6.52063285625641331222e+00
  -6.30206670422399817255e+00
  -6.07789170926609934043e+00
  -5.84820777120555490569e+00
  -5.61315508254393602527e+00
  -5.37292089830879415757e+00
  -5.12774726312644002491e+00
  -4.87793975283197944748e+00
  -4.62387725761663848090e+00
  -4.36602278525365683493e+00
  -4.10493519034962783820e+00
  -3.84128163205770434274e+00
  -3.57585042123030039107e+00
  -3.30956373247290480677e+00
  -3.04348942378020925759e+00
  -2.77885092911871378618e+00
  -2.51703388033397201795e+00
  -2.25958780223953725752e+00
  -2.00822095724637694758e+00
  -1.76478626576089636657e+00
  -1.53125629043894928571e+00
  -1.30968565283046789460e+00
  -1.10216004580384452360e+00
  -9.10732263233252181678e-01
  -7.37347347073980530219e-01
  -5.83760877759714524871e-01
  -4.51456290780272051499e-01
  -3.41568469225486615048e-01
  -2.54821309784778904373e-01
  -1.91486189721473298864e-01
  -1.51366239748253694763e-01
  -1.33808344735394990632e-01
  -1.37741420101972128487e-01
  -1.61736434017813734965e-01
  -2.04081461846484624179e-01
  -2.62864106887391979495e-01
  -3.36053910215680873286e-01
  -4.21578633955716985948e-01
  -5.17390116994939197603e-01
  -6.21517340501721249346e-01
  -7.32106068086138095374e-01
  -8.47445748279098021172e-01
  -9.65985226029554167049e-01
</dep>
<dep S11_dB frequency>
  -7.49701771295384733484e-01
  -6.89250796174848412434e-01
  -6.36153025198345933866e-01
  -5.89277748110419552496e-01
  -5.47698814362803543254e-01
  -5.10652394610776494410e-01
  -4.77504420347582503314e-01
  -4.47725284830818970327e-01
  -4.20870037496427373824e-01
  -3.96562767692999973423e-01
  -3.74484207690793380330e-01
  -3.54361827751203506409e-01
  -3.35961873969410906859e-01
  -3.19082931006478220937e-01
  -3.03550689606918999708e-01
  -2.89213672096657437027e-01
  -2.75939724388534868282e-01
  -2.63613125081601396005e-01
  -2.52132194418578259310e-01
  -2.41407310641910427540e-01
  -2.31359260481086792538e-01
  -2.21917865456209978392e-01
  -2.13020837394481271643e-01
  -2.04612825773418216535e-01
  -1.96644626787447984739e-01
  -1.89072529804931555031e-01
  -1.81857781458692857601e-01
  -1.74966151235648459394e-01
  -1.68367585280234044465e-01
  -1.62035937338492058712e-01
  -1.55948767445814290289e-01
  -1.50087200175516938261e-01
  -1.44435835072328322415e-01
  -1.38982702334583790860e-01
  -1.33719256911020933920e-01
  -1.28640403967120953155e-01
  -1.23744548176949589746e-01
  -1.19033658535500463937e-01
  -1.14513339401996344646e-01
  -1.10192897324858665731e-01
  -1.06085391934192044272e-01
  -1.02207657908876925479e-01
  -9.85802838511223578077e-02
  -9.52275329782572982351e-02
  -9.21771900428116908177e-02
  -8.94603190123928332378e-02
  -8.71109169866656485315e-02
  -8.51654518008890942804e-02
  -8.36622739380782493024e-02
  -8.26408978644204150754e-02
  -8.21411537461194940501e-02
  -8.22022176152720079889e-02
  -8.28615361936680394628e-02
  -8.41536713599163460620e-02
  -8.61090980919412274375e-02
  -8.87529979299111482227e-02
  -9.21040967759112760849e-02
  -9.61736003511509396358e-02
  -1.00964282112259093327e-01
  -1.06469776304901786457e-01
  -1.12674122807016552361e-01
  -1.19551600542788433179e-01
  -1.27066872993680135551e-01
  -1.35175453543554702218e-01
  -1.43824481248339020034e-01
  -1.52953780495971275455e-01
  -1.62497162354698521103e-01
  -1.72383912509179670902e-01
  -1.82540401601241630836e-01
  -1.92891749172655280198e-01
  -2.03363472454572757897e-01
  -2.13883055702628610550e-01
  -2.24381383992090288615e-01
  -2.34793996421876705050e-01
  -2.45062126431372817592e-01
  -2.55133510283296560672e-01
  -2.64962957678484045676e-01
  -2.74512690094249778294e-01
  -2.83752462167199848153e-01
  -2.92659488915360754824e-01
  -3.01218206699507384805e-01
  -3.09419898647140312331e-01
  -3.17262216047329292934e-01
  -3.24748626314436128482e-01
  -3.31887815903680827301e-01
  -3.38693073437823621852e-01
  -3.45181674641176161611e-01
  -3.51374286792224876930e-01
  -3.57294406557253751977e-01
  -3.62967841447549011136e-01
  -3.68422241883666901074e-01
  -3.73686688028816660356e-01
  -3.78791333204576197158e-01
  -3.83767103822672983604e-01
  -3.88645454330981188207e-01
  -3.93458174639662816574e-01
  -3.98237246809701239680e-01
  -4.03014747401248207836e-01
  -4.07822791735893974696e-01
  -4.12693516376833602344e-01
  -4.17659096330455503754e-01
  -4.22751793781839690922e-01
  -4.28004035566024121362e-01
  -4.33448517019452694843e-01
  -4.39118330334457351860e-01
  -4.45047116039056001036e-01
  -4.51269236736401069265e-01
  -4.57819972758022275539e-01
  -4.64735739910222100946e-01
  -4.72054330027195101493e-01
  -4.79815175588829800901e-01
  -4.88059640224759949678e-01
  -4.96831337515802107241e-01
  -5.06176481130360289562e-01
  -5.16144270008779826320e-01
  -5.26787313047528238386e-01
  -5.38162098554006096407e-01
  -5.50329514660897634037e-01
  -5.63355427928799779025e-01
  -5.77311328552879365894e-01
  -5.92275051954277986788e-01
  -6.08331588114324306460e-01
  -6.25573991841305021566e-01
  -6.44104409294368407402e-01
  -6.64035238583861930906e-01
  -6.85490445190469532832e-01
  -7.08607056377763999677e-01
  -7.33536862808703560290e-01
  -7.60448360330219341741e-01
  -7.89528970495878112956e-01
  -8.20987585013098541964e-01
  -8.55057487120278181258e-01
  -8.91999712142774292545e-01
  -9.32106920413842687800e-01
  -9.75707868693701518836e-01
  -1.02317258155248014262e+00
  -1.07491834234931937786e+00
  -1.13141664497497362873e+00
  -1.19320127306957646240e+00
  -1.26087770376084362667e+00
  -1.33513406904774045714e+00
  -1.41675395098546719197e+00
  -1.50663133836768126095e+00
  -1.60578813473418380298e+00
  -1.71539468315955478950e+00
  -1.83679386659832122319e+00
  -1.97152945988696148838e+00
  -2.12137956060783938739e+00
  -2.28839612642752099347e+00
  -2.47495192129931984582e+00
  -2.68379656303693181485e+00
  -2.91812393772744993470e+00
  -3.18165411416175292203e+00
  -3.47873424054713709097e+00
  -3.81446504988576862161e+00
  -4.19486307264377789039e+00
  -4.62707437703083623859e+00
  -5.11966525925153348453e+00
  -5.68303177105990631190e+00
  -6.32999898832142093852e+00
  -7.07673391447291066925e+00
  -7.94419725326573455959e+00
  -8.96056482733856363154e+00
  -1.01654983014431223864e+01
  -1.16182208057963443082e+01
  -1.34142597241759204962e+01
  -1.57249409789255452097e+01
  -1.89106557230343170772e+01
  -2.39768259192375730038e+01
  -3.68779306934570740850e+01
  -2.89530283160256090014e+01
  -2.16344112844616454083e+01
  -1.78208157850114474741e+01
  -1.52744334113217021809e+01
  -1.33927952837347916670e+01
  -1.19236510019572641284e+01
  -1.07365552248676880964e+01
  -9.75482102951564122861e+00
  -8.92926442845850054653e+00
  -8.22629103664866434542e+00
  -7.62184255323769743740e+00
</dep>
<dep Zin_ohm frequency>
  +1.61067821061861451426e+02
  +2.00151719227815277691e+02
  +2.44624537909621921017e+02
  +2.91460213298669543747e+02
  +3.39345960124252655987e+02
  +3.87711049371994818102e+02
  +4.36318869896361320571e+02
  +4.85092736385506839270e+02
  +5.34036961400674044853e+02
  +5.83198917537067131889e+02
  +6.32649924818531076198e+02
  +6.82475326325255650772e+02
  +7.32769294831821184744e+02
  +7.83632192606549324410e+02
  +8.35169369781779550976e+02
  +8.87490809333815946047e+02
  +9.40711295883937395956e+02
  +9.94950930174709924358e+02
  +1.05033589201546897129e+03
  +1.10699940174453627151e+03
  +1.16508285926048642978e+03
  +1.22473715869150578328e+03
  +1.28612419040696067896e+03
  +1.34941855302802719052e+03
  +1.41480950805732209119e+03
  +1.48250321988978134868e+03
  +1.55272533521538684909e+03
  +1.62572396903111211941e+03
  +1.70177318055125510909e+03
  +1.78117704230840763557e+03
  +1.86427443100905702522e+03
  +1.95144470099658838080e+03
  +2.04311444281491594666e+03
  +2.13976558353376003652e+03
  +2.24194515656372095691e+03
  +2.35027716274795238860e+03
  +2.46547707015162768585e+03
  +2.58836966942075241604e+03
  +2.71991123250911778086e+03
  +2.86121724079613886715e+03
  +3.01359739240590351983e+03
  +3.17860022544920275323e+03
  +3.35807059192644237555e+03
  +3.55422452296450683207e+03
  +3.76974795671061929170e+03
  +4.00792870620391204284e+03
  +4.27283550585671218869e+03
  +4.56956497504515937180e+03
  +4.90458858877683178434e+03
  +5.28625032491420097358e+03
  +5.72549728070271794422e+03
  +6.23698125188555786735e+03
  +6.84077129139556927839e+03
  +7.56511276124885807803e+03
  +8.45106326223868018133e+03
  +9.56068475035428127740e+03
  +1.09924388273707481858e+04
  +1.29124362566040417732e+04
  +1.56245082581576043594e+04
  +1.97499252371248658164e+04
  +2.67866166610243053583e+04
  +4.14784282952102075797e+04
  +9.02321514504922961351e+04
  +2.48276935347861086484e+05
  +6.19501595888917800039e+04
  +3.41733554920965761994e+04
  +2.35361894596489364631e+04
  +1.79303414190295807202e+04
  +1.44691414706669002044e+04
  +1.21183137986288420507e+04
  +1.04162142779492896807e+04
  +9.12585524447460920783e+03
  +8.11310704800653002167e+03
  +7.29636953561974587501e+03
  +6.62315460038140736287e+03
  +6.05816847257275185257e+03
  +5.57680468779345937946e+03
  +5.16138380637362297421e+03
  +4.79887623388050997164e+03
  +4.47946785057213310210e+03
  +4.19562569844099925831e+03
  +3.94147151776727878314e+03
  +3.71235095828352905301e+03
  +3.50453068993797478470e+03
  +3.31498120069919377784e+03
  +3.14121827373362475555e+03
  +2.98118544553780748174e+03
  +2.83316559519661450395e+03
  +2.69571357553145753627e+03
  +2.56760426612048468087e+03
  +2.44779208061948929753e+03
  +2.33537908602989091378e+03
  +2.22958967005686918128e+03
  +2.12975023925648883960e+03
  +2.03527281961049902748e+03
  +1.94564171143181897605e+03
  +1.86040255482248176122e+03
  +1.77915331248454072011e+03
  +1.70153678879145354585e+03
  +1.62723438829398673988e+03
  +1.55596088075094280612e+03
  +1.48745998867668095045e+03
  +1.42150065112806669276e+03
  +1.35787384680920126812e+03
  +1.29638988261125427925e+03
  +1.23687607195839018459e+03
  +1.17917474195655449876e+03
  +1.12314152023065412322e+03
  +1.06864386219409971090e+03
  +1.01555978790970016234e+03
  +9.63776805195154111061e+02
  +9.13191002716734146816e+02
  +8.63706304078062657936e+02
  +8.15233882079652062203e+02
  +7.67691742432693331466e+02
  +7.21004499835767205695e+02
  +6.75103389017047334164e+02
  +6.29926583409337240482e+02
  +5.85419942074921323183e+02
  +5.41538384891673672428e+02
  +4.98248232122444790093e+02
  +4.55531086007322471687e+02
  +4.13390276033625355012e+02
  +3.71861736482794015046e+02
  +3.31032862099790179400e+02
  +2.91076328184214276007e+02
  +2.52313095344828298039e+02
  +2.15333899523411702148e+02
  +1.81236390717163317277e+02
  +1.52058320098515878271e+02
  +1.31325812576000430454e+02
  +1.23699192620570968870e+02
  +1.31900922446264360133e+02
  +1.53882479209410718113e+02
  +1.85278988134335094173e+02
  +2.22632270432116740722e+02
  +2.63928296899226097594e+02
  +3.08103022210576682482e+02
  +3.54616668331584321550e+02
  +4.03216237675759998638e+02
  +4.53813648536711184533e+02
  +5.06423162282312773641e+02
  +5.61128636982573652858e+02
  +6.18066195570973832218e+02
  +6.77415186685040566772e+02
  +7.39393776403105221107e+02
  +8.04257162391890801700e+02
  +8.72297179721475004044e+02
  +9.43842385878429354307e+02
  +1.01925774815995464451e+03
  +1.09894286782771064281e+03
  +1.18332725169360946893e+03
  +1.27286042322650860115e+03
  +1.36799355011546504102e+03
  +1.46914762204662656586e+03
  +1.57666091913078457765e+03
  +1.69070556624622690833e+03
  +1.81115975872606145458e+03
  +1.93742011196240423487e+03
  +2.06814084180299278160e+03
  +2.20089977834784031074e+03
  +2.33182619431117018394e+03
  +2.45529303543118885500e+03
  +2.56387271396520418421e+03
  +2.64883288745702975575e+03
  +2.70139116884517579820e+03
  +2.71463097874499226236e+03
  +2.68546426203184273618e+03
  +2.61570407309391248418e+03
  +2.51162660006953638003e+03
  +2.38224661781352506296e+03
  +2.23719432381834485568e+03
  +2.08505720161283352354e+03
  +1.93254605071857031362e+03
  +1.78437171362403228159e+03
  +1.64353099878401394562e+03
  +1.51173511672758945679e+03
  +1.38982319447382224098e+03
  +1.27809662686113870222e+03
  +1.17656388464319843479e+03
  +1.08510803273985425221e+03
</dep>
<dep Zin_norm frequency>
  +3.22135642123722920616e+00
  +4.00303438455630544723e+00
  +4.89249075819243817165e+00
  +5.82920426597339069730e+00
  +6.78691920248505287105e+00
  +7.75422098743989618441e+00
  +8.72637739792722655352e+00
  +9.70185472771013657223e+00
  +1.06807392280134809681e+01
  +1.16639783507413437036e+01
  +1.26529984963706212397e+01
  +1.36495065265051138681e+01
  +1.46553858966364245475e+01
  +1.56726438521309869856e+01
  +1.67033873956355911616e+01
  +1.77498161866763197736e+01
  +1.88142259176787476349e+01
  +1.98990186034941984872e+01
  +2.10067178403093777206e+01
  +2.21399880348907274197e+01
  +2.33016571852097271744e+01
  +2.44947431738301162341e+01
  +2.57224838081392128686e+01
  +2.69883710605605422472e+01
  +2.82961901611464412554e+01
  +2.96500643977956279684e+01
  +3.10545067043077374080e+01
  +3.25144793806222409671e+01
  +3.40354636110251007608e+01
  +3.56235408461681544168e+01
  +3.72854886201811410729e+01
  +3.90288940199317693214e+01
  +4.08622888562983206384e+01
  +4.27953116706752041409e+01
  +4.48389031312744208435e+01
  +4.70055432549590506142e+01
  +4.93095414030325542853e+01
  +5.17673933884150443419e+01
  +5.43982246501823567542e+01
  +5.72243448159227767746e+01
  +6.02719478481180672702e+01
  +6.35720045089840581909e+01
  +6.71614118385288492163e+01
  +7.10844904592901372098e+01
  +7.53949591342123852655e+01
  +8.01585741240782425621e+01
  +8.54567101171342358157e+01
  +9.13912995009031874361e+01
  +9.80917717755366425081e+01
  +1.05725006498284017198e+02
  +1.14509945614054359453e+02
  +1.24739625037711149957e+02
  +1.36815425827911383294e+02
  +1.51302255224977159287e+02
  +1.69021265244773616132e+02
  +1.91213695007085618727e+02
  +2.19848776547414956894e+02
  +2.58248725132080835465e+02
  +3.12490165163152084915e+02
  +3.94998504742497289044e+02
  +5.35732333220486111713e+02
  +8.29568565904204092476e+02
  +1.80464302900984603184e+03
  +4.96553870695722162054e+03
  +1.23900319177783558189e+03
  +6.83467109841931460323e+02
  +4.70723789192978756546e+02
  +3.58606828380591650784e+02
  +2.89382829413338015456e+02
  +2.42366275972576858067e+02
  +2.08324285558985792477e+02
  +1.82517104889492173925e+02
  +1.62262140960130608391e+02
  +1.45927390712394924321e+02
  +1.32463092007628148394e+02
  +1.21163369451455039894e+02
  +1.11536093755869188726e+02
  +1.03227676127472463463e+02
  +9.59775246776101909063e+01
  +8.95893570114426580631e+01
  +8.39125139688199936927e+01
  +7.88294303553455790734e+01
  +7.42470191656705793548e+01
  +7.00906137987594917149e+01
  +6.62996240139838732830e+01
  +6.28243654746724971005e+01
  +5.96237089107561502033e+01
  +5.66633119039322892263e+01
  +5.39142715106291490201e+01
  +5.13520853224096924805e+01
  +4.89558416123897828243e+01
  +4.67075817205978225388e+01
  +4.45917934011373802150e+01
  +4.25950047851297739498e+01
  +4.07054563922099816864e+01
  +3.89128342286363775315e+01
  +3.72080510964496369297e+01
  +3.55830662496908161074e+01
  +3.40307357758290720540e+01
  +3.25446877658797362187e+01
  +3.11192176150188579697e+01
  +2.97491997735336184405e+01
  +2.84300130225613330026e+01
  +2.71574769361840253623e+01
  +2.59277976522250845903e+01
  +2.47375214391678035497e+01
  +2.35834948391310916804e+01
  +2.24628304046130828908e+01
  +2.13728772438819945023e+01
  +2.03111957581940032469e+01
  +1.92755361039030823633e+01
  +1.82638200543346833626e+01
  +1.72741260815612527324e+01
  +1.63046776415930416704e+01
  +1.53538348486538662740e+01
  +1.44200899967153439718e+01
  +1.35020677803409459017e+01
  +1.25985316681867445254e+01
  +1.17083988414984254689e+01
  +1.08307676978334725959e+01
  +9.96496464244889601503e+00
  +9.11062172014644922058e+00
  +8.26780552067250695814e+00
  +7.43723472965588072725e+00
  +6.62065724199580341036e+00
  +5.82152656368428544909e+00
  +5.04626190689656617394e+00
  +4.30667799046823418507e+00
  +3.62472781434326662975e+00
  +3.04116640197031751214e+00
  +2.62651625152000844921e+00
  +2.47398385241141927082e+00
  +2.63801844892528691844e+00
  +3.07764958418821432673e+00
  +3.70557976268670197229e+00
  +4.45264540864233460127e+00
  +5.27856593798452156108e+00
  +6.16206044421153364965e+00
  +7.09233336663168589808e+00
  +8.06432475351519961748e+00
  +9.07627297073422312224e+00
  +1.01284632456462553307e+01
  +1.12225727396514720624e+01
  +1.23613239114194755075e+01
  +1.35483037337008109802e+01
  +1.47878755280621039248e+01
  +1.60851432478378164603e+01
  +1.74459435944295009335e+01
  +1.88768477175685873704e+01
  +2.03851549631990920375e+01
  +2.19788573565542115773e+01
  +2.36665450338721896628e+01
  +2.54572084645301721650e+01
  +2.73598710023093012467e+01
  +2.93829524409325308909e+01
  +3.15332183826156935424e+01
  +3.38141113249245393035e+01
  +3.62231951745212299443e+01
  +3.87484022392480866870e+01
  +4.13628168360598564846e+01
  +4.40179955669568059307e+01
  +4.66365238862234079420e+01
  +4.91058607086237799422e+01
  +5.12774542793040808419e+01
  +5.29766577491405925571e+01
  +5.40278233769035196588e+01
  +5.42926195748998452473e+01
  +5.37092852406368592710e+01
  +5.23140814618782457046e+01
  +5.02325320013907301586e+01
  +4.76449323562705018276e+01
  +4.47438864763668959768e+01
  +4.17011440322566713235e+01
  +3.86509210143714057040e+01
  +3.56874342724806439264e+01
  +3.28706199756802774914e+01
  +3.02347023345517875725e+01
  +2.77964638894764455301e+01
  +2.55619325372227734761e+01
  +2.35312776928639699747e+01
  +2.17021606547970833390e+01
</dep>
<dep S[2,2] frequency>
  -9.13114453485627031171e-01+j8.76066025713456569823e-02
  -9.14820517822857781631e-01+j1.27869916937747102326e-01
  -9.14196318657303441668e-01+j1.67297347991633038600e-01
  -9.11440558753117691104e-01+j2.05894797196806145223e-01
  -9.06718336282628545320e-01+j2.43675387738511828317e-01
  -9.00166561515204688426e-01+j2.80655864275719202361e-01
  -8.91898484775684452508e-01+j3.16854080492060263818e-01
  -8.82007467751425688895e-01+j3.52287249720991846313e-01
  -8.70570121338775315678e-01+j3.86970729291559401020e-01
  -8.57648919042273361057e-01+j4.20917176565737349847e-01
  -8.43294379531829618735e-01+j4.54135962137940496497e-01
  -8.27546897308129913995e-01+j4.86632759207078158248e-01
  -8.10438287376416099939e-01+j5.18409251859702768783e-01
  -7.91993098640313197834e-01+j5.49462921835064399545e-01
  -7.72229741359092058950e-01+j5.79786885329147572143e-01
  -7.51161466289700707755e-01+j6.09369759972632540901e-01
  -7.28797226837255340826e-01+j6.38195548299553605531e-01
  -7.05142450440401691303e-01+j6.66243528523222439119e-01
  -6.80199741313894379324e-01+j6.93488146759471235647e-01
  -6.53969533377478318137e-01+j7.19898907344932448282e-01
  -6.26450709561126251046e-01+j7.45440259848194841652e-01
  -5.97641201558779755487e-01+j7.70071482950962504788e-01
  -5.67538582392685175826e-01+j7.93746566720685664542e-01
  -5.36140662751489083249e-01+j8.16414096005663725286e-01
  -5.03446100892045111941e-01+j8.38017138832482522126e-01
  -4.69455034872481635766e-01+j8.58493144828041065963e-01
  -4.34169744941271862348e-01+j8.77773859864936278896e-01
  -3.97595352977882010581e-01+j8.95785264366415256987e-01
  -3.59740564898448245135e-01+j9.12447544022422563081e-01
  -3.20618460838648144939e-01+j9.27675103066400774665e-01
  -2.80247336637273025683e-01+j9.41376631736881464008e-01
  -2.38651598597309777539e-01+j9.53455241078097093244e-01
  -1.95862711624922747333e-01+j9.63808679783034416566e-01
  -1.51920198568172626352e-01+j9.72329649294812914384e-01
  -1.06872685827011884574e-01+j9.78906234779286066328e-01
  -6.07789870217205138725e-02+j9.83422470758888334075e-01
  -1.37092126394317281868e-02+j9.85759061020789695284e-01
  +3.42541108998708904165e-02+j9.85794272716424502256e-01
  +8.30149343992560295735e-02+j9.83405024156762341825e-01
  +1.32462618540436199988e-01+j9.78468184451880995667e-01
  +1.82470939394819009483e-01+j9.70862100594250265750e-01
  +2.32897206476067514247e-01+j9.60468363581075457169e-01
  +2.83581539322348918919e-01+j9.47173819457401533484e-01
  +3.34346354484044150368e-01+j9.30872823516366132424e-01
  +3.84996119767902433839e-01+j9.11469726161739823844e-01
  +4.35317436043944239188e-01+j8.88881567075829104319e-01
  +4.85079508156634253702e-01+j8.63040940456112570800e-01
  +5.34035064738701881204e-01+j8.33898978507618293676e-01
  +5.81921781244611135975e-01+j8.01428383679433919973e-01
  +6.28464250620912046053e-01+j7.65626423172382053473e-01
  +6.73376531211063666937e-01+j7.26517783174532416623e-01
  +7.16365281549857013665e-01+j6.84157166521455084585e-01
  +7.57133466849267633414e-01+j6.38631507642267837177e-01
  +7.95384592946326685059e-01+j5.90061674423965953906e-01
  +8.30827391595147290992e-01+j5.38603529582942885945e-01
  +8.63180848152624413672e-01+j4.84448235533266047259e-01
  +8.92179431361151853430e-01+j4.27821707296694386802e-01
  +9.17578357848561343424e-01+j3.68983147657077570347e-01
  +9.39158704007256317503e-01+j3.08222636551538253791e-01
  +9.56732167696899282738e-01+j2.45857790665948955366e-01
  +9.70145283746972841854e-01+j1.82229556512973595028e-01
  +9.79282911585181325975e-01+j1.17697247380065400657e-01
  +9.84070840365883658940e-01+j5.26329775656610501788e-02
  +9.84477395309202529816e-01-j1.25843175028628566359e-02
  +9.80513975956760153174e-01-j7.75750625664646392687e-02
  +9.72234509109559663642e-01-j1.41965201725516299014e-01
  +9.59733852178968227520e-01-j2.05392115420354903765e-01
  +9.43145232322283089132e-01-j2.67510092287049472404e-01
  +9.22636849245026979816e-01-j3.27995182150227104767e-01
  +8.98407801981514153589e-01-j3.86549294712829616394e-01
  +8.70683520502533614405e-01-j4.42903452380853879244e-01
  +8.39710891091295486000e-01-j4.96820151345194638282e-01
  +8.05753260716479124959e-01-j5.48094828971943393014e-01
  +7.69085491740934767968e-01-j5.96556474739854181166e-01
  +7.29989216541270691252e-01-j6.42067454237728596489e-01
  +6.88748414617650572822e-01-j6.84522639841757651880e-01
  +6.45645405194152255390e-01-j7.23847957271976372162e-01
  +6.00957318541133878043e-01-j7.59998464680791463444e-01
  +5.54953081246675528071e-01-j7.92956081232123244362e-01
  +5.07890925847879981525e-01-j8.22727076624703790309e-01
  +4.60016414483026103710e-01-j8.49339423192406073326e-01
  +4.11560949926190244863e-01-j8.72840099558099380417e-01
  +3.62740735492821042563e-01-j8.93292420666164654897e-01
  +3.13756137531264411855e-01-j9.10773454495092726901e-01
  +2.64791400020645328883e-01-j9.25371571724913910550e-01
  +2.16014659556257399009e-01-j9.37184161720794550732e-01
  +1.67578210073703687266e-01-j9.46315536778784549554e-01
  +1.19618969424726440121e-01-j9.52875036853774060042e-01
  +7.22591038227174964348e-02-j9.56975338992730018006e-01
  +2.56067707588163023802e-02-j9.58730969358211559950e-01
  -2.02430541214374572212e-02-j9.58257010906103712244e-01
  -6.52076957808492563284e-02-j9.55667996294443433669e-01
  -1.09215869066538434629e-01-j9.51076973247526269439e-01
  -1.52206758968819827471e-01-j9.44594728181997189687e-01
  -1.94129108333672195652e-01-j9.36329153232528521578e-01
  -2.34940325946472738927e-01-j9.26384741725889471198e-01
  -2.74605624807247150621e-01-j9.14862197498395923745e-01
  -3.13097197763012424776e-01-j9.01858144109978443481e-01
  -3.50393435423648424987e-01-j8.87464920878376695157e-01
  -3.86478189428310858755e-01-j8.71770453658697763721e-01
  -4.21340082609078681042e-01-j8.54858189364442688785e-01
  -4.54971866376064626447e-01-j8.36807084318578087156e-01
  -4.87369824682989727371e-01-j8.17691637602614429525e-01
  -5.18533223186074532229e-01-j7.97581961613357925955e-01
  -5.48463801647138926576e-01-j7.76543883024720327235e-01
  -5.77165307222734624837e-01-j7.54639068275808067021e-01
  -6.04643065997230166886e-01-j7.31925168561651129373e-01
  -6.30903589935201236649e-01-j7.08455980088040337961e-01
  -6.55954216326624650613e-01-j6.84281616068889708693e-01
  -6.79802776759858340405e-01-j6.59448687596860150251e-01
  -7.02457292667818089527e-01-j6.34000491110834452080e-01
  -7.23925694540181519088e-01-j6.07977200723482047451e-01
  -7.44215561969191807812e-01-j5.81416064165214518944e-01
  -7.63333881791436685837e-01-j5.54351601554815442974e-01
  -7.81286821696823841066e-01-j5.26815806629396310434e-01
  -7.98079516795212828839e-01-j4.98838350465042101867e-01
  -8.13715866758265349290e-01-j4.70446788102432844614e-01
  -8.28198341288171935304e-01-j4.41666768867319425862e-01
  -8.41527791806826130916e-01-j4.12522251552311536305e-01
  -8.53703267410930832781e-01-j3.83035726012781907457e-01
  -8.64721833304682441224e-01-j3.53228443134889269484e-01
  -8.74578390108023184801e-01-j3.23120655567322057067e-01
  -8.83265492653725337036e-01-j2.92731872080110977485e-01
  -8.90773167142002608720e-01-j2.62081128934156248889e-01
  -8.97088725831938882394e-01-j2.31187282224560725075e-01
  -9.02196578834091655885e-01-j2.00069325810258019649e-01
  -9.06078043052805259805e-01-j1.68746740172287856829e-01
  -9.08711148941523938483e-01-j1.37239878363229816927e-01
  -9.10070446519433806642e-01-j1.05570396128921162315e-01
  -9.10126813103070753108e-01-j7.37617343052646146084e-02
  -9.08847266494685279703e-01-j4.18396627176516253122e-02
  -9.06194789017781499041e-01-j9.83289602905945692157e-03
  -9.02128169895404452561e-01+j2.22262067262121165712e-02
  -8.96601876145187604017e-01+j5.43008458642352809242e-02
  -8.89565965558407278913e-01+j8.63488736853359195589e-02
  -8.80966059605555740220e-01+j1.18321760539834758275e-01
  -8.70743399463004053018e-01+j1.50163418020775180084e-01
  -8.58835015002784918359e-01+j1.81808862711119845201e-01
  -8.45174044766474286128e-01+j2.13182704552055846126e-01
  -8.29690254889311473718e-01+j2.44197445938547336164e-01
  -8.12310816857047091055e-01+j2.74751581766790375916e-01
  -7.92961417986341010611e-01+j3.04727497773220723509e-01
  -7.71567794574672505270e-01+j3.33989175826614581588e-01
  -7.48057795428458627285e-01+j3.62379731918553049663e-01
  -7.22364102127382001761e-01+j3.89718837377505400443e-01
  -6.94427750353850070653e-01+j4.15800108606934337718e-01
  -6.64202611245076290913e-01+j4.40388597983028817762e-01
  -6.31660998806271134498e-01+j4.63218581012694530230e-01
  -5.96800562697563319325e-01+j4.83991914514911802936e-01
  -5.59652596364805243745e-01+j5.02377338125584826933e-01
  -5.20291826844299087895e-01+j5.18011204726911422824e-01
  -4.78847640242835326241e-01+j5.30500247541399017059e-01
  -4.35516519899663501203e-01+j5.39427108214846184886e-01
  -3.90575217763518722780e-01+j5.44359436358726411775e-01
  -3.44393835074556398101e-01+j5.44863388707190088311e-01
  -2.97447562031829704221e-01+j5.40522253300699029310e-01
  -2.50325349331985580470e-01+j5.30960638450574951008e-01
  -2.03733326725453273154e-01+j5.15874135397027644423e-01
  -1.58490461479154270963e-01+j4.95063546404979515358e-01
  -1.15513924622055369484e-01+j4.68471678137798719366e-01
  -7.57920898687270833127e-02+j4.36219435154363510687e-01
  -4.03441858169182460125e-02+j3.98636731411089295651e-01
  -1.01674059693518392677e-02+j3.56282908423070365789e-01
  +1.38253917412336502224e-02+j3.09951309729655954950e-01
  +3.08717889197527260714e-02+j2.60653755773449069544e-01
  +4.04220992740599305293e-02+j2.09583008836218054327e-01
  +4.21893825474024611322e-02+j1.58054660220966591844e-01
  +3.61795296718759179511e-02+j1.07433550524026338868e-01
  +2.26963419743378830296e-02+j5.90529225325492693188e-02
  +2.32038903750120262259e-03+j1.41361157580403365430e-02
  -2.41353418677762027178e-02-j2.62697669472284761616e-02
  -5.56864651285363665423e-02-j6.13410689891527860507e-02
  -9.12463502359177891510e-02-j9.05020373997063726224e-02
  -1.29694728721401197902e-01-j1.13426705229283539267e-01
  -1.69938535754475816830e-01-j1.30021553898327452137e-01
  -2.10960209920201202660e-01-j1.40394284654193957085e-01
  -2.51851361760503711373e-01-j1.44814661755299334267e-01
  -2.91832052812646569606e-01-j1.43672908883919564493e-01
  -3.30257563413488663961e-01-j1.37439961968136986625e-01
  -3.66615394999811938792e-01-j1.26632440455775402421e-01
  -4.00515463816651651197e-01-j1.11783831238538994279e-01
</dep>
<dep S[2,1] frequency>
  -3.76190293571212128199e-02-j3.91593914300887635527e-01
  -5.23881409500777175947e-02-j3.74302952449196812967e-01
  -6.55442127856551426390e-02-j3.57675396582836702120e-01
  -7.72973292917487619924e-02-j3.41689841591058363068e-01
  -8.78243041027741561111e-02-j3.26316506710731479846e-01
  -9.72740556021977620382e-02-j3.11520757396014869034e-01
  -1.05772087631310865441e-01-j2.97265536413983066932e-01
  -1.13424206795343915366e-01-j2.83513028980517389765e-01
  -1.20319598849119774320e-01-j2.70225791435448448041e-01
  -1.26533372406707811386e-01-j2.57367505696340703736e-01
  -1.32128662752088010812e-01-j2.44903474307501145546e-01
  -1.37158373814886880293e-01-j2.32800937449748612806e-01
  -1.41666623269576685828e-01-j2.21029269651376841788e-01
  -1.45689944476126903572e-01-j2.09560097226597769060e-01
  -1.49258289565444651759e-01-j1.98367365616356650104e-01
  -1.52395870212019557410e-01-j1.87427377381673893053e-01
  -1.55121866310099248976e-01-j1.76718815590472339006e-01
  -1.57451027657339287513e-01-j1.66222763032422754526e-01
  -1.59394189647950462740e-01-j1.55922724588085620523e-01
  -1.60958720707909258563e-01-j1.45804657808676074726e-01
  -1.62148916616085020381e-01-j1.35857015073062803445e-01
  -1.62966354820009429183e-01-j1.26070799392091842384e-01
  -1.63410220266611810880e-01-j1.16439634890044829696e-01
  -1.63477613036691699078e-01-j1.06959852106386699155e-01
  -1.63163847120068927765e-01-j9.76305874508168608505e-02
  -1.62462748929079109361e-01-j8.84538953514035219960e-02
  -1.61366963559177734044e-01-j7.94348708122087632244e-02
  -1.59868276309599405272e-01-j7.05817792074663746815e-02
  -1.57957956516278946735e-01-j6.19061891557508917061e-02
  -1.55627130265270419152e-01-j5.34231032205168127058e-02
  -1.52867187986461539051e-01-j4.51510799625563091775e-02
  -1.49670232208314629707e-01-j3.71123395249268739349e-02
  -1.46029569815554260970e-01-j2.93328434751241561018e-02
  -1.41940251918661664021e-01-j2.18423380911378500757e-02
  -1.37399662841183267670e-01-j1.46743487061148144418e-02
  -1.32408157682972454916e-01-j7.86611119251192508761e-03
  -1.26969745355870550219e-01-j1.45842527041764114318e-03
  -1.21092810856743712811e-01+j4.50458680351591752439e-03
  -1.14790866809248465197e-01+j9.97583330641139791328e-03
  -1.08083319971617339283e-01+j1.49057350867501398756e-02
  -1.00996233525068104808e-01+j1.92428529906944895123e-02
  -9.35630606428077826742e-02+j2.29346752104946649542e-02
  -8.58253192914679996495e-02+j2.59285758453242469457e-02
  -7.78331727293855024641e-02+j2.81729511294150324063e-02
  -6.96458751398491976436e-02+j2.96185331637002502436e-02
  -6.13320377803084695878e-02+j3.02198724795646987695e-02
  -5.29696685450355489455e-02+j2.99369703913657421446e-02
  -4.46459376025078319428e-02+j2.87370300613171737736e-02
  -3.64566244741236500371e-02+j2.65962819332155528396e-02
  -2.85052082108272902827e-02+j2.35018253752805883483e-02
  -2.09015727005292077656e-02+j1.94534149636294388663e-02
  -1.37603138522951421591e-02+j1.44651080444596329827e-02
  -7.19865434169435474548e-03+j8.56668143283736277516e-03
  -1.33399419277195727292e-03+j1.80472081748259799948e-03
  +3.71884938547619630159e-03-j5.75671195655130720631e-03
  +7.85063343357787248034e-03-j1.40359199358847022004e-02
  +1.09608076091568442528e-02-j2.29339903709009883259e-02
  +1.29606339012128812804e-02-j3.23358383395339274435e-02
  +1.37761669655243803451e-02-j4.21118901070162837685e-02
  +1.33509475873138609009e-02-j5.21203860370745217234e-02
  +1.16482650749628012521e-02-j6.22102448348343245454e-02
  +8.65285857498563834578e-03-j7.22243935993624186498e-02
  +4.37195210357724673572e-03-j8.20034350241948400972e-02
  -1.16444793315060072213e-03-j9.13894973942245558707e-02
  -7.90402334786330200422e-03-j1.00230097496888548303e-01
  -1.57733696577802319505e-02-j1.08381842943983688898e-01
  -2.46799198833370300732e-02-j1.15713809218842958448e-01
  -3.45144711277162730134e-02-j1.22110447240879702036e-01
  -4.51541870706674217106e-02-j1.27473907391052437843e-01
  -5.64659282080192323483e-02-j1.31725702845166992017e-01
  -6.83097516603277526981e-02-j1.34807675258173581545e-01
  -8.05424237075859916768e-02-j1.36682265778129696798e-01
  -9.30207998131447888479e-02-j1.37332130819407899347e-01
  -1.05604946830633122934e-01-j1.36759172431199671482e-01
  -1.18160907839071890879e-01-j1.34983075770643640157e-01
  -1.30563038914985024563e-01-j1.32039460378457318424e-01
  -1.42695876533980386958e-01-j1.27977757782343937176e-01
  -1.54455521974386916773e-01-j1.22858926259707568196e-01
  -1.65750553376794146354e-01-j1.16753105717321503665e-01
  -1.76502495895780764368e-01-j1.09737303204073863294e-01
  -1.86645895143956852547e-01-j1.01893184236049774705e-01
  -1.96128048857215464551e-01-j9.33050284422643344540e-02
  -2.04908456779361231037e-01-j8.40578913670377708689e-02
  -2.12958049816701716628e-01-j7.42359986304287899905e-02
  -2.20258257336524071457e-01-j6.39213847777357346835e-02
  -2.26799966910833511458e-01-j5.31927774743760975462e-02
  -2.32582424633699491601e-01-j4.21247184001559277222e-02
  -2.37612117076161782903e-01-j3.07869052420911004653e-02
  -2.41901668573320655087e-01-j1.92437344067599123976e-02
  -2.45468780322726232157e-01-j7.55402120772951431865e-03
  -2.48335231039968573619e-01+j4.22912698173479040253e-03
  -2.50525952882028168922e-01+j1.60583091108731298990e-02
  -2.52068191128850982441e-01+j2.78917238968111255715e-02
  -2.52990751749716080710e-01+j3.96929802098936745924e-02
  -2.53323337456719865912e-01+j5.14308441879099201288e-02
  -2.53095970106716028347e-01+j6.30789405445280060292e-02
  -2.52338495274427976334e-01+j7.46154231354260177866e-02
  -2.51080163389387267525e-01+j8.60226274842527671716e-02
  -2.49349280910276666079e-01+j9.72867157332789195268e-02
  -2.47172924507826241580e-01+j1.08397322425674597079e-01
  -2.44576711053563905507e-01+j1.19347207678886721438e-01
  -2.41584616288800763106e-01+j1.30131922685155887454e-01
  -2.38218835308429882636e-01+j1.40749491075476879098e-01
  -2.34499678381048543008e-01+j1.51200108497479807079e-01
  -2.30445496094235369178e-01+j1.61485861769762956142e-01
  -2.26072628324718194470e-01+j1.71610468165195012569e-01
  -2.21395372059303541246e-01+j1.81579034721979448719e-01
  -2.16425963612480926068e-01+j1.91397836961727824123e-01
  -2.11174571285355577865e-01+j2.01074115986821511104e-01
  -2.05649294977759494740e-01+j2.10615892614701899488e-01
  -1.99856169694589858032e-01+j2.20031796965561243784e-01
  -1.93799170275668564134e-01+j2.29330911735150272390e-01
  -1.87480215024592888895e-01+j2.38522627240800755288e-01
  -1.80899166217751372621e-01+j2.47616506212437942347e-01
  -1.74053825742027573620e-01+j2.56622156199218576234e-01
  -1.66939924342820927849e-01+j2.65549107365256609192e-01
  -1.59551103167291125073e-01+j2.74406693344962204772e-01
  -1.51878886466809859268e-01+j2.83203932710302974662e-01
  -1.43912644483773388693e-01+j2.91949408460238812868e-01
  -1.35639545698524544015e-01+j3.00651142768342372058e-01
  -1.27044497760469388137e-01+j3.09316464009734504170e-01
  -1.18110076583492470959e-01+j3.17951862824638498140e-01
  -1.08816443260989173525e-01+j3.26562833654493511748e-01
  -9.91412486644678569991e-02+j3.35153697798774463656e-01
  -8.90595258486255869634e-02+j3.43727403577208212582e-01
  -7.85435707163888441329e-02+j3.52285298633745025398e-01
  -6.75628118256090259841e-02+j3.60826868776277398521e-01
  -5.60836707775162757184e-02+j3.69349437001266545089e-01
  -4.40694153564519866539e-02+j3.77847815498396077949e-01
  -3.14800085412413957475e-02+j3.86313902463618130678e-01
  -1.82719577441485224456e-02+j3.94736214470716939573e-01
  -4.39817023158457689330e-03+j4.03099343972113388634e-01
  +1.01921772621339674914e-02+j4.11383330241363143198e-01
  +2.55537440836347447271e-02+j4.19562930774923403821e-01
  +4.17450923771608972679e-02+j4.27606778908721563148e-01
  +5.88286967391586299025e-02+j4.35476412286147140929e-01
  +7.68708732663579974442e-02+j4.43125156004207820803e-01
  +9.59415978405016717234e-02+j4.50496844008660191072e-01
  +1.16114175346577919168e-01+j4.57524362957375252403e-01
  +1.37464711606640310748e-01+j4.64128004817852712893e-01
  +1.60071327923247713754e-01+j4.70213618588856852032e-01
  +1.84013044144568094218e-01+j4.75670558655349573485e-01
  +2.09368240132673549825e-01+j4.80369438610767529596e-01
  +2.36212587776789412208e-01+j4.84159716466725009720e-01
  +2.64616327065624823422e-01+j4.86867161951732241310e-01
  +2.94640741782307369334e-01+j4.88291291376767799814e-01
  +3.26333675776281251224e-01+j4.88202902881477107666e-01
  +3.59723923703953785136e-01+j4.86341907340333168275e-01
  +3.94814336873590909782e-01+j4.82415729870914633537e-01
  +4.31573514189665496943e-01+j4.76098654423837308602e-01
  +4.69926011848975533347e-01+j4.67032597235015944914e-01
  +5.09741117786283060020e-01+j4.54829917060395272355e-01
  +5.50820413878822301434e-01+j4.39078986697755468960e-01
  +5.92884605409569998002e-01+j4.19353336446711633112e-01
  +6.35560441749833837655e-01+j3.95225197843093400962e-01
  +6.78368978648914544571e-01+j3.66284173261010037592e-01
  +7.20716909332270727617e-01+j3.32161471318256962260e-01
  +7.61893149368640720809e-01+j2.92559617179012854127e-01
  +8.01073182544583484166e-01+j2.47286729679060957032e-01
  +8.37333700019656679281e-01+j1.96293365293734312083e-01
  +8.69679608040124674240e-01+j1.39708663972595487079e-01
  +8.97084383813497421301e-01+j7.78713148986846653843e-02
  +9.18542975219040713775e-01+j1.13500309993179518409e-02
  +9.33134112929761339039e-01-j5.90518179782548446877e-02
  +9.40086428227694947957e-01-j1.32311669555757321914e-01
  +9.38840761937047574293e-01-j2.07225239980868558565e-01
  +9.29100197600740251858e-01-j2.82464570721012109278e-01
  +9.10860169149187548499e-01-j3.56651539022064423268e-01
  +8.84413566329619427187e-01-j4.28438632886159354030e-01
  +8.50329622980169785862e-01-j4.96587181369202768089e-01
  +8.09409601593882976900e-01-j5.60033609689177924729e-01
  +7.62625814402606461151e-01-j6.17936567413753023992e-01
  +7.11052516291618585953e-01-j6.69701301290067885219e-01
  +6.55797350843353887839e-01-j7.14981450028061127355e-01
  +5.97940569084873918548e-01-j7.53661616083371677099e-01
  +5.38486798225984109045e-01-j7.85826043762332449027e-01
  +4.78331450669895075212e-01-j8.11719366524112917460e-01
  +4.18241532489001976991e-01-j8.31704905323708887366e-01
  +3.58848974082463634261e-01-j8.46224821621880951561e-01
  +3.00653738327134323338e-01-j8.55764987669682897220e-01
  +2.44033750403910926208e-01-j8.60826068966946800209e-01
</dep>
<dep S[1,2] frequency>
  -3.76190293571200470857e-02-j3.91593914300889134328e-01
  -5.23881409500762187936e-02-j3.74302952449196868479e-01
  -6.55442127856513678807e-02-j3.57675396582837423765e-01
  -7.72973292917518012279e-02-j3.41689841591057530401e-01
  -8.78243041027743365223e-02-j3.26316506710731146779e-01
  -9.72740556021978175494e-02-j3.11520757396014813523e-01
  -1.05772087631311975664e-01-j2.97265536413982789377e-01
  -1.13424206795342097376e-01-j2.83513028980519721234e-01
  -1.20319598849119718809e-01-j2.70225791435448392530e-01
  -1.26533372406708699565e-01-j2.57367505696341980492e-01
  -1.32128662752089592880e-01-j2.44903474307500285123e-01
  -1.37158373814886908049e-01-j2.32800937449748363006e-01
  -1.41666623269577934829e-01-j2.21029269651375037675e-01
  -1.45689944476127014594e-01-j2.09560097226597547015e-01
  -1.49258289565445095848e-01-j1.98367365616356344793e-01
  -1.52395870212020112522e-01-j1.87427377381674004075e-01
  -1.55121866310099471020e-01-j1.76718815590473365962e-01
  -1.57451027657338232801e-01-j1.66222763032422671259e-01
  -1.59394189647950268451e-01-j1.55922724588084676833e-01
  -1.60958720707909119785e-01-j1.45804657808676046971e-01
  -1.62148916616086019582e-01-j1.35857015073062858956e-01
  -1.62966354820009401427e-01-j1.26070799392091870139e-01
  -1.63410220266612643547e-01-j1.16439634890045384807e-01
  -1.63477613036691810100e-01-j1.06959852106386629766e-01
  -1.63163847120068705721e-01-j9.76305874508171384063e-02
  -1.62462748929079220384e-01-j8.84538953514033693404e-02
  -1.61366963559177817311e-01-j7.94348708122086938355e-02
  -1.59868276309599405272e-01-j7.05817792074663746815e-02
  -1.57957956516279030001e-01-j6.19061891557506766004e-02
  -1.55627130265270419152e-01-j5.34231032205166531113e-02
  -1.52867187986461511295e-01-j4.51510799625563855053e-02
  -1.49670232208314601952e-01-j3.71123395249271792462e-02
  -1.46029569815554149947e-01-j2.93328434751245446799e-02
  -1.41940251918662857511e-01-j2.18423380911381415093e-02
  -1.37399662841182074180e-01-j1.46743487061143356581e-02
  -1.32408157682971205915e-01-j7.86611119251199621127e-03
  -1.26969745355870577974e-01-j1.45842527041781006188e-03
  -1.21092810856743712811e-01+j4.50458680351629569411e-03
  -1.14790866809248381930e-01+j9.97583330641173791908e-03
  -1.08083319971617311528e-01+j1.49057350867500583436e-02
  -1.00996233525067438674e-01+j1.92428529906943542038e-02
  -9.35630606428077687964e-02+j2.29346752104947551598e-02
  -8.58253192914681245496e-02+j2.59285758453236640786e-02
  -7.78331727293855163419e-02+j2.81729511294150913869e-02
  -6.96458751398492947882e-02+j2.96185331637000628935e-02
  -6.13320377803084279544e-02+j3.02198724795649173447e-02
  -5.29696685450352852675e-02+j2.99369703913659329642e-02
  -4.46459376025065690641e-02+j2.87370300613164382508e-02
  -3.64566244741236777926e-02+j2.65962819332156603924e-02
  -2.85052082108273978356e-02+j2.35018253752805363066e-02
  -2.09015727005303249275e-02+j1.94534149636294909080e-02
  -1.37603138522959626833e-02+j1.44651080444599278857e-02
  -7.19865434169474852771e-03+j8.56668143283810697153e-03
  -1.33399419277202427661e-03+j1.80472081748249391607e-03
  +3.71884938547607877407e-03-j5.75671195655046066125e-03
  +7.85063343357902607145e-03-j1.40359199358841071903e-02
  +1.09608076091572276267e-02-j2.29339903709020187517e-02
  +1.29606339012126193372e-02-j3.23358383395348919498e-02
  +1.37761669655236014542e-02-j4.21118901070159021294e-02
  +1.33509475873141766206e-02-j5.21203860370744662123e-02
  +1.16482650749623103253e-02-j6.22102448348344425066e-02
  +8.65285857498602865856e-03-j7.22243935993607394375e-02
  +4.37195210357677749302e-03-j8.20034350241947568305e-02
  -1.16444793315016855914e-03-j9.13894973942254162935e-02
  -7.90402334786346680295e-03-j1.00230097496888770348e-01
  -1.57733696577801972560e-02-j1.08381842943984618710e-01
  -2.46799198833373145678e-02-j1.15713809218844901339e-01
  -3.45144711277167864916e-02-j1.22110447240879979591e-01
  -4.51541870706672066049e-02-j1.27473907391052659888e-01
  -5.64659282080189964259e-02-j1.31725702845167380595e-01
  -6.83097516603279469871e-02-j1.34807675258174358701e-01
  -8.05424237075866300550e-02-j1.36682265778129363731e-01
  -9.30207998131446223145e-02-j1.37332130819408065880e-01
  -1.05604946830634094379e-01-j1.36759172431199421682e-01
  -1.18160907839072570891e-01-j1.34983075770644195268e-01
  -1.30563038914985662942e-01-j1.32039460378457512713e-01
  -1.42695876533980442469e-01-j1.27977757782343687376e-01
  -1.54455521974387166573e-01-j1.22858926259707443296e-01
  -1.65750553376794285132e-01-j1.16753105717321503665e-01
  -1.76502495895781236213e-01-j1.09737303204073044505e-01
  -1.86645895143957352147e-01-j1.01893184236049830216e-01
  -1.96128048857214770662e-01-j9.33050284422642650650e-02
  -2.04908456779362091460e-01-j8.40578913670377292355e-02
  -2.12958049816701910917e-01-j7.42359986304289565240e-02
  -2.20258257336524099212e-01-j6.39213847777351101831e-02
  -2.26799966910832484501e-01-j5.31927774743760559129e-02
  -2.32582424633699214045e-01-j4.21247184001560456834e-02
  -2.37612117076160644924e-01-j3.07869052420916000656e-02
  -2.41901668573320821620e-01-j1.92437344067594127972e-02
  -2.45468780322726370935e-01-j7.55402120773003126625e-03
  -2.48335231039968684641e-01+j4.22912698173443304950e-03
  -2.50525952882028501989e-01+j1.60583091108731264296e-02
  -2.52068191128851482041e-01+j2.78917238968110908770e-02
  -2.52990751749716524799e-01+j3.96929802098941811317e-02
  -2.53323337456720143468e-01+j5.14308441879107874906e-02
  -2.53095970106716139369e-01+j6.30789405445276174511e-02
  -2.52338495274427809800e-01+j7.46154231354261426867e-02
  -2.51080163389387600592e-01+j8.60226274842527532938e-02
  -2.49349280910276527301e-01+j9.72867157332793081048e-02
  -2.47172924507826602403e-01+j1.08397322425674305646e-01
  -2.44576711053564238574e-01+j1.19347207678886971238e-01
  -2.41584616288801012907e-01+j1.30131922685155665409e-01
  -2.38218835308429160991e-01+j1.40749491075477517477e-01
  -2.34499678381048543008e-01+j1.51200108497479390746e-01
  -2.30445496094235646733e-01+j1.61485861769762900630e-01
  -2.26072628324718721826e-01+j1.71610468165194901546e-01
  -2.21395372059304318402e-01+j1.81579034721979365452e-01
  -2.16425963612480426468e-01+j1.91397836961727962901e-01
  -2.11174571285355716643e-01+j2.01074115986821400082e-01
  -2.05649294977758606562e-01+j2.10615892614702399088e-01
  -1.99856169694589469454e-01+j2.20031796965561354806e-01
  -1.93799170275667675956e-01+j2.29330911735150827502e-01
  -1.87480215024592666850e-01+j2.38522627240800144666e-01
  -1.80899166217751178332e-01+j2.47616506212438303169e-01
  -1.74053825742027712398e-01+j2.56622156199219242367e-01
  -1.66939924342820816827e-01+j2.65549107365256664703e-01
  -1.59551103167290875273e-01+j2.74406693344961982728e-01
  -1.51878886466810358868e-01+j2.83203932710302919151e-01
  -1.43912644483773832782e-01+j2.91949408460238757357e-01
  -1.35639545698524099926e-01+j3.00651142768342372058e-01
  -1.27044497760470026515e-01+j3.09316464009734504170e-01
  -1.18110076583492373814e-01+j3.17951862824638720184e-01
  -1.08816443260988909847e-01+j3.26562833654493622770e-01
  -9.91412486644677876102e-02+j3.35153697798774630190e-01
  -8.90595258486251706298e-02+j3.43727403577208490137e-01
  -7.85435707163890522997e-02+j3.52285298633744803354e-01
  -6.75628118256093035399e-02+j3.60826868776277787099e-01
  -5.60836707775162271461e-02+j3.69349437001266378555e-01
  -4.40694153564523474764e-02+j3.77847815498395855904e-01
  -3.14800085412418120812e-02+j3.86313902463618408234e-01
  -1.82719577441479708035e-02+j3.94736214470716939573e-01
  -4.39817023158424903057e-03+j4.03099343972113555168e-01
  +1.01921772621340472886e-02+j4.11383330241362921154e-01
  +2.55537440836340681849e-02+j4.19562930774923514843e-01
  +4.17450923771616883018e-02+j4.27606778908720785992e-01
  +5.88286967391589352139e-02+j4.35476412286146974395e-01
  +7.68708732663588301115e-02+j4.43125156004208209382e-01
  +9.59415978405014219232e-02+j4.50496844008660246583e-01
  +1.16114175346578071824e-01+j4.57524362957375252403e-01
  +1.37464711606639727881e-01+j4.64128004817852934938e-01
  +1.60071327923247491709e-01+j4.70213618588857129588e-01
  +1.84013044144568094218e-01+j4.75670558655349573485e-01
  +2.09368240132673244513e-01+j4.80369438610767418574e-01
  +2.36212587776789439964e-01+j4.84159716466725065231e-01
  +2.64616327065624157289e-01+j4.86867161951732518865e-01
  +2.94640741782306869734e-01+j4.88291291376768243904e-01
  +3.26333675776281473269e-01+j4.88202902881476885621e-01
  +3.59723923703953785136e-01+j4.86341907340333168275e-01
  +3.94814336873591409383e-01+j4.82415729870914411492e-01
  +4.31573514189665663476e-01+j4.76098654423837197580e-01
  +4.69926011848975977436e-01+j4.67032597235016055937e-01
  +5.09741117786282948998e-01+j4.54829917060395494399e-01
  +5.50820413878822190412e-01+j4.39078986697755413449e-01
  +5.92884605409569886980e-01+j4.19353336446711910668e-01
  +6.35560441749833837655e-01+j3.95225197843093567496e-01
  +6.78368978648914655594e-01+j3.66284173261010870259e-01
  +7.20716909332270727617e-01+j3.32161471318256962260e-01
  +7.61893149368640831831e-01+j2.92559617179012187993e-01
  +8.01073182544583928255e-01+j2.47286729679061123566e-01
  +8.37333700019656901326e-01+j1.96293365293733756971e-01
  +8.69679608040124674240e-01+j1.39708663972595736880e-01
  +8.97084383813497532323e-01+j7.78713148986846931399e-02
  +9.18542975219040602752e-01+j1.13500309993173932599e-02
  +9.33134112929762005173e-01-j5.90518179782544422318e-02
  +9.40086428227695058979e-01-j1.32311669555757793759e-01
  +9.38840761937046797136e-01-j2.07225239980869196943e-01
  +9.29100197600740140835e-01-j2.82464570721011332122e-01
  +9.10860169149187659521e-01-j3.56651539022064534290e-01
  +8.84413566329619316164e-01-j4.28438632886159409541e-01
  +8.50329622980169785862e-01-j4.96587181369203378711e-01
  +8.09409601593883087922e-01-j5.60033609689178146773e-01
  +7.62625814402606572173e-01-j6.17936567413753023992e-01
  +7.11052516291618474931e-01-j6.69701301290067663174e-01
  +6.55797350843353776817e-01-j7.14981450028061127355e-01
  +5.97940569084873363437e-01-j7.53661616083371677099e-01
  +5.38486798225983664956e-01-j7.85826043762332338005e-01
  +4.78331450669894242544e-01-j8.11719366524112806438e-01
  +4.18241532489002310058e-01-j8.31704905323708887366e-01
  +3.58848974082463745283e-01-j8.46224821621881284628e-01
  +3.00653738327134267827e-01-j8.55764987669683119265e-01
  +2.44033750403911120497e-01-j8.60826068966946689187e-01
</dep>
<dep S[1,1] frequency>
  -9.13114453485626365037e-01+j8.76066025713440887923e-02
  -9.14820517822856338341e-01+j1.27869916937747185592e-01
  -9.14196318657300999178e-01+j1.67297347991632594510e-01
  -9.11440558753120688706e-01+j2.05894797196806950135e-01
  -9.06718336282628878386e-01+j2.43675387738511967095e-01
  -9.00166561515204799448e-01+j2.80655864275719257872e-01
  -8.91898484775683231263e-01+j3.16854080492059764218e-01
  -8.82007467751423024360e-01+j3.52287249720994177782e-01
  -8.70570121338775426700e-01+j3.86970729291559345508e-01
  -8.57648919042274804347e-01+j4.20917176565736239624e-01
  -8.43294379531831395092e-01+j4.54135962137941329164e-01
  -8.27546897308129691950e-01+j4.86632759207077381092e-01
  -8.10438287376417432206e-01+j5.18409251859704989229e-01
  -7.91993098640313419878e-01+j5.49462921835065065679e-01
  -7.72229741359092725084e-01+j5.79786885329147794188e-01
  -7.51161466289700818777e-01+j6.09369759972633096012e-01
  -7.28797226837255562870e-01+j6.38195548299552273264e-01
  -7.05142450440401247214e-01+j6.66243528523222217075e-01
  -6.80199741313894934436e-01+j6.93488146759471790759e-01
  -6.53969533377478096092e-01+j7.19898907344932448282e-01
  -6.26450709561126917180e-01+j7.45440259848194619607e-01
  -5.97641201558779755487e-01+j7.70071482950962504788e-01
  -5.67538582392685841960e-01+j7.93746566720684887386e-01
  -5.36140662751488861204e-01+j8.16414096005663392219e-01
  -5.03446100892045222963e-01+j8.38017138832482633148e-01
  -4.69455034872479970431e-01+j8.58493144828042176187e-01
  -4.34169744941271862348e-01+j8.77773859864935723785e-01
  -3.97595352977882177115e-01+j8.95785264366415590054e-01
  -3.59740564898448300646e-01+j9.12447544022423007171e-01
  -3.20618460838647978406e-01+j9.27675103066400219554e-01
  -2.80247336637273025683e-01+j9.41376631736881464008e-01
  -2.38651598597308417515e-01+j9.53455241078096982221e-01
  -1.95862711624922747333e-01+j9.63808679783034194521e-01
  -1.51920198568173736575e-01+j9.72329649294812470295e-01
  -1.06872685827010732718e-01+j9.78906234779286510417e-01
  -6.07789870217191052770e-02+j9.83422470758888667142e-01
  -1.37092126394317559424e-02+j9.85759061020789473240e-01
  +3.42541108998696275378e-02+j9.85794272716424280212e-01
  +8.30149343992553356841e-02+j9.83405024156761897736e-01
  +1.32462618540436283254e-01+j9.78468184451881217711e-01
  +1.82470939394819620105e-01+j9.70862100594249821661e-01
  +2.32897206476066265246e-01+j9.60468363581075568192e-01
  +2.83581539322348807897e-01+j9.47173819457401533484e-01
  +3.34346354484043928323e-01+j9.30872823516366354468e-01
  +3.84996119767903433040e-01+j9.11469726161739823844e-01
  +4.35317436043944183677e-01+j8.88881567075829326363e-01
  +4.85079508156634531257e-01+j8.63040940456113014889e-01
  +5.34035064738702658360e-01+j8.33898978507616850386e-01
  +5.81921781244610469841e-01+j8.01428383679434475084e-01
  +6.28464250620911490941e-01+j7.65626423172381720406e-01
  +6.73376531211063111826e-01+j7.26517783174532194579e-01
  +7.16365281549856680599e-01+j6.84157166521454529473e-01
  +7.57133466849266856258e-01+j6.38631507642268170244e-01
  +7.95384592946326796081e-01+j5.90061674423965953906e-01
  +8.30827391595146735881e-01+j5.38603529582943552079e-01
  +8.63180848152625079805e-01+j4.84448235533266158281e-01
  +8.92179431361151520363e-01+j4.27821707296693887201e-01
  +9.17578357848561454446e-01+j3.68983147657076571146e-01
  +9.39158704007255318302e-01+j3.08222636551539586058e-01
  +9.56732167696898949671e-01+j2.45857790665949871300e-01
  +9.70145283746972841854e-01+j1.82229556512973678295e-01
  +9.79282911585180881886e-01+j1.17697247380066150058e-01
  +9.84070840365883547918e-01+j5.26329775656610154844e-02
  +9.84477395309203640039e-01-j1.25843175028635817503e-02
  +9.80513975956760042152e-01-j7.75750625664646392687e-02
  +9.72234509109559774664e-01-j1.41965201725517242703e-01
  +9.59733852178969004676e-01-j2.05392115420353377209e-01
  +9.43145232322282756066e-01-j2.67510092287049694448e-01
  +9.22636849245027312882e-01-j3.27995182150227326812e-01
  +8.98407801981514597678e-01-j3.86549294712830171505e-01
  +8.70683520502534502583e-01-j4.42903452380853324133e-01
  +8.39710891091296485200e-01-j4.96820151345194360726e-01
  +8.05753260716479347003e-01-j5.48094828971943615059e-01
  +7.69085491740934878990e-01-j5.96556474739854736278e-01
  +7.29989216541270136140e-01-j6.42067454237729151600e-01
  +6.88748414617650572822e-01-j6.84522639841757540857e-01
  +6.45645405194152477435e-01-j7.23847957271976150118e-01
  +6.00957318541133767020e-01-j7.59998464680791685488e-01
  +5.54953081246674750915e-01-j7.92956081232122911295e-01
  +5.07890925847879204369e-01-j8.22727076624702680085e-01
  +4.60016414483024771442e-01-j8.49339423192405629237e-01
  +4.11560949926190244863e-01-j8.72840099558099269395e-01
  +3.62740735492820765007e-01-j8.93292420666163877740e-01
  +3.13756137531264023277e-01-j9.10773454495093282013e-01
  +2.64791400020644829283e-01-j9.25371571724913355439e-01
  +2.16014659556257537787e-01-j9.37184161720794772776e-01
  +1.67578210073703326444e-01-j9.46315536778784549554e-01
  +1.19618969424726107054e-01-j9.52875036853774393109e-01
  +7.22591038227168303010e-02-j9.56975338992729462895e-01
  +2.56067707588162329913e-02-j9.58730969358212226084e-01
  -2.02430541214369541514e-02-j9.58257010906104267356e-01
  -6.52076957808488399948e-02-j9.55667996294443100602e-01
  -1.09215869066538295851e-01-j9.51076973247526158417e-01
  -1.52206758968820354827e-01-j9.44594728181996634575e-01
  -1.94129108333673583431e-01-j9.36329153232528077488e-01
  -2.34940325946472683416e-01-j9.26384741725890026309e-01
  -2.74605624807247095109e-01-j9.14862197498395590678e-01
  -3.13097197763013201932e-01-j9.01858144109978443481e-01
  -3.50393435423648036409e-01-j8.87464920878376362090e-01
  -3.86478189428311469378e-01-j8.71770453658698318833e-01
  -4.21340082609078458997e-01-j8.54858189364443465941e-01
  -4.54971866376064237869e-01-j8.36807084318578420223e-01
  -4.87369824682989616349e-01-j8.17691637602614318503e-01
  -5.18533223186074643252e-01-j7.97581961613358481067e-01
  -5.48463801647139481688e-01-j7.76543883024720216213e-01
  -5.77165307222734513815e-01-j7.54639068275807955999e-01
  -6.04643065997230833020e-01-j7.31925168561651684485e-01
  -6.30903589935201125627e-01-j7.08455980088040337961e-01
  -6.55954216326624983679e-01-j6.84281616068889819715e-01
  -6.79802776759857452227e-01-j6.59448687596859595139e-01
  -7.02457292667817867482e-01-j6.34000491110834341058e-01
  -7.23925694540181074998e-01-j6.07977200723481714384e-01
  -7.44215561969191696789e-01-j5.81416064165214852011e-01
  -7.63333881791436907882e-01-j5.54351601554815331951e-01
  -7.81286821696823952088e-01-j5.26815806629395311234e-01
  -7.98079516795212606795e-01-j4.98838350465042212889e-01
  -8.13715866758265016223e-01-j4.70446788102432844614e-01
  -8.28198341288172601438e-01-j4.41666768867319481373e-01
  -8.41527791806826019894e-01-j4.12522251552311369771e-01
  -8.53703267410930610737e-01-j3.83035726012781796435e-01
  -8.64721833304682885313e-01-j3.53228443134889491528e-01
  -8.74578390108023184801e-01-j3.23120655567322279111e-01
  -8.83265492653724892946e-01-j2.92731872080110866463e-01
  -8.90773167142002275654e-01-j2.62081128934156026844e-01
  -8.97088725831938438304e-01-j2.31187282224560614052e-01
  -9.02196578834091766907e-01-j2.00069325810258019649e-01
  -9.06078043052805592872e-01-j1.68746740172288439696e-01
  -9.08711148941523827460e-01-j1.37239878363229789171e-01
  -9.10070446519434250732e-01-j1.05570396128921217827e-01
  -9.10126813103071641287e-01-j7.37617343052649476753e-02
  -9.08847266494684391525e-01-j4.18396627176516044955e-02
  -9.06194789017781499041e-01-j9.83289602905917936582e-03
  -9.02128169895404563583e-01+j2.22262067262120055489e-02
  -8.96601876145188048106e-01+j5.43008458642353641910e-02
  -8.89565965558406390734e-01+j8.63488736853359195589e-02
  -8.80966059605555740220e-01+j1.18321760539834841541e-01
  -8.70743399463003386884e-01+j1.50163418020775069062e-01
  -8.58835015002785140403e-01+j1.81808862711119956224e-01
  -8.45174044766474286128e-01+j2.13182704552055679592e-01
  -8.29690254889311806785e-01+j2.44197445938547141875e-01
  -8.12310816857047424122e-01+j2.74751581766790486938e-01
  -7.92961417986341343678e-01+j3.04727497773220612487e-01
  -7.71567794574672727315e-01+j3.33989175826614581588e-01
  -7.48057795428458627285e-01+j3.62379731918553216197e-01
  -7.22364102127382556873e-01+j3.89718837377505455954e-01
  -6.94427750353850403719e-01+j4.15800108606934726296e-01
  -6.64202611245076068869e-01+j4.40388597983028762251e-01
  -6.31660998806271023476e-01+j4.63218581012694641252e-01
  -5.96800562697562986259e-01+j4.83991914514911303336e-01
  -5.59652596364804799656e-01+j5.02377338125584715911e-01
  -5.20291826844298643806e-01+j5.18011204726911533847e-01
  -4.78847640242835548285e-01+j5.30500247541399350126e-01
  -4.35516519899663778759e-01+j5.39427108214846184886e-01
  -3.90575217763518722780e-01+j5.44359436358727077909e-01
  -3.44393835074556398101e-01+j5.44863388707189644222e-01
  -2.97447562031829759732e-01+j5.40522253300699806466e-01
  -2.50325349331985691492e-01+j5.30960638450574617941e-01
  -2.03733326725453189887e-01+j5.15874135397027089311e-01
  -1.58490461479154631785e-01+j4.95063546404979959448e-01
  -1.15513924622055258462e-01+j4.68471678137798108743e-01
  -7.57920898687271388239e-02+j4.36219435154363843754e-01
  -4.03441858169180933569e-02+j3.98636731411089018096e-01
  -1.01674059693517473274e-02+j3.56282908423069977211e-01
  +1.38253917412343232951e-02+j3.09951309729656454550e-01
  +3.08717889197527226020e-02+j2.60653755773448625455e-01
  +4.04220992740594101122e-02+j2.09583008836217804527e-01
  +4.21893825474025790934e-02+j1.58054660220967091444e-01
  +3.61795296718761261179e-02+j1.07433550524026089068e-01
  +2.26963419743378275184e-02+j5.90529225325492970744e-02
  +2.32038903750032658724e-03+j1.41361157580393997923e-02
  -2.41353418677759806732e-02-j2.62697669472285177950e-02
  -5.56864651285359779642e-02-j6.13410689891527027839e-02
  -9.12463502359179279289e-02-j9.05020373997065114002e-02
  -1.29694728721401253413e-01-j1.13426705229283580900e-01
  -1.69938535754476344186e-01-j1.30021553898327368870e-01
  -2.10960209920201646749e-01-j1.40394284654193735040e-01
  -2.51851361760503822396e-01-j1.44814661755299278756e-01
  -2.91832052812646347562e-01-j1.43672908883919037137e-01
  -3.30257563413488886006e-01-j1.37439961968137402959e-01
  -3.66615394999811550214e-01-j1.26632440455775402421e-01
  -4.00515463816651651197e-01-j1.11783831238538772235e-01
</dep>
