<Qucs Dataset 1.0.7>
<indep frequency 181>
  +1.00000000000000000000e+09
  +1.05000000000000000000e+09
  +1.10000000000000000000e+09
  +1.15000000000000000000e+09
  +1.20000000000000000000e+09
  +1.25000000000000000000e+09
  +1.30000000000000000000e+09
  +1.35000000000000000000e+09
  +1.40000000000000000000e+09
  +1.45000000000000000000e+09
  +1.50000000000000000000e+09
  +1.55000000000000000000e+09
  +1.60000000000000000000e+09
  +1.65000000000000000000e+09
  +1.70000000000000000000e+09
  +1.75000000000000000000e+09
  +1.80000000000000000000e+09
  +1.85000000000000000000e+09
  +1.90000000000000000000e+09
  +1.95000000000000000000e+09
  +2.00000000000000000000e+09
  +2.05000000000000000000e+09
  +2.10000000000000000000e+09
  +2.15000000000000000000e+09
  +2.20000000000000000000e+09
  +2.25000000000000000000e+09
  +2.30000000000000000000e+09
  +2.35000000000000000000e+09
  +2.40000000000000000000e+09
  +2.45000000000000000000e+09
  +2.50000000000000000000e+09
  +2.55000000000000000000e+09
  +2.60000000000000000000e+09
  +2.65000000000000000000e+09
  +2.70000000000000000000e+09
  +2.75000000000000000000e+09
  +2.80000000000000000000e+09
  +2.85000000000000000000e+09
  +2.90000000000000000000e+09
  +2.95000000000000000000e+09
  +3.00000000000000000000e+09
  +3.05000000000000000000e+09
  +3.10000000000000000000e+09
  +3.15000000000000000000e+09
  +3.20000000000000000000e+09
  +3.25000000000000000000e+09
  +3.30000000000000000000e+09
  +3.35000000000000000000e+09
  +3.40000000000000000000e+09
  +3.45000000000000000000e+09
  +3.50000000000000000000e+09
  +3.55000000000000000000e+09
  +3.60000000000000000000e+09
  +3.65000000000000000000e+09
  +3.70000000000000000000e+09
  +3.75000000000000000000e+09
  +3.80000000000000000000e+09
  +3.85000000000000000000e+09
  +3.90000000000000000000e+09
  +3.95000000000000000000e+09
  +4.00000000000000000000e+09
  +4.05000000000000000000e+09
  +4.10000000000000000000e+09
  +4.15000000000000000000e+09
  +4.20000000000000000000e+09
  +4.25000000000000000000e+09
  +4.30000000000000000000e+09
  +4.35000000000000000000e+09
  +4.40000000000000000000e+09
  +4.45000000000000000000e+09
  +4.50000000000000000000e+09
  +4.55000000000000000000e+09
  +4.60000000000000000000e+09
  +4.65000000000000000000e+09
  +4.70000000000000000000e+09
  +4.75000000000000000000e+09
  +4.80000000000000000000e+09
  +4.85000000000000000000e+09
  +4.90000000000000000000e+09
  +4.95000000000000000000e+09
  +5.00000000000000000000e+09
  +5.05000000000000000000e+09
  +5.10000000000000000000e+09
  +5.15000000000000000000e+09
  +5.20000000000000000000e+09
  +5.25000000000000000000e+09
  +5.30000000000000000000e+09
  +5.35000000000000000000e+09
  +5.40000000000000000000e+09
  +5.45000000000000000000e+09
  +5.50000000000000000000e+09
  +5.55000000000000000000e+09
  +5.60000000000000000000e+09
  +5.65000000000000000000e+09
  +5.70000000000000000000e+09
  +5.75000000000000000000e+09
  +5.80000000000000000000e+09
  +5.85000000000000000000e+09
  +5.90000000000000000000e+09
  +5.95000000000000000000e+09
  +6.00000000000000000000e+09
  +6.05000000000000000000e+09
  +6.10000000000000000000e+09
  +6.15000000000000000000e+09
  +6.20000000000000000000e+09
  +6.25000000000000000000e+09
  +6.30000000000000000000e+09
  +6.35000000000000000000e+09
  +6.40000000000000000000e+09
  +6.45000000000000000000e+09
  +6.50000000000000000000e+09
  +6.55000000000000000000e+09
  +6.60000000000000000000e+09
  +6.65000000000000000000e+09
  +6.70000000000000000000e+09
  +6.75000000000000000000e+09
  +6.80000000000000000000e+09
  +6.85000000000000000000e+09
  +6.90000000000000000000e+09
  +6.95000000000000000000e+09
  +7.00000000000000000000e+09
  +7.05000000000000000000e+09
  +7.10000000000000000000e+09
  +7.15000000000000000000e+09
  +7.20000000000000000000e+09
  +7.25000000000000000000e+09
  +7.30000000000000000000e+09
  +7.35000000000000000000e+09
  +7.40000000000000000000e+09
  +7.45000000000000000000e+09
  +7.50000000000000000000e+09
  +7.55000000000000000000e+09
  +7.60000000000000000000e+09
  +7.65000000000000000000e+09
  +7.70000000000000000000e+09
  +7.75000000000000000000e+09
  +7.80000000000000000000e+09
  +7.85000000000000000000e+09
  +7.90000000000000000000e+09
  +7.95000000000000000000e+09
  +8.00000000000000000000e+09
  +8.05000000000000000000e+09
  +8.10000000000000000000e+09
  +8.15000000000000000000e+09
  +8.20000000000000000000e+09
  +8.25000000000000000000e+09
  +8.30000000000000000000e+09
  +8.35000000000000000000e+09
  +8.40000000000000000000e+09
  +8.45000000000000000000e+09
  +8.50000000000000000000e+09
  +8.55000000000000000000e+09
  +8.60000000000000000000e+09
  +8.65000000000000000000e+09
  +8.70000000000000000000e+09
  +8.75000000000000000000e+09
  +8.80000000000000000000e+09
  +8.85000000000000000000e+09
  +8.90000000000000000000e+09
  +8.95000000000000000000e+09
  +9.00000000000000000000e+09
  +9.05000000000000000000e+09
  +9.10000000000000000000e+09
  +9.15000000000000000000e+09
  +9.20000000000000000000e+09
  +9.25000000000000000000e+09
  +9.30000000000000000000e+09
  +9.35000000000000000000e+09
  +9.40000000000000000000e+09
  +9.45000000000000000000e+09
  +9.50000000000000000000e+09
  +9.55000000000000000000e+09
  +9.60000000000000000000e+09
  +9.65000000000000000000e+09
  +9.70000000000000000000e+09
  +9.75000000000000000000e+09
  +9.80000000000000000000e+09
  +9.85000000000000000000e+09
  +9.90000000000000000000e+09
  +9.95000000000000000000e+09
  +1.00000000000000000000e+10
</indep>
<dep S21_phase frequency>
  -5.70391635060500519216e+01
  -5.91590642397699397748e+01
  -6.12167980935045363822e+01
  -6.32151707428671798539e+01
  -6.51569801610769872013e+01
  -6.70449868783236695435e+01
  -6.88818909980860354381e+01
  -7.06703149361344884483e+01
  -7.24127909349606255773e+01
  -7.41117525082470649522e+01
  -7.57695290760865418633e+01
  -7.73883431552873872761e+01
  -7.89703095658847047389e+01
  -8.05174362026561851735e+01
  -8.20316259980012318920e+01
  -8.35146797699906215939e+01
  -8.49682997070254941718e+01
  -8.63940932894020789945e+01
  -8.77935774888655231507e+01
  -8.91681831211031266093e+01
  -9.05192592539650178196e+01
  -9.18480775969283058657e+01
  -9.31558368157256637687e+01
  -9.44436667308816311106e+01
  -9.57126323707213231273e+01
  -9.69637378588072920138e+01
  -9.81979301231188088650e+01
  -9.94161024200342637869e+01
  -1.00619097670595024852e+02
  -1.01807711609873308589e+02
  -1.02982695752779903842e+02
  -1.04144760181470246607e+02
  -1.05294576160785609886e+02
  -1.06432778589051153517e+02
  -1.07559968292070635698e+02
  -1.08676714168462254406e+02
  -1.09783555194549606426e+02
  -1.10881002296982885014e+02
  -1.11969540101089478412e+02
  -1.13049628562714673308e+02
  -1.14121704491015748317e+02
  -1.15186182969338389626e+02
  -1.16243458680947156836e+02
  -1.17293907146020117693e+02
  -1.18337885875944621716e+02
  -1.19375735450590426012e+02
  -1.20407780523878216172e+02
  -1.21434330762618927224e+02
  -1.22455681723267659322e+02
  -1.23472115670924480924e+02
  -1.24483902344610328328e+02
  -1.25491299672576303692e+02
  -1.26494554441124236632e+02
  -1.27493902920184240202e+02
  -1.28489571448651275887e+02
  -1.29481776982273032672e+02
  -1.30470727606678053689e+02
  -1.31456623017940472664e+02
  -1.32439654972915292319e+02
  -1.33420007711401638062e+02
  -1.34397858352051770225e+02
  -1.35373377263803149617e+02
  -1.36346728414474853253e+02
  -1.37318069698061179906e+02
  -1.38287553242136908693e+02
  -1.39255325696688146309e+02
  -1.40221528505590924851e+02
  -1.41186298161871093271e+02
  -1.42149766447792984536e+02
  -1.43112060660760732844e+02
  -1.44073303825937188094e+02
  -1.45033614896420289142e+02
  -1.45993108941773471088e+02
  -1.46951897325625225221e+02
  -1.47910087873031869776e+02
  -1.48867785028224432153e+02
  -1.49825090003336612199e+02
  -1.50782100918659665467e+02
  -1.51738912934934319310e+02
  -1.52695618378161128703e+02
  -1.53652306857369126192e+02
  -1.54609065375764885175e+02
  -1.55565978435640090538e+02
  -1.56523128137412783190e+02
  -1.57480594273129867133e+02
  -1.58438454414752271759e+02
  -1.59396783997520628873e+02
  -1.60355656398675989749e+02
  -1.61315143011797289319e+02
  -1.62275313316996772528e+02
  -1.63236234947206241941e+02
  -1.64197973750761718748e+02
  -1.65160593850494421986e+02
  -1.66124157699511528108e+02
  -1.67088726133847728761e+02
  -1.68054358422150897923e+02
  -1.69021112312565719549e+02
  -1.69989044076953888407e+02
  -1.70958208552596715890e+02
  -1.71928659181513779686e+02
  -1.72900448047511559935e+02
  -1.73873625911090869067e+02
  -1.74848242242318860917e+02
  -1.75824345251766715137e+02
  -1.76801981919622676287e+02
  -1.77781198023063097935e+02
  -1.78762038161979575079e+02
  -1.79744545783144531015e+02
  +1.79271236797107320626e+02
  +1.78285268371598078829e+02
  +1.77297508822357315239e+02
  +1.76307919101932952799e+02
  +1.75316461215895714076e+02
  +1.74323098206472735683e+02
  +1.73327794137242818806e+02
  +1.72330514078850683291e+02
  +1.71331224095661610818e+02
  +1.70329891233318988952e+02
  +1.69326483507142256713e+02
  +1.68320969891322192780e+02
  +1.67313320308845874251e+02
  +1.66303505622138260378e+02
  +1.65291497624336500394e+02
  +1.64277269031170447988e+02
  +1.63260793473410245724e+02
  +1.62242045489815154724e+02
  +1.61221000520584652804e+02
  +1.60197634901212438763e+02
  +1.59171925856762726426e+02
  +1.58143851496465913442e+02
  -2.28866091913130027535e+01
  -2.39194763439065702926e+01
  -2.49547692288470592814e+01
  -2.59925062482344628734e+01
  -2.70327049429184782525e+01
  -2.80753819965170308137e+01
  -2.91205532393820618609e+01
  -3.01682336524808967226e+01
  -3.12184373712445797366e+01
  -3.22711776894474766664e+01
  -3.33264670631022283942e+01
  -3.43843171144446486664e+01
  -3.54447386360273029027e+01
  -3.65077415949417911634e+01
  -3.75733351372262802670e+01
  -3.86415275924795267315e+01
  -3.97123264786983867225e+01
  -4.07857385074010636572e+01
  -4.18617695890413230586e+01
  -4.29404248387610749660e+01
  -4.40217085824924581061e+01
  -4.51056243634704330248e+01
  -4.61921749491484447958e+01
  -4.72813623385747661132e+01
  -4.83731877702515973283e+01
  -4.94676517304868070823e+01
  -5.05647539622953416938e+01
  -5.16644934748571245109e+01
  -5.27668685535573800394e+01
  -5.38718767706483063762e+01
  -5.49795149965430667294e+01
  -5.60897794117757086951e+01
  -5.72026655196419042682e+01
  -5.83181681595491880898e+01
  -5.94362815210953243650e+01
  -6.05569991588963461027e+01
  -6.16803140081791170246e+01
  -6.28062184011629298652e+01
  -6.39347040842445579756e+01
  -6.50657622359985481353e+01
  -6.61993834860156766808e+01
  -6.73355579345834769356e+01
  -6.84742751732314616220e+01
  -6.96155243061384680914e+01
  -7.07592939724264766710e+01
  -7.19055723693361557025e+01
  -7.30543472762977614821e+01
  -7.42056060798986010241e+01
  -7.53593357997533388470e+01
  -7.65155231152777446368e+01
  -7.76741543933638212138e+01
</dep>
<dep S11_phase frequency>
  -1.47045263530305192035e+02
  -1.49164845436444892357e+02
  -1.51222264626565277013e+02
  -1.53220325804013299376e+02
  -1.55161826124823789996e+02
  -1.57049525428804884086e+02
  -1.58886123233651630926e+02
  -1.60674241456338904754e+02
  -1.62416411913458887284e+02
  -1.64115067754312491388e+02
  -1.65772538086876011221e+02
  -1.67391045160518984858e+02
  -1.68972703566262055119e+02
  -1.70519521003096002687e+02
  -1.72033400236523789317e+02
  -1.73516141942968005196e+02
  -1.74969448191356065081e+02
  -1.76394926362079218052e+02
  -1.77794093344325744965e+02
  -1.79168379886674074442e+02
  +1.79480864996316199722e+02
  +1.78152369636046444157e+02
  +1.76844935396467576538e+02
  +1.75557432476598648918e+02
  +1.74288795858437651987e+02
  +1.73038021420328021804e+02
  +1.71804162228481487773e+02
  +1.70586325013612963630e+02
  +1.69383666835220736857e+02
  +1.68195391932697845050e+02
  +1.67020748759947167628e+02
  +1.65859027198353345511e+02
  +1.64709555941673301049e+02
  +1.63571700045536431389e+02
  +1.62444858633712783558e+02
  +1.61328462753015912767e+02
  +1.60221973368621604550e+02
  +1.59124879491636392004e+02
  +1.58036696430917629641e+02
  +1.56956964161384860290e+02
  +1.55885245801363026885e+02
  +1.54821126191831325514e+02
  +1.53764210570803044220e+02
  +1.52714123336433999611e+02
  +1.51670506892816661093e+02
  +1.50633020572791565428e+02
  +1.49601339632453857575e+02
  +1.48575154312383546085e+02
  +1.47554168960953745682e+02
  +1.46538101215388337550e+02
  +1.45526681236537768882e+02
  +1.44519650993619848123e+02
  +1.43516763595442483847e+02
  +1.42517782664869287146e+02
  +1.41522481753519912218e+02
  +1.40530643793919438167e+02
  +1.39542060586504220510e+02
  +1.38556532319087523319e+02
  +1.37573867116556101564e+02
  +1.36593880618734772270e+02
  +1.35616395584504772387e+02
  +1.34641241520399745468e+02
  +1.33668254332033001219e+02
  +1.32697275996830370559e+02
  +1.31728154256649958143e+02
  +1.30760742328974771453e+02
  +1.29794898635459446723e+02
  +1.28830486546694544359e+02
  +1.27867374142141983384e+02
  +1.26905433984258863234e+02
  +1.25944542905904583563e+02
  +1.24984581810188558393e+02
  +1.24025435481968386853e+02
  +1.23066992410275517500e+02
  +1.22109144620982007723e+02
  +1.21151787519081523214e+02
  +1.20194819739991615393e+02
  +1.19238143009330883615e+02
  +1.18281662010657811379e+02
  +1.17325284260695426042e+02
  +1.16368919991596115437e+02
  +1.15412482039831573388e+02
  +1.14455885741319491444e+02
  +1.13499048832424861644e+02
  +1.12541891356498311438e+02
  +1.11584335575632380255e+02
  +1.10626305887342013534e+02
  +1.09667728745889704101e+02
  +1.08708532587997694918e+02
  +1.07748647762701580177e+02
  +1.06788006465118527899e+02
  +1.05826542673915469095e+02
  +1.04864192092277122015e+02
  +1.03900892092182459692e+02
  +1.02936581661816475730e+02
  +1.01971201355945581213e+02
  +1.01004693249103652875e+02
  +1.00037000891438239591e+02
  +9.90680692670776608111e+01
  +9.80978447548901328901e+01
  +9.71262750915067982760e+01
  +9.61533093364948001636e+01
  +9.51788978395672984334e+01
  +9.42029922097271850134e+01
  +9.32255452862426352567e+01
  +9.22465111113640432450e+01
  +9.12658449046890325462e+01
  +9.02835030390918973353e+01
  +8.92994430181375804523e+01
  +8.83136234549019718543e+01
  +8.73260040521245599621e+01
  +8.63365455836250959010e+01
  +8.53452098769149216650e+01
  +8.43519597969401928594e+01
  +8.33567592308952072244e+01
  +8.23595730740457554475e+01
  +8.13603672165068587674e+01
  +8.03591085309190020780e+01
  +7.93557648609705950093e+01
  +7.83503050107155587511e+01
  +7.73426987346361443088e+01
  +7.63329167284038305752e+01
  +7.53209306202911506034e+01
  +7.43067129631895824105e+01
  +7.32902372271891948685e+01
  +7.22714777926776008599e+01
  +7.12504099439157414508e+01
  +7.02270098630497727754e+01
  +6.92012546245189383853e+01
  +6.81731221898196650955e+01
  +6.71425914025877546010e+01
  +6.61096419839597473356e+01
  +6.50742545281768514087e+01
  +6.40364104983941473392e+01
  +6.29960922226581843120e+01
  +6.19532828900177108267e+01
  +6.09079665467320197081e+01
  +5.98601280925406342703e+01
  +5.88097532769606488046e+01
  +5.77568286955778802394e+01
  +5.67013417862951953907e+01
  +5.56432808255069559777e+01
  +5.45826349241651769262e+01
  +5.35193940237037608654e+01
  +5.24535488917887420257e+01
  +5.13850911178611795549e+01
  +5.03140131084419124363e+01
  +4.92403080821651926158e+01
  +4.81639700645098614018e+01
  +4.70849938821975158021e+01
  +4.60033751572268556629e+01
  +4.49191103005132674753e+01
  +4.38321965051050668194e+01
  +4.27426317389453274131e+01
  +4.16504147371526514121e+01
  +4.05555449937904697322e+01
  +3.94580227530988736362e+01
  +3.83578490001598666481e+01
  +3.72550254509731431085e+01
  +3.61495545419117689789e+01
  +3.50414394185376139035e+01
  +3.39306839237491857375e+01
  +3.28172925852398620350e+01
  +3.17012706022438202069e+01
  +3.05826238315484353336e+01
  +2.94613587727522876492e+01
  +2.83374825527494671462e+01
  +2.72110029094217331647e+01
  +2.60819281745222184554e+01
  +2.49502672557324984837e+01
  +2.38160296178812771473e+01
  +2.26792252633075150925e+01
  +2.15398647113598293856e+01
  +2.03979589770176303887e+01
  +1.92535195486268513321e+01
  +1.81065583647419003910e+01
  +1.69570877900660867965e+01
  +1.58051205904875775587e+01
  +1.46506699072052715138e+01
  +1.34937492299444734556e+01
  +1.23343723692602829090e+01
</dep>
<dep S21_dB frequency>
  -2.74328230204426493088e+00
  -2.95044025456930603113e+00
  -3.15832904269601266734e+00
  -3.36651678177011071114e+00
  -3.57462876822295427814e+00
  -3.78234219595862297680e+00
  -3.98938103640109398285e+00
  -4.19551117396612838206e+00
  -4.40053585490599452612e+00
  -4.60429148146188271795e+00
  -4.80664376380581614967e+00
  -5.00748422818999650019e+00
  -5.20672706994209200104e+00
  -5.40430633349732314485e+00
  -5.60017339774511757611e+00
  -5.79429474294599522466e+00
  -5.98664997478859106650e+00
  -6.17723008145385410472e+00
  -6.36603590046476242037e+00
  -6.55307677343350380994e+00
  -6.73836936837784694632e+00
  -6.92193665095029864176e+00
  -7.10380698761256290652e+00
  -7.28401336544428446018e+00
  -7.46259271484512431982e+00
  -7.63958532286879243856e+00
  -7.81503432628425187545e+00
  -7.98898527470537889172e+00
  -8.16148575525613395598e+00
  -8.33258507125000669191e+00
  -8.50233396827207066337e+00
  -8.67078440185856358369e+00
  -8.83798934168709848791e+00
  -9.00400260782821248995e+00
  -9.16887873516745521840e+00
  -9.33267286260853801139e+00
  -9.49544064409932175863e+00
  -9.65723817891296931748e+00
  -9.81812195895063766216e+00
  -9.97814883113508166446e+00
  -1.01373759732245360965e+01
  -1.02958608816085668280e+01
  -1.04536613698536093864e+01
  -1.06108355769449396178e+01
  -1.07674419843351110160e+01
  -1.09235394410474917493e+01
  -1.10791871962154679920e+01
  -1.12344449385498652560e+01
  -1.13893728423296032304e+01
  -1.15440316196074128641e+01
  -1.16984825784035599838e+01
  -1.18527876867459198706e+01
  -1.20070096424836325610e+01
  -1.21612119488738823492e+01
  -1.23154589960101734647e+01
  -1.24698161482224882946e+01
  -1.26243498376471094957e+01
  -1.27791276642261397711e+01
  -1.29342185024638212099e+01
  -1.30896926153330745990e+01
  -1.32456217757957244174e+01
  -1.34020793964746829374e+01
  -1.35591406680955124386e+01
  -1.37168827073977421804e+01
  -1.38753847153135119186e+01
  -1.40347281463073336738e+01
  -1.41949968898861342836e+01
  -1.43562774654135267838e+01
  -1.45186592314960893901e+01
  -1.46822346113709478743e+01
  -1.48470993358938585516e+01
  -1.50133527059245253099e+01
  -1.51810978761328065900e+01
  -1.53504421624972415827e+01
  -1.55214973760627188426e+01
  -1.56943801858491465140e+01
  -1.58692125141873532357e+01
  -1.60461219681905546963e+01
  -1.62252423115744299764e+01
  -1.64067139816212304027e+01
  -1.65906846567552364036e+01
  -1.67773098809853102864e+01
  -1.69667537523825231460e+01
  -1.71591896838367787836e+01
  -1.73548012455902487261e+01
  -1.75537831005351705471e+01
  -1.77563420450116247196e+01
  -1.79626981699275773963e+01
  -1.81730861594987445073e+01
  -1.83877567478763737086e+01
  -1.86069783574873923726e+01
  -1.88310389472099153352e+01
  -1.90602481037079769521e+01
  -1.92949394155875921797e+01
  -1.95354731777759269562e+01
  -1.97822394830664940457e+01
  -2.00356617695414911395e+01
  -2.02962009072486253558e+01
  -2.05643599258409395247e+01
  -2.08406895079874452392e+01
  -2.11257944026629260748e+01
  -2.14203409498456487370e+01
  -2.17250659563513259798e+01
  -2.20407872250938616787e+01
  -2.23684161220272450521e+01
  -2.27089726733946051240e+01
  -2.30636038307083595100e+01
  -2.34336057364391301405e+01
  -2.38204510906811037785e+01
  -2.42258230891006611785e+01
  -2.46516579219482103724e+01
  -2.51001985643446232643e+01
  -2.55740636611474627671e+01
  -2.60763368936316872748e+01
  -2.66106846010008482040e+01
  -2.71815131050583218553e+01
  -2.77941829925197794182e+01
  -2.84553070456314607384e+01
  -2.91731743492097024273e+01
  -2.99583706826207247786e+01
  -3.08247154337421633841e+01
  -3.17907310716496098735e+01
  -3.28820555839204402560e+01
  -3.41356323888801966859e+01
  -3.56075253651676391087e+01
  -3.73889263580712736257e+01
  -3.96434679224193473601e+01
  -4.27126896235710518113e+01
  -4.75309410423855212002e+01
  -5.93975289263951040653e+01
  -5.36665911042749215198e+01
  -4.56233899807032727836e+01
  -4.15035933949860122993e+01
  -3.87083762850604884420e+01
  -3.65872375617405083403e+01
  -3.48755102215078593986e+01
  -3.34390632994647418741e+01
  -3.22004648742550756424e+01
  -3.11109391372356398620e+01
  -3.01377678771298498361e+01
  -2.92579348756599486592e+01
  -2.84546334958531659254e+01
  -2.77152167716756814286e+01
  -2.70299292700645850118e+01
  -2.63910881707127913387e+01
  -2.57925351788539494180e+01
  -2.52292584235015517891e+01
  -2.46971247554045447714e+01
  -2.41926858876692172373e+01
  -2.37130352091592975228e+01
  -2.32557001626894965796e+01
  -2.28185600873221083873e+01
  -2.23997826201469365515e+01
  -2.19977738430276268389e+01
  -2.16111387566974002539e+01
  -2.12386496166605631686e+01
  -2.08792203258836472912e+01
  -2.05318855449762338594e+01
  -2.01957835138312873369e+01
  -1.98701418204154762748e+01
  -1.95542655299609826614e+01
  -1.92475272197227766924e+01
  -1.89493585635470935813e+01
  -1.86592431856491423048e+01
  -1.83767105605413370029e+01
  -1.81013307804874941098e+01
  -1.78327100464628820475e+01
  -1.75704867657447394436e+01
  -1.73143281607107155651e+01
  -1.70639273104878732568e+01
  -1.68190005607644685881e+01
  -1.65792852480782464397e+01
  -1.63445376938212945106e+01
  -1.61145314304572657704e+01
  -1.58890556284017456790e+01
  -1.56679136969056180817e+01
  -1.54509220363285564304e+01
  -1.52379089225480193193e+01
  -1.50287135070492272604e+01
  -1.48231849185877315733e+01
  -1.46211814542841711528e+01
</dep>
<dep S11_dB frequency>
  -3.31251132536326986511e+00
  -3.08827019139167502360e+00
  -2.88407203859868843665e+00
  -2.69772615008052163432e+00
  -2.52732272238666588748e+00
  -2.37119097532996203626e+00
  -2.22786460806808150892e+00
  -2.09605306535115598621e+00
  -1.97461745881084316245e+00
  -1.86255026036592541416e+00
  -1.75895808264721487113e+00
  -1.66304700750269240928e+00
  -1.57411003336434385247e+00
  -1.49151629587061718141e+00
  -1.41470178076426056357e+00
  -1.34316129868429423588e+00
  -1.27644153156667705673e+00
  -1.21413499246714717827e+00
  -1.15587476657554200088e+00
  -1.10132992234196369630e+00
  -1.05020149900475523452e+00
  -1.00221899116383550421e+00
  -9.57137262969617319541e-01
  -9.14733834459190653376e-01
  -8.74806490925409518944e-01
  -8.37171173237348908991e-01
  -8.01660112973379801460e-01
  -7.68120181262590961957e-01
  -7.36411424508819467682e-01
  -7.06405763816500997798e-01
  -6.77985838049827149732e-01
  -6.51043973119721286480e-01
  -6.25481262377463265167e-01
  -6.01206744955840588496e-01
  -5.78136670587357959228e-01
  -5.56193840886054280404e-01
  -5.35307018336619089283e-01
  -5.15410395323583681026e-01
  -4.96443116476075640975e-01
  -4.78348848421682459886e-01
  -4.61075391755563168683e-01
  -4.44574330648871307581e-01
  -4.28800716061578157667e-01
  -4.13712778995576957453e-01
  -3.99271670636173525715e-01
  -3.85441226590518881689e-01
  -3.72187752748669220537e-01
  -3.59479830569327474254e-01
  -3.47288139837441223179e-01
  -3.35585297154959494303e-01
  -3.24345708615624561677e-01
  -3.13545435281455897591e-01
  -3.03162070226298874243e-01
  -2.93174626042375596757e-01
  -2.83563431820979094944e-01
  -2.74310038721498283820e-01
  -2.65397133333368673291e-01
  -2.56808458116952964545e-01
  -2.48528738280676259054e-01
  -2.40543614516560422256e-01
  -2.32839581072683265983e-01
  -2.25403928692685107116e-01
  -2.18224691997816439004e-01
  -2.11290600927773158935e-01
  -2.04591035893091188758e-01
  -1.98115986324827075826e-01
  -1.91856012336355213899e-01
  -1.85802209238651455658e-01
  -1.79946174674294911977e-01
  -1.74279978156458348337e-01
  -1.68796132818726796199e-01
  -1.63487569198869031606e-01
  -1.58347610895057916425e-01
  -1.53369951947765703615e-01
  -1.48548635812719265203e-01
  -1.43878035802397719056e-01
  -1.39352836883751995956e-01
  -1.34968018729293648406e-01
  -1.30718839927790070332e-01
  -1.26600823267900397529e-01
  -1.22609742015920786251e-01
  -1.18741607114763017550e-01
  -1.14992655237592694695e-01
  -1.11359337634485994206e-01
  -1.07838309715850913517e-01
  -1.04426421320380546920e-01
  -1.01120707619701155622e-01
  -9.79183806153705732500e-02
  -9.48168211875156929924e-02
  -9.18135716572953536341e-02
  -8.89063288283629127307e-02
  -8.60929374751100845442e-02
  -8.33713842477511873907e-02
  -8.07397919666949376305e-02
  -7.81964142805205986164e-02
  -7.57396306636775734633e-02
  -7.33679417320385884871e-02
  -7.10799648555365953806e-02
  -6.88744300490359284694e-02
  -6.67501761234736423756e-02
  -6.47061470808940747412e-02
  -6.27413887379720813797e-02
  -6.08550455634614684275e-02
  -5.90463577164664840669e-02
  -5.73146582727411466052e-02
  -5.56593706274824268077e-02
  -5.40800060635850191049e-02
  -5.25761614751446143545e-02
  -5.11475172366568989202e-02
  -4.97938352087691632475e-02
  -4.85149568723341195753e-02
  -4.73108015826874395149e-02
  -4.61813649368370965353e-02
  -4.51267172464595092696e-02
  -4.41470021101272591668e-02
  -4.32424350787816574870e-02
  -4.24133024082942317046e-02
  -4.16599598939290591271e-02
  -4.09828317813260012414e-02
  -4.03824097492697445255e-02
  -3.98592519595639058205e-02
  -3.94139821697709336057e-02
  -3.90472889046099627675e-02
  -3.87599246823007170804e-02
  -3.85527052920732749008e-02
  -3.84265091196766550574e-02
  -3.83822765173658930760e-02
  -3.84210092155721910645e-02
  -3.85437697734025419560e-02
  -3.87516810651878096383e-02
  -3.90459258007065795892e-02
  -3.94277460767971654754e-02
  -3.98984429580400562498e-02
  -4.04593760847514818946e-02
  -4.11119633062224792974e-02
  -4.18576803376536771273e-02
  -4.26980604392621088117e-02
  -4.36346941160586782038e-02
  -4.46692288371572515659e-02
  -4.58033687735032585264e-02
  -4.70388745531025304070e-02
  -4.83775630328290850990e-02
  -4.98213070864294838014e-02
  -5.13720354079030203098e-02
  -5.30317323302080395608e-02
  -5.48024376589185957531e-02
  -5.66862465208450433396e-02
  -5.86853092277634380558e-02
  -6.08018311555224080789e-02
  -6.30380726389842410695e-02
  -6.53963488833132072786e-02
  -6.78790298924991375440e-02
  -7.04885404160015549557e-02
  -7.32273599146233133972e-02
  -7.60980225469041898778e-02
  -7.91031171774439489930e-02
  -8.22452874089234092780e-02
  -8.55272316395657983268e-02
  -8.89517031479339637112e-02
  -9.25215102075202383558e-02
  -9.62395162332594505950e-02
  -1.00108639962750697872e-01
  -1.04131855674804624234e-01
  -1.08312193448352675484e-01
  -1.12652739464911055833e-01
  -1.17156636357996515874e-01
  -1.21827083612912501209e-01
  -1.26667338020903130769e-01
  -1.31680714191593939422e-01
  -1.36870585127742694365e-01
  -1.42240382867033859915e-01
  -1.47793599195214814257e-01
  -1.53533786435665203784e-01
  -1.59464558320218163789e-01
  -1.65589590946768561164e-01
  -1.71912623828774535628e-01
  -1.78437461042767170349e-01
  -1.85167972479375581019e-01
  -1.92108095204342715911e-01
  -1.99261834935635068211e-01
  -2.06633267643386908663e-01
</dep>
<dep Zin_ohm frequency>
  +8.75371327232932799234e+02
  +8.16819167503717494583e+02
  +7.61234661767332681848e+02
  +7.08394338263519330212e+02
  +6.58095992747934701583e+02
  +6.10159308193144511279e+02
  +5.64426268797587795234e+02
  +5.20761716506083303102e+02
  +4.79054380250826113752e+02
  +4.39218744601498940483e+02
  +4.01198223721770659722e+02
  +3.64970284833410232750e+02
  +3.30554443659362675589e+02
  +2.98024439962219730660e+02
  +2.67526324936806929600e+02
  +2.39304317263580117014e+02
  +2.13735012292416911350e+02
  +1.91364995207625867124e+02
  +1.72931658153902958475e+02
  +1.59318571530113331391e+02
  +1.51376575623820343708e+02
  +1.49604688876656638286e+02
  +1.53867268065485461648e+02
  +1.63402740166027228952e+02
  +1.77124905579893606955e+02
  +1.93955720153832231745e+02
  +2.13005115709845995298e+02
  +2.33606410739018656386e+02
  +2.55283565483507913996e+02
  +2.77703383416060660238e+02
  +3.00633878061896893996e+02
  +3.23913280287906673038e+02
  +3.47428362758122204923e+02
  +3.71099631138109828044e+02
  +3.94871254754344477078e+02
  +4.18704188449383536863e+02
  +4.42571430765539219010e+02
  +4.66454717669577519246e+02
  +4.90342189288492818378e+02
  +5.14226723483830596706e+02
  +5.38104731990319464785e+02
  +5.61975281401946404003e+02
  +5.85839445074811010272e+02
  +6.09699821104317834397e+02
  +6.33560171074115601186e+02
  +6.57425147552927114702e+02
  +6.81300087446497173005e+02
  +7.05190854663148797954e+02
  +7.29103720019516799766e+02
  +7.53045269490102896270e+02
  +7.77022334186883085749e+02
  +8.01041937111479114719e+02
  +8.25111252935061770586e+02
  +8.49237577957345251889e+02
  +8.73428308063603026312e+02
  +8.97690922999792974224e+02
  +9.22032975665272033439e+02
  +9.46462085411343764463e+02
  +9.70985934555580570304e+02
  +9.95612267492873797892e+02
  +1.02034889191695958743e+03
  +1.04520368176998817944e+03
  +1.07018458161916169047e+03
  +1.09529961222380416075e+03
  +1.12055687710743495700e+03
  +1.14596456999016754708e+03
  +1.17153098296952816781e+03
  +1.19726451536439572010e+03
  +1.22317368315805833845e+03
  +1.24926712899430185644e+03
  +1.27555363269475856214e+03
  +1.30204212227792322665e+03
  +1.32874168547058070544e+03
  +1.35566158171076835970e+03
  +1.38281125464924775770e+03
  +1.41020034516269379310e+03
  +1.43783870489793366687e+03
  +1.46573641037171114476e+03
  +1.49390377765552466371e+03
  +1.52235137767964261002e+03
  +1.55109005219500977546e+03
  +1.58013093043613048394e+03
  +1.60948544653247427050e+03
  +1.63916535772049519437e+03
  +1.66918276341290084019e+03
  +1.69955012518684293354e+03
  +1.73028028775759389646e+03
  +1.76138650100988843406e+03
  +1.79288244316471400452e+03
  +1.82478224516573914116e+03
  +1.85710051637611036313e+03
  +1.88985237168368439598e+03
  +1.92305346012060726935e+03
  +1.95671999511179706133e+03
  +1.99086878647602293313e+03
  +2.02551727431377526045e+03
  +2.06068356492696693749e+03
  +2.09638646892796532484e+03
  +2.13264554170875453565e+03
  +2.16948112645567334766e+03
  +2.20691439991156312317e+03
  +2.24496742110474178844e+03
  +2.28366318328399165694e+03
  +2.32302566932030094904e+03
  +2.36307991086010497384e+03
  +2.40385205154097957347e+03
  +2.44536941461024298405e+03
  +2.48766057531913293133e+03
  +2.53075543850112944710e+03
  +2.57468532178301893509e+03
  +2.61948304492157603818e+03
  +2.66518302580808403945e+03
  +2.71182138373805673837e+03
  +2.75943605060488562231e+03
  +2.80806689074479891133e+03
  +2.85775583023744184175e+03
  +2.90854699655238982814e+03
  +2.96048686952868729350e+03
  +3.01362444478306633755e+03
  +3.06801141076485009762e+03
  +3.12370234081346416133e+03
  +3.18075490173019170470e+03
  +3.23923008055199943556e+03
  +3.29919243141493871008e+03
  +3.36071034462117040675e+03
  +3.42385634028140520968e+03
  +3.48870738919811174128e+03
  +3.55534526399002515973e+03
  +3.62385692384165895419e+03
  +3.69433493670093412220e+03
  +3.76687794325232653136e+03
  +3.84159116757367564787e+03
  +3.91858698005437008760e+03
  +3.99798551892689101805e+03
  +4.07991537766103738250e+03
  +4.16451436651233780140e+03
  +4.25193035773021256318e+03
  +4.34232222534910852119e+03
  +4.43586089214543062553e+03
  +4.53273049829209048767e+03
  +4.63312970853770366375e+03
  +4.73727317744784249953e+03
  +4.84539319545790840493e+03
  +4.95774154230508793262e+03
  +5.07459157896059059567e+03
  +5.19624061463402449590e+03
  +5.32301259196928549500e+03
  +5.45526114144733764988e+03
  +5.59337306557027386589e+03
  +5.73777232502175684203e+03
  +5.88892461318729783670e+03
  +6.04734262281921473914e+03
  +6.21359213007346988888e+03
  +6.38829904769992572255e+03
  +6.57215763222038731328e+03
  +6.76594007129817237001e+03
  +6.97050772957397839491e+03
  +7.18682439718206205725e+03
  +7.41597196918753979844e+03
  +7.65916909198299981654e+03
  +7.91779345194500365324e+03
  +8.19340856291606542072e+03
  +8.48779614687499088177e+03
  +8.80299551674600479600e+03
  +9.14135179018952112528e+03
  +9.50557532900008664001e+03
  +9.89881556884346173319e+03
  +1.03247534636716627574e+04
  +1.07877182440689430223e+04
  +1.12928362674628788227e+04
  +1.18462227071988563694e+04
  +1.24552311299990760745e+04
  +1.31287823443410325126e+04
  +1.38778033834042926173e+04
  +1.47158219444962160196e+04
  +1.56597841031749594549e+04
  +1.67311989025221519114e+04
  +1.79577717239739613433e+04
  +1.93757859103788105131e+04
  +2.10336602099693154742e+04
  +2.29974086965247879562e+04
</dep>
<dep Zin_norm frequency>
  +1.75074265446586565531e+01
  +1.63363833500743496074e+01
  +1.52246932353466526422e+01
  +1.41678867652703868174e+01
  +1.31619198549586950975e+01
  +1.22031861638628900124e+01
  +1.12885253759517549810e+01
  +1.04152343301216667726e+01
  +9.58108760501652234609e+00
  +8.78437489202997845439e+00
  +8.02396447443541305233e+00
  +7.29940569666820415762e+00
  +6.61108887318725368942e+00
  +5.96048879924439489741e+00
  +5.35052649873613894727e+00
  +4.78608634527160248240e+00
  +4.27470024584833829806e+00
  +3.82729990415251730695e+00
  +3.45863316307805934713e+00
  +3.18637143060226657454e+00
  +3.02753151247640683863e+00
  +2.99209377753313265913e+00
  +3.07734536130970948165e+00
  +3.26805480332054454351e+00
  +3.54249811159787197923e+00
  +3.87911440307664445726e+00
  +4.26010231419691987043e+00
  +4.67212821478037287903e+00
  +5.10567130967015803122e+00
  +5.55406766832121334687e+00
  +6.01267756123793795098e+00
  +6.47826560575813292786e+00
  +6.94856725516244377872e+00
  +7.42199262276219684509e+00
  +7.89742509508688961262e+00
  +8.37408376898767059515e+00
  +8.85142861531078395387e+00
  +9.32909435339155024280e+00
  +9.80684378576985693599e+00
  +1.02845344696766129999e+01
  +1.07620946398063903615e+01
  +1.12395056280389287195e+01
  +1.17167889014962192107e+01
  +1.21939964220863572564e+01
  +1.26712034214823123790e+01
  +1.31485029510585427204e+01
  +1.36260017489299425364e+01
  +1.41038170932629753906e+01
  +1.45820744003903364217e+01
  +1.50609053898020572859e+01
  +1.55404466837376613597e+01
  +1.60208387422295821523e+01
  +1.65022250587012351275e+01
  +1.69847515591469040430e+01
  +1.74685661612720615210e+01
  +1.79538184599958583476e+01
  +1.84406595133054409530e+01
  +1.89292417082268755735e+01
  +1.94197186911116119745e+01
  +1.99122453498574749631e+01
  +2.04069778383391913223e+01
  +2.09040736353997651520e+01
  +2.14036916323832357989e+01
  +2.19059922444760850624e+01
  +2.24111375421486975767e+01
  +2.29192913998033525047e+01
  +2.34306196593905617931e+01
  +2.39452903072879124124e+01
  +2.44634736631611673374e+01
  +2.49853425798860371287e+01
  +2.55110726538951730902e+01
  +2.60408424455584643908e+01
  +2.65748337094116138246e+01
  +2.71132316342153671940e+01
  +2.76562250929849540171e+01
  +2.82040069032538767146e+01
  +2.87567740979586723427e+01
  +2.93147282074342250269e+01
  +2.98780755531104915690e+01
  +3.04470275535928500688e+01
  +3.10218010439001972145e+01
  +3.16026186087226079735e+01
  +3.21897089306494876837e+01
  +3.27833071544099041716e+01
  +3.33836552682580176565e+01
  +3.39910025037368583867e+01
  +3.46056057551518776449e+01
  +3.52277300201977681127e+01
  +3.58576488632942798063e+01
  +3.64956449033147833916e+01
  +3.71420103275222075467e+01
  +3.77970474336736899090e+01
  +3.84610692024121476607e+01
  +3.91343999022359412265e+01
  +3.98173757295204566731e+01
  +4.05103454862755043564e+01
  +4.12136712985393387498e+01
  +4.19277293785593059283e+01
  +4.26529108341750884392e+01
  +4.33896225291134669533e+01
  +4.41382879982312630318e+01
  +4.48993484220948388952e+01
  +4.56732636656798334229e+01
  +4.64605133864060206861e+01
  +4.72615982172020991925e+01
  +4.80770410308195934590e+01
  +4.89073882922048639443e+01
  +4.97532115063826623214e+01
  +5.06151087700225872368e+01
  +5.14937064356603784177e+01
  +5.23896608984315221846e+01
  +5.33036605161616847681e+01
  +5.42364276747611384621e+01
  +5.51887210120977087513e+01
  +5.61613378148959796476e+01
  +5.71551166047488337085e+01
  +5.81709399310477976996e+01
  +5.92097373905737427435e+01
  +6.02724888956613256141e+01
  +6.13602282152969991103e+01
  +6.24740468162692863530e+01
  +6.36150980346038323887e+01
  +6.47846016110399887111e+01
  +6.59838486282987730647e+01
  +6.72142068924234052929e+01
  +6.84771268056281030567e+01
  +6.97741477839622348256e+01
  +7.11069052798005003524e+01
  +7.24771384768331756732e+01
  +7.38866987340186796018e+01
  +7.53375588650465317642e+01
  +7.68318233514735169365e+01
  +7.83717396010873983414e+01
  +7.99597103785378209295e+01
  +8.15983075532207493552e+01
  +8.32902873302467554595e+01
  +8.50386071546042501268e+01
  +8.68464445069821664447e+01
  +8.87172178429086102369e+01
  +9.06546099658418143008e+01
  +9.26625941707540761172e+01
  +9.47454635489568488538e+01
  +9.69078639091581663934e+01
  +9.91548308461017597892e+01
  +1.01491831579211805092e+02
  +1.03924812292680485371e+02
  +1.06460251839385705352e+02
  +1.09105222828946750724e+02
  +1.11867461311405477886e+02
  +1.14755446500435141388e+02
  +1.17778492263745960145e+02
  +1.20946852456384291941e+02
  +1.24271842601469401757e+02
  +1.27765980953998507630e+02
  +1.31443152644407746266e+02
  +1.35318801425963442853e+02
  +1.39410154591479567898e+02
  +1.43736487943641236598e+02
  +1.48319439383750790284e+02
  +1.53183381839660000878e+02
  +1.58355869038900067380e+02
  +1.63868171258321325467e+02
  +1.69755922937499832415e+02
  +1.76059910334920090236e+02
  +1.82827035803790408863e+02
  +1.90111506580001730526e+02
  +1.97976311376869233527e+02
  +2.06495069273433273338e+02
  +2.15754364881378847940e+02
  +2.25856725349257573043e+02
  +2.36924454143977129661e+02
  +2.49104622599981524900e+02
  +2.62575646886820663894e+02
  +2.77556067668085859168e+02
  +2.94316438889924313571e+02
  +3.13195682063499191372e+02
  +3.34623978050443042775e+02
  +3.59155434479479254151e+02
  +3.87515718207576242094e+02
  +4.20673204199386304936e+02
  +4.59948173930495727291e+02
</dep>
<dep S[2,2] frequency>
  -5.73044633423466232003e-01-j3.71496243257786296077e-01
  -6.01728277886608653446e-01-j3.59202623659278685864e-01
  -6.28847380100507336032e-01-j3.45393621908906156559e-01
  -6.54397249709519623906e-01-j3.30268504507607141285e-01
  -6.78390021121948794125e-01-j3.14008850160282182440e-01
  -7.00850986150993615631e-01-j2.96778899881726454524e-01
  -7.21815464468687051358e-01-j2.78726276037833342603e-01
  -7.41326174007401972332e-01-j2.59982944193593967785e-01
  -7.59431052737468026415e-01-j2.40666319362098146684e-01
  -7.76181478800561430731e-01-j2.20880442057105774722e-01
  -7.91630835796972021079e-01-j2.00717169311919324537e-01
  -8.05833372576136408583e-01-j1.80257341766352996437e-01
  -8.18843311023407682825e-01-j1.59571900462167459711e-01
  -8.30714160262485568076e-01-j1.38722936622378278937e-01
  -8.41498200851127919897e-01-j1.17764664922900275101e-01
  -8.51246107583013889020e-01-j9.67443160608888463869e-02
  -8.60006684206227722811e-01-j7.57029481942479709478e-02
  -8.67826687618891701170e-01-j5.46761794145210686113e-02
  -8.74750722857307150271e-01-j3.36948451089951334092e-02
  -8.80821193452446249417e-01-j1.27855850939534929078e-02
  -8.86078294521550402507e-01+j8.02863405851251404899e-03
  -8.90560038323497504820e-01+j2.87280558834856654393e-02
  -8.94302303986250546330e-01+j4.92957245044418346236e-02
  -8.97338904760645705849e-01+j6.97171233657914030113e-02
  -8.99701667513462255421e-01+j8.99798571541065156376e-02
  -9.01420520287327331488e-01+j1.10073372207260447575e-01
  -9.02523584663904032688e-01+j1.29988711098495773877e-01
  -9.03037270404179026606e-01+j1.49718297475661232809e-01
  -9.02986370434534002527e-01+j1.69255747619785540392e-01
  -9.02394154724729724570e-01+j1.88595705552535991556e-01
  -9.01282461985084659695e-01+j2.07733698863853011307e-01
  -8.99671788412631623366e-01+j2.26666012745803335804e-01
  -8.97581372954469602909e-01+j2.45389580005797081075e-01
  -8.95029278743397993523e-01+j2.63901885092000021427e-01
  -8.92032470505757402179e-01+j2.82200880396724029797e-01
  -8.88606887852928184479e-01+j3.00284913312100831817e-01
  -8.84767514452411640846e-01+j3.18152662697278765247e-01
  -8.80528443137642002903e-01+j3.35803083580783645612e-01
  -8.75902937061856956547e-01+j3.53235359066494003510e-01
  -8.70903487034186851723e-01+j3.70448858539666026068e-01
  -8.65541865198437454509e-01+j3.87443101381875543154e-01
  -8.59829175229221420729e-01+j4.04217725502466596055e-01
  -8.53775899227898094068e-01+j4.20772460080901189450e-01
  -8.47391941503887302645e-01+j4.37107101990160340499e-01
  -8.40686669426192523247e-01+j4.53221495438107246922e-01
  -8.33668951526827628484e-01+j4.69115514421651114141e-01
  -8.26347193032422655534e-01+j4.84789047639680559243e-01
  -8.18729368993768025220e-01+j5.00241985555156976062e-01
  -8.10823055175476814505e-01+j5.15474209335672561849e-01
  -8.02635456859822182807e-01+j5.30485581435879427481e-01
  -7.94173435710463504478e-01+j5.45275937614806749387e-01
  -7.85443534833231149506e-01+j5.59845080207283407603e-01
  -7.76452002162780985373e-01+j5.74192772491197822582e-01
  -7.67204812295690374846e-01+j5.88318734012353350415e-01
  -7.57707686882577058363e-01+j6.02222636746035266953e-01
  -7.47966113684228273151e-01+j6.15904101989542596129e-01
  -7.37985364389405096297e-01+j6.29362697893356526357e-01
  -7.27770511285097843057e-01+j6.42597937550145381636e-01
  -7.17326442863498670022e-01+j6.55609277571111315197e-01
  -7.06657878443803677548e-01+j6.68396117088020158548e-01
  -6.95769381881254256328e-01+j6.80957797127146879923e-01
  -6.84665374430420525798e-01+j6.93293600308179658320e-01
  -6.73350146824731932149e-01+j7.05402750827152535962e-01
  -6.61827870629628556287e-01+j7.17284414687723193005e-01
  -6.50102608922298985661e-01+j7.28937700149785094972e-01
  -6.38178326347017099707e-01+j7.40361658368365760374e-01
  -6.26058898591319801241e-01+j7.51555284199398876410e-01
  -6.13748121324770412599e-01+j7.62517517152060619878e-01
  -6.01249718638924623981e-01+j7.73247242470029072514e-01
  -5.88567351024058549314e-01+j7.83743292326558038674e-01
  -5.75704622915505392911e-01+j7.94004447120245426817e-01
  -5.62665089839928356241e-01+j8.04029436860279389521e-01
  -5.49452265189416033664e-01+j8.13816942631616746517e-01
  -5.36069626649218200498e-01+j8.23365598131856835096e-01
  -5.22520622302793391611e-01+j8.32673991272973257338e-01
  -5.08808676436097617746e-01+j8.41740665842027224741e-01
  -4.94937195061201984370e-01+j8.50564123216055567589e-01
  -4.80909571177797090513e-01+j8.59142824127113957644e-01
  -4.66729189789613196915e-01+j8.67475190474189084000e-01
  -4.52399432691424630004e-01+j8.75559607179390297915e-01
  -4.37923683041030797902e-01+j8.83394424086331730983e-01
  -4.23305329729398549521e-01+j8.90977957899159789257e-01
  -4.08547771561059203105e-01+j8.98308494161062953687e-01
  -3.93654421255827280390e-01+j9.05384289271525033449e-01
  -3.78628709281971786993e-01+j9.12203572541823826114e-01
  -3.63474087530013256764e-01+j9.18764548288651061725e-01
  -3.48194032835578315410e-01+j9.25065397965860847229e-01
  -3.32792050358915736386e-01+j9.31104282334645261265e-01
  -3.17271676827964588252e-01+j9.36879343672522901798e-01
  -3.01636483651180120624e-01+j9.42388708021732246500e-01
  -2.85890079905715632780e-01+j9.47630487477683081110e-01
  -2.70036115205945448370e-01+j9.52602782518233937026e-01
  -2.54078282456764503738e-01+j9.57303684374626651099e-01
  -2.38020320495545861794e-01+j9.61731277444962007195e-01
  -2.21866016626231760123e-01+j9.65883641751106858386e-01
  -2.05619209048443080112e-01+j9.69758855439994182923e-01
  -1.89283789184190920363e-01+j9.73354997330194371408e-01
  -1.72863703904251098109e-01+j9.76670149504717532984e-01
  -1.56362957655938300539e-01+j9.79702399950895808090e-01
  -1.39785614493657145418e-01+j9.82449845248216324656e-01
  -1.23135800013191534785e-01+j9.84910593304892056921e-01
  -1.06417703190456236495e-01+j9.87082766143908552081e-01
  -8.96355781250490479817e-02+j9.88964502739226425376e-01
  -7.27937456887129269445e-02+j9.90553961902703283826e-01
  -5.58965950784663379025e-02+j9.91849325222261768431e-01
  -3.89485852739968399505e-02+j9.92848800051673197054e-01
  -2.19542463985652920588e-02+j9.93550622552275997101e-01
  -4.91818098247422119673e-03+j9.93953060786781361635e-01
  +1.21549348720134814394e-02+j9.94054417865228634454e-01
  +2.92603504257315551185e-02+j9.93853035143010266061e-01
  +4.63932393391775846347e-02+j9.93347295470739188872e-01
  +6.35486988123480228685e-02+j9.92535626495589462515e-01
  +8.07217488297596874602e-02+j9.91416504013582722266e-01
  +9.79073315127452492579e-02+j9.89988455372139641852e-01
  +1.15100310581217585293e-01+j9.88250062922025995782e-01
  +1.32295470927305730546e-01+j9.86199967517647713144e-01
  +1.49487518303309613321e-01+j9.83836872064498102475e-01
  +1.66671079126577886820e-01+j9.81159545112317066362e-01
  +1.83840700404004520063e-01+j9.78166824492355035936e-01
  +2.00990849778915348089e-01+j9.74857620996928742052e-01
  +2.18115915703194634956e-01+j9.71230922099239113443e-01
  +2.35210207737561904917e-01+j9.67285795711193774338e-01
  +2.52267956982958729828e-01+j9.63021393976783213198e-01
  +2.69283316646037884645e-01+j9.58436957098299235902e-01
  +2.86250362741760910890e-01+j9.53531817192485475765e-01
  +3.03163094936119703604e-01+j9.48305402173431066792e-01
  +3.20015437532002566812e-01+j9.42757239658834733653e-01
  +3.36801240601175222444e-01+j9.36886960895959353124e-01
  +3.53514281265325858161e-01+j9.30694304703409303059e-01
  +3.70148265129074838242e-01+j9.24179121424568927878e-01
  +3.86696827867760328790e-01+j9.17341376888321513583e-01
  +4.03153536972739645616e-01+j9.10181156372391164666e-01
  +4.19511893656837664413e-01+j9.02698668564433037709e-01
  +4.35765334922457558964e-01+j8.94894249515698958497e-01
  +4.51907235794725914424e-01+j8.86768366581905276291e-01
  +4.67930911721904707612e-01+j8.78321622345659247522e-01
  +4.83829621145091148815e-01+j8.69554758514543557624e-01
  +4.99596568239112415188e-01+j8.60468659788758749585e-01
  +5.15224905826233592343e-01+j8.51064357691949990858e-01
  +5.30707738464106792975e-01+j8.41343034358647878790e-01
  +5.46038125709174759770e-01+j8.31306026271504183711e-01
  +5.61209085556433007191e-01+j8.20954827941332343499e-01
  +5.76213598056190212660e-01+j8.10291095522716831034e-01
  +5.91044609108198448766e-01+j7.99316650357810742911e-01
  +6.05695034433171186627e-01+j7.88033482440719468265e-01
  +6.20157763721413513025e-01+j7.76443753794737734353e-01
  +6.34425664957906088048e-01+j7.64549801754559110734e-01
  +6.48491588922848638532e-01+j7.52354142145413851139e-01
  +6.62348373866293194112e-01+j7.39859472351005909019e-01
  +6.75988850355079162746e-01+j7.27068674262011827025e-01
  +6.89405846289897650259e-01+j7.13984817096845136852e-01
  +7.02592192089898648355e-01+j7.00611160086288986548e-01
  +7.15540726041799968193e-01+j6.86951155013636349800e-01
  +7.28244299810044792842e-01+j6.73008448601899234021e-01
  +7.40695784104068666309e-01+j6.58786884739730016491e-01
  +7.52888074498348713881e-01+j6.44290506537673057785e-01
  +7.64814097400327019827e-01+j6.29523558206506628210e-01
  +7.76466816160976569527e-01+j6.14490486749447395454e-01
  +7.87839237322165431010e-01+j5.99195943460236968292e-01
  +7.98924416994616581889e-01+j5.83644785219120332265e-01
  +8.09715467359706675410e-01+j5.67842075579092497861e-01
  +8.20205563287922267968e-01+j5.51793085634855295929e-01
  +8.30387949066313857394e-01+j5.35503294667274087892e-01
  +8.40255945226833333983e-01+j5.18978390556348312401e-01
  +8.49802955466965048714e-01+j5.02224269956058178010e-01
  +8.59022473653668572346e-01+j4.85247038224755122826e-01
  +8.67908090901192030842e-01+j4.68053009105172834747e-01
  +8.76453502712917553730e-01+j4.50648704148522594171e-01
  +8.84652516176985370677e-01+j4.33040851877577126494e-01
  +8.92499057205137780180e-01+j4.15236386684108116363e-01
  +8.99987177803788784836e-01+j3.97242447456569836017e-01
  +9.07111063366086489701e-01+j3.79066375934365540346e-01
  +9.13865039973359771786e-01+j3.60715714785713514878e-01
  +9.20243581694175527552e-01+j3.42198205406558819686e-01
  +9.26241317868879754371e-01+j3.23521785438686815262e-01
  +9.31853040367425666801e-01+j3.04694586005784251448e-01
  +9.37073710808019821883e-01+j2.85724928666791944121e-01
  +9.41898467724079369034e-01+j2.66621322086641465710e-01
  +9.46322633666847212730e-01+j2.47392458425042344183e-01
  +9.50341722231013541489e-01+j2.28047209444769610753e-01
  +9.53951444990688179892e-01+j2.08594622341514629449e-01
</dep>
<dep S[2,1] frequency>
  +3.96722828618194356398e-01-j6.11814720931770916756e-01
  +3.65009691789208889912e-01-j6.11315991067262531899e-01
  +3.34716325591729202404e-01-j6.09269790066903849102e-01
  +3.05847575857791820209e-01-j6.05873853597288736239e-01
  +2.78391475897640350290e-01-j6.01308225338909485558e-01
  +2.52322913644660473675e-01-j5.95735607021451230025e-01
  +2.27606761062587092947e-01-j5.89302077389211920178e-01
  +2.04200503665931315522e-01-j5.82138053969883384475e-01
  +1.82056418714218848365e-01-j5.74359399242102441896e-01
  +1.61123355091923908811e-01-j5.66068596605468266070e-01
  +1.41348168069500373933e-01-j5.57355941316628467064e-01
  +1.22676859590970369074e-01-j5.48300707494042915968e-01
  +1.05055470591068220165e-01-j5.38972264832467962137e-01
  +8.84307669192476997200e-02-j5.29431128303208708985e-01
  +7.27507552903526588661e-02-j5.19729931349099172344e-01
  +5.79650606469485144001e-02-j5.09914318379101616507e-01
  +4.40251916211159000092e-02-j5.00023756137430774871e-01
  +3.08847165337514939498e-02-j4.90092266109851015798e-01
  +1.84993686148408401082e-02-j4.80149081823355583509e-01
  +6.82709586785617758564e-03-j4.70219235921531475419e-01
  -4.17193178930888065870e-03-j4.60324082438395121297e-01
  -1.45353478362429504311e-02-j4.50481759887652599694e-01
  -2.42986386236707166408e-02-j4.40707600739286997626e-01
  -3.34952103636701609135e-02-j4.31014492650695413278e-01
  -4.21564683498341780110e-02-j4.21413196515320720437e-01
  -5.03119042353471698781e-02-j4.11912626029845574394e-01
  -5.79891881057911229291e-02-j4.02520093093243658267e-01
  -6.52142628208230434872e-02-j3.93241522957718858677e-01
  -7.20114386937163591940e-02-j3.84081642667670752900e-01
  -7.84034870551573864761e-02-j3.75044145957411423353e-01
  -8.44117316288513358513e-02-j3.66131837436633855720e-01
  -9.00561369489547292044e-02-j3.57346758577865242223e-01
  -9.53553932877992116435e-02-j3.48690297733041887351e-01
  -1.00326997749195789833e-01-j3.40163286146663301768e-01
  -1.04987331327489913368e-01-j3.31766081700012760436e-01
  -1.09351731844012090011e-01-j3.23498641912421558420e-01
  -1.13434562757070506178e-01-j3.15360587540612691271e-01
  -1.17249277904845197740e-01-j3.07351257952770406945e-01
  -1.20808482286735768829e-01-j2.99469759309169969441e-01
  -1.24123989021515959696e-01-j2.91715006453179381829e-01
  -1.27206872643009644142e-01-j2.84085759304092744237e-01
  -1.30067518908159707181e-01-j2.76580654444437912254e-01
  -1.32715671300182247450e-01-j2.69198232507700252469e-01
  -1.35160474412586939508e-01-j2.61936961896506281811e-01
  -1.37410514399177507983e-01-j2.54795259294730236377e-01
  -1.39473856671928048145e-01-j2.47771507378897637430e-01
  -1.41358081023310683255e-01-j2.40864070083218861917e-01
  -1.43070314343065219109e-01-j2.34071305728132117441e-01
  -1.44617261091881471602e-01-j2.27391578283334810928e-01
  -1.46005231686327896501e-01-j2.20823267002160289474e-01
  -1.47240168941030924454e-01-j2.14364774634557747612e-01
  -1.48327672705584251434e-01-j2.08014534399740907977e-01
  -1.49273022825298140592e-01-j2.01771015877014570084e-01
  -1.50081200546703624754e-01-j1.95632729953312323179e-01
  -1.50756908480708523568e-01-j1.89598232948582995361e-01
  -1.51304589228752756069e-01-j1.83666130025015139626e-01
  -1.51728442769980848004e-01-j1.77835077972712446437e-01
  -1.52032442700577780093e-01-j1.72103787452845075068e-01
  -1.52220351409920823249e-01-j1.66471024769033054680e-01
  -1.52295734272052674108e-01-j1.60935613228844504041e-01
  -1.52261972925290950398e-01-j1.55496434149437479100e-01
  -1.52122277707409742087e-01-j1.50152427554505446539e-01
  -1.51879699308816479286e-01-j1.44902592603688984418e-01
  -1.51537139701563627892e-01-j1.39745987790356018809e-01
  -1.51097362397608431239e-01-j1.34681730938963795108e-01
  -1.50563002085821684428e-01-j1.29708999029247790125e-01
  -1.49936573693462388279e-01-j1.24827027870846860025e-01
  -1.49220480914379616255e-01-j1.20035111648845574384e-01
  -1.48417024243068934597e-01-j1.15332602358049152169e-01
  -1.47528408550671008559e-01-j1.10718909141264185148e-01
  -1.46556750236318505953e-01-j1.06193497544836534807e-01
  -1.45504083984695248288e-01-j1.01755888702819152769e-01
  -1.44372369158293684110e-01-j9.74056584594215763007e-02
  -1.43163495850741756543e-01-j9.31424364380895736248e-02
  -1.41879290625511134127e-01-j8.89659050641522092251e-02
  -1.40521521962514772675e-01-j8.48757985469850151361e-02
  -1.39091905433327445163e-01-j8.08719018265589978389e-02
  -1.37592108624221665103e-01-j7.69540494884500964057e-02
  -1.36023755824708686424e-01-j7.31221246506081473671e-02
  -1.34388432497905052632e-01-j6.93760578244961845229e-02
  -1.32687689547808823631e-01-j6.57158257526791189651e-02
  -1.30923047397349084919e-01-j6.21414502243685107352e-02
  -1.29095999890020157741e-01-j5.86529968700504264478e-02
  -1.27208018026859048799e-01-j5.52505739358520181481e-02
  -1.25260553549633057990e-01-j5.19343310380488212830e-02
  -1.23255042380145340974e-01-j4.87044578977409575726e-02
  -1.21192907924835918676e-01-j4.55611830555128216602e-02
  -1.19075564253009996696e-01-j4.25047725656487532242e-02
  -1.16904419156380307010e-01-j3.95355286692954527306e-02
  -1.14680877096868485965e-01-j3.66537884457838747387e-02
  -1.12406342049056945376e-01-j3.38599224411922916644e-02
  -1.10082220243038236829e-01-j3.11543332731209418607e-02
  -1.07709922812901370826e-01-j2.85374542105351000632e-02
  -1.05290868355510783272e-01-j2.60097477274637729761e-02
  -1.02826485403861841994e-01-j2.35717040292928968481e-02
  -1.00318214818671119781e-01-j2.12238395503140560294e-02
  -9.77675121016066545065e-02-j1.89666954211861853163e-02
  -9.51758496329943581848e-02-j1.68008359049398661722e-02
  -9.25447188365459832982e-02-j1.47268468001373453030e-02
  -8.98756322732686269150e-02-j1.27453338098163244246e-02
  -8.71701256663101886613e-02-j1.08569208748634446482e-02
  -8.44297598582538499912e-02-j9.06224847047338265271e-03
  -8.16561227019698410157e-02-j7.36197186439693437854e-03
  -7.88508308859024037440e-02-j5.75675933573074893879e-03
  -7.60155316943233044791e-02-j4.24729035303004261864e-03
  -7.31519047028837549052e-02-j2.83425371062338230660e-03
  -7.02616634094458264448e-02-j1.51834562204469043431e-03
  -6.73465568000007064331e-02-j3.00267769597913341140e-04
  -6.44083708492209638941e-02+j8.19274690845867860876e-04
  -6.14489299549534559453e-02+j1.83957517063573598726e-03
  -5.84700983057628992379e-02+j2.75992773541273344121e-03
  -5.54737811804388650239e-02+j3.57962923906246250488e-03
  -5.24619261781526791122e-02+j4.29798150502429341518e-03
  -4.94365243778102370076e-02+j4.91429355530763074117e-03
  -4.63996114249476815372e-02+j5.42788388743643303302e-03
  -4.33532685443500098721e-02+j5.83808279938134635362e-03
  -4.02996234764470551148e-02+j6.14423476242533569275e-03
  -3.72408513353643597088e-02+j6.34570084171629834879e-03
  -3.41791753863990230289e-02+j6.44186116412009436571e-03
  -3.11168677405657574664e-02+j6.43211743280548437635e-03
  -2.80562499637280853004e-02+j6.31589548782668375182e-03
  -2.49996935977605909407e-02+j6.09264791175896137931e-03
  -2.19496205910649395954e-02+j5.76185667928904177854e-03
  -1.89085036357178742916e-02+j5.32303584943593505185e-03
  -1.58788664084383752961e-02+j4.77573429888163321355e-03
  -1.28632837125217704133e-02+j4.11953849469339373340e-03
  -9.86438151783906175263e-03+j3.35407530448075634488e-03
  -6.88483689598258768311e-03+j2.47901484184648128462e-03
  -3.92737784761792909499e-03+j1.49407334473027455027e-03
  -9.94783019095994052242e-04+j3.99016084043075263451e-04
  +1.91011869459546419076e-03-j8.06339700260386236380e-04
  +4.78444866343740934922e-03-j2.12212183873759395111e-03
  +7.62527915540450913767e-03-j3.54840025096565033630e-03
  +1.04296340916988933972e-02-j5.08518394654646974096e-03
  +1.31944899269199021619e-02-j6.73241801240699686698e-03
  +1.59167766568032234553e-02-j8.48998059041195483887e-03
  +1.85933789560425236087e-02-j1.03576798495667223715e-02
  +2.12211374486206694190e-02-j1.23352509573135642185e-02
  +2.37968501128951320789e-02-j1.44223530546478753700e-02
  +2.63172738235384756633e-02-j1.66185662400330745603e-02
  +2.87791260322952761885e-02-j1.89233885672999216365e-02
  +3.11790865892686772098e-02-j2.13362330629451625585e-02
  +3.35137997062757014843e-02-j2.38564247684516887726e-02
  +3.57798760635941529018e-02-j2.64831978134576241646e-02
  +3.79738950611508765953e-02-j2.92156925258071874241e-02
  +4.00924072149642304885e-02-j3.20529525846913812548e-02
  +4.21319366993775437646e-02-j3.49939222232494087650e-02
  +4.40889840353084899727e-02-j3.80374434871953853721e-02
  +4.59600289244674192757e-02-j4.11822535561517377722e-02
  +4.77415332291380098417e-02-j4.44269821345177201577e-02
  +4.94299440968043943267e-02-j4.77701489187924224766e-02
  +5.10216972285416486832e-02-j5.12101611484264904184e-02
  +5.25132202897427499688e-02-j5.47453112472715483494e-02
  +5.39009364613545829958e-02-j5.83737745628276002985e-02
  +5.51812681294237203367e-02-j6.20936072104883024503e-02
  +5.63506407103861531316e-02-j6.59027440299957550929e-02
  +5.74054866090595028449e-02-j6.97989966613270784723e-02
  +5.83422493059747859778e-02-j7.37800517471977335138e-02
  +5.91573875701927251458e-02-j7.78434692692547697268e-02
  +5.98473797933936138560e-02-j8.19866810250572397578e-02
  +6.04087284405559685196e-02-j8.62069892526976244707e-02
  +6.08379646121554179539e-02-j9.05015654098794558591e-02
  +6.11316527123841255142e-02-j9.48674491140352321716e-02
  +6.12863952174731926870e-02-j9.93015472499093471148e-02
  +6.12988375377812727551e-02-j1.03800633250761026316e-01
  +6.11656729669364934709e-02-j1.08361346559138052581e-01
  +6.08836477109088447524e-02-j1.12980192272838161904e-01
  +6.04495659895046832943e-02-j1.17653540981392051856e-01
  +5.98602952024169174261e-02-j1.22377628798036666713e-01
  +5.91127711516356360577e-02-j1.27148557591804073352e-01
  +5.82040033116375116196e-02-j1.31962295423904391045e-01
  +5.71310801385441838218e-02-j1.36814677192230088609e-01
  +5.58911744090565959509e-02-j1.41701405487260012617e-01
  +5.44815485798213483548e-02-j1.46618051662267462332e-01
  +5.28995601575398335936e-02-j1.51560057120158353516e-01
  +5.11426670700233787503e-02-j1.56522734818788700206e-01
  +4.92084330281645707106e-02-j1.61501270996056850437e-01
  +4.70945328686880396174e-02-j1.66490727115506664813e-01
  +4.47987578674271039181e-02-j1.71486042032618968278e-01
  +4.23190210128097446529e-02-j1.76482034381352764774e-01
  +3.96533622292301532464e-02-j1.81473405179947894217e-01
</dep>
<dep S[1,2] frequency>
  +3.96722828618186695859e-01-j6.11814720931776023782e-01
  +3.65009691789208778889e-01-j6.11315991067262309855e-01
  +3.34716325591732255518e-01-j6.09269790066902405812e-01
  +3.05847575857797704391e-01-j6.05873853597285960682e-01
  +2.78391475897642071136e-01-j6.01308225338909929647e-01
  +2.52322913644657975674e-01-j5.95735607021450896958e-01
  +2.27606761062580542632e-01-j5.89302077389213807557e-01
  +2.04200503665930593877e-01-j5.82138053969883606520e-01
  +1.82056418714219042654e-01-j5.74359399242101331673e-01
  +1.61123355091922021431e-01-j5.66068596605467488914e-01
  +1.41348168069498569821e-01-j5.57355941316627578885e-01
  +1.22676859590970271929e-01-j5.48300707494042915968e-01
  +1.05055470591067054431e-01-j5.38972264832467629070e-01
  +8.84307669192499617994e-02-j5.29431128303206155472e-01
  +7.27507552903554066681e-02-j5.19729931349098950299e-01
  +5.79650606469487850170e-02-j5.09914318379101616507e-01
  +4.40251916211153934699e-02-j5.00023756137430774871e-01
  +3.08847165337526805007e-02-j4.90092266109851182332e-01
  +1.84993686148391331403e-02-j4.80149081823355916576e-01
  +6.82709586785636233369e-03-j4.70219235921531641953e-01
  -4.17193178930995878934e-03-j4.60324082438395121297e-01
  -1.45353478362440138166e-02-j4.50481759887651045382e-01
  -2.42986386236705570463e-02-j4.40707600739286942115e-01
  -3.34952103636693768185e-02-j4.31014492650695857368e-01
  -4.21564683498352882340e-02-j4.21413196515320498392e-01
  -5.03119042353491474628e-02-j4.11912626029846018483e-01
  -5.79891881057915531406e-02-j4.02520093093243214177e-01
  -6.52142628208230018538e-02-j3.93241522957719191744e-01
  -7.20114386937153877488e-02-j3.84081642667671863123e-01
  -7.84034870551560819640e-02-j3.75044145957411756420e-01
  -8.44117316288516689182e-02-j3.66131837436633800209e-01
  -9.00561369489552843159e-02-j3.57346758577866352447e-01
  -9.53553932877994891992e-02-j3.48690297733041165706e-01
  -1.00326997749194526954e-01-j3.40163286146663634835e-01
  -1.04987331327490815425e-01-j3.31766081700013149014e-01
  -1.09351731844012131645e-01-j3.23498641912421391886e-01
  -1.13434562757069853922e-01-j3.15360587540613079849e-01
  -1.17249277904845239373e-01-j3.07351257952770295923e-01
  -1.20808482286735505151e-01-j2.99469759309169969441e-01
  -1.24123989021515765407e-01-j2.91715006453179437340e-01
  -1.27206872643009838431e-01-j2.84085759304090912369e-01
  -1.30067518908159152069e-01-j2.76580654444439022477e-01
  -1.32715671300182191938e-01-j2.69198232507700974114e-01
  -1.35160474412587855442e-01-j2.61936961896505893233e-01
  -1.37410514399176564293e-01-j2.54795259294729958821e-01
  -1.39473856671927909368e-01-j2.47771507378897720697e-01
  -1.41358081023310738766e-01-j2.40864070083218195784e-01
  -1.43070314343065135843e-01-j2.34071305728132283974e-01
  -1.44617261091881471602e-01-j2.27391578283333978261e-01
  -1.46005231686327840990e-01-j2.20823267002160344985e-01
  -1.47240168941031090988e-01-j2.14364774634557636590e-01
  -1.48327672705583779589e-01-j2.08014534399740824711e-01
  -1.49273022825297918548e-01-j2.01771015877014847639e-01
  -1.50081200546703708021e-01-j1.95632729953313627691e-01
  -1.50756908480708246012e-01-j1.89598232948583744761e-01
  -1.51304589228752561780e-01-j1.83666130025015333915e-01
  -1.51728442769980514937e-01-j1.77835077972712474192e-01
  -1.52032442700577336003e-01-j1.72103787452845852224e-01
  -1.52220351409920795493e-01-j1.66471024769033582036e-01
  -1.52295734272052007974e-01-j1.60935613228843837907e-01
  -1.52261972925291061420e-01-j1.55496434149437395833e-01
  -1.52122277707409242486e-01-j1.50152427554505280005e-01
  -1.51879699308817062153e-01-j1.44902592603688901152e-01
  -1.51537139701562850735e-01-j1.39745987790355796765e-01
  -1.51097362397608514506e-01-j1.34681730938963767352e-01
  -1.50563002085821712184e-01-j1.29708999029247734613e-01
  -1.49936573693462527057e-01-j1.24827027870846637980e-01
  -1.49220480914379977078e-01-j1.20035111648845560506e-01
  -1.48417024243068879086e-01-j1.15332602358049152169e-01
  -1.47528408550671258359e-01-j1.10718909141264615359e-01
  -1.46556750236317617775e-01-j1.06193497544836285007e-01
  -1.45504083984695387066e-01-j1.01755888702819791147e-01
  -1.44372369158293656355e-01-j9.74056584594217844675e-02
  -1.43163495850741645521e-01-j9.31424364380896568916e-02
  -1.41879290625511106372e-01-j8.89659050641524173919e-02
  -1.40521521962515300030e-01-j8.48757985469850567695e-02
  -1.39091905433327278629e-01-j8.08719018265593309058e-02
  -1.37592108624221998170e-01-j7.69540494884503462059e-02
  -1.36023755824708769691e-01-j7.31221246506080363448e-02
  -1.34388432497904580787e-01-j6.93760578244961290117e-02
  -1.32687689547809017920e-01-j6.57158257526787442648e-02
  -1.30923047397349057164e-01-j6.21414502243685593075e-02
  -1.29095999890019991208e-01-j5.86529968700507386981e-02
  -1.27208018026858632465e-01-j5.52505739358522263149e-02
  -1.25260553549632197567e-01-j5.19343310380484812772e-02
  -1.23255042380145340974e-01-j4.87044578977409506337e-02
  -1.21192907924836418276e-01-j4.55611830555131408493e-02
  -1.19075564253010399152e-01-j4.25047725656489613910e-02
  -1.16904419156380459666e-01-j3.95355286692956817141e-02
  -1.14680877096868485965e-01-j3.66537884457839857610e-02
  -1.12406342049056709453e-01-j3.38599224411924026867e-02
  -1.10082220243038139684e-01-j3.11543332731206469577e-02
  -1.07709922812901245925e-01-j2.85374542105348641408e-02
  -1.05290868355511310628e-01-j2.60097477274634711342e-02
  -1.02826485403861800361e-01-j2.35717040292931535872e-02
  -1.00318214818671133659e-01-j2.12238395503141011322e-02
  -9.77675121016065296065e-02-j1.89666954211866987945e-02
  -9.51758496329942887959e-02-j1.68008359049400465834e-02
  -9.25447188365460249315e-02-j1.47268468001370209097e-02
  -8.98756322732685991594e-02-j1.27453338098162637093e-02
  -8.71701256663106882616e-02-j1.08569208748632902578e-02
  -8.44297598582538222356e-02-j9.06224847047353010421e-03
  -8.16561227019697716267e-02-j7.36197186439731688506e-03
  -7.88508308859023482329e-02-j5.75675933573077582700e-03
  -7.60155316943232628457e-02-j4.24729035303004001656e-03
  -7.31519047028836993940e-02-j2.83425371062346860909e-03
  -7.02616634094456182780e-02-j1.51834562204454319966e-03
  -6.73465568000009562333e-02-j3.00267769597622016017e-04
  -6.44083708492211859387e-02+j8.19274690845798905618e-04
  -6.14489299549535253342e-02+j1.83957517063588907660e-03
  -5.84700983057630865880e-02+j2.75992773541313069288e-03
  -5.54737811804391633963e-02+j3.57962923906259911436e-03
  -5.24619261781536019851e-02+j4.29798150502364896541e-03
  -4.94365243778100288408e-02+j4.91429355530737486946e-03
  -4.63996114249483129766e-02+j5.42788388743645731915e-03
  -4.33532685443506413114e-02+j5.83808279938075654764e-03
  -4.02996234764472771595e-02+j6.14423476242524982394e-03
  -3.72408513353641307253e-02+j6.34570084171622115360e-03
  -3.41791753863983846506e-02+j6.44186116411976563562e-03
  -3.11168677405657817525e-02+j6.43211743280568300218e-03
  -2.80562499637284148979e-02+j6.31589548782649466696e-03
  -2.49996935977611078883e-02+j6.09264791175911663706e-03
  -2.19496205910649361259e-02+j5.76185667928910509594e-03
  -1.89085036357182177669e-02+j5.32303584943563581205e-03
  -1.58788664084383336628e-02+j4.77573429888169653096e-03
  -1.28632837125213245894e-02+j4.11953849469324714927e-03
  -9.86438151783878940104e-03+j3.35407530448082269806e-03
  -6.88483689598252176362e-03+j2.47901484184673932473e-03
  -3.92737784761787184912e-03+j1.49407334473043306063e-03
  -9.94783019096014868923e-04+j3.99016084042944562879e-04
  +1.91011869459563029053e-03-j8.06339700260785981721e-04
  +4.78444866343760884242e-03-j2.12212183873725958316e-03
  +7.62527915540461061900e-03-j3.54840025096550158376e-03
  +1.04296340916988413555e-02-j5.08518394654608203026e-03
  +1.31944899269200548175e-02-j6.73241801240737590406e-03
  +1.59167766568030048802e-02-j8.48998059041145523851e-03
  +1.85933789560429295340e-02-j1.03576798495666946159e-02
  +2.12211374486207006440e-02-j1.23352509573135711574e-02
  +2.37968501128952431012e-02-j1.44223530546481546605e-02
  +2.63172738235383368854e-02-j1.66185662400331751742e-02
  +2.87791260322949153660e-02-j1.89233885672997655114e-02
  +3.11790865892688402738e-02-j2.13362330629453360309e-02
  +3.35137997062756598510e-02-j2.38564247684519524506e-02
  +3.57798760635946178077e-02-j2.64831978134574368144e-02
  +3.79738950611502382171e-02-j2.92156925258073678353e-02
  +4.00924072149642304885e-02-j3.20529525846912355380e-02
  +4.21319366993781682651e-02-j3.49939222232496446874e-02
  +4.40889840353080805779e-02-j3.80374434871952465942e-02
  +4.59600289244672527422e-02-j4.11822535561524386005e-02
  +4.77415332291378363694e-02-j4.44269821345172205573e-02
  +4.94299440968040959543e-02-j4.77701489187924224766e-02
  +5.10216972285419401167e-02-j5.12101611484263169460e-02
  +5.25132202897435826361e-02-j5.47453112472712152825e-02
  +5.39009364613549021850e-02-j5.83737745628284745991e-02
  +5.51812681294234844143e-02-j6.20936072104877820332e-02
  +5.63506407103861531316e-02-j6.59027440299957550929e-02
  +5.74054866090594959060e-02-j6.97989966613271617391e-02
  +5.83422493059747721000e-02-j7.37800517471974837136e-02
  +5.91573875701929888238e-02-j7.78434692692550334048e-02
  +5.98473797933933709947e-02-j8.19866810250576005803e-02
  +6.04087284405563709755e-02-j8.62069892526973469149e-02
  +6.08379646121557718375e-02-j9.05015654098798999483e-02
  +6.11316527123840561253e-02-j9.48674491140352460494e-02
  +6.12863952174731163591e-02-j9.93015472499090834368e-02
  +6.12988375377811756106e-02-j1.03800633250761220605e-01
  +6.11656729669356261092e-02-j1.08361346559138232992e-01
  +6.08836477109089002635e-02-j1.12980192272838175782e-01
  +6.04495659895044057386e-02-j1.17653540981392107367e-01
  +5.98602952024167925260e-02-j1.22377628798036944269e-01
  +5.91127711516352891130e-02-j1.27148557591804239886e-01
  +5.82040033116371924304e-02-j1.31962295423904751868e-01
  +5.71310801385437327937e-02-j1.36814677192230227387e-01
  +5.58911744090565681953e-02-j1.41701405487259735061e-01
  +5.44815485798210499824e-02-j1.46618051662267434576e-01
  +5.28995601575395352212e-02-j1.51560057120158436783e-01
  +5.11426670700232052780e-02-j1.56522734818789061029e-01
  +4.92084330281639253935e-02-j1.61501270996056545126e-01
  +4.70945328686880465563e-02-j1.66490727115506914613e-01
  +4.47987578674267916679e-02-j1.71486042032619051545e-01
  +4.23190210128099320031e-02-j1.76482034381352875796e-01
  +3.96533622292299450796e-02-j1.81473405179948588106e-01
</dep>
<dep S[1,1] frequency>
  -5.73044633423473670497e-01-j3.71496243257789848791e-01
  -6.01728277886608431402e-01-j3.59202623659278297286e-01
  -6.28847380100503783318e-01-j3.45393621908903436513e-01
  -6.54397249709518624705e-01-j3.30268504507607141285e-01
  -6.78390021121947017768e-01-j3.14008850160282515507e-01
  -7.00850986150996058122e-01-j2.96778899881726176968e-01
  -7.21815464468691603273e-01-j2.78726276037834397314e-01
  -7.41326174007401306199e-01-j2.59982944193593745741e-01
  -7.59431052737466472102e-01-j2.40666319362096647883e-01
  -7.76181478800563762199e-01-j2.20880442057106635145e-01
  -7.91630835796973908458e-01-j2.00717169311918408603e-01
  -8.05833372576136630627e-01-j1.80257341766353218482e-01
  -8.18843311023409792249e-01-j1.59571900462168181356e-01
  -8.30714160262483458652e-01-j1.38722936622377335247e-01
  -8.41498200851126032518e-01-j1.17764664922899567334e-01
  -8.51246107583015776399e-01-j9.67443160608904006992e-02
  -8.60006684206227833833e-01-j7.57029481942479987033e-02
  -8.67826687618890590947e-01-j5.46761794145210200391e-02
  -8.74750722857308593561e-01-j3.36948451089949183035e-02
  -8.80821193452446693506e-01-j1.27855850939536316857e-02
  -8.86078294521551734775e-01+j8.02863405851367978316e-03
  -8.90560038323498726065e-01+j2.87280558834872440377e-02
  -8.94302303986250324286e-01+j4.92957245044419317681e-02
  -8.97338904760645150738e-01+j6.97171233657907923886e-02
  -8.99701667513463143599e-01+j8.99798571541066405377e-02
  -9.01420520287328774778e-01+j1.10073372207260697375e-01
  -9.02523584663904476777e-01+j1.29988711098496162455e-01
  -9.03037270404179026606e-01+j1.49718297475660844231e-01
  -9.02986370434532781282e-01+j1.69255747619784457925e-01
  -9.02394154724727948214e-01+j1.88595705552535380933e-01
  -9.01282461985085214806e-01+j2.07733698863853344374e-01
  -8.99671788412630402121e-01+j2.26666012745803058248e-01
  -8.97581372954470046999e-01+j2.45389580005797941498e-01
  -8.95029278743396994322e-01+j2.63901885091999022226e-01
  -8.92032470505758179335e-01+j2.82200880396725028998e-01
  -8.88606887852928406524e-01+j3.00284913312101053862e-01
  -8.84767514452410863690e-01+j3.18152662697278487691e-01
  -8.80528443137642335969e-01+j3.35803083580784700324e-01
  -8.75902937061855846324e-01+j3.53235359066493281865e-01
  -8.70903487034186740701e-01+j3.70448858539665859535e-01
  -8.65541865198437898599e-01+j3.87443101381874988043e-01
  -8.59829175229220643573e-01+j4.04217725502467262189e-01
  -8.53775899227898094068e-01+j4.20772460080900467805e-01
  -8.47391941503887857756e-01+j4.37107101990160562544e-01
  -8.40686669426191635068e-01+j4.53221495438107635501e-01
  -8.33668951526827628484e-01+j4.69115514421651114141e-01
  -8.26347193032422322467e-01+j4.84789047639681336399e-01
  -8.18729368993768136242e-01+j5.00241985555157087084e-01
  -8.10823055175476814505e-01+j5.15474209335673450028e-01
  -8.02635456859822071785e-01+j5.30485581435879316459e-01
  -7.94173435710463837545e-01+j5.45275937614807082454e-01
  -7.85443534833230483372e-01+j5.59845080207283407603e-01
  -7.76452002162780541283e-01+j5.74192772491197822582e-01
  -7.67204812295690374846e-01+j5.88318734012352795304e-01
  -7.57707686882576947340e-01+j6.02222636746034600819e-01
  -7.47966113684228051106e-01+j6.15904101989542374085e-01
  -7.37985364389404985275e-01+j6.29362697893356526357e-01
  -7.27770511285097509990e-01+j6.42597937550145270613e-01
  -7.17326442863499003089e-01+j6.55609277571110538041e-01
  -7.06657878443804121638e-01+j6.68396117088019603436e-01
  -6.95769381881254145306e-01+j6.80957797127147101968e-01
  -6.84665374430419859664e-01+j6.93293600308180213432e-01
  -6.73350146824732709305e-01+j7.05402750827152313917e-01
  -6.61827870629629111399e-01+j7.17284414687723637094e-01
  -6.50102608922299096683e-01+j7.28937700149785205994e-01
  -6.38178326347016988684e-01+j7.40361658368365871397e-01
  -6.26058898591319801241e-01+j7.51555284199398876410e-01
  -6.13748121324769524421e-01+j7.62517517152060730901e-01
  -6.01249718638924401937e-01+j7.73247242470029294559e-01
  -5.88567351024058771358e-01+j7.83743292326557483563e-01
  -5.75704622915505281888e-01+j7.94004447120245315794e-01
  -5.62665089839928578286e-01+j8.04029436860278834409e-01
  -5.49452265189416366731e-01+j8.13816942631616524473e-01
  -5.36069626649218200498e-01+j8.23365598131856835096e-01
  -5.22520622302793391611e-01+j8.32673991272972924271e-01
  -5.08808676436098283880e-01+j8.41740665842026891674e-01
  -4.94937195061202039881e-01+j8.50564123216055456567e-01
  -4.80909571177797867669e-01+j8.59142824127113735599e-01
  -4.66729189789613307937e-01+j8.67475190474189084000e-01
  -4.52399432691424685515e-01+j8.75559607179390519960e-01
  -4.37923683041031019947e-01+j8.83394424086332064050e-01
  -4.23305329729398494010e-01+j8.90977957899159900279e-01
  -4.08547771561058592482e-01+j8.98308494161062953687e-01
  -3.93654421255827391413e-01+j9.05384289271524478337e-01
  -3.78628709281972508638e-01+j9.12203572541823715092e-01
  -3.63474087530012757163e-01+j9.18764548288651061725e-01
  -3.48194032835578037854e-01+j9.25065397965860958251e-01
  -3.32792050358916069452e-01+j9.31104282334645150243e-01
  -3.17271676827965087853e-01+j9.36879343672522901798e-01
  -3.01636483651180231647e-01+j9.42388708021732246500e-01
  -2.85890079905715799313e-01+j9.47630487477683081110e-01
  -2.70036115205945281836e-01+j9.52602782518233603959e-01
  -2.54078282456764559250e-01+j9.57303684374626095988e-01
  -2.38020320495546083839e-01+j9.61731277444961452083e-01
  -2.21866016626231676856e-01+j9.65883641751106747364e-01
  -2.05619209048443135623e-01+j9.69758855439994071901e-01
  -1.89283789184190531785e-01+j9.73354997330194482430e-01
  -1.72863703904251098109e-01+j9.76670149504717866051e-01
  -1.56362957655938272783e-01+j9.79702399950896252179e-01
  -1.39785614493657117663e-01+j9.82449845248216324656e-01
  -1.23135800013191978874e-01+j9.84910593304892389988e-01
  -1.06417703190456236495e-01+j9.87082766143908774126e-01
  -8.96355781250490896150e-02+j9.88964502739226425376e-01
  -7.27937456887133432781e-02+j9.90553961902703394848e-01
  -5.58965950784663379025e-02+j9.91849325222261546386e-01
  -3.89485852739971522007e-02+j9.92848800051673308076e-01
  -2.19542463985651289948e-02+j9.93550622552275997101e-01
  -4.91818098247442936355e-03+j9.93953060786781694702e-01
  +1.21549348720138283841e-02+j9.94054417865228634454e-01
  +2.92603504257311075598e-02+j9.93853035143010377084e-01
  +4.63932393391775776958e-02+j9.93347295470738855805e-01
  +6.35486988123480367463e-02+j9.92535626495588907403e-01
  +8.07217488297602009384e-02+j9.91416504013583055333e-01
  +9.79073315127450133355e-02+j9.89988455372139974919e-01
  +1.15100310581216738748e-01+j9.88250062922025995782e-01
  +1.32295470927305480746e-01+j9.86199967517647269055e-01
  +1.49487518303309446788e-01+j9.83836872064498546564e-01
  +1.66671079126577525997e-01+j9.81159545112317399429e-01
  +1.83840700404004575574e-01+j9.78166824492354702869e-01
  +2.00990849778915486867e-01+j9.74857620996928297963e-01
  +2.18115915703194274133e-01+j9.71230922099238891398e-01
  +2.35210207737561377561e-01+j9.67285795711193774338e-01
  +2.52267956982958729828e-01+j9.63021393976783102175e-01
  +2.69283316646038162201e-01+j9.58436957098298791813e-01
  +2.86250362741760855378e-01+j9.53531817192485364743e-01
  +3.03163094936120258716e-01+j9.48305402173431510882e-01
  +3.20015437532002899879e-01+j9.42757239658834511609e-01
  +3.36801240601175333467e-01+j9.36886960895959575168e-01
  +3.53514281265325525094e-01+j9.30694304703409747148e-01
  +3.70148265129074838242e-01+j9.24179121424569038901e-01
  +3.86696827867760661857e-01+j9.17341376888321402561e-01
  +4.03153536972739312549e-01+j9.10181156372391386711e-01
  +4.19511893656837775435e-01+j9.02698668564433481798e-01
  +4.35765334922457392430e-01+j8.94894249515698847475e-01
  +4.51907235794726303002e-01+j8.86768366581905276291e-01
  +4.67930911721904763123e-01+j8.78321622345658692410e-01
  +4.83829621145090815748e-01+j8.69554758514543113535e-01
  +4.99596568239112137633e-01+j8.60468659788758749585e-01
  +5.15224905826233925410e-01+j8.51064357691949990858e-01
  +5.30707738464107015020e-01+j8.41343034358648100834e-01
  +5.46038125709174648748e-01+j8.31306026271504294733e-01
  +5.61209085556433118214e-01+j8.20954827941332232477e-01
  +5.76213598056190323682e-01+j8.10291095522716720012e-01
  +5.91044609108198448766e-01+j7.99316650357810742911e-01
  +6.05695034433171297650e-01+j7.88033482440719357243e-01
  +6.20157763721414179159e-01+j7.76443753794737734353e-01
  +6.34425664957906310093e-01+j7.64549801754558999711e-01
  +6.48491588922848416487e-01+j7.52354142145413629095e-01
  +6.62348373866293194112e-01+j7.39859472351005575952e-01
  +6.75988850355078829679e-01+j7.27068674262012160092e-01
  +6.89405846289896873103e-01+j7.13984817096845247875e-01
  +7.02592192089898759377e-01+j7.00611160086288653481e-01
  +7.15540726041800523305e-01+j6.86951155013636127755e-01
  +7.28244299810044348753e-01+j6.73008448601899900154e-01
  +7.40695784104068888354e-01+j6.58786884739730016491e-01
  +7.52888074498348047747e-01+j6.44290506537673279830e-01
  +7.64814097400326797782e-01+j6.29523558206506628210e-01
  +7.76466816160976791572e-01+j6.14490486749447284431e-01
  +7.87839237322165653055e-01+j5.99195943460236524203e-01
  +7.98924416994616470866e-01+j5.83644785219120110220e-01
  +8.09715467359706342343e-01+j5.67842075579092497861e-01
  +8.20205563287921601834e-01+j5.51793085634855962063e-01
  +8.30387949066314079438e-01+j5.35503294667274309937e-01
  +8.40255945226833333983e-01+j5.18978390556348534446e-01
  +8.49802955466965159737e-01+j5.02224269956058289033e-01
  +8.59022473653667906213e-01+j4.85247038224754734248e-01
  +8.67908090901191919819e-01+j4.68053009105172945770e-01
  +8.76453502712918108841e-01+j4.50648704148522538659e-01
  +8.84652516176985259655e-01+j4.33040851877576626894e-01
  +8.92499057205138002224e-01+j4.15236386684108116363e-01
  +8.99987177803789006880e-01+j3.97242447456569391928e-01
  +9.07111063366085934589e-01+j3.79066375934365429323e-01
  +9.13865039973359771786e-01+j3.60715714785713514878e-01
  +9.20243581694175638575e-01+j3.42198205406558653152e-01
  +9.26241317868879754371e-01+j3.23521785438686593217e-01
  +9.31853040367425444757e-01+j3.04694586005784140426e-01
  +9.37073710808019710861e-01+j2.85724928666792166165e-01
  +9.41898467724079369034e-01+j2.66621322086641521221e-01
  +9.46322633666846546596e-01+j2.47392458425042177650e-01
  +9.50341722231013874556e-01+j2.28047209444769194420e-01
  +9.53951444990688290915e-01+j2.08594622341514768227e-01
</dep>
