<Qucs Dataset 1.0.7>
<indep frequency 181>
  +1.00000000000000000000e+09
  +1.05000000000000000000e+09
  +1.10000000000000000000e+09
  +1.15000000000000000000e+09
  +1.20000000000000000000e+09
  +1.25000000000000000000e+09
  +1.30000000000000000000e+09
  +1.35000000000000000000e+09
  +1.40000000000000000000e+09
  +1.45000000000000000000e+09
  +1.50000000000000000000e+09
  +1.55000000000000000000e+09
  +1.60000000000000000000e+09
  +1.65000000000000000000e+09
  +1.70000000000000000000e+09
  +1.75000000000000000000e+09
  +1.80000000000000000000e+09
  +1.85000000000000000000e+09
  +1.90000000000000000000e+09
  +1.95000000000000000000e+09
  +2.00000000000000000000e+09
  +2.05000000000000000000e+09
  +2.10000000000000000000e+09
  +2.15000000000000000000e+09
  +2.20000000000000000000e+09
  +2.25000000000000000000e+09
  +2.30000000000000000000e+09
  +2.35000000000000000000e+09
  +2.40000000000000000000e+09
  +2.45000000000000000000e+09
  +2.50000000000000000000e+09
  +2.55000000000000000000e+09
  +2.60000000000000000000e+09
  +2.65000000000000000000e+09
  +2.70000000000000000000e+09
  +2.75000000000000000000e+09
  +2.80000000000000000000e+09
  +2.85000000000000000000e+09
  +2.90000000000000000000e+09
  +2.95000000000000000000e+09
  +3.00000000000000000000e+09
  +3.05000000000000000000e+09
  +3.10000000000000000000e+09
  +3.15000000000000000000e+09
  +3.20000000000000000000e+09
  +3.25000000000000000000e+09
  +3.30000000000000000000e+09
  +3.35000000000000000000e+09
  +3.40000000000000000000e+09
  +3.45000000000000000000e+09
  +3.50000000000000000000e+09
  +3.55000000000000000000e+09
  +3.60000000000000000000e+09
  +3.65000000000000000000e+09
  +3.70000000000000000000e+09
  +3.75000000000000000000e+09
  +3.80000000000000000000e+09
  +3.85000000000000000000e+09
  +3.90000000000000000000e+09
  +3.95000000000000000000e+09
  +4.00000000000000000000e+09
  +4.05000000000000000000e+09
  +4.10000000000000000000e+09
  +4.15000000000000000000e+09
  +4.20000000000000000000e+09
  +4.25000000000000000000e+09
  +4.30000000000000000000e+09
  +4.35000000000000000000e+09
  +4.40000000000000000000e+09
  +4.45000000000000000000e+09
  +4.50000000000000000000e+09
  +4.55000000000000000000e+09
  +4.60000000000000000000e+09
  +4.65000000000000000000e+09
  +4.70000000000000000000e+09
  +4.75000000000000000000e+09
  +4.80000000000000000000e+09
  +4.85000000000000000000e+09
  +4.90000000000000000000e+09
  +4.95000000000000000000e+09
  +5.00000000000000000000e+09
  +5.05000000000000000000e+09
  +5.10000000000000000000e+09
  +5.15000000000000000000e+09
  +5.20000000000000000000e+09
  +5.25000000000000000000e+09
  +5.30000000000000000000e+09
  +5.35000000000000000000e+09
  +5.40000000000000000000e+09
  +5.45000000000000000000e+09
  +5.50000000000000000000e+09
  +5.55000000000000000000e+09
  +5.60000000000000000000e+09
  +5.65000000000000000000e+09
  +5.70000000000000000000e+09
  +5.75000000000000000000e+09
  +5.80000000000000000000e+09
  +5.85000000000000000000e+09
  +5.90000000000000000000e+09
  +5.95000000000000000000e+09
  +6.00000000000000000000e+09
  +6.05000000000000000000e+09
  +6.10000000000000000000e+09
  +6.15000000000000000000e+09
  +6.20000000000000000000e+09
  +6.25000000000000000000e+09
  +6.30000000000000000000e+09
  +6.35000000000000000000e+09
  +6.40000000000000000000e+09
  +6.45000000000000000000e+09
  +6.50000000000000000000e+09
  +6.55000000000000000000e+09
  +6.60000000000000000000e+09
  +6.65000000000000000000e+09
  +6.70000000000000000000e+09
  +6.75000000000000000000e+09
  +6.80000000000000000000e+09
  +6.85000000000000000000e+09
  +6.90000000000000000000e+09
  +6.95000000000000000000e+09
  +7.00000000000000000000e+09
  +7.05000000000000000000e+09
  +7.10000000000000000000e+09
  +7.15000000000000000000e+09
  +7.20000000000000000000e+09
  +7.25000000000000000000e+09
  +7.30000000000000000000e+09
  +7.35000000000000000000e+09
  +7.40000000000000000000e+09
  +7.45000000000000000000e+09
  +7.50000000000000000000e+09
  +7.55000000000000000000e+09
  +7.60000000000000000000e+09
  +7.65000000000000000000e+09
  +7.70000000000000000000e+09
  +7.75000000000000000000e+09
  +7.80000000000000000000e+09
  +7.85000000000000000000e+09
  +7.90000000000000000000e+09
  +7.95000000000000000000e+09
  +8.00000000000000000000e+09
  +8.05000000000000000000e+09
  +8.10000000000000000000e+09
  +8.15000000000000000000e+09
  +8.20000000000000000000e+09
  +8.25000000000000000000e+09
  +8.30000000000000000000e+09
  +8.35000000000000000000e+09
  +8.40000000000000000000e+09
  +8.45000000000000000000e+09
  +8.50000000000000000000e+09
  +8.55000000000000000000e+09
  +8.60000000000000000000e+09
  +8.65000000000000000000e+09
  +8.70000000000000000000e+09
  +8.75000000000000000000e+09
  +8.80000000000000000000e+09
  +8.85000000000000000000e+09
  +8.90000000000000000000e+09
  +8.95000000000000000000e+09
  +9.00000000000000000000e+09
  +9.05000000000000000000e+09
  +9.10000000000000000000e+09
  +9.15000000000000000000e+09
  +9.20000000000000000000e+09
  +9.25000000000000000000e+09
  +9.30000000000000000000e+09
  +9.35000000000000000000e+09
  +9.40000000000000000000e+09
  +9.45000000000000000000e+09
  +9.50000000000000000000e+09
  +9.55000000000000000000e+09
  +9.60000000000000000000e+09
  +9.65000000000000000000e+09
  +9.70000000000000000000e+09
  +9.75000000000000000000e+09
  +9.80000000000000000000e+09
  +9.85000000000000000000e+09
  +9.90000000000000000000e+09
  +9.95000000000000000000e+09
  +1.00000000000000000000e+10
</indep>
<dep S21_phase frequency>
  -1.04228689238296780672e+02
  -1.07210436605462319903e+02
  -1.10102069399221761614e+02
  -1.12911703236578702558e+02
  -1.15646425391013906392e+02
  -1.18312439555679929981e+02
  -1.20915189945313258590e+02
  -1.23459467370793348096e+02
  -1.25949499768788214737e+02
  -1.28389029429219874601e+02
  -1.30781378894647190236e+02
  -1.33129507240434207915e+02
  -1.35436058198797951491e+02
  -1.37703401370481287813e+02
  -1.39933667576463989235e+02
  -1.42128779237796862844e+02
  -1.44290476531887293277e+02
  -1.46420339955528589826e+02
  -1.48519809825662520097e+02
  -1.50590203165586927980e+02
  -1.52632728354543502292e+02
  -1.54648497860198915532e+02
  -1.56638539324606455239e+02
  -1.58603805233236727190e+02
  -1.60545181362255704016e+02
  -1.62463494170324082688e+02
  -1.64359517276868245972e+02
  -1.66233977148248726508e+02
  -1.68087558095935918345e+02
  -1.69920906676122939416e+02
  -1.71734635567763717745e+02
  -1.73529326995446098181e+02
  -1.75305535754487380018e+02
  -1.77063791887959780524e+02
  -1.78804603058743083466e+02
  +1.79471543345916273893e+02
  +1.77764178344741395676e+02
  +1.76072849699211388952e+02
  +1.74397120431973405630e+02
  +1.72736567505159030134e+02
  +1.71090780639601035773e+02
  +1.69459361258248492277e+02
  +1.67841921539163706711e+02
  +1.66238083565207261927e+02
  +1.64647478559086039240e+02
  +1.63069746193784737898e+02
  +1.61504533969563908613e+02
  +1.59951496649765573466e+02
  +1.58410295748530955962e+02
  +1.56880599064371750728e+02
  +1.55362080254201259777e+02
  +1.53854418443053702958e+02
  +1.52357297865262353298e+02
  +1.50870407533332752337e+02
  +1.49393440931168356656e+02
  +1.47926095728670389917e+02
  +1.46468073515069704627e+02
  -3.49809204513519063084e+01
  -3.64211774793566291919e+01
  -3.78529856684646759390e+01
  -3.92766301219138540546e+01
  -4.06923931506760894194e+01
  -4.21005544695417555090e+01
  -4.35013913867906580890e+01
  -4.48951789884276095677e+01
  -4.62821903180842681991e+01
  -4.76626965534804654112e+01
  -4.90369671803464015625e+01
  -5.04052701645643139727e+01
  -5.17678721233052598905e+01
  -5.31250384958463257590e+01
  -5.44770337147232268649e+01
  -5.58241213778465805717e+01
  -5.71665644221919748702e+01
  -5.85046252996377234012e+01
  -5.98385661555309766868e+01
  -6.11686490105475684231e+01
  -6.24951359464030531399e+01
  -6.38182892959999961136e+01
  -6.51383718385642396242e+01
  -6.64556470003897175047e+01
  -6.77703790617771346660e+01
  -6.90828333708177950712e+01
  -7.03932765646710976171e+01
  -7.17019767990383058986e+01
  -7.30092039865670159315e+01
  -7.43152300449561664664e+01
  -7.56203291555990801953e+01
  -7.69247780336429514136e+01
  -7.82288562104110241080e+01
  -7.95328463292088230219e+01
  -8.08370344555999622571e+01
  -8.21417104033398715046e+01
  -8.34471680772290085315e+01
  -8.47537058342765732277e+01
  -8.60616268646527942110e+01
  -8.73712395940562771557e+01
  -8.86828581092512706618e+01
  -8.99968026086802552754e+01
  -9.13133998802367017333e+01
  -9.26329838084529342268e+01
  -9.39558959135762847836e+01
  -9.52824859252175997426e+01
  -9.66131123935151947535e+01
  -9.79481433410202413370e+01
  -9.92879569588130124203e+01
  -1.00632942350688011857e+02
  -1.01983500329613747226e+02
  -1.03340044271064414261e+02
  -1.04703001028275096473e+02
  -1.06072811914945290823e+02
  -1.07449933761465743487e+02
  -1.08834840051323624266e+02
  -1.10228022144998874410e+02
  -1.11629990599381216043e+02
  -1.13041276591524379569e+02
  -1.14462433456423397615e+02
  -1.15894038349454987724e+02
  -1.17336694045164165345e+02
  -1.18791030885226206237e+02
  -1.20257708889663319951e+02
  -1.21737420046754564851e+02
  -1.23230890798560935195e+02
  -1.24738884740577617549e+02
  -1.26262205555751705788e+02
  -1.27801700204929545635e+02
  -1.29358262397744937289e+02
  -1.30932836369988280012e+02
  -1.32526420995590996199e+02
  -1.34140074263475923999e+02
  -1.35774918151599337079e+02
  -1.37432143932458984636e+02
  -1.39113017946042418771e+02
  -1.40818887877472661785e+02
  -1.42551189577256423036e+02
  -1.44311454461734200549e+02
  -1.46101317529680528651e+02
  -1.47922526027474418697e+02
  -1.49776948789108644178e+02
  -1.51666586267690263412e+02
  -1.53593581260705292379e+02
  -1.55560230310713791368e+02
  -1.57568995734289103439e+02
  -1.59622518192381249946e+02
  -1.61723629661727329676e+02
  -1.63875366595468051401e+02
  -1.66080982966881691709e+02
  -1.68343962767271079883e+02
  -1.70668031370586788853e+02
  -1.73057164975423376063e+02
  -1.75515597081037697080e+02
  -1.78047820639337487592e+02
  +1.79341415858085639456e+02
  +1.76647120554079293697e+02
  +1.73864081382906107365e+02
  +1.70986903513822539935e+02
  +1.68010064991708446769e+02
  +1.64927995056883190728e+02
  +1.61735180064352761065e+02
  +1.58426302077388982070e+02
  +1.54996414870457215329e+02
  +1.51441160967486837308e+02
  +1.47757031140190633778e+02
  +1.43941664170358365027e+02
  +1.39994179395985554493e+02
  +1.35915527592452122008e+02
  +1.31708837469649012064e+02
  +1.27379726466211280922e+02
  +1.22936537259480985540e+02
  +1.18390457750707142281e+02
  +1.13755484684099187120e+02
  +1.09048201400992866184e+02
  +1.04287358876889129533e+02
  +9.94932741914715705889e+01
  +9.46870875563327416558e+01
  +8.98899420228010370693e+01
  +8.51221632595535737664e+01
  +8.04025167808852074813e+01
  +7.57476067238059442843e+01
  +7.11714572655045287775e+01
  +6.66852907968708592534e+01
</dep>
<dep S11_phase frequency>
  +1.65762308347826490262e+02
  +1.62778485174673789970e+02
  +1.59884779424744607468e+02
  +1.57073077438987724008e+02
  +1.54336294126554406603e+02
  +1.51668228139555168354e+02
  +1.49063437721414516091e+02
  +1.46517134592042509666e+02
  +1.44025093385286140801e+02
  +1.41583574394407435193e+02
  +1.39189257650327078863e+02
  +1.36839186622911228142e+02
  +1.34530720081527306320e+02
  +1.32261490870614750293e+02
  +1.30029370547439555139e+02
  +1.27832438993628244361e+02
  +1.25668958251880695798e+02
  +1.23537349957356425989e+02
  +1.21436175832560081744e+02
  +1.19364120797860081780e+02
  +1.17319978319575810133e+02
  +1.15302637676006412448e+02
  +1.13311072870708187565e+02
  +1.11344332963353025434e+02
  +1.09401533622903926357e+02
  +1.07481849736763649616e+02
  +1.05584508933887804005e+02
  +1.03708785900371765365e+02
  +1.01853997383353032546e+02
  +1.00019497793752307757e+02
  +9.82046753308183610898e+01
  +9.64089485620320658654e+01
  +9.46317634009385244553e+01
  +9.28725904331784164469e+01
  +9.11309225475783222237e+01
  +8.94062728348062307759e+01
  +8.76981727209602013318e+01
  +8.60061703076296453219e+01
  +8.43298288935807107691e+01
  +8.26687256563341321680e+01
  +8.10224504746009444034e+01
  +7.93906048748853834240e+01
  +7.77728010875996602635e+01
  +7.61686611998059248663e+01
  +7.45778163932444471129e+01
  +7.29999062576594610618e+01
  +7.14345781706075655393e+01
  +6.98814867359678686398e+01
  +6.83402932742807962541e+01
  +6.68106653588285439582e+01
  +6.52922763920747968314e+01
  +6.37848052176889765974e+01
  +6.22879357639205792907e+01
  +6.08013567145641999900e+01
  +5.93247612041718426212e+01
  +5.78578465345406485199e+01
  +5.64003139098236800919e+01
  +5.49518681879003949575e+01
  +5.35122176458958165313e+01
  +5.20810737579574194456e+01
  +5.06581509835937566777e+01
  +4.92431665650533503253e+01
  +4.78358403323700898113e+01
  +4.64358945148346862197e+01
  +4.50430535577691060212e+01
  +4.36570439435783299587e+01
  +4.22775940161445547005e+01
  +4.09044338077016860211e+01
  +3.95372948673964614841e+01
  +3.81759100907936002045e+01
  +3.68200135496324847395e+01
  +3.54693403211783362394e+01
  +3.41236263165441755518e+01
  +3.27826081073822734879e+01
  +3.14460227503635856294e+01
  +3.01136076088730533229e+01
  +2.87851001713581986508e+01
  +2.74602378657670129769e+01
  +2.61387578695089324299e+01
  +2.48203969143620071236e+01
  +2.35048910857383290818e+01
  +2.21919756156968190908e+01
  +2.08813846690742472845e+01
  +1.95728511220719276764e+01
  +1.82661063326054495803e+01
  +1.69608799016839277840e+01
  +1.56568994250415300939e+01
  +1.43538902341959158093e+01
  +1.30515751260470320716e+01
  +1.17496740800732659693e+01
  +1.04479039621069631494e+01
  +9.14597821359677887187e+00
  +7.84360652517849477050e+00
  +6.54049449328041276885e+00
  +5.23634325838592040725e+00
  +3.93084912346252757231e+00
  +2.62370315093752681790e+00
  +1.31459073646359136944e+00
  +3.19115756530504108071e-03
  -1.31082290491402853050e+00
  -2.62778587482744141468e+00
  -3.94803982066909053827e+00
  -5.27193503014043862720e+00
  -6.59983062227778916053e+00
  -7.93209520035068926802e+00
  -9.26910754904310607571e+00
  -1.06112573797575588941e+01
  -1.19589461282471472003e+01
  -1.33125878091807372527e+01
  -1.46726099326903760556e+01
  -1.60394544884337477697e+01
  -1.74135790032451858167e+01
  -1.87954576790381473472e+01
  -2.01855826182743811614e+01
  -2.15844651450335831555e+01
  -2.29926372305053945411e+01
  -2.44106530325963255734e+01
  -2.58390905602960962995e+01
  -2.72785534744949131891e+01
  -2.87296730380878173605e+01
  -3.01931102294536657382e+01
  -3.16695580347592731130e+01
  -3.31597439360178825041e+01
  -3.46644326134305131859e+01
  -3.61844288822589561505e+01
  -3.77205808863138258857e+01
  -3.92737835720853212251e+01
  -4.08449824695781913420e+01
  -4.24351778080110477731e+01
  -4.40454289966580176952e+01
  -4.56768595031924249383e+01
  -4.73306621638455666812e+01
  -4.90081049613993613434e+01
  -5.07105373083272965573e+01
  -5.24393968730494890451e+01
  -5.41962169869791949850e+01
  -5.59826346684036479928e+01
  -5.78003992957229115746e+01
  -5.96513819564594172107e+01
  -6.15375854888432201051e+01
  -6.34611552184520775199e+01
  -6.54243903718169406147e+01
  -6.74297561201067026104e+01
  -6.94798961664534004967e+01
  -7.15776457370122187740e+01
  -7.37260447645095382541e+01
  -7.59283509589493945668e+01
  -7.81880523374781830626e+01
  -8.05088786272352763262e+01
  -8.28948107534432665489e+01
  -8.53500873715052961188e+01
  -8.78792070878533451150e+01
  -9.04869246323646052588e+01
  -9.31782387911882210574e+01
  -9.59583693851799921504e+01
  -9.88327199997286953703e+01
  -1.01806822568888875935e+02
  -1.04886259350711057436e+02
  -1.08076557401042762763e+02
  -1.11383050511439321895e+02
  -1.14810703937078727677e+02
  -1.18363898382262632936e+02
  -1.22046171966134792797e+02
  -1.25859922603248207906e+02
  -1.29806078677705187374e+02
  -1.33883753150114728214e+02
  -1.38089905063426499510e+02
  -1.42419042131046751365e+02
  -1.46863007739798831608e+02
  -1.51410904847242250071e+02
  -1.56049220675853717921e+02
  -1.60762244838542073921e+02
  -1.65532983528470140300e+02
  -1.70345271716881569546e+02
  -1.75190732440552750404e+02
  +1.79883917147623520805e+02
  -1.49446159448104531897e+00
  -9.13432714806291734533e+00
  -1.38920198017789768841e+01
  -1.85033738549206958623e+01
  -2.30070483449132332510e+01
</dep>
<dep S21_dB frequency>
  -8.33927926382185624732e+00
  -8.78808964429057049017e+00
  -9.23103309576790032054e+00
  -9.66856460325596422933e+00
  -1.01011547030885004972e+01
  -1.05292798950991333129e+01
  -1.09534162618235857423e+01
  -1.13740354397219594063e+01
  -1.17916023153643667598e+01
  -1.22065739882520389870e+01
  -1.26193996667196586259e+01
  -1.30305212557074217017e+01
  -1.34403744637389976901e+01
  -1.38493903075884610132e+01
  -1.42579969316165655613e+01
  -1.46666216880947164469e+01
  -1.50756934476475166207e+01
  -1.54856451271814510307e+01
  -1.58969164378222380662e+01
  -1.63099568686608940027e+01
  -1.67252289344464841747e+01
  -1.71432117276067472744e+01
  -1.75644048279263103041e+01
  -1.79893326376116071685e+01
  -1.84185492262332850544e+01
  -1.88526437901328876023e+01
  -1.92922468555656045908e+01
  -1.97380373857224391543e+01
  -2.01907509909051050556e+01
  -2.06511894913241036420e+01
  -2.11202321470773277667e+01
  -2.15988489551157556434e+01
  -2.20881165258302694099e+01
  -2.25892372028086896307e+01
  -2.31035622934688724683e+01
  -2.36326205578154500131e+01
  -2.41781534902987935709e+01
  -2.47421594752638540626e+01
  -2.53269496757796304109e+01
  -2.59352196479224019754e+01
  -2.65701423485181891238e+01
  -2.72354907364027951644e+01
  -2.79358020811624854218e+01
  -2.86766022999556113859e+01
  -2.94647187735020210653e+01
  -3.03087271786139034191e+01
  -3.12196077984398030480e+01
  -3.22117415187668783005e+01
  -3.33044811639248479196e+01
  -3.45247497824748776907e+01
  -3.59115941760428967200e+01
  -3.75247774869087109550e+01
  -3.94626569824424535682e+01
  -4.19048000071554156420e+01
  -4.52367820118362402582e+01
  -5.05759644155193228698e+01
  -6.62025779636748694656e+01
  -5.42449573812825676100e+01
  -4.72672880090746971860e+01
  -4.34940750095837174172e+01
  -4.09037303251196533438e+01
  -3.89342723810582498345e+01
  -3.73477164885208594569e+01
  -3.60207430683240943381e+01
  -3.48811300648778015443e+01
  -3.38829188886675751746e+01
  -3.29950454835772504225e+01
  -3.21955265989980787822e+01
  -3.14682320323223976288e+01
  -3.08009746170146101463e+01
  -3.01843208410858778734e+01
  -2.96108186005743974079e+01
  -2.90744779815591449790e+01
  -2.85704116730152222203e+01
  -2.80945795128312383326e+01
  -2.76436029517472121597e+01
  -2.72146276575218166727e+01
  -2.68052200062487990806e+01
  -2.64132879002882248187e+01
  -2.60370193582283135925e+01
  -2.56748342943975771391e+01
  -2.53253462272764693353e+01
  -2.49873315594389175942e+01
  -2.46597046997964355342e+01
  -2.43414977427771752616e+01
  -2.40318437373175655125e+01
  -2.37299628098000709997e+01
  -2.34351505752221314083e+01
  -2.31467683974872251440e+01
  -2.28642351549501583463e+01
  -2.25870202396740964446e+01
  -2.23146375743124245616e+01
  -2.20466404734032366264e+01
  -2.17826172092820158355e+01
  -2.15221871690699231294e+01
  -2.12649975099582064786e+01
  -2.10107202365400880240e+01
  -2.07590496372002704106e+01
  -2.05097000272534728538e+01
  -2.02624037551872930862e+01
  -2.00169094354340515451e+01
  -1.97729803768855596502e+01
  -1.95303931811359703374e+01
  -1.92889364883874208090e+01
  -1.90484098522405211895e+01
  -1.88086227273355461875e+01
  -1.85693935561185661243e+01
  -1.83305489429503438714e+01
  -1.80919229054278183355e+01
  -1.78533561941917611193e+01
  -1.76146956737053486108e+01
  -1.73757937575235175132e+01
  -1.71365078924826583773e+01
  -1.68967000870313839300e+01
  -1.66562364796265391931e+01
  -1.64149869437491062740e+01
  -1.61728247266663771597e+01
  -1.59296261195960013879e+01
  -1.56852701574251796046e+01
  -1.54396383466167073095e+01
  -1.51926144204027515627e+01
  -1.49440841208395358564e+01
  -1.46939350077833310593e+01
  -1.44420562953582098942e+01
  -1.41883387170372685659e+01
  -1.39326744210591435547e+01
  -1.36749568985707465885e+01
  -1.34150809476407850696e+01
  -1.31529426771435726806e+01
  -1.28884395554983282040e+01
  -1.26214705103850182155e+01
  -1.23519360868759697780e+01
  -1.20797386729615947587e+01
  -1.18047828032419701572e+01
  -1.15269755536544629138e+01
  -1.12462270425635111337e+01
  -1.09624510564041504068e+01
  -1.06755658214206547996e+01
  -1.03854949469389659100e+01
  -1.00921685701302692451e+01
  -9.79552473744323926041e+00
  -9.49551106386616616817e+00
  -9.19208671798180887436e+00
  -8.88522478842592633441e+00
  -8.57491509581962851883e+00
  -8.26116752341144611194e+00
  -7.94401594930120058535e+00
  -7.62352287279103979500e+00
  -7.29978483641544162452e+00
  -6.97293875245087946269e+00
  -6.64316924653572282722e+00
  -6.31071712907568205253e+00
  -5.97588909401466938931e+00
  -5.63906871974551027193e+00
  -5.30072880239990062989e+00
  -4.96144497981708809675e+00
  -4.62191049589891278515e+00
  -4.28295179935899916757e+00
  -3.94554445757795901883e+00
  -3.61082858698756892224e+00
  -3.28012265358630727974e+00
  -2.95493408971925575202e+00
  -2.63696473400782460672e+00
  -2.32810868578745733259e+00
  -2.03043986432755385607e+00
  -1.74618650464783842224e+00
  -1.47769016213274895222e+00
  -1.22734769348278915935e+00
  -9.97536236656487274033e-01
  -7.90523411051867186394e-01
  -6.08367594338885431249e-01
  -4.52815772315510067791e-01
  -3.25208488281695351496e-01
  -2.26402183172063509176e-01
  -1.56718241005893321738e-01
  -1.15925260079914257960e-01
  -1.03256893560288942613e-01
  -1.17462909679548199726e-01
  -1.56886946248735448250e-01
  -2.19561642198332129805e-01
  -3.03310854538182905760e-01
</dep>
<dep S11_dB frequency>
  -7.18880010342879294249e-01
  -6.46640378216966182912e-01
  -5.83361416014896216886e-01
  -5.27708241291207746926e-01
  -4.78580139000806981109e-01
  -4.35063803815775029804e-01
  -3.96396926495968582316e-01
  -3.61939636439631284848e-01
  -3.31151954433078765661e-01
  -3.03575875603089406773e-01
  -2.78821043479296037937e-01
  -2.56553227314387177760e-01
  -2.36485001295877739214e-01
  -2.18368163653782643152e-01
  -2.01987538523622112141e-01
  -1.87155882817913676863e-01
  -1.73709680850358400006e-01
  -1.61505655821762461599e-01
  -1.50417863023432019087e-01
  -1.40335257327026480256e-01
  -1.31159649133402972376e-01
  -1.22803979881940916741e-01
  -1.15190861554589629723e-01
  -1.08251335161380912719e-01
  -1.01923811585270307489e-01
  -9.61531648673766142776e-02
  -9.08899533916759094776e-02
  -8.60897487619534662606e-02
  -8.17125556695978833011e-02
  -7.77223088989077159905e-02
  -7.40864359385822596193e-02
  -7.07754755684232295110e-02
  -6.77627443512115873459e-02
  -6.50240442459445455725e-02
  -6.25374056224339697208e-02
  -6.02828608396550474913e-02
  -5.82422442847566335100e-02
  -5.63990153824230830426e-02
  -5.47381015977239232528e-02
  -5.32457588863995412432e-02
  -5.19094474094173516376e-02
  -5.07177206348257206270e-02
  -4.96601262094884046694e-02
  -4.87271172031483665310e-02
  -4.79099725146836588618e-02
  -4.72007253902743326157e-02
  -4.65920991395771880161e-02
  -4.60774492535544269445e-02
  -4.56507112278307161657e-02
  -4.53063534825157085417e-02
  -4.50393348442408511523e-02
  -4.48450661208248807510e-02
  -4.47193753554356032698e-02
  -4.46584763958886854507e-02
  -4.46589404574583501151e-02
  -4.47176703948141684997e-02
  -4.48318774313208393001e-02
  -4.49990601227610587109e-02
  -4.52169853575617591845e-02
  -4.54836712183529293108e-02
  -4.57973715488870919410e-02
  -4.61565620886226907205e-02
  -4.65599280521455938242e-02
  -4.70063530454973774186e-02
  -4.74949092232992281515e-02
  -4.80248486025061649407e-02
  -4.85955954585403776536e-02
  -4.92067397392893027264e-02
  -4.98580314407135669064e-02
  -5.05493758960269684577e-02
  -5.12808299376639048495e-02
  -5.20525988981465695393e-02
  -5.28650344225134460885e-02
  -5.37186330710823917167e-02
  -5.46140356974442048310e-02
  -5.55520275921484452120e-02
  -5.65335393883587972175e-02
  -5.75596487312918514423e-02
  -5.86315827190259861168e-02
  -5.97507211275920269156e-02
  -6.09186004396691654916e-02
  -6.21369187015304580424e-02
  -6.34075412398202448161e-02
  -6.47325072757704012005e-02
  -6.61140374818288134584e-02
  -6.75545425330173615608e-02
  -6.90566327131763302294e-02
  -7.06231286452242701390e-02
  -7.22570732237774460138e-02
  -7.39617448386198639287e-02
  -7.57406719892547292128e-02
  -7.75976494024496754598e-02
  -7.95367557791166329695e-02
  -8.15623733113650384308e-02
  -8.36792091278563132661e-02
  -8.58923188439979917730e-02
  -8.82071324144373392073e-02
  -9.06294825089088706971e-02
  -9.31656356580024130887e-02
  -9.58223264454730327966e-02
  -9.86067950558436462360e-02
  -1.01526828523851753161e-01
  -1.04590806073363365436e-01
  -1.07807748981020870560e-01
  -1.11187375452923772889e-01
  -1.14740161063133672137e-01
  -1.18477405371209709717e-01
  -1.22411305413690829624e-01
  -1.26555036852967039973e-01
  -1.30922843667511973331e-01
  -1.35530137382625176512e-01
  -1.40393606971732337607e-01
  -1.45531340708612205725e-01
  -1.50962961423043190434e-01
  -1.56709776809349110582e-01
  -1.62794946664590267638e-01
  -1.69243669193864215705e-01
  -1.76083388821261233037e-01
  -1.83344028292272143155e-01
  -1.91058248255267626448e-01
  -1.99261737974717995092e-01
  -2.07993541368442946826e-01
  -2.17296423188198251086e-01
  -2.27217280892044126706e-01
  -2.37807608607569914705e-01
  -2.49124020577075860894e-01
  -2.61228842636757607742e-01
  -2.74190781640666458863e-01
  -2.88085684334401459505e-01
  -3.02997399056482041857e-01
  -3.19018755848509916184e-01
  -3.36252683152337139560e-01
  -3.54813482336542584950e-01
  -3.74828284916349674383e-01
  -3.96438721617341005565e-01
  -4.19802837512328275160e-01
  -4.45097293487649037225e-01
  -4.72519901454370838678e-01
  -5.02292549233020357846e-01
  -5.34664581176116704420e-01
  -5.69916712666864166970e-01
  -6.08365571031440510730e-01
  -6.50368972584457027963e-01
  -6.96332066043570008240e-01
  -7.46714497066233606759e-01
  -8.02038777979261707785e-01
  -8.62900081864808932153e-01
  -9.29977722231819958765e-01
  -1.00404863003029665158e+00
  -1.08600320065303468375e+00
  -1.17686395730834503226e+00
  -1.27780756711272625026e+00
  -1.39019085722090740553e+00
  -1.51558161731097085223e+00
  -1.65579515251440434476e+00
  -1.81293778438014241416e+00
  -1.98945881410721714389e+00
  -2.18821290724319172938e+00
  -2.41253550766682733908e+00
  -2.66633486780652262382e+00
  -2.95420580691666856410e+00
  -3.28157274811184773711e+00
  -3.65487357492711151252e+00
  -4.08180250981959957812e+00
  -4.57164156658154485768e+00
  -5.13572991367737330393e+00
  -5.78815597377968771298e+00
  -6.54682314174591528655e+00
  -7.43516904983943849317e+00
  -8.48508662474716501833e+00
  -9.74219919445437909644e+00
  -1.12761467247154989479e+01
  -1.32028206946118764620e+01
  -1.57400984953790015197e+01
  -1.93843580678296163455e+01
  -2.57844803744652892874e+01
  -4.78112068459474528481e+01
  -2.46607691053156301564e+01
  -1.90614589884381651075e+01
  -1.57829427759163642975e+01
  -1.34960211450956997226e+01
</dep>
<dep Zin_ohm frequency>
  +3.28897092716476777241e+02
  +3.89823158691886305860e+02
  +4.51273467644913466756e+02
  +5.12614021585519935797e+02
  +5.73584353348148965779e+02
  +6.34098306982254143804e+02
  +6.94154469169357753344e+02
  +7.53793355898311801866e+02
  +8.13075943153349498971e+02
  +8.72072540191390771724e+02
  +9.30856927098482969996e+02
  +9.89503278323802305749e+02
  +1.04808460463247047301e+03
  +1.10667203950942666779e+03
  +1.16533460023737438860e+03
  +1.22413921575294921240e+03
  +1.28315090232942588955e+03
  +1.34243301832808697327e+03
  +1.40204755821671642479e+03
  +1.46205546305661619044e+03
  +1.52251693477895742035e+03
  +1.58349174765202633353e+03
  +1.64503955401571715811e+03
  +1.70722018358420791628e+03
  +1.77009393696349411584e+03
  +1.83372187484181949912e+03
  +1.89816610480042618292e+03
  +1.96349006799122980738e+03
  +2.02975882811967130692e+03
  +2.09703936530759574453e+03
  +2.16540087752725003156e+03
  +2.23491509241519497664e+03
  +2.30565659241031380589e+03
  +2.37770315632394613203e+03
  +2.45113612065189181521e+03
  +2.52604076418539898441e+03
  +2.60250671977865249573e+03
  +2.68062841749268181957e+03
  +2.76050556376814574833e+03
  +2.84224366179325807025e+03
  +2.92595457884082998135e+03
  +3.01175716706439470727e+03
  +3.09977794508599572509e+03
  +3.19015184869907579923e+03
  +3.28302306017503724433e+03
  +3.37854592703299567802e+03
  +3.47688598274836022028e+03
  +3.57822108378318898758e+03
  +3.68274267957766460313e+03
  +3.79065723481866052680e+03
  +3.90218782648336082275e+03
  +4.01757594195209458121e+03
  +4.13708350902645997849e+03
  +4.26099519414217047597e+03
  +4.38962101163765055389e+03
  +4.52329929488800462423e+03
  +4.66240008976831632026e+03
  +4.80732904268414586113e+03
  +4.95853186983097384655e+03
  +5.11649951209699793253e+03
  +5.28177410197976678319e+03
  +5.45495589618195117509e+03
  +5.63671136166715132276e+03
  +5.82778264583982218028e+03
  +6.02899871574018288811e+03
  +6.24128852015120901342e+03
  +6.46569661691251167213e+03
  +6.70340182177633505489e+03
  +6.95573958336047689954e+03
  +7.22422898292659283470e+03
  +7.51060551422997923510e+03
  +7.81686114061142507126e+03
  +8.14529358663426137355e+03
  +8.49856744712471481762e+03
  +8.87979055626359149755e+03
  +9.29261025506694750220e+03
  +9.74133587956998417212e+03
  +1.02310961963270183332e+04
  +1.07680439957945764036e+04
  +1.13596251845833430707e+04
  +1.20149374065933461679e+04
  +1.27452149710794765269e+04
  +1.35644952007805750327e+04
  +1.44905506095642722357e+04
  +1.55462193712264343048e+04
  +1.67613477033276030852e+04
  +1.81756994916819967330e+04
  +1.98434453798426548019e+04
  +2.18403299022283790691e+04
  +2.42755834993242424389e+04
  +2.73126915450194537698e+04
  +3.12077701316298989695e+04
  +3.63857637374418627587e+04
  +4.36062638642583333421e+04
  +5.43708116438811339322e+04
  +7.21064782566197682172e+04
  +1.06581205891841178527e+05
  +1.98366007277542405063e+05
  +4.66151266609951388091e+05
  +1.96850683811041089939e+05
  +1.05807920274927761056e+05
  +7.15128323586983169662e+04
  +5.38435703719441007706e+04
  +4.31100185625798912952e+04
  +3.59060488384319978650e+04
  +3.07375611077469657175e+04
  +2.68481307739434851101e+04
  +2.38143423230850312393e+04
  +2.13808896112813417858e+04
  +1.93847477832351214602e+04
  +1.77169630893969697354e+04
  +1.63019646116635813087e+04
  +1.50856944020825121697e+04
  +1.40284636230954019993e+04
  +1.31004769243553400884e+04
  +1.22789309259914971335e+04
  +1.15460768851031098166e+04
  +1.08878934661720468284e+04
  +1.02931566939577733137e+04
  +9.75277503721073844645e+03
  +9.25930546052353020059e+03
  +8.80659548385464950115e+03
  +8.38951456848758789420e+03
  +8.00374986218279354944e+03
  +7.64564900408172434254e+03
  +7.31209780682276687003e+03
  +7.00042410851703789376e+03
  +6.70832148575742303365e+03
  +6.43378819896636832709e+03
  +6.17507793450183271489e+03
  +5.93065976601389229472e+03
  +5.69918538198067381018e+03
  +5.47946208580379970954e+03
  +5.27043041642360276455e+03
  +5.07114549387341321562e+03
  +4.88076138856843226677e+03
  +4.69851796181715963030e+03
  +4.52372973985742100922e+03
  +4.35577647325297857606e+03
  +4.19409510408121059299e+03
  +4.03817291974828049206e+03
  +3.88754171810787238428e+03
  +3.74177284667560297748e+03
  +3.60047301144152470442e+03
  +3.46328078008522970777e+03
  +3.32986373215211551724e+03
  +3.19991623685014246803e+03
  +3.07315786969156533814e+03
  +2.94933251480686840296e+03
  +2.82820824372322704221e+03
  +2.70957811819966036637e+03
  +2.59326214051947272310e+03
  +2.47911067805496941219e+03
  +2.36700983189949192820e+03
  +2.25688941828454835559e+03
  +2.14873450798921248861e+03
  +2.04260184945974401671e+03
  +1.93864301283196391523e+03
  +1.83713674734880669348e+03
  +1.73853380363525320718e+03
  +1.64351814953749521919e+03
  +1.55308857563243964250e+03
  +1.46866290305198299393e+03
  +1.39220088144632882177e+03
  +1.32632738698762796048e+03
  +1.27441087319411076351e+03
  +1.24051698605814567600e+03
  +1.22914031412276517585e+03
  +1.24467341581903338010e+03
  +1.29073386582285297663e+03
  +1.36963909308980464630e+03
  +1.48228848312640207041e+03
  +1.62844201162586614373e+03
  +1.80712751301345565480e+03
  +2.01688167015764315693e+03
  +2.25566464833773352439e+03
  +2.52041887716761129923e+03
  +2.80631964161056976081e+03
  +3.10584449246495023544e+03
  +3.40793596954304121027e+03
  +3.69774675528572925032e+03
</dep>
<dep Zin_norm frequency>
  +6.57794185432953604220e+00
  +7.79646317383772569087e+00
  +9.02546935289826990356e+00
  +1.02522804317103997107e+01
  +1.14716870669629784629e+01
  +1.26819661396450840130e+01
  +1.38830893833871549248e+01
  +1.50758671179662364636e+01
  +1.62615188630669891268e+01
  +1.74414508038278164292e+01
  +1.86171385419696591157e+01
  +1.97900655664760449781e+01
  +2.09616920926494074706e+01
  +2.21334407901885334979e+01
  +2.33066920047474859246e+01
  +2.44827843150589821164e+01
  +2.56630180465885189278e+01
  +2.68486603665617380443e+01
  +2.80409511643343272169e+01
  +2.92411092611323226720e+01
  +3.04503386955791484070e+01
  +3.16698349530405245389e+01
  +3.29007910803143417411e+01
  +3.41444036716841594625e+01
  +3.54018787392698826011e+01
  +3.66744374968363899825e+01
  +3.79633220960085253637e+01
  +3.92698013598245978528e+01
  +4.05951765623934264227e+01
  +4.19407873061519183011e+01
  +4.33080175505450029050e+01
  +4.46983018483038989643e+01
  +4.61131318482062724229e+01
  +4.75540631264789226407e+01
  +4.90227224130378331779e+01
  +5.05208152837079822461e+01
  +5.20501343955730533253e+01
  +5.36125683498536389493e+01
  +5.52101112753629124086e+01
  +5.68448732358651582786e+01
  +5.85190915768165993427e+01
  +6.02351433412878947138e+01
  +6.19955589017199173441e+01
  +6.38030369739815199637e+01
  +6.56604612035007448867e+01
  +6.75709185406599175394e+01
  +6.95377196549672049741e+01
  +7.15644216756637803201e+01
  +7.36548535915532909257e+01
  +7.58131446963732145150e+01
  +7.80437565296672204340e+01
  +8.03515188390418870767e+01
  +8.27416701805291978644e+01
  +8.52199038828434112247e+01
  +8.77924202327530025514e+01
  +9.04659858977600919161e+01
  +9.32480017953663349317e+01
  +9.61465808536829200648e+01
  +9.91706373966194831837e+01
  +1.02329990241939967177e+02
  +1.05635482039595331116e+02
  +1.09099117923639028049e+02
  +1.12734227233343020202e+02
  +1.16555652916796447016e+02
  +1.20579974314803649804e+02
  +1.24825770403024179700e+02
  +1.29313932338250225484e+02
  +1.34068036435526693140e+02
  +1.39114791667209544812e+02
  +1.44484579658531856694e+02
  +1.50212110284599589249e+02
  +1.56337222812228503699e+02
  +1.62905871732685227471e+02
  +1.69971348942494302037e+02
  +1.77595811125271836772e+02
  +1.85852205101338938675e+02
  +1.94826717591399670937e+02
  +2.04621923926540375760e+02
  +2.15360879915891530345e+02
  +2.27192503691666871646e+02
  +2.40298748131866915401e+02
  +2.54904299421589541907e+02
  +2.71289904015611512023e+02
  +2.89811012191285442441e+02
  +3.10924387424528674728e+02
  +3.35226954066552082168e+02
  +3.63513989833639925564e+02
  +3.96868907596853091491e+02
  +4.36806598044567579109e+02
  +4.85511669986484832862e+02
  +5.46253830900389061753e+02
  +6.24155402632597997581e+02
  +7.27715274748837259722e+02
  +8.72125277285166703223e+02
  +1.08741623287762263317e+03
  +1.44212956513239532796e+03
  +2.13162411783682364330e+03
  +3.96732014555084788299e+03
  +9.32302533219902761630e+03
  +3.93701367622082170783e+03
  +2.11615840549855511199e+03
  +1.43025664717396625747e+03
  +1.07687140743888198813e+03
  +8.62200371251597857736e+02
  +7.18120976768639934562e+02
  +6.14751222154939341635e+02
  +5.36962615478869679464e+02
  +4.76286846461700633881e+02
  +4.27617792225626828895e+02
  +3.87694955664702433751e+02
  +3.54339261787939392434e+02
  +3.26039292233271623900e+02
  +3.01713888041650250216e+02
  +2.80569272461908042260e+02
  +2.62009538487106794946e+02
  +2.45578618519829944944e+02
  +2.30921537702062209974e+02
  +2.17757869323440928611e+02
  +2.05863133879155469685e+02
  +1.95055500744214754150e+02
  +1.85186109210470590369e+02
  +1.76131909677093005939e+02
  +1.67790291369751741968e+02
  +1.60074997243655872126e+02
  +1.52912980081634486851e+02
  +1.46241956136455343085e+02
  +1.40008482170340755602e+02
  +1.34166429715148467494e+02
  +1.28675763979327371089e+02
  +1.23501558690036645771e+02
  +1.18613195320277853284e+02
  +1.13983707639613484730e+02
  +1.09589241716075989075e+02
  +1.05408608328472055859e+02
  +1.01422909877468271134e+02
  +9.76152277713686515881e+01
  +9.39703592363431994272e+01
  +9.04745947971484127947e+01
  +8.71155294650595664052e+01
  +8.38819020816242044702e+01
  +8.07634583949656104096e+01
  +7.77508343621574482540e+01
  +7.48354569335120629603e+01
  +7.20094602288304912463e+01
  +6.92656156017045958606e+01
  +6.65972746430423114816e+01
  +6.39983247370028465184e+01
  +6.14631573938313096050e+01
  +5.89866502961373697644e+01
  +5.65641648744645380020e+01
  +5.41915623639932064748e+01
  +5.18652428103894536093e+01
  +4.95822135610993868227e+01
  +4.73401966379898411219e+01
  +4.51377883656909659749e+01
  +4.29746901597842523302e+01
  +4.08520369891948789132e+01
  +3.87728602566392765993e+01
  +3.67427349469761352907e+01
  +3.47706760727050649962e+01
  +3.28703629907499035312e+01
  +3.10617715126487929922e+01
  +2.93732580610396603049e+01
  +2.78440176289265757248e+01
  +2.65265477397525586412e+01
  +2.54882174638822149859e+01
  +2.48103397211629115304e+01
  +2.45828062824553015275e+01
  +2.48934683163806695916e+01
  +2.58146773164570575432e+01
  +2.73927818617960916470e+01
  +2.96457696625280426872e+01
  +3.25688402325173242957e+01
  +3.61425502602691111065e+01
  +4.03376334031528642754e+01
  +4.51132929667546704877e+01
  +5.04083775433522234266e+01
  +5.61263928322113940794e+01
  +6.21168898492990066984e+01
  +6.81587193908608242054e+01
  +7.39549351057145827326e+01
</dep>
<dep S[2,2] frequency>
  -8.92291875472366657895e-01+j2.26409232020406636643e-01
  -8.86640176527890289115e-01+j2.74825865013735015641e-01
  -8.78008812257232817977e-01+j3.21570101366695948464e-01
  -8.66713134109369454094e-01+j3.66593983929952405010e-01
  -8.53031756797800411185e-01+j4.09871152252919201953e-01
  -8.37211609529380229588e-01+j4.51391036199939865714e-01
  -8.19472360887553818998e-01+j4.91154601124556944303e-01
  -8.00010237401491242082e-01+j5.29171233566110177371e-01
  -7.79001286582943541781e-01+j5.65456463721732305316e-01
  -7.56604147462940135327e-01+j6.00030300991192366844e-01
  -7.32962393630451680693e-01+j6.32916018168253158294e-01
  -7.08206510375695597048e-01+j6.64139263552974035143e-01
  -6.82455561643275920858e-01+j6.93727412397615927908e-01
  -6.55818595737785114963e-01+j7.21709092707129351574e-01
  -6.28395831984739472453e-01+j7.48113837753205279668e-01
  -6.00279664281921809810e-01+j7.72971830397508274935e-01
  -5.71555511874819455187e-01+j7.96313713681433443803e-01
  -5.42302542807722054441e-01+j8.18170449025082402450e-01
  -5.12594291316210370901e-01+j8.38573208444363671354e-01
  -4.82499186877390462413e-01+j8.57553290923942612700e-01
  -4.52081009647758491621e-01+j8.75142055827070497465e-01
  -4.21399284518796324317e-01+j8.91370868239917846232e-01
  -3.90509623935470062683e-01+j9.06271052627875550733e-01
  -3.59464027888540926803e-01+j9.19873852263969560283e-01
  -3.28311148050884960004e-01+j9.32210392678619936824e-01
  -2.97096521832881599323e-01+j9.43311647951442733273e-01
  -2.65862781140973059024e-01+j9.53208409076414686645e-01
  -2.34649839802192866633e-01+j9.61931253923404949724e-01
  -2.03495062936954296262e-01+j9.69510518523091779919e-01
  -1.72433420998797659607e-01+j9.75976269541811602970e-01
  -1.41497630732819151822e-01+j9.81358277905387321738e-01
  -1.10718284918026613206e-01+j9.85685993589275222249e-01
  -8.01239724388079499473e-02+j9.88988521626130490105e-01
  -4.97413899659811462040e-02+j9.91294599398302223037e-01
  -1.95954463089507112394e-02+j9.92632575287118568141e-01
  +1.02906396804542631107e-02+j9.93030388747084935552e-01
  +3.98952469211267049531e-02+j9.92515551864146750027e-01
  +6.91982650247819491840e-02+j9.91115132445129831673e-01
  +9.81810118203065573805e-02+j9.88855738671842843246e-01
  +1.26826155057066819465e-01+j9.85763505339203649491e-01
  +1.55117637932401547518e-01+j9.81864081682918721228e-01
  +1.83040608144590472017e-01+j9.77182620789167066810e-01
  +2.10581350218437324262e-01+j9.71743770566744657913e-01
  +2.37727220888055201797e-01+j9.65571666251448856855e-01
  +2.64466587351882498336e-01+j9.58689924403140381060e-01
  +2.90788768239589268116e-01+j9.51121638347990017159e-01
  +3.16683977150636120079e-01+j9.42889375011867092446e-01
  +3.42143268640329789587e-01+j9.34015173085499750272e-01
  +3.67158486542175643841e-01+j9.24520542458058924851e-01
  +3.91722214525881629044e-01+j9.14426464852780784831e-01
  +4.15827728798613960315e-01+j9.03753395596362474329e-01
  +4.39468952863892259320e-01+j8.92521266452806716352e-01
  +4.62640414257862564451e-01+j8.80749489452128719869e-01
  +4.85337203186996135607e-01+j8.68456961644814340318e-01
  +5.07554932994756957676e-01+j8.55662070713921862897e-01
  +5.29289702387569782616e-01+j8.42382701378321718799e-01
  +5.50538059352813524683e-01+j8.28636242522487798112e-01
  +5.71296966703448427793e-01+j8.14439594990607251823e-01
  +5.91563769185555088370e-01+j7.99809179985408236213e-01
  +6.11336162086500212176e-01+j7.84760948014883163992e-01
  +6.30612161282770644632e-01+j7.69310388333151351503e-01
  +6.49390074667631989058e-01+j7.53472538824778270694e-01
  +6.67668474899975716852e-01+j7.37261996285156206987e-01
  +6.85446173416717208227e-01+j7.20692927052725029746e-01
  +7.02722195652206726990e-01+j7.03779077952217724246e-01
  +7.19495757409156833084e-01+j6.86533787511300563899e-01
  +7.35766242326629460457e-01+j6.68969997416330786066e-01
  +7.51533180391696475908e-01+j6.51100264176128762372e-01
  +7.66796227442428035559e-01+j6.32936770965917383513e-01
  +7.81555145610977275439e-01+j6.14491339626653476635e-01
  +7.95809784656565710748e-01+j5.95775442798097132346e-01
  +8.09560064139312030029e-01+j5.76800216166953205743e-01
  +8.22805956386894243870e-01+j5.57576470814382774144e-01
  +8.35547470207156472988e-01+j5.38114705650067137732e-01
  +8.47784635300827704718e-01+j5.18425119922838129050e-01
  +8.59517487329617080327e-01+j4.98517625800667385505e-01
  +8.70746053595986002627e-01+j4.78401861015559259904e-01
  +8.81470339291943627558e-01+j4.58087201571578228609e-01
  +8.91690314275210282879e-01+j4.37582774516938832754e-01
  +9.01405900332115983531e-01+j4.16897470783745172085e-01
  +9.10616958887487171204e-01+j3.96039958101661260237e-01
  +9.19323279122785330664e-01+j3.75018693994447871454e-01
  +9.27524566464544730771e-01+j3.53841938871087724472e-01
  +9.35220431406098895444e-01+j3.32517769225948667255e-01
  +9.42410378626331590723e-01+j3.11054090965338370101e-01
  +9.49093796369980369221e-01+j2.89458652880725864076e-01
  +9.55269946054778440470e-01+j2.67739060292011887832e-01
  +9.60937952071380663277e-01+j2.45902788887471773771e-01
  +9.66096791742734106734e-01+j2.23957198790339512273e-01
  +9.70745285410185343444e-01+j2.01909548885724654532e-01
  +9.74882086614219933729e-01+j1.79767011445333912967e-01
  +9.78505672338415233291e-01+j1.57536687091688304418e-01
  +9.81614333285722007183e-01+j1.35225620148003405907e-01
  +9.84206164156909757423e-01+j1.12840814424769730895e-01
  +9.86279053901621738376e-01+j9.03892494993838724326e-02
  +9.87830675913232036933e-01+j6.78778975510220122791e-02
  +9.88858478139511887228e-01+j4.53137408192705176679e-02
  +9.89359673081984358767e-01+j2.27037897620811675303e-02
  +9.89331227657967993139e-01+j5.51019963744067003963e-05
  +9.88769852900504453430e-01-j2.26251978868891832908e-02
  +9.87671993472937437275e-01-j4.53298975317915145422e-02
  +9.86033816976666477316e-01-j6.80516749388227620843e-02
  +9.83851203032902188461e-01-j9.07830753749362256988e-02
  +9.81119732121905840927e-01-j1.13516486935685723125e-01
  +9.77834674166580986032e-01-j1.36244114608260274979e-01
  +9.73990976851353273958e-01-j1.58957952668063923207e-01
  +9.69583253672316680571e-01-j1.81649755223336595300e-01
  +9.64605771720778881750e-01-j2.04311004702089904494e-01
  +9.59052439209883256233e-01-j2.26932878052962916371e-01
  +9.52916792763219611118e-01-j2.49506210406307743499e-01
  +9.46191984495603266581e-01-j2.72021455913368348511e-01
  +9.38870768929974564010e-01-j2.94468645449733279484e-01
  +9.30945489811128235047e-01-j3.16837340833618752445e-01
  +9.22408066897386524907e-01-j3.39116585169716822090e-01
  +9.13249982836185192348e-01-j3.61294848884775698927e-01
  +9.03462270259655753080e-01-j3.83359970971145436192e-01
  +8.93035499272940236359e-01-j4.05299094898782186203e-01
  +8.81959765552370766883e-01-j4.27098598593855405259e-01
  +8.70224679324522965018e-01-j4.48744017812604423234e-01
  +8.57819355562418395245e-01-j4.70219962161666005240e-01
  +8.44732405814225706386e-01-j4.91510022930080170411e-01
  +8.30951932175581164941e-01-j5.12596671802870162971e-01
  +8.16465524032561673629e-01-j5.33461149420825342382e-01
  +8.01260258342706421786e-01-j5.54083342635438458323e-01
  +7.85322704391232084831e-01-j5.74441649181467339780e-01
  +7.68638934165079112937e-01-j5.94512828352361522022e-01
  +7.51194539735822175430e-01-j6.14271836116172087472e-01
  +7.32974659342962353570e-01-j6.33691642952807776545e-01
  +7.13964014232175259167e-01-j6.52743032529626510119e-01
  +6.94146958741766462175e-01-j6.71394379164851784481e-01
  +6.73507546660148115336e-01-j6.89611401862650574834e-01
  +6.52029617515924475590e-01-j7.07356892547819748884e-01
  +6.29696907231920288694e-01-j7.24590415993614400669e-01
  +6.06493188500594859747e-01-j7.41267978839780239397e-01
  +5.82402447350692353822e-01-j7.57341665062306934608e-01
  +5.57409103707999120658e-01-j7.72759235313756009944e-01
  +5.31498285345733512131e-01-j7.87463687746653873134e-01
  +5.04656166516051052362e-01-j8.01392778321350918169e-01
  +4.76870384800522684188e-01-j8.14478499263275312892e-01
  +4.48130552362643541642e-01-j8.26646515378313573308e-01
  +4.18428880876853759307e-01-j8.37815559499260231746e-01
  +3.87760942984722134508e-01-j8.47896790604662720092e-01
  +3.56126597211728956882e-01-j8.56793121363338738838e-01
  +3.23531107857017441454e-01-j8.64398526321724869348e-01
  +2.89986496378079550151e-01-j8.70597348059347408977e-01
  +2.55513166079916920204e-01-j8.75263626882074152746e-01
  +2.20141847195751583222e-01-j8.78260490608222199604e-01
  +1.83915914222922555199e-01-j8.79439655453800983587e-01
  +1.46894130867930405859e-01-j8.78641107777948127122e-01
  +1.09153878955537408935e-01-j8.75693060425729030705e-01
  +7.07949243876450640123e-02-j8.70412307521626238405e-01
  +3.19437631493038540209e-02-j8.62605138590741948867e-01
  -7.24143008596148801681e-03-j8.52069017164546971266e-01
  -4.65652637375136360665e-02-j8.38595280057093273030e-01
  -8.57890711793569543664e-02-j8.21973169244538337530e-01
  -1.24624487623412300019e-01-j8.01995564217707679333e-01
  -1.62726938978049823215e-01-j7.78466830467730019905e-01
  -1.99689486367032931202e-01-j7.51213225637887171970e-01
  -2.35037686881041374409e-01-j7.20096287889478881006e-01
  -2.68226397256428106264e-01-j6.85029541719091139562e-01
  -2.98639749390467779122e-01-j6.45998656843611573919e-01
  -3.25595831646775968338e-01-j6.03084842303549972797e-01
  -3.48357855428899299000e-01-j5.56490709723639120909e-01
  -3.66153673808904844833e-01-j5.06567074277239015601e-01
  -3.78205312903152734982e-01-j4.53838200265482216711e-01
  -3.83769520650211748425e-01-j3.99021936673921662209e-01
  -3.82189093350802755467e-01-j3.43040228871864305571e-01
  -3.72952856655510311956e-01-j2.87014955143612138233e-01
  -3.55759780958435967158e-01-j2.32244323378289013737e-01
  -3.30580185908444457166e-01-j1.80156555944589263918e-01
  -2.97704993694578035068e-01-j1.32240476314286453663e-01
  -2.57773347676442332599e-01-j8.99566798044414972502e-02
  -2.11770341522258181977e-01-j5.46374897101535583754e-02
  -1.60990362047730817263e-01-j2.73876824921868711193e-02
  -1.06967139726064433547e-01-j8.99970579775072332396e-03
  -5.13777510367834228111e-02+j1.04092903529071079127e-04
  +4.06716608655449674004e-03-j1.06109077415109109843e-04
  +5.77323164950227646353e-02-j9.28269837252876373057e-03
  +1.08151966138212624058e-01-j2.67489202449182131294e-02
  +1.54099378609265647011e-01-j5.15710210271966493223e-02
  +1.94626666286184524246e-01-j8.26423761380598032034e-02
</dep>
<dep S[2,1] frequency>
  -9.41033650850586489423e-02-j3.71111390806341256976e-01
  -1.07575689874287255821e-01-j3.47296944602384805023e-01
  -1.18746223337039227830e-01-j3.24452994726470045350e-01
  -1.27899744111918761691e-01-j3.02608648406981928236e-01
  -1.35283837201082141055e-01-j2.81773004628992185250e-01
  -1.41114041371663084812e-01-j2.61940958336861096090e-01
  -1.45578367818863102512e-01-j2.43097446827378438350e-01
  -1.48841209753914099911e-01-j2.25220549699306743507e-01
  -1.51046693358216882475e-01-j2.08283746460861868277e-01
  -1.52321532827551509026e-01-j1.92257555872700991451e-01
  -1.52777454235509119185e-01-j1.77110721843722146440e-01
  -1.52513249582884341526e-01-j1.62811067007940096785e-01
  -1.51616516540201751173e-01-j1.49326102979964792095e-01
  -1.50165132666022604901e-01-j1.36623462681744328728e-01
  -1.48228506181332542191e-01-j1.24671202794827615246e-01
  -1.45868639148991119381e-01-j1.13438011651894210541e-01
  -1.43141033340760948089e-01-j1.02893348512329868560e-01
  -1.40095464225447302598e-01-j9.30075332711950975018e-02
  -1.36776644356928156476e-01-j8.37518005719678215737e-02
  -1.33224793920251605162e-01-j7.50983285496361202549e-02
  -1.29476133233832640945e-01-j6.70202496704705857899e-02
  -1.25563309529889866045e-01-j5.94916490997342145564e-02
  -1.21515768271527935251e-01-j5.24875545289377534730e-02
  -1.17360077549338526204e-01-j4.59839202908490785049e-02
  -1.13120212675803535896e-01-j3.99576077800098752868e-02
  -1.08817806914278031316e-01-j3.43863636032508898643e-02
  -1.04472373299652268597e-01-j2.92487964521814004792e-02
  -1.00101501695374794920e-01-j2.45243533761297094475e-02
  -9.57210345578614757445e-02-j2.01932959084921981319e-02
  -9.13452243203755759327e-02-j1.62366763388680918068e-02
  -8.69868748444236061790e-02-j1.26363143104694115176e-02
  -8.26574690012913670945e-02-j9.37477384435732481738e-03
  -7.83672841258736124770e-02-j6.43534083953044462600e-03
  -7.41254968183498591516e-02-j3.80200106366296785784e-03
  -6.99402783472131972520e-02-j1.45941862818520554611e-03
  -6.58188817219649280332e-02+j6.07085070600899305224e-04
  -6.17677213493936852484e-02+j2.41155196827668415194e-03
  -5.77924460580813981192e-02+j3.96740753230195170032e-03
  -5.38980061677836255751e-02+j5.28748056932123577240e-03
  -5.00887151897255467059e-02+j6.38402266099934515009e-03
  -4.63683066677491526053e-02+j7.26872724588504322968e-03
  -4.27399866062147665291e-02+j7.95274836084613502563e-03
  -3.92064818765592779104e-02+j8.44671905165033168328e-03
  -3.57700849487225733259e-02+j8.76076945868868063594e-03
  -3.24326952548745911509e-02+j8.90454458062332060431e-03
  -2.91958574599457988674e-02+j8.88722171608597941161e-03
  -2.60607968851645464825e-02+j8.71752758139317761310e-03
  -2.30284523067162578969e-02+j8.40375510063188883858e-03
  -2.00995063307301373434e-02+j7.95377986335370906756e-03
  -1.72744135277373006554e-02+j7.37507624441337099330e-03
  -1.45534264940389568288e-02+j6.67473318024001949222e-03
  -1.19366199936368558299e-02+j5.85946959589381949352e-03
  -9.42391332222953029274e-03+j4.93564947761852054059e-03
  -7.01509102408166048542e-03+j3.90929658623752254026e-03
  -4.70982208295543398197e-03+j2.78610880752706282712e-03
  -2.50767769977447430030e-03+j1.57147213669285861111e-03
  -4.08147761927900418373e-04+j2.70474295136418274241e-04
  +1.58934389787935160393e-03-j1.11208202114549650937e-03
  +3.48542536161082451215e-03-j2.57166626092133641587e-03
  +5.28076351899775791460e-03-j4.10400750305571406645e-03
  +6.97605191332379727387e-03-j5.70508230470810444313e-03
  +8.57199946437210008598e-03-j7.37110290810239019571e-03
  +1.00693199975635198223e-02-j9.09850580027615415957e-03
  +1.14687225125120854929e-02-j1.08839406190970079680e-02
  +1.27709021280825955197e-02-j1.27242593975787632310e-02
  +1.39765316447116715731e-02-j1.46165061375009754790e-02
  +1.50862536680385992544e-02-j1.65579067021489265144e-02
  +1.61006732410864140947e-02-j1.85458590170397563668e-02
  +1.70203509350891485363e-02-j2.05779235664075750567e-02
  +1.78457963517905764117e-02-j2.26518141723073378191e-02
  +1.85774619925311371138e-02-j2.47653890422108897973e-02
  +1.92157374517887870324e-02-j2.69166420700702388458e-02
  +1.97609438949686334885e-02-j2.91036943748829435297e-02
  +2.02133287822497675901e-02-j3.13247860599241631507e-02
  +2.05730608021225114257e-02-j3.35782681748711397951e-02
  +2.08402249799381003581e-02-j3.58625948621440551745e-02
  +2.10148179283431608966e-02-j3.81763156678445944592e-02
  +2.10967432078742259116e-02-j4.05180679966735887709e-02
  +2.10858067672610172139e-02-j4.28865696892046024957e-02
  +2.09817124341667125831e-02-j4.52806116987850837408e-02
  +2.07840574280816620112e-02-j4.76990508441683114249e-02
  +2.04923278680653395134e-02-j5.01408026127438538611e-02
  +2.01058942487862719883e-02-j5.26048339878285239890e-02
  +1.96240068590659878789e-02-j5.50901562720193735401e-02
  +1.90457911177195383934e-02-j5.75958178769609974168e-02
  +1.83702428020095544225e-02-j6.01208970480557949867e-02
  +1.75962231444904311506e-02-j6.26644944906789014283e-02
  +1.67224537743457246641e-02-j6.52257258621928848186e-02
  +1.57475114796538570583e-02-j6.78037140916656622114e-02
  +1.46698227672248816128e-02-j7.03975814863814358668e-02
  +1.34876581968485405316e-02-j7.30064415812520656202e-02
  +1.21991264669499589746e-02-j7.56293906837974400093e-02
  +1.08021682287596058891e-02-j7.82654990635860692283e-02
  +9.29454960625751731851e-03-j8.09138017308181217713e-02
  +7.67385539925259999028e-03-j8.35732887439922106365e-02
  +5.93748194717078330712e-03-j8.62428949813247719414e-02
  +4.08262963134305070095e-03-j8.89214893047491627964e-02
  +2.10629499393171631949e-03-j9.16078630386835263133e-02
  +5.26245212171364333770e-06-j9.43007176784403933212e-02
  -2.22390441314788880195e-03-j9.69986517349496896179e-02
  -4.58487201370869849187e-03-j9.97001466132351327198e-02
  -7.08154637453955581455e-03-j1.02403551411824875195e-01
  -9.71808323495638483325e-03-j1.05107066518772371277e-01
  -1.24988986454898955147e-02-j1.07808725867090587913e-01
  -1.54286800725920471289e-02-j1.10506377697967214657e-01
  -1.85123980198477026959e-02-j1.13197663664009462448e-01
  -2.17553181699630220070e-02-j1.15879996086654085685e-01
  -2.51630140462807301571e-02-j1.18550533161640117563e-01
  -2.87413801856327838502e-02-j1.21206151883716070627e-01
  -3.24966458057748125432e-02-j1.23843418436342458944e-01
  -3.64353889399543634520e-02-j1.26458555763570373864e-01
  -4.05645509980809976236e-02-j1.29047408009392350348e-01
  -4.48914516977840308276e-02-j1.31605401473988914418e-01
  -4.94238042888750436776e-02-j1.34127501696205991832e-01
  -5.41697309705240145905e-02-j1.36608166226662552933e-01
  -5.91377783709024495984e-02-j1.39041292605605187882e-01
  -6.43369329230427250410e-02-j1.41420161003410455036e-01
  -6.97766359268399277704e-02-j1.43737370918824464150e-01
  -7.54667980338421529041e-02-j1.45984771259971335411e-01
  -8.14178128267714074084e-02-j1.48153383055139559188e-01
  -8.76405690872102266509e-02-j1.50233313953680502895e-01
  -9.41464612496571845446e-02-j1.52213663581323654928e-01
  -1.00947397424748855355e-01-j1.54082418708152230069e-01
  -1.08055804234609031944e-01-j1.55826337070980203148e-01
  -1.15484627533962436186e-01-j1.57430818564447932983e-01
  -1.23247327885649904378e-01-j1.58879762376952116121e-01
  -1.31357869411133226789e-01-j1.60155408498867529721e-01
  -1.39830700336497831815e-01-j1.61238161872591573287e-01
  -1.48680723191701530395e-01-j1.62106397288906078913e-01
  -1.57923252182407325428e-01-j1.62736242965351413092e-01
  -1.67573954724380858039e-01-j1.63101340575274533773e-01
  -1.77648773491804967684e-01-j1.63172579338930173742e-01
  -1.88163824561188963713e-01-j1.62917801652027544046e-01
  -1.99135266306405156467e-01-j1.62301477629051310592e-01
  -2.10579132587914219510e-01-j1.61284345901476416918e-01
  -2.22511122445984282914e-01-j1.59823018066505173618e-01
  -2.34946336914761577663e-01-j1.57869544373789888470e-01
  -2.47898951677649442837e-01-j1.55370938624518534210e-01
  -2.61381812037532246240e-01-j1.52268660918800424753e-01
  -2.75405934029448129508e-01-j1.48498057928951265882e-01
  -2.89979892411051043410e-01-j1.43987761938334901668e-01
  -3.05109072688975468957e-01-j1.38659052151555106658e-01
  -3.20794760255227129342e-01-j1.32425184991437655535e-01
  -3.37033035127358160388e-01-j1.25190704559751203595e-01
  -3.53813435774960549640e-01-j1.16850750544360851291e-01
  -3.71117350225560416188e-01-j1.07290389097405722274e-01
  -3.88916087363361362428e-01-j9.63840031920533829579e-02
  -4.07168576555325179012e-01-j8.39947934140925916990e-02
  -4.25818640246114099579e-01-j6.99744588969514191845e-02
  -4.44791783159503573142e-01-j5.41631520823672302223e-02
  -4.63991445009788339160e-01-j3.63898311026939896839e-02
  -4.83294673711506805880e-01-j1.64731706022062072969e-02
  -5.02547196516971328428e-01+j5.77676390768855352320e-03
  -5.21557902045061805296e-01+j3.05558220374312350387e-02
  -5.40092802867696564206e-01+j5.80617429856172817537e-02
  -5.57868633562810467552e-01+j8.84884306806518194932e-02
  -5.74546361149814388547e-01+j1.22018114006969810581e-01
  -5.89725051549086387581e-01+j1.58810950653209798089e-01
  -6.02936752587813540316e-01+j1.98991650105992678998e-01
  -6.13643320190346397425e-01+j2.42632780623919991347e-01
  -6.21236416598780927245e-01+j2.89734624647609295689e-01
  -6.25042214506468352120e-01+j3.40201800567007939247e-01
  -6.24332586503664632716e-01+j3.93817416977952472479e-01
  -6.18344646535206932114e-01+j4.50216290950915143387e-01
  -6.06310303966901220640e-01+j5.08859723468325197970e-01
  -5.87496834811394363918e-01+j5.69015386732176220441e-01
  -5.61258230360047072338e-01+j6.29746837237562862022e-01
  -5.27095199784019086131e-01+j6.89917705979238959912e-01
  -4.84719306530779325826e-01+j7.48215330515390575350e-01
  -4.34114193086193256299e-01+j8.03197100906760996786e-01
  -3.75584853607886626214e-01+j8.53359906004255486245e-01
  -3.09785270840295390293e-01+j8.97228997743483192018e-01
  -2.37716162304622502521e-01+j9.33458072193025123475e-01
  -1.60688338778379291583e-01+j9.60928583699747762559e-01
  -8.02527688479745399119e-02+j9.78834568348315503528e-01
  +1.89540649278883304753e-03+j9.86740458934782571632e-01
  +8.40266481402210524410e-02+j9.84603555275470720964e-01
  +1.64485915067804910894e-01+j9.72758983236744145806e-01
  +2.41786877005249450923e-01+j9.51871449780765543913e-01
  +3.14681347983126691314e-01+j9.22863152156818911109e-01
  +3.82199137328524174428e-01+j8.86829703304925831553e-01
</dep>
<dep S[1,2] frequency>
  -9.41033650850586489423e-02-j3.71111390806341256976e-01
  -1.07575689874287255821e-01-j3.47296944602384805023e-01
  -1.18746223337039227830e-01-j3.24452994726470045350e-01
  -1.27899744111918761691e-01-j3.02608648406981928236e-01
  -1.35283837201082141055e-01-j2.81773004628992185250e-01
  -1.41114041371663084812e-01-j2.61940958336861096090e-01
  -1.45578367818863102512e-01-j2.43097446827378438350e-01
  -1.48841209753914099911e-01-j2.25220549699306743507e-01
  -1.51046693358216882475e-01-j2.08283746460861868277e-01
  -1.52321532827551509026e-01-j1.92257555872700991451e-01
  -1.52777454235509119185e-01-j1.77110721843722146440e-01
  -1.52513249582884341526e-01-j1.62811067007940096785e-01
  -1.51616516540201751173e-01-j1.49326102979964792095e-01
  -1.50165132666022604901e-01-j1.36623462681744328728e-01
  -1.48228506181332542191e-01-j1.24671202794827615246e-01
  -1.45868639148991119381e-01-j1.13438011651894210541e-01
  -1.43141033340760948089e-01-j1.02893348512329868560e-01
  -1.40095464225447302598e-01-j9.30075332711950975018e-02
  -1.36776644356928156476e-01-j8.37518005719678215737e-02
  -1.33224793920251605162e-01-j7.50983285496361202549e-02
  -1.29476133233832640945e-01-j6.70202496704705857899e-02
  -1.25563309529889866045e-01-j5.94916490997342145564e-02
  -1.21515768271527935251e-01-j5.24875545289377534730e-02
  -1.17360077549338526204e-01-j4.59839202908490785049e-02
  -1.13120212675803535896e-01-j3.99576077800098752868e-02
  -1.08817806914278031316e-01-j3.43863636032508898643e-02
  -1.04472373299652268597e-01-j2.92487964521814004792e-02
  -1.00101501695374794920e-01-j2.45243533761297094475e-02
  -9.57210345578614757445e-02-j2.01932959084921981319e-02
  -9.13452243203755759327e-02-j1.62366763388680918068e-02
  -8.69868748444236061790e-02-j1.26363143104694115176e-02
  -8.26574690012913670945e-02-j9.37477384435732481738e-03
  -7.83672841258736124770e-02-j6.43534083953044462600e-03
  -7.41254968183498591516e-02-j3.80200106366296785784e-03
  -6.99402783472131972520e-02-j1.45941862818520554611e-03
  -6.58188817219649280332e-02+j6.07085070600899305224e-04
  -6.17677213493936852484e-02+j2.41155196827668415194e-03
  -5.77924460580813981192e-02+j3.96740753230195170032e-03
  -5.38980061677836255751e-02+j5.28748056932123577240e-03
  -5.00887151897255467059e-02+j6.38402266099934515009e-03
  -4.63683066677491526053e-02+j7.26872724588504322968e-03
  -4.27399866062147665291e-02+j7.95274836084613502563e-03
  -3.92064818765592779104e-02+j8.44671905165033168328e-03
  -3.57700849487225733259e-02+j8.76076945868868063594e-03
  -3.24326952548745911509e-02+j8.90454458062332060431e-03
  -2.91958574599457988674e-02+j8.88722171608597941161e-03
  -2.60607968851645464825e-02+j8.71752758139317761310e-03
  -2.30284523067162578969e-02+j8.40375510063188883858e-03
  -2.00995063307301373434e-02+j7.95377986335370906756e-03
  -1.72744135277373006554e-02+j7.37507624441337099330e-03
  -1.45534264940389568288e-02+j6.67473318024001949222e-03
  -1.19366199936368558299e-02+j5.85946959589381949352e-03
  -9.42391332222953029274e-03+j4.93564947761852054059e-03
  -7.01509102408166048542e-03+j3.90929658623752254026e-03
  -4.70982208295543398197e-03+j2.78610880752706282712e-03
  -2.50767769977447430030e-03+j1.57147213669285861111e-03
  -4.08147761927900418373e-04+j2.70474295136418274241e-04
  +1.58934389787935160393e-03-j1.11208202114549650937e-03
  +3.48542536161082451215e-03-j2.57166626092133641587e-03
  +5.28076351899775791460e-03-j4.10400750305571406645e-03
  +6.97605191332379727387e-03-j5.70508230470810444313e-03
  +8.57199946437210008598e-03-j7.37110290810239019571e-03
  +1.00693199975635198223e-02-j9.09850580027615415957e-03
  +1.14687225125120854929e-02-j1.08839406190970079680e-02
  +1.27709021280825955197e-02-j1.27242593975787632310e-02
  +1.39765316447116715731e-02-j1.46165061375009754790e-02
  +1.50862536680385992544e-02-j1.65579067021489265144e-02
  +1.61006732410864140947e-02-j1.85458590170397563668e-02
  +1.70203509350891485363e-02-j2.05779235664075750567e-02
  +1.78457963517905764117e-02-j2.26518141723073378191e-02
  +1.85774619925311371138e-02-j2.47653890422108897973e-02
  +1.92157374517887870324e-02-j2.69166420700702388458e-02
  +1.97609438949686334885e-02-j2.91036943748829435297e-02
  +2.02133287822497675901e-02-j3.13247860599241631507e-02
  +2.05730608021225114257e-02-j3.35782681748711397951e-02
  +2.08402249799381003581e-02-j3.58625948621440551745e-02
  +2.10148179283431608966e-02-j3.81763156678445944592e-02
  +2.10967432078742259116e-02-j4.05180679966735887709e-02
  +2.10858067672610172139e-02-j4.28865696892046024957e-02
  +2.09817124341667125831e-02-j4.52806116987850837408e-02
  +2.07840574280816620112e-02-j4.76990508441683114249e-02
  +2.04923278680653395134e-02-j5.01408026127438538611e-02
  +2.01058942487862719883e-02-j5.26048339878285239890e-02
  +1.96240068590659878789e-02-j5.50901562720193735401e-02
  +1.90457911177195383934e-02-j5.75958178769609974168e-02
  +1.83702428020095544225e-02-j6.01208970480557949867e-02
  +1.75962231444904311506e-02-j6.26644944906789014283e-02
  +1.67224537743457246641e-02-j6.52257258621928848186e-02
  +1.57475114796538570583e-02-j6.78037140916656622114e-02
  +1.46698227672248816128e-02-j7.03975814863814358668e-02
  +1.34876581968485405316e-02-j7.30064415812520656202e-02
  +1.21991264669499589746e-02-j7.56293906837974400093e-02
  +1.08021682287596058891e-02-j7.82654990635860692283e-02
  +9.29454960625751731851e-03-j8.09138017308181217713e-02
  +7.67385539925259999028e-03-j8.35732887439922106365e-02
  +5.93748194717078330712e-03-j8.62428949813247719414e-02
  +4.08262963134305070095e-03-j8.89214893047491627964e-02
  +2.10629499393171631949e-03-j9.16078630386835263133e-02
  +5.26245212171364333770e-06-j9.43007176784403933212e-02
  -2.22390441314788880195e-03-j9.69986517349496896179e-02
  -4.58487201370869849187e-03-j9.97001466132351327198e-02
  -7.08154637453955581455e-03-j1.02403551411824875195e-01
  -9.71808323495638483325e-03-j1.05107066518772371277e-01
  -1.24988986454898955147e-02-j1.07808725867090587913e-01
  -1.54286800725920471289e-02-j1.10506377697967214657e-01
  -1.85123980198477026959e-02-j1.13197663664009462448e-01
  -2.17553181699630220070e-02-j1.15879996086654085685e-01
  -2.51630140462807301571e-02-j1.18550533161640117563e-01
  -2.87413801856327838502e-02-j1.21206151883716070627e-01
  -3.24966458057748125432e-02-j1.23843418436342458944e-01
  -3.64353889399543634520e-02-j1.26458555763570373864e-01
  -4.05645509980809976236e-02-j1.29047408009392350348e-01
  -4.48914516977840308276e-02-j1.31605401473988914418e-01
  -4.94238042888750436776e-02-j1.34127501696205991832e-01
  -5.41697309705240145905e-02-j1.36608166226662552933e-01
  -5.91377783709024495984e-02-j1.39041292605605187882e-01
  -6.43369329230427250410e-02-j1.41420161003410455036e-01
  -6.97766359268399277704e-02-j1.43737370918824464150e-01
  -7.54667980338421529041e-02-j1.45984771259971335411e-01
  -8.14178128267714074084e-02-j1.48153383055139559188e-01
  -8.76405690872102266509e-02-j1.50233313953680502895e-01
  -9.41464612496571845446e-02-j1.52213663581323654928e-01
  -1.00947397424748855355e-01-j1.54082418708152230069e-01
  -1.08055804234609031944e-01-j1.55826337070980203148e-01
  -1.15484627533962436186e-01-j1.57430818564447932983e-01
  -1.23247327885649904378e-01-j1.58879762376952116121e-01
  -1.31357869411133226789e-01-j1.60155408498867529721e-01
  -1.39830700336497831815e-01-j1.61238161872591573287e-01
  -1.48680723191701530395e-01-j1.62106397288906078913e-01
  -1.57923252182407325428e-01-j1.62736242965351413092e-01
  -1.67573954724380858039e-01-j1.63101340575274533773e-01
  -1.77648773491804967684e-01-j1.63172579338930173742e-01
  -1.88163824561188963713e-01-j1.62917801652027544046e-01
  -1.99135266306405156467e-01-j1.62301477629051310592e-01
  -2.10579132587914219510e-01-j1.61284345901476416918e-01
  -2.22511122445984282914e-01-j1.59823018066505173618e-01
  -2.34946336914761577663e-01-j1.57869544373789888470e-01
  -2.47898951677649442837e-01-j1.55370938624518534210e-01
  -2.61381812037532246240e-01-j1.52268660918800424753e-01
  -2.75405934029448129508e-01-j1.48498057928951265882e-01
  -2.89979892411051043410e-01-j1.43987761938334901668e-01
  -3.05109072688975468957e-01-j1.38659052151555106658e-01
  -3.20794760255227129342e-01-j1.32425184991437655535e-01
  -3.37033035127358160388e-01-j1.25190704559751203595e-01
  -3.53813435774960549640e-01-j1.16850750544360851291e-01
  -3.71117350225560416188e-01-j1.07290389097405722274e-01
  -3.88916087363361362428e-01-j9.63840031920533829579e-02
  -4.07168576555325179012e-01-j8.39947934140925916990e-02
  -4.25818640246114099579e-01-j6.99744588969514191845e-02
  -4.44791783159503573142e-01-j5.41631520823672302223e-02
  -4.63991445009788339160e-01-j3.63898311026939896839e-02
  -4.83294673711506805880e-01-j1.64731706022062072969e-02
  -5.02547196516971328428e-01+j5.77676390768855352320e-03
  -5.21557902045061805296e-01+j3.05558220374312350387e-02
  -5.40092802867696564206e-01+j5.80617429856172817537e-02
  -5.57868633562810467552e-01+j8.84884306806518194932e-02
  -5.74546361149814388547e-01+j1.22018114006969810581e-01
  -5.89725051549086387581e-01+j1.58810950653209798089e-01
  -6.02936752587813540316e-01+j1.98991650105992678998e-01
  -6.13643320190346397425e-01+j2.42632780623919991347e-01
  -6.21236416598780927245e-01+j2.89734624647609295689e-01
  -6.25042214506468352120e-01+j3.40201800567007939247e-01
  -6.24332586503664632716e-01+j3.93817416977952472479e-01
  -6.18344646535206932114e-01+j4.50216290950915143387e-01
  -6.06310303966901220640e-01+j5.08859723468325197970e-01
  -5.87496834811394363918e-01+j5.69015386732176220441e-01
  -5.61258230360047072338e-01+j6.29746837237562862022e-01
  -5.27095199784019086131e-01+j6.89917705979238959912e-01
  -4.84719306530779325826e-01+j7.48215330515390575350e-01
  -4.34114193086193256299e-01+j8.03197100906760996786e-01
  -3.75584853607886626214e-01+j8.53359906004255486245e-01
  -3.09785270840295390293e-01+j8.97228997743483192018e-01
  -2.37716162304622502521e-01+j9.33458072193025123475e-01
  -1.60688338778379291583e-01+j9.60928583699747762559e-01
  -8.02527688479745399119e-02+j9.78834568348315503528e-01
  +1.89540649278883304753e-03+j9.86740458934782571632e-01
  +8.40266481402210524410e-02+j9.84603555275470720964e-01
  +1.64485915067804910894e-01+j9.72758983236744145806e-01
  +2.41786877005249450923e-01+j9.51871449780765543913e-01
  +3.14681347983126691314e-01+j9.22863152156818911109e-01
  +3.82199137328524174428e-01+j8.86829703304925831553e-01
</dep>
<dep S[1,1] frequency>
  -8.92291875472366879940e-01+j2.26409232020406608887e-01
  -8.86640176527890400138e-01+j2.74825865013735071152e-01
  -8.78008812257232928999e-01+j3.21570101366696170508e-01
  -8.66713134109369454094e-01+j3.66593983929952460521e-01
  -8.53031756797800522207e-01+j4.09871152252919146441e-01
  -8.37211609529380229588e-01+j4.51391036199939865714e-01
  -8.19472360887553596953e-01+j4.91154601124556888792e-01
  -8.00010237401491353104e-01+j5.29171233566110288393e-01
  -7.79001286582943541781e-01+j5.65456463721732305316e-01
  -7.56604147462940135327e-01+j6.00030300991192477866e-01
  -7.32962393630451569670e-01+j6.32916018168253047271e-01
  -7.08206510375695597048e-01+j6.64139263552973924121e-01
  -6.82455561643275809836e-01+j6.93727412397615927908e-01
  -6.55818595737785114963e-01+j7.21709092707129351574e-01
  -6.28395831984739472453e-01+j7.48113837753205279668e-01
  -6.00279664281921920832e-01+j7.72971830397508385957e-01
  -5.71555511874819344165e-01+j7.96313713681433443803e-01
  -5.42302542807721832396e-01+j8.18170449025082402450e-01
  -5.12594291316210370901e-01+j8.38573208444363893399e-01
  -4.82499186877390295880e-01+j8.57553290923942612700e-01
  -4.52081009647758380599e-01+j8.75142055827070275420e-01
  -4.21399284518796268806e-01+j8.91370868239917735210e-01
  -3.90509623935470118195e-01+j9.06271052627875550733e-01
  -3.59464027888540871292e-01+j9.19873852263969449261e-01
  -3.28311148050885015515e-01+j9.32210392678620047846e-01
  -2.97096521832881432790e-01+j9.43311647951442511228e-01
  -2.65862781140972948002e-01+j9.53208409076414464600e-01
  -2.34649839802192838878e-01+j9.61931253923404727679e-01
  -2.03495062936954212995e-01+j9.69510518523091890941e-01
  -1.72433420998797826140e-01+j9.75976269541811602970e-01
  -1.41497630732819096311e-01+j9.81358277905387210716e-01
  -1.10718284918026585451e-01+j9.85685993589275111226e-01
  -8.01239724388079638251e-02+j9.88988521626130712150e-01
  -4.97413899659812225318e-02+j9.91294599398302445081e-01
  -1.95954463089507702200e-02+j9.92632575287118235075e-01
  +1.02906396804541278023e-02+j9.93030388747084824530e-01
  +3.98952469211267049531e-02+j9.92515551864146639005e-01
  +6.91982650247820602063e-02+j9.91115132445130164740e-01
  +9.81810118203066267695e-02+j9.88855738671843065291e-01
  +1.26826155057066680687e-01+j9.85763505339203760514e-01
  +1.55117637932401630785e-01+j9.81864081682918721228e-01
  +1.83040608144590555284e-01+j9.77182620789167066810e-01
  +2.10581350218437240995e-01+j9.71743770566744657913e-01
  +2.37727220888055229553e-01+j9.65571666251449078899e-01
  +2.64466587351882553847e-01+j9.58689924403140381060e-01
  +2.90788768239589323628e-01+j9.51121638347990017159e-01
  +3.16683977150636231102e-01+j9.42889375011866981424e-01
  +3.42143268640329734076e-01+j9.34015173085499750272e-01
  +3.67158486542175421796e-01+j9.24520542458058702806e-01
  +3.91722214525881406999e-01+j9.14426464852780562786e-01
  +4.15827728798614071337e-01+j9.03753395596362474329e-01
  +4.39468952863892203808e-01+j8.92521266452806716352e-01
  +4.62640414257862730985e-01+j8.80749489452128830891e-01
  +4.85337203186996135607e-01+j8.68456961644814118273e-01
  +5.07554932994756846654e-01+j8.55662070713921640852e-01
  +5.29289702387569782616e-01+j8.42382701378321607777e-01
  +5.50538059352813524683e-01+j8.28636242522487687090e-01
  +5.71296966703448316771e-01+j8.14439594990607362845e-01
  +5.91563769185555088370e-01+j7.99809179985408236213e-01
  +6.11336162086500323198e-01+j7.84760948014883275015e-01
  +6.30612161282770422588e-01+j7.69310388333151351503e-01
  +6.49390074667631989058e-01+j7.53472538824778270694e-01
  +6.67668474899975605830e-01+j7.37261996285156095965e-01
  +6.85446173416717097204e-01+j7.20692927052725029746e-01
  +7.02722195652206726990e-01+j7.03779077952217835268e-01
  +7.19495757409156722062e-01+j6.86533787511300452877e-01
  +7.35766242326629349435e-01+j6.68969997416330786066e-01
  +7.51533180391696364886e-01+j6.51100264176128762372e-01
  +7.66796227442428257604e-01+j6.32936770965917494536e-01
  +7.81555145610977275439e-01+j6.14491339626653476635e-01
  +7.95809784656565599725e-01+j5.95775442798097243369e-01
  +8.09560064139312141052e-01+j5.76800216166953094721e-01
  +8.22805956386894132848e-01+j5.57576470814382885166e-01
  +8.35547470207156472988e-01+j5.38114705650067137732e-01
  +8.47784635300827593696e-01+j5.18425119922838129050e-01
  +8.59517487329617080327e-01+j4.98517625800667441016e-01
  +8.70746053595985891604e-01+j4.78401861015559315415e-01
  +8.81470339291943627558e-01+j4.58087201571578284121e-01
  +8.91690314275210060835e-01+j4.37582774516938666221e-01
  +9.01405900332115761486e-01+j4.16897470783745061063e-01
  +9.10616958887487171204e-01+j3.96039958101661260237e-01
  +9.19323279122785441686e-01+j3.75018693994447871454e-01
  +9.27524566464544619748e-01+j3.53841938871087613450e-01
  +9.35220431406098895444e-01+j3.32517769225948667255e-01
  +9.42410378626331812768e-01+j3.11054090965338370101e-01
  +9.49093796369980480243e-01+j2.89458652880725919587e-01
  +9.55269946054778440470e-01+j2.67739060292011887832e-01
  +9.60937952071380774299e-01+j2.45902788887471773771e-01
  +9.66096791742734328778e-01+j2.23957198790339456762e-01
  +9.70745285410185454467e-01+j2.01909548885724626777e-01
  +9.74882086614220155774e-01+j1.79767011445333912967e-01
  +9.78505672338415344313e-01+j1.57536687091688276663e-01
  +9.81614333285721896161e-01+j1.35225620148003378151e-01
  +9.84206164156909868446e-01+j1.12840814424769717017e-01
  +9.86279053901621849398e-01+j9.03892494993838863104e-02
  +9.87830675913231814889e-01+j6.78778975510220261569e-02
  +9.88858478139511887228e-01+j4.53137408192704760346e-02
  +9.89359673081984247744e-01+j2.27037897620811640609e-02
  +9.89331227657968104161e-01+j5.51019963743910878851e-05
  +9.88769852900504675475e-01-j2.26251978868891624741e-02
  +9.87671993472937437275e-01-j4.53298975317915145422e-02
  +9.86033816976666477316e-01-j6.80516749388227620843e-02
  +9.83851203032902077439e-01-j9.07830753749362534544e-02
  +9.81119732121905840927e-01-j1.13516486935685709248e-01
  +9.77834674166580875010e-01-j1.36244114608260302735e-01
  +9.73990976851353162935e-01-j1.58957952668063839941e-01
  +9.69583253672316569549e-01-j1.81649755223336595300e-01
  +9.64605771720778992773e-01-j2.04311004702089821228e-01
  +9.59052439209883145210e-01-j2.26932878052962916371e-01
  +9.52916792763219389073e-01-j2.49506210406307743499e-01
  +9.46191984495603266581e-01-j2.72021455913368404023e-01
  +9.38870768929974564010e-01-j2.94468645449733223973e-01
  +9.30945489811128124025e-01-j3.16837340833618696934e-01
  +9.22408066897386746952e-01-j3.39116585169716822090e-01
  +9.13249982836185303370e-01-j3.61294848884775809950e-01
  +9.03462270259655753080e-01-j3.83359970971145436192e-01
  +8.93035499272940236359e-01-j4.05299094898782130691e-01
  +8.81959765552370655861e-01-j4.27098598593855238725e-01
  +8.70224679324523187063e-01-j4.48744017812604423234e-01
  +8.57819355562418506267e-01-j4.70219962161666116263e-01
  +8.44732405814225817409e-01-j4.91510022930080059389e-01
  +8.30951932175581275963e-01-j5.12596671802870051948e-01
  +8.16465524032561784651e-01-j5.33461149420825453404e-01
  +8.01260258342706199741e-01-j5.54083342635438347301e-01
  +7.85322704391232084831e-01-j5.74441649181467228757e-01
  +7.68638934165079001914e-01-j5.94512828352361411000e-01
  +7.51194539735822397475e-01-j6.14271836116172198494e-01
  +7.32974659342962353570e-01-j6.33691642952807776545e-01
  +7.13964014232175259167e-01-j6.52743032529626510119e-01
  +6.94146958741766462175e-01-j6.71394379164852006525e-01
  +6.73507546660148115336e-01-j6.89611401862650685857e-01
  +6.52029617515924364568e-01-j7.07356892547819748884e-01
  +6.29696907231920288694e-01-j7.24590415993614400669e-01
  +6.06493188500594970769e-01-j7.41267978839780350420e-01
  +5.82402447350692575867e-01-j7.57341665062306934608e-01
  +5.57409103707999231681e-01-j7.72759235313756120966e-01
  +5.31498285345733512131e-01-j7.87463687746653873134e-01
  +5.04656166516050941340e-01-j8.01392778321351029192e-01
  +4.76870384800522573165e-01-j8.14478499263275423914e-01
  +4.48130552362643652664e-01-j8.26646515378313684330e-01
  +4.18428880876853814819e-01-j8.37815559499260231746e-01
  +3.87760942984722078997e-01-j8.47896790604662831115e-01
  +3.56126597211728790349e-01-j8.56793121363338849861e-01
  +3.23531107857017441454e-01-j8.64398526321724980370e-01
  +2.89986496378079494640e-01-j8.70597348059347520000e-01
  +2.55513166079916920204e-01-j8.75263626882074374791e-01
  +2.20141847195751583222e-01-j8.78260490608222088582e-01
  +1.83915914222922499688e-01-j8.79439655453801094609e-01
  +1.46894130867930322593e-01-j8.78641107777948016100e-01
  +1.09153878955537506079e-01-j8.75693060425729141727e-01
  +7.07949243876450640123e-02-j8.70412307521626127382e-01
  +3.19437631493037221819e-02-j8.62605138590742059890e-01
  -7.24143008596128678889e-03-j8.52069017164547193310e-01
  -4.65652637375136013720e-02-j8.38595280057093273030e-01
  -8.57890711793569127330e-02-j8.21973169244538448552e-01
  -1.24624487623412383286e-01-j8.01995564217707790355e-01
  -1.62726938978049823215e-01-j7.78466830467730241949e-01
  -1.99689486367032875691e-01-j7.51213225637887171970e-01
  -2.35037686881041291143e-01-j7.20096287889478769983e-01
  -2.68226397256428161775e-01-j6.85029541719091139562e-01
  -2.98639749390467834633e-01-j6.45998656843611573919e-01
  -3.25595831646775968338e-01-j6.03084842303549972797e-01
  -3.48357855428899132466e-01-j5.56490709723639009887e-01
  -3.66153673808904844833e-01-j5.06567074277238904578e-01
  -3.78205312903152734982e-01-j4.53838200265482105689e-01
  -3.83769520650211748425e-01-j3.99021936673921662209e-01
  -3.82189093350802810978e-01-j3.43040228871864250060e-01
  -3.72952856655510367467e-01-j2.87014955143612249255e-01
  -3.55759780958435911646e-01-j2.32244323378289124760e-01
  -3.30580185908444401655e-01-j1.80156555944589208407e-01
  -2.97704993694578090579e-01-j1.32240476314286509174e-01
  -2.57773347676442332599e-01-j8.99566798044414833724e-02
  -2.11770341522258209732e-01-j5.46374897101535444977e-02
  -1.60990362047730650730e-01-j2.73876824921868711193e-02
  -1.06967139726064475180e-01-j8.99970579775075107953e-03
  -5.13777510367834366889e-02+j1.04092903529071079127e-04
  +4.06716608655448286225e-03-j1.06109077415136865419e-04
  +5.77323164950228270853e-02-j9.28269837252874985278e-03
  +1.08151966138212624058e-01-j2.67489202449182339461e-02
  +1.54099378609265647011e-01-j5.15710210271966701390e-02
  +1.94626666286184579757e-01-j8.26423761380598587145e-02
</dep>
