<Qucs Dataset 1.0.7>
<indep frequency 181>
  +1.00000000000000000000e+09
  +1.05000000000000000000e+09
  +1.10000000000000000000e+09
  +1.15000000000000000000e+09
  +1.20000000000000000000e+09
  +1.25000000000000000000e+09
  +1.30000000000000000000e+09
  +1.35000000000000000000e+09
  +1.40000000000000000000e+09
  +1.45000000000000000000e+09
  +1.50000000000000000000e+09
  +1.55000000000000000000e+09
  +1.60000000000000000000e+09
  +1.65000000000000000000e+09
  +1.70000000000000000000e+09
  +1.75000000000000000000e+09
  +1.80000000000000000000e+09
  +1.85000000000000000000e+09
  +1.90000000000000000000e+09
  +1.95000000000000000000e+09
  +2.00000000000000000000e+09
  +2.05000000000000000000e+09
  +2.10000000000000000000e+09
  +2.15000000000000000000e+09
  +2.20000000000000000000e+09
  +2.25000000000000000000e+09
  +2.30000000000000000000e+09
  +2.35000000000000000000e+09
  +2.40000000000000000000e+09
  +2.45000000000000000000e+09
  +2.50000000000000000000e+09
  +2.55000000000000000000e+09
  +2.60000000000000000000e+09
  +2.65000000000000000000e+09
  +2.70000000000000000000e+09
  +2.75000000000000000000e+09
  +2.80000000000000000000e+09
  +2.85000000000000000000e+09
  +2.90000000000000000000e+09
  +2.95000000000000000000e+09
  +3.00000000000000000000e+09
  +3.05000000000000000000e+09
  +3.10000000000000000000e+09
  +3.15000000000000000000e+09
  +3.20000000000000000000e+09
  +3.25000000000000000000e+09
  +3.30000000000000000000e+09
  +3.35000000000000000000e+09
  +3.40000000000000000000e+09
  +3.45000000000000000000e+09
  +3.50000000000000000000e+09
  +3.55000000000000000000e+09
  +3.60000000000000000000e+09
  +3.65000000000000000000e+09
  +3.70000000000000000000e+09
  +3.75000000000000000000e+09
  +3.80000000000000000000e+09
  +3.85000000000000000000e+09
  +3.90000000000000000000e+09
  +3.95000000000000000000e+09
  +4.00000000000000000000e+09
  +4.05000000000000000000e+09
  +4.10000000000000000000e+09
  +4.15000000000000000000e+09
  +4.20000000000000000000e+09
  +4.25000000000000000000e+09
  +4.30000000000000000000e+09
  +4.35000000000000000000e+09
  +4.40000000000000000000e+09
  +4.45000000000000000000e+09
  +4.50000000000000000000e+09
  +4.55000000000000000000e+09
  +4.60000000000000000000e+09
  +4.65000000000000000000e+09
  +4.70000000000000000000e+09
  +4.75000000000000000000e+09
  +4.80000000000000000000e+09
  +4.85000000000000000000e+09
  +4.90000000000000000000e+09
  +4.95000000000000000000e+09
  +5.00000000000000000000e+09
  +5.05000000000000000000e+09
  +5.10000000000000000000e+09
  +5.15000000000000000000e+09
  +5.20000000000000000000e+09
  +5.25000000000000000000e+09
  +5.30000000000000000000e+09
  +5.35000000000000000000e+09
  +5.40000000000000000000e+09
  +5.45000000000000000000e+09
  +5.50000000000000000000e+09
  +5.55000000000000000000e+09
  +5.60000000000000000000e+09
  +5.65000000000000000000e+09
  +5.70000000000000000000e+09
  +5.75000000000000000000e+09
  +5.80000000000000000000e+09
  +5.85000000000000000000e+09
  +5.90000000000000000000e+09
  +5.95000000000000000000e+09
  +6.00000000000000000000e+09
  +6.05000000000000000000e+09
  +6.10000000000000000000e+09
  +6.15000000000000000000e+09
  +6.20000000000000000000e+09
  +6.25000000000000000000e+09
  +6.30000000000000000000e+09
  +6.35000000000000000000e+09
  +6.40000000000000000000e+09
  +6.45000000000000000000e+09
  +6.50000000000000000000e+09
  +6.55000000000000000000e+09
  +6.60000000000000000000e+09
  +6.65000000000000000000e+09
  +6.70000000000000000000e+09
  +6.75000000000000000000e+09
  +6.80000000000000000000e+09
  +6.85000000000000000000e+09
  +6.90000000000000000000e+09
  +6.95000000000000000000e+09
  +7.00000000000000000000e+09
  +7.05000000000000000000e+09
  +7.10000000000000000000e+09
  +7.15000000000000000000e+09
  +7.20000000000000000000e+09
  +7.25000000000000000000e+09
  +7.30000000000000000000e+09
  +7.35000000000000000000e+09
  +7.40000000000000000000e+09
  +7.45000000000000000000e+09
  +7.50000000000000000000e+09
  +7.55000000000000000000e+09
  +7.60000000000000000000e+09
  +7.65000000000000000000e+09
  +7.70000000000000000000e+09
  +7.75000000000000000000e+09
  +7.80000000000000000000e+09
  +7.85000000000000000000e+09
  +7.90000000000000000000e+09
  +7.95000000000000000000e+09
  +8.00000000000000000000e+09
  +8.05000000000000000000e+09
  +8.10000000000000000000e+09
  +8.15000000000000000000e+09
  +8.20000000000000000000e+09
  +8.25000000000000000000e+09
  +8.30000000000000000000e+09
  +8.35000000000000000000e+09
  +8.40000000000000000000e+09
  +8.45000000000000000000e+09
  +8.50000000000000000000e+09
  +8.55000000000000000000e+09
  +8.60000000000000000000e+09
  +8.65000000000000000000e+09
  +8.70000000000000000000e+09
  +8.75000000000000000000e+09
  +8.80000000000000000000e+09
  +8.85000000000000000000e+09
  +8.90000000000000000000e+09
  +8.95000000000000000000e+09
  +9.00000000000000000000e+09
  +9.05000000000000000000e+09
  +9.10000000000000000000e+09
  +9.15000000000000000000e+09
  +9.20000000000000000000e+09
  +9.25000000000000000000e+09
  +9.30000000000000000000e+09
  +9.35000000000000000000e+09
  +9.40000000000000000000e+09
  +9.45000000000000000000e+09
  +9.50000000000000000000e+09
  +9.55000000000000000000e+09
  +9.60000000000000000000e+09
  +9.65000000000000000000e+09
  +9.70000000000000000000e+09
  +9.75000000000000000000e+09
  +9.80000000000000000000e+09
  +9.85000000000000000000e+09
  +9.90000000000000000000e+09
  +9.95000000000000000000e+09
  +1.00000000000000000000e+10
</indep>
<dep S21_phase frequency>
  -9.91566012571680630572e+01
  -1.01332738883956025688e+02
  -1.03461935018907624340e+02
  -1.05552853231499355502e+02
  -1.07613074590284114151e+02
  -1.09649296051474237856e+02
  -1.11667490391689142371e+02
  -1.13673035987233973287e+02
  -1.15670822815984266185e+02
  -1.17665339596282663592e+02
  -1.19660745864722727561e+02
  -1.21660931943989226056e+02
  -1.23669569097530313684e+02
  -1.25690151660779719123e+02
  -1.27726032542266025871e+02
  -1.29780453174860014087e+02
  -1.31856568746878281218e+02
  -1.33957469339367293060e+02
  +4.39138025723016696134e+01
  +4.17542379362977413848e+01
  +3.95608500674368244177e+01
  +3.73306666292793138950e+01
  +3.50607246651277648652e+01
  +3.27480687758877735405e+01
  +3.03897526226804792771e+01
  +2.79828440043932111791e+01
  +2.55244338233746681510e+01
  +2.30116493034137405971e+01
  +2.04416718585908796513e+01
  +1.78117600234261530545e+01
  +1.51192778359920527720e+01
  +1.23617290067959704203e+01
  +9.53679709614502080228e+00
  +6.64239174986876523832e+00
  +3.67670079656451243011e+00
  +6.38247680300679576249e-01
  -2.47404671256149111258e+00
  -5.66079927059190168848e+00
  -8.92209891855080350354e+00
  -1.22574425178969441674e+01
  -1.56656755808126568752e+01
  -1.91449414674836013717e+01
  -2.26926430657462070428e+01
  -2.63054210259434704255e+01
  -2.99791523576353888814e+01
  -3.37089725267708217871e+01
  -3.74893231009600711445e+01
  -4.13140255125739130904e+01
  -4.51763797466546037640e+01
  -4.90692848780761678995e+01
  -5.29853765903789906133e+01
  -5.69171753317507125303e+01
  -6.08572378013437500499e+01
  -6.47983041480427317538e+01
  -6.87334336495699886882e+01
  -7.26561226679568079589e+01
  -7.65604002042597500122e+01
  -8.04408981973020900114e+01
  -8.42928956030845597525e+01
  -8.81123370454771475124e+01
  -9.18958282845349430090e+01
  -9.56406118095416104552e+01
  -9.93445264988106799819e+01
  -1.03005955522261857027e+02
  -1.06623766560166615136e+02
  -1.10197248057170483548e+02
  -1.13726044713999272062e+02
  -1.17210094821402876164e+02
  -1.20649571427899317655e+02
  -1.24044828752872021482e+02
  -1.27396354740150414386e+02
  -1.30704730210196174767e+02
  -1.33970594715889205872e+02
  -1.37194618934296045154e+02
  -1.40377483226674655725e+02
  -1.43519861861057620445e+02
  -1.46622412305219739892e+02
  -1.49685768952487705974e+02
  -1.52710540629587399053e+02
  -1.55697311246887068137e+02
  -1.58646642980694053904e+02
  -1.61559081419597106333e+02
  -1.64435162158232571983e+02
  -1.67275418379014553238e+02
  -1.70080389022796509835e+02
  -1.72850627210980150039e+02
  -1.75586708642591929674e+02
  -1.78289239748901024996e+02
  +1.79041134555875089518e+02
  +1.76403723637187823670e+02
  +1.73797784478067768532e+02
  +1.71222515611828839610e+02
  +1.68677051631784223673e+02
  +1.66160458228046252316e+02
  +1.63671727674265866881e+02
  +1.61209774664491732210e+02
  +1.58773432381656931511e+02
  +1.56361448663884743837e+02
  +1.53972482122125427395e+02
  +1.51605098051783528490e+02
  +1.49257763971141315551e+02
  +1.46928844609691083178e+02
  +1.44616596159062225979e+02
  +1.42319159587225357200e+02
  +1.40034552802180797926e+02
  +1.37760661433515025465e+02
  +1.35495227978127758206e+02
  +1.33235839029192675298e+02
  +1.30979910274043106710e+02
  +1.28724668906261399570e+02
  +1.26467133048831769315e+02
  +1.24204087727943644381e+02
  +1.21932056870262570669e+02
  +1.19647270719893086266e+02
  +1.17345627985300936302e+02
  +1.15022651932736522440e+02
  +1.12673439544910308996e+02
  +1.10292602768784391287e+02
  +1.07874200796696513294e+02
  +1.05411662281330464452e+02
  +1.02897696411013953366e+02
  +1.00324191921228248248e+02
  +9.76821034752088053210e+01
  +9.49613255405013063637e+01
  +9.21505551152888671140e+01
  +8.92371467089560042041e+01
  +8.62069662769070816921e+01
  +8.30442559400396902447e+01
  +7.97315290705695929319e+01
  +7.62495266629051826612e+01
  +7.25772818409420921171e+01
  +6.86923605519448443602e+01
  +6.45713724337590377900e+01
  +6.01908731542958506111e+01
  +5.55287993654415075184e+01
  +5.05665720817580748303e+01
  +4.52919449156889726282e+01
  +3.97025236509857393230e+01
  +3.38096163039188084554e+01
  +2.76417087422432814492e+01
  +2.12465164838774320799e+01
  +1.46904643462464008508e+01
  +8.05483614951848991836e+00
  +1.42876753804698197747e+00
  -5.09959935959809129713e+00
  -1.14517256481058993245e+01
  -1.75650759827587847894e+01
  -2.33962269509324869432e+01
  -2.89207467454048838817e+01
  -3.41307371756670008267e+01
  -3.90311993073298637569e+01
  -4.36362094988239803683e+01
  -4.79655280969066453167e+01
  -5.20419139373520067693e+01
  -5.58891764132407189436e+01
  -5.95308694923712735658e+01
  -6.29894873138282136438e+01
  -6.62860231435115849763e+01
  -6.94397760625682423097e+01
  -7.24683172864479985265e+01
  -7.53875530773611615132e+01
  +1.01788158743883485613e+02
  +9.90458668228931315980e+01
  +9.63738765000901480562e+01
  +9.37616028108478758440e+01
  +9.11994321595538650627e+01
  +8.86785956024440054080e+01
  +8.61910548477058711114e+01
  +8.37294010111318272038e+01
  +8.12867655828255806227e+01
  +7.88567427865986871893e+01
  +7.64333224310357621789e+01
  +7.40108323836955861452e+01
  +7.15838898990672731770e+01
  +6.91473611662778608888e+01
  +6.66963285951241573457e+01
  +6.42260655167953729006e+01
  +6.17320181305683775008e+01
  +5.92097946736192213280e+01
  +5.66551619219620548051e+01
  +5.40640492396669429809e+01
</dep>
<dep S11_phase frequency>
  +1.70855190704983641581e+02
  +1.68682242070444971205e+02
  +1.66556308334200821264e+02
  +1.64468727376981178168e+02
  +1.62411919129427047892e+02
  +1.60379187230470705572e+02
  +1.58364559125150606178e+02
  +1.56362656302830146160e+02
  +1.54368588302076517493e+02
  +1.52377865569430895221e+02
  +1.50386327371306521172e+02
  +1.48390081808584341161e+02
  +1.46385455637583703492e+02
  +1.44368952107919369610e+02
  +1.42337215423965375294e+02
  +1.40287000749599286564e+02
  +1.38215148926296706122e+02
  +1.36118565277980877681e+02
  +1.33994202044135420238e+02
  +1.31839044124454147777e+02
  +1.29650097940485068193e+02
  +1.27424383327304155955e+02
  +1.25158928464781084244e+02
  +1.22850767945786401469e+02
  +1.20496944158776386757e+02
  +1.18094512234537276640e+02
  +1.15640548869976782953e+02
  +1.13132165392978848217e+02
  +1.10566525467004495908e+02
  +1.07940867846261411955e+02
  +1.05252534573944103613e+02
  +1.02499004957685542649e+02
  +9.96779355469709287263e+01
  +9.67872061652569186663e+01
  +9.38249718038665179165e+01
  +9.07897198567645631329e+01
  +8.76803317615431012655e+01
  +8.44961476168866028047e+01
  +8.12370317869819729140e+01
  +7.79034369104181081411e+01
  +7.44964631545462907525e+01
  +7.10179090634932350667e+01
  +6.74703100212998663210e+01
  +6.38569602804970770649e+01
  +6.01819147747658291792e+01
  +5.64499676037960540498e+01
  +5.26666051696882888677e+01
  +4.88379334207777162646e+01
  +4.49705804178659889203e+01
  +4.10715773139255446722e+01
  +3.71482226204617731469e+01
  +3.32079360969116592628e+01
  +2.92581095439228420219e+01
  +2.53059620707885066793e+01
  +2.13584069968056269317e+01
  +1.74219364918715200474e+01
  +1.35025285090964750623e+01
  +9.60557871824168074681e+00
  +5.73585824195955940041e+00
  +1.89749623867233219165e+00
  -1.90601506992845415311e+00
  -5.67179636338705961407e+00
  -9.39754220766663905806e+00
  -1.30814712658505953868e+01
  -1.67222697681796077518e+01
  -2.03190318484628740237e+01
  -2.38711997687201531448e+01
  -2.73785063998943876129e+01
  -3.08409216769608072184e+01
  -3.42586041547193786982e+01
  -3.76318582882044196936e+01
  -4.09610976627865426281e+01
  -4.42468141029166588396e+01
  -4.74895523842742477427e+01
  -5.06898901455127983695e+01
  -5.38484225246913226215e+01
  -5.69657510148627608260e+01
  -6.00424760289149688219e+01
  -6.30791926750855225237e+01
  -6.60764892645488970402e+01
  -6.90349480971286908471e+01
  -7.19551480986594640399e+01
  -7.48376689133914254626e+01
  -7.76830960871764943931e+01
  -8.04920270122860159745e+01
  -8.32650773425639840752e+01
  -8.60028876278835809899e+01
  -8.87061299588669101013e+01
  -9.13755144555990739264e+01
  -9.40117954765511143478e+01
  -9.66157774650644967096e+01
  -9.91883203895690712670e+01
  -1.01730344769481135359e+02
  -1.04242836310890325535e+02
  -1.06726850204491483964e+02
  -1.09183515162665273124e+02
  -1.11614037293440262033e+02
  -1.14019703926624174528e+02
  -1.16401887522264701147e+02
  -1.18762049804432407996e+02
  -1.21101746274873008247e+02
  -1.23422631272126778867e+02
  -1.25726463753102393639e+02
  -1.28015113986635356014e+02
  -1.30290571363095295965e+02
  -1.32554953541466232991e+02
  -1.34810517176317404164e+02
  -1.37059670492507848394e+02
  -1.39304988006095669562e+02
  -1.41549227726423737295e+02
  -1.43795351217291170087e+02
  -1.46046546944790577527e+02
  -1.48306257395625664230e+02
  -1.50578210511630459223e+02
  -1.52866456051528075477e+02
  -1.55175407555360663991e+02
  -1.57509890642586981357e+02
  -1.59875198408010703588e+02
  -1.62277154667664490262e+02
  -1.64722185711725671808e+02
  -1.67217400981335060806e+02
  -1.69770682598470216362e+02
  -1.72390782773336638911e+02
  -1.75087426508032052652e+02
  -1.77871414222277678618e+02
  +1.79245285910878322966e+02
  +1.76249474594077526035e+02
  +1.73126720845644200608e+02
  +1.69861486470238702395e+02
  +1.66437494351165440776e+02
  +1.62838582761495359819e+02
  +1.59050591122882707396e+02
  +1.55065689544559830892e+02
  +1.50893569879143825574e+02
  +1.46597458517229028985e+02
  +1.42465330961781972974e+02
  +1.41047308475793869320e+02
  -5.74296253330226491585e+01
  -5.85568763977096580220e+01
  -6.38212837694887937801e+01
  -6.98299797764135092848e+01
  -7.61688606738873090762e+01
  -8.26635837465283174197e+01
  -8.91895620372862367731e+01
  -9.56422061060754060691e+01
  -1.01934303479356302091e+02
  -1.07998310535220539919e+02
  -1.13787708861478478184e+02
  -1.19276050115780591909e+02
  -1.24454065187757720423e+02
  -1.29325789920939456579e+02
  -1.33904600770796378129e+02
  -1.38209737592260523797e+02
  -1.42263563538131592168e+02
  -1.46089581279235204647e+02
  -1.49711102815450260550e+02
  -1.53150428318917221304e+02
  -1.56428393238142206201e+02
  -1.59564166436669836457e+02
  -1.62575210233585465858e+02
  -1.65477338629345354093e+02
  -1.68284830265527432402e+02
  -1.71010567668634365646e+02
  -1.73666184891339753449e+02
  -1.76262212828373492357e+02
  -1.78808216191213574575e+02
  +1.78687080874781713646e+02
  +1.76215681700754487338e+02
  +1.73770216616723246261e+02
  +1.71343854577005686224e+02
  +1.68930226098200648721e+02
  +1.66523356631090535984e+02
  +1.64117609516422646720e+02
  +1.61707637771004414162e+02
  +1.59288344084206869411e+02
  +1.56854848556617866961e+02
  +1.54402463870133090040e+02
  +1.51926677734106192474e+02
  +1.49423142599108075501e+02
  +1.46887672762509680524e+02
  +1.44316249101881197703e+02
</dep>
<dep S21_dB frequency>
  -1.26754301371560522682e+01
  -1.33251435625518652728e+01
  -1.39887061542111403867e+01
  -1.46712748723920061167e+01
  -1.53788142006483177227e+01
  -1.61183767519925424949e+01
  -1.68984970053217011809e+01
  -1.77297592856593020372e+01
  -1.86256439917184124511e+01
  -1.96038367441940764024e+01
  -2.06883459963685965022e+01
  -2.19131185276190407762e+01
  -2.33286429584674515070e+01
  -2.50151104090476827935e+01
  -2.71119406365900950107e+01
  -2.98964766034955005125e+01
  -3.40620173050524783775e+01
  -4.25200677732306715484e+01
  -4.59773416824777640954e+01
  -3.50170412112930335979e+01
  -3.02500977335768439502e+01
  -2.71321396432114916308e+01
  -2.47929913989528145635e+01
  -2.29077895451478674715e+01
  -2.13193764501898925801e+01
  -1.99397702279386948021e+01
  -1.87148189579653703163e+01
  -1.76089031646048752577e+01
  -1.65974221958407852640e+01
  -1.56627485521684839398e+01
  -1.47918912665173500898e+01
  -1.39750693785743180797e+01
  -1.32048007539671594657e+01
  -1.24752976029462541163e+01
  -1.17820521165519576101e+01
  -1.11215439561683808734e+01
  -1.04910279866252800218e+01
  -9.88837599199248984405e+00
  -9.31195529653993148145e+00
  -8.76053290706974685520e+00
  -8.23319744978393508461e+00
  -7.72929361199133158067e+00
  -7.24836548844405204051e+00
  -6.79010645107117660757e+00
  -6.35431407143344273436e+00
  -5.94084931906191293649e+00
  -5.54959978376900497921e+00
  -5.18044704737858729970e+00
  -4.83323856757590242239e+00
  -4.50776453738019355910e+00
  -4.20374015550285129450e+00
  -3.92079360183331493417e+00
  -3.65845978544908767560e+00
  -3.41617965600999173859e+00
  -3.19330458413277806784e+00
  -2.98910506203626402666e+00
  -2.80278278472991848602e+00
  -2.63348506462641474002e+00
  -2.48032051501558958861e+00
  -2.34237500347778793142e+00
  -2.21872700805177247574e+00
  -2.10846168415433776744e+00
  -2.01068314500564460090e+00
  -1.92452465133393868513e+00
  -1.84915658097926316472e+00
  -1.78379219513267095465e+00
  -1.72769133040494771159e+00
  -1.68016222443674334563e+00
  -1.64056173034822894152e+00
  -1.60829419691384001290e+00
  -1.58280929263928027417e+00
  -1.56359903852915937961e+00
  -1.55019429125884866671e+00
  -1.54216088981178911510e+00
  -1.53909564756705119493e+00
  -1.54062234059288316601e+00
  -1.54638781303697236957e+00
  -1.55605829293455233397e+00
  -1.56931598697466623271e+00
  -1.58585600096980172680e+00
  -1.60538361396560880223e+00
  -1.62761191799745441600e+00
  -1.65225982227151968473e+00
  -1.67905040982704090169e+00
  -1.70770962630655276371e+00
  -1.73796527411711654310e+00
  -1.76954628079716846933e+00
  -1.80218220760366776290e+00
  -1.83560296299578862289e+00
  -1.86953868561171754337e+00
  -1.90371976230736184021e+00
  -1.93787694865588644433e+00
  -1.97174156180055315524e+00
  -2.00504571853595692232e+00
  -2.03752259480083397492e+00
  -2.06890668625860563168e+00
  -2.09893405320133119574e+00
  -2.12734253654631189079e+00
  -2.15387193513608465878e+00
  -2.17826413786479822221e+00
  -2.20026320732401892144e+00
  -2.21961541471105228140e+00
  -2.23606922871332347569e+00
  -2.24937526405247822936e+00
  -2.25928619844556388685e+00
  -2.26555667005999206154e+00
  -2.26794317128550426688e+00
  -2.26620395905349036880e+00
  -2.26009900729492807514e+00
  -2.24939003382141677889e+00
  -2.23384064241924917837e+00
  -2.21321663188486805751e+00
  -2.18728653790613769559e+00
  -2.15582249214627363898e+00
  -2.11860150698063698371e+00
  -2.07540732583250742138e+00
  -2.02603302026118381463e+00
  -1.97028456885040981206e+00
  -1.90798572336481320200e+00
  -1.83898455946129724126e+00
  -1.76316222854461579495e+00
  -1.68044458152180720134e+00
  -1.59081753278585957823e+00
  -1.49434728283277107330e+00
  -1.39120682858636679491e+00
  -1.28171056552352835567e+00
  -1.16635921800449815500e+00
  -1.04589779408043037634e+00
  -9.21389675526731677380e-01
  -7.94310173239665018308e-01
  -6.66662625263984565116e-01
  -5.41118916717968079233e-01
  -4.21183416875745786356e-01
  -3.11373720470323245291e-01
  -2.17402039765883237088e-01
  -1.46326741108186053619e-01
  -1.06624964847626069187e-01
  -1.08118597314976208623e-01
  -1.61676879490753211410e-01
  -2.78635431155817292481e-01
  -4.69929510157974017481e-01
  -7.45040785052970111479e-01
  -1.11097215174853625186e+00
  -1.57153215947489277582e+00
  -2.12716892658169998143e+00
  -2.77543837287743677678e+00
  -3.51199615646102714095e+00
  -4.33187098000902182093e+00
  -5.23076750444642524229e+00
  -6.20624106547895326713e+00
  -7.25872173619182881055e+00
  -8.39249217338340613992e+00
  -9.61683434441306417284e+00
  -1.09476919555752338908e+01
  -1.24104375482874385028e+01
  -1.40448861509317701746e+01
  -1.59150996928737278324e+01
  -1.81305230231259422169e+01
  -2.08985103859861851561e+01
  -2.46879409750581615413e+01
  -3.10095724759083708477e+01
  -6.69881604268402384150e+01
  -3.11507502888103893213e+01
  -2.53880983349232103308e+01
  -2.20649341746129508124e+01
  -1.97400110747787138621e+01
  -1.79580317760594141419e+01
  -1.65156204948283686917e+01
  -1.53042236352226890261e+01
  -1.42591059292220823096e+01
  -1.33386110355756226653e+01
  -1.25144061335483325337e+01
  -1.17663942382422526123e+01
  -1.10798473993592878628e+01
  -1.04436909760198446406e+01
  -9.84942605453182196129e+00
  -9.29042545673612352175e+00
  -8.76145854199966755971e+00
  -8.25836153380759618869e+00
  -7.77780343090056547339e+00
  -7.31711644157582163928e+00
</dep>
<dep S11_dB frequency>
  -2.54143884116206697499e-01
  -2.20183581396698330179e-01
  -1.90655863565786010128e-01
  -1.64881150697212125467e-01
  -1.42315284879581643862e-01
  -1.22520673592654075201e-01
  -1.05144579858123726757e-01
  -8.99026619920074154813e-02
  -7.65664151429359951528e-02
  -6.49535468355591227851e-02
  -5.49205847681881326183e-02
  -4.63572034332993127004e-02
  -3.91818908511228636282e-02
  -3.33386740279755719452e-02
  -2.87946926741256686855e-02
  -2.55384627768554008098e-02
  -2.35787100295199031352e-02
  -2.29436814778035853835e-02
  -2.36808645701001643791e-02
  -2.58570578229711002527e-02
  -2.95587477144882183888e-02
  -3.48927529735161695568e-02
  -4.19871006149252351536e-02
  -5.09920981285344326883e-02
  -6.20815632404966774582e-02
  -7.54541665833333013991e-02
  -9.13348333104180426512e-02
  -1.09976137018271427626e-01
  -1.31659603175711459322e-01
  -1.56696819591666119953e-01
  -1.85430228489101234235e-01
  -2.18233449028269521630e-01
  -2.55510951668095009914e-01
  -2.97696878246722362871e-01
  -3.45252776592792853805e-01
  -3.98663999287068637756e-01
  -4.58434507306467953214e-01
  -5.25079826042437858291e-01
  -5.99117929526390868844e-01
  -6.81057884577957461936e-01
  -7.71386175080125191528e-01
  -8.70550750635886827489e-01
  -9.78943002898298386683e-01
  -1.09687806139454413490e+00
  -1.22457400725564946598e+00
  -1.36213081033214478133e+00
  -1.50950997999139291394e+00
  -1.66651605695867477408e+00
  -1.83278113836542466686e+00
  -2.00775360162593097257e+00
  -2.19069206552955630940e+00
  -2.38066540235538681713e+00
  -2.57655930956245216024e+00
  -2.77708959157564905240e+00
  -2.98082192590594807768e+00
  -3.18619752858243510119e+00
  -3.39156382183748750236e+00
  -3.59520896319600957725e+00
  -3.79539892974702119943e+00
  -3.99041576475027204296e+00
  -4.17859557925780400467e+00
  -4.35836494922542350139e+00
  -4.52827444875602846963e+00
  -4.68702820457633251294e+00
  -4.83350853968010252260e+00
  -4.96679499033644766826e+00
  -5.08617722466268684656e+00
  -5.19116165446681954165e+00
  -5.28147180342392363883e+00
  -5.35704275902188076230e+00
  -5.41801027647436228563e+00
  -5.46469530373968925829e+00
  -5.49758484456137708207e+00
  -5.51731016256815820498e+00
  -5.52462335154501538170e+00
  -5.52037325878298812398e+00
  -5.50548165901831509927e+00
  -5.48092044862932681326e+00
  -5.44769047797734096150e+00
  -5.40680247836716088017e+00
  -5.35926038173112484486e+00
  -5.30604718575366263167e+00
  -5.24811339160273693238e+00
  -5.18636793947713758968e+00
  -5.12167148990361198457e+00
  -5.05483184511266614436e+00
  -4.98660127244681739000e+00
  -4.91767547733646370745e+00
  -4.84869397333226270774e+00
  -4.78024160748730597703e+00
  -4.71285101784385851431e+00
  -4.64700582315542742862e+00
  -4.58314437106434446889e+00
  -4.52166389805062607365e+00
  -4.46292498135935122860e+00
  -4.40725618898369120302e+00
  -4.35495885817322481159e+00
  -4.30631195566064572944e+00
  -4.26157699389873556584e+00
  -4.22100299728354411144e+00
  -4.18483153097653737262e+00
  -4.15330182300669381590e+00
  -4.12665602845328116643e+00
  -4.10514470341060988545e+00
  -4.08903257701870614937e+00
  -4.07860473320426475397e+00
  -4.07417334127431107760e+00
  -4.07608510787366107309e+00
  -4.08472966429057038340e+00
  -4.10054915562397059858e+00
  -4.12404936585541470606e+00
  -4.15581280077605264012e+00
  -4.19651426641585700850e+00
  -4.24693963448572375796e+00
  -4.30800869309233025461e+00
  -4.38080326180511736567e+00
  -4.46660213598816380198e+00
  -4.56692496208956555392e+00
  -4.68358790269893443536e+00
  -4.81877503448590083224e+00
  -4.97513100168596533734e+00
  -5.15588279323319653713e+00
  -5.36500207034050546895e+00
  -5.60742500492334539075e+00
  -5.88935543774917746873e+00
  -6.21869177552399232667e+00
  -6.60564307905719871883e+00
  -7.06364456611177615741e+00
  -7.61076694937198450219e+00
  -8.27198205937271069388e+00
  -9.08300734452991775925e+00
  -1.00972945131799711760e+01
  -1.13999313659059033910e+01
  -1.31389065225000898351e+01
  -1.56091664870153508105e+01
  -1.95554526587246577662e+01
  -2.82440047344513622818e+01
  -2.92786645408540344704e+01
  -1.90054779582606485633e+01
  -1.42308283605877257116e+01
  -1.10832559576189844108e+01
  -8.76169880517018206945e+00
  -6.96197063304762142621e+00
  -5.53402045644384354972e+00
  -4.38992972255110736057e+00
  -3.47087130893115869412e+00
  -2.73337195149322464971e+00
  -2.14319016665167882962e+00
  -1.67247037251426799997e+00
  -1.29831343178262081928e+00
  -1.00192728110720619128e+00
  -7.67998719399776264005e-01
  -5.84153214431029188525e-01
  -4.40467254177613121158e-01
  -3.29031933986974278739e-01
  -2.43572862126725658838e-01
  -1.79128402265130715065e-01
  -1.31783806525403557330e-01
  -9.84556390391294472542e-02
  -7.67194182784956130172e-02
  -6.46732043456236804779e-02
  -6.08304037091024624173e-02
  -6.40359532311358392587e-02
  -7.34010206508727836017e-02
  -8.82522804888234979614e-02
  -1.08092630382655971455e-01
  -1.32570885765344592677e-01
  -1.61458536266772839651e-01
  -1.94632080992520606344e-01
  -2.32059800477333932900e-01
  -2.73792088450951986989e-01
  -3.19954672163813569341e-01
  -3.70744208792486040771e-01
  -4.26425867702902861023e-01
  -4.87332602163828343400e-01
  -5.53865885679200586900e-01
  -6.26497742154206171961e-01
  -7.05773939173774511602e-01
  -7.92318242427691776797e-01
  -8.86837648832837888158e-01
  -9.90128527887319753731e-01
</dep>
<dep Zin_ohm frequency>
  +2.03250567559315754806e+02
  +2.49739149610265172896e+02
  +2.95923286394403987742e+02
  +3.41754389955562885461e+02
  +3.87295757585485887375e+02
  +4.32651710633595882882e+02
  +4.77941153998641993894e+02
  +5.23287197114969785616e+02
  +5.68813227737031297693e+02
  +6.14641775932720292985e+02
  +6.60894646643882992976e+02
  +7.07693649997980742228e+02
  +7.55161623943825020433e+02
  +8.03423610732573251880e+02
  +8.52608129083266589987e+02
  +9.02848524413234827080e+02
  +9.54284401144184016630e+02
  +1.00706315361425242827e+03
  +1.06134162036392649497e+03
  +1.11728789302751624746e+03
  +1.17508331714213227315e+03
  +1.23492472873455494664e+03
  +1.29702697816533509467e+03
  +1.36162580190579274131e+03
  +1.42898111420235886726e+03
  +1.49938080450057987036e+03
  +1.57314514372095959516e+03
  +1.65063192380103805590e+03
  +1.73224248133076139311e+03
  +1.81842878881840920258e+03
  +1.90970183759992596606e+03
  +2.00664158639062043221e+03
  +2.10990881098495901824e+03
  +2.22025926581323665232e+03
  +2.33856065904832894375e+03
  +2.46581305113642520155e+03
  +2.60317341154932591962e+03
  +2.75198520555872028126e+03
  +2.91381401849563690121e+03
  +3.09049032852003392691e+03
  +3.28416054608320428088e+03
  +3.49734722087099225973e+03
  +3.73301862661597760962e+03
  +3.99466629749243520564e+03
  +4.28638561750301687425e+03
  +4.61294760806332487846e+03
  +4.97983662168210594245e+03
  +5.39320345054238441662e+03
  +5.85963762409264199960e+03
  +6.38558350879415957024e+03
  +6.97609875158584145538e+03
  +7.63248524426980566204e+03
  +8.34819522093335581303e+03
  +9.10263059160546617932e+03
  +9.85371399135690626281e+03
  +1.05332665408885532088e+04
  +1.10533459607046679594e+04
  +1.13306225362219556700e+04
  +1.13217346965172073396e+04
  +1.10445923581981496682e+04
  +1.05668584870008580765e+04
  +9.97298929523658625840e+03
  +9.33584833756527223159e+03
  +8.70524776498506071221e+03
  +8.10935564405880450067e+03
  +7.56088718716879066051e+03
  +7.06316250544552713109e+03
  +6.61446153486516686826e+03
  +6.21072249090013156092e+03
  +5.84706407995419795043e+03
  +5.51857901842915634916e+03
  +5.22070952973665862373e+03
  +4.94939562618440231745e+03
  +4.70110599748977438139e+03
  +4.47281218584689395357e+03
  +4.26193851695602006657e+03
  +4.06630458492596471842e+03
  +3.88406858083661973069e+03
  +3.71367522876442353663e+03
  +3.55380974119976463044e+03
  +3.40335802371546742506e+03
  +3.26137279690033074075e+03
  +3.12704506478939038061e+03
  +2.99968028456415186156e+03
  +2.87867859851706998597e+03
  +2.76351853281905687254e+03
  +2.65374362643241920523e+03
  +2.54895151657311362214e+03
  +2.44878506907660812431e+03
  +2.35292520031005460623e+03
  +2.26108509074885478185e+03
  +2.17300553855838370509e+03
  +2.08845124443357417476e+03
  +2.00720785672647684805e+03
  +1.92907963886149013888e+03
  +1.85388764964114830036e+03
  +1.78146835179707341013e+03
  +1.71167258561267522055e+03
  +1.64436486323680560417e+03
  +1.57942295603829438733e+03
  +1.51673776263809395459e+03
  +1.45621345970713377937e+03
  +1.39776795181554120973e+03
  +1.34133365109090163969e+03
  +1.28685863261162739946e+03
  +1.23430822754312384859e+03
  +1.18366713285242258280e+03
  +1.13494213315156457611e+03
  +1.08816554475639418342e+03
  +1.04339950033387094663e+03
  +1.00074118728979237858e+03
  +9.60329122329496158272e+02
  +9.22350470039832998737e+02
  +8.87049269350307781679e+02
  +8.54735187925883906246e+02
  +8.25792055407789121091e+02
  +8.00684935065957688494e+02
  +7.79963954962001935201e+02
  +7.64262738845959006539e+02
  +7.54289423997794415300e+02
  +7.50809395898777211187e+02
  +7.54621304118871762512e+02
  +7.66531326123629469294e+02
  +7.87333763086438466416e+02
  +8.17807069885241276097e+02
  +8.58732151110080508261e+02
  +9.10934774380493195167e+02
  +9.75348391741868795179e+02
  +1.05308946071899163144e+03
  +1.14553441225434812623e+03
  +1.25438285322855654158e+03
  +1.38167977785377956934e+03
  +1.52974132974590429512e+03
  +1.70086931806772167874e+03
  +1.89662935003947791301e+03
  +2.11630001886739773909e+03
  +2.35397321253929067097e+03
  +2.59415149132000260579e+03
  +2.80763670265092332556e+03
  +2.95357529840129291188e+03
  +2.99461503008432418937e+03
  +2.91951952880536055090e+03
  +2.75099405641900420960e+03
  +2.52939848903573192729e+03
  +2.29125718405507814168e+03
  +2.05976658305405726423e+03
  +1.84601158123085588159e+03
  +1.65345758877279104127e+03
  +1.48169813836265871032e+03
  +1.32871137746098202115e+03
  +1.19201269519405195751e+03
  +1.06917478402313304287e+03
  +9.58027303185454570666e+02
  +8.56707355435084991768e+02
  +7.63646550213728119161e+02
  +6.77535192075683312396e+02
  +5.97281706390913882387e+02
  +5.21974748450730317018e+02
  +4.50850578157160896353e+02
  +3.83266238756949576327e+02
  +3.18678482060086821548e+02
  +2.56628876476681966778e+02
  +1.96738232526608101125e+02
  +1.38726046511556631913e+02
  +8.25575445061781323375e+01
  +3.02995154518735922977e+01
  +3.44164722087641408166e+01
  +8.57971389379220852334e+01
  +1.38900040822468696433e+02
  +1.92132055609620550740e+02
  +2.45441556578422165558e+02
  +2.98943651934718957364e+02
  +3.52790986414251506176e+02
  +4.07148423144851449251e+02
  +4.62186892241775808543e+02
  +5.18082315757502215092e+02
  +5.75016187999454473356e+02
  +6.33176764625057444391e+02
  +6.92760479799287963942e+02
  +7.53973423440933970596e+02
  +8.17032777278686808131e+02
</dep>
<dep Zin_norm frequency>
  +4.06501135118631484744e+00
  +4.99478299220530352898e+00
  +5.91846572788807989696e+00
  +6.83508779911125774476e+00
  +7.74591515170971778304e+00
  +8.65303421267191730237e+00
  +9.55882307997283930945e+00
  +1.04657439422993956413e+01
  +1.13762645547406258117e+01
  +1.22928355186544067124e+01
  +1.32178929328776604279e+01
  +1.41538729999596153419e+01
  +1.51032324788765013324e+01
  +1.60684722146514644692e+01
  +1.70521625816653319418e+01
  +1.80569704882646959732e+01
  +1.90856880228836800484e+01
  +2.01412630722850494180e+01
  +2.12268324072785290468e+01
  +2.23457578605503250913e+01
  +2.35016663428426433313e+01
  +2.46984945746911002118e+01
  +2.59405395633067001881e+01
  +2.72325160381158539735e+01
  +2.85796222840471756399e+01
  +2.99876160900115955599e+01
  +3.14629028744191927558e+01
  +3.30126384760207614022e+01
  +3.46448496266152261569e+01
  +3.63685757763681820620e+01
  +3.81940367519985173317e+01
  +4.01328317278124089285e+01
  +4.21981762196991780911e+01
  +4.44051853162647347517e+01
  +4.67712131809665763171e+01
  +4.93162610227285043152e+01
  +5.20634682309865155503e+01
  +5.50397041111744016462e+01
  +5.82762803699127402979e+01
  +6.18098065704006813803e+01
  +6.56832109216640844807e+01
  +6.99469444174198429209e+01
  +7.46603725323195561714e+01
  +7.98933259498487018391e+01
  +8.57277123500603295270e+01
  +9.22589521612664924533e+01
  +9.95967324336421171438e+01
  +1.07864069010847686059e+02
  +1.17192752481852835444e+02
  +1.27711670175883199363e+02
  +1.39521975031716834792e+02
  +1.52649704885396118925e+02
  +1.66963904418667112850e+02
  +1.82052611832109334955e+02
  +1.97074279827138127530e+02
  +2.10665330817771064176e+02
  +2.21066919214093360324e+02
  +2.26612450724439099758e+02
  +2.26434693930344138835e+02
  +2.20891847163963007006e+02
  +2.11337169740017174036e+02
  +1.99459785904731717210e+02
  +1.86716966751305449179e+02
  +1.74104955299701202875e+02
  +1.62187112881176091150e+02
  +1.51217743743375820031e+02
  +1.41263250108910540348e+02
  +1.32289230697303338502e+02
  +1.24214449818002634629e+02
  +1.16941281599083950482e+02
  +1.10371580368583124709e+02
  +1.04414190594733170769e+02
  +9.89879125236880383909e+01
  +9.40221199497954813751e+01
  +8.94562437169378767976e+01
  +8.52387703391203928049e+01
  +8.13260916985192920947e+01
  +7.76813716167323917716e+01
  +7.42735045752884701642e+01
  +7.10761948239952943140e+01
  +6.80671604743093467960e+01
  +6.52274559380066136782e+01
  +6.25409012957878118755e+01
  +5.99936056912830366628e+01
  +5.75735719703413977300e+01
  +5.52703706563811394403e+01
  +5.30748725286483846730e+01
  +5.09790303314622690323e+01
  +4.89757013815321613492e+01
  +4.70585040062010904194e+01
  +4.52217018149770950686e+01
  +4.34601107711676704071e+01
  +4.17690248886714812215e+01
  +4.01441571345295358242e+01
  +3.85815927772298010723e+01
  +3.70777529928229654388e+01
  +3.56293670359414704762e+01
  +3.42334517122535046951e+01
  +3.28872972647361123677e+01
  +3.15884591207658864676e+01
  +3.03347552527618802287e+01
  +2.91242691941426734559e+01
  +2.79553590363108241945e+01
  +2.68266730218180313727e+01
  +2.57371726522325481312e+01
  +2.46861645508624789613e+01
  +2.36733426570484510876e+01
  +2.26988426630312893906e+01
  +2.17633108951278835264e+01
  +2.08679900066774202116e+01
  +2.00148237457958479979e+01
  +1.92065824465899233076e+01
  +1.84470094007966594063e+01
  +1.77409853870061553494e+01
  +1.70947037585176779828e+01
  +1.65158411081557829903e+01
  +1.60136987013191536278e+01
  +1.55992790992400376382e+01
  +1.52852547769191797755e+01
  +1.50857884799558874533e+01
  +1.50161879179755430869e+01
  +1.50924260823774361029e+01
  +1.53306265224725901675e+01
  +1.57466752617287699678e+01
  +1.63561413977048246693e+01
  +1.71746430222016108758e+01
  +1.82186954876098639033e+01
  +1.95069678348373756194e+01
  +2.10617892143798322024e+01
  +2.29106882450869626666e+01
  +2.50876570645711289842e+01
  +2.76335955570755906763e+01
  +3.05948265949180857604e+01
  +3.40173863613544327222e+01
  +3.79325870007895602498e+01
  +4.23260003773479525080e+01
  +4.70794642507858114300e+01
  +5.18830298264000546737e+01
  +5.61527340530184702061e+01
  +5.90715059680258605113e+01
  +5.98923006016864860612e+01
  +5.83903905761072152814e+01
  +5.50198811283800850447e+01
  +5.05879697807146371247e+01
  +4.58251436811015651074e+01
  +4.11953316610811413057e+01
  +3.69202316246171164948e+01
  +3.30691517754558219622e+01
  +2.96339627672531733538e+01
  +2.65742275492196391440e+01
  +2.38402539038810381555e+01
  +2.13834956804626621363e+01
  +1.91605460637090914133e+01
  +1.71341471087017005459e+01
  +1.52729310042745627385e+01
  +1.35507038415136662479e+01
  +1.19456341278182787136e+01
  +1.04394949690146070509e+01
  +9.01701156314321750074e+00
  +7.66532477513899124233e+00
  +6.37356964120173596910e+00
  +5.13257752953363954873e+00
  +3.93476465053216228895e+00
  +2.77452093023113244286e+00
  +1.65115089012356253129e+00
  +6.05990309037471863718e-01
  +6.88329444175282856300e-01
  +1.71594277875844181125e+00
  +2.77800081644937391090e+00
  +3.84264111219241089046e+00
  +4.90883113156844341773e+00
  +5.97887303869437936044e+00
  +7.05581972828503012352e+00
  +8.14296846289702891397e+00
  +9.24373784483551652613e+00
  +1.03616463151500433071e+01
  +1.15003237599890901777e+01
  +1.26635352925011499536e+01
  +1.38552095959857588525e+01
  +1.50794684688186801935e+01
  +1.63406555455737354521e+01
</dep>
<dep S[2,2] frequency>
  -9.58820834170116431672e-01+j1.54347414660637616279e-01
  -9.56009667167318499814e-01+j1.91337731780885311750e-01
  -9.51482858814825527283e-01+j2.27442075915829794441e-01
  -9.45367464121382505837e-01+j2.62729360695234503975e-01
  -9.37762078030308754428e-01+j2.97260956598531189687e-01
  -9.28742134206185010470e-01+j3.31090390810011958589e-01
  -9.18364045607253265402e-01+j3.64263321221874325495e-01
  -9.06668459750754274218e-01+j3.96817644471022301644e-01
  -8.93682836406077707458e-01+j4.28783651363386142386e-01
  -8.79423506561487378086e-01+j4.60184176507050235472e-01
  -8.63897335035268110204e-01+j4.91034709919480227835e-01
  -8.47103082000526530493e-01+j5.21343451467801699550e-01
  -8.29032538645233740837e-01+j5.51111297187412363385e-01
  -8.09671497455024424816e-01+j5.80331751676469553836e-01
  -7.89000606891716471658e-01+j6.08990764088708114166e-01
  -7.66996152584170198807e-01+j6.37066487541050885390e-01
  -7.43630801834406329753e-01+j6.64528963555013452158e-01
  -7.18874344729447112279e-01+j6.91339734848580245163e-01
  -6.92694463018649231323e-01+j7.17451391681628081187e-01
  -6.65057556824869000600e-01+j7.42807059276314407548e-01
  -6.35929658905777128730e-01+j7.67339836800256858140e-01
  -6.05277466279614317912e-01+j7.90972202217892661480e-01
  -5.73069519270845151304e-01+j8.13615402179438729213e-01
  -5.39277558064751971756e-01+j8.35168852208991840946e-01
  -5.03878086263686797430e-01+j8.55519579930818174773e-01
  -4.66854169196780743878e-01+j8.74541753040750546866e-01
  -4.28197491218256065526e-01+j8.92096344206397162679e-01
  -3.87910690183043360690e-01+j9.08030996940698553743e-01
  -3.46009977834106641215e-01+j9.22180169402229243936e-01
  -3.02528041003434944312e-01+j9.34365646395690641057e-01
  -2.57517199318403722241e-01+j9.44397522538883094079e-01
  -2.11052769605385992513e-01+j9.52075770084658712378e-01
  -1.63236554752775292476e-01+j9.57192511097490705829e-01
  -1.14200335328023039327e-01+j9.59535112805137702097e-01
  -6.41091965051960310795e-02+j9.58890213600528285021e-01
  -1.31644728941847262427e-02+j9.55048761575714388883e-01
  +3.83939565878710226121e-02+j9.47812103837270769624e-01
  +9.02863368257021819963e-02+j9.36999100038022780801e-01
  +1.42193012560686976586e-01+j9.22454146010391440313e-01
  +1.93756066268251508911e-01+j9.04055884313758606474e-01
  +2.44582946795340622215e-01+j8.81726253148231275958e-01
  +2.94252348685760167779e-01+j8.55439393750313081810e-01
  +3.42322481786115961899e-01+j8.25229814882937007248e-01
  +3.88341697650575135015e-01+j7.91199121978175989867e-01
  +4.31861220735094086809e-01+j7.53520581078108042661e-01
  +4.72449486350332015228e-01+j7.12440825807643896006e-01
  +5.09707342547528141630e-01+j6.68278144505493609806e-01
  +5.43283166362079517064e-01+j6.21417007537265253525e-01
  +5.72886815376470570627e-01+j5.72298798502044681058e-01
  +5.98301317019714340439e-01+j5.21409066552431021968e-01
  +6.19391309775750298350e-01+j4.69261974596706432639e-01
  +6.36107490859155300100e-01+j4.16382926565477262670e-01
  +6.48486668685886114005e-01+j3.63290566223051003547e-01
  +6.56647419968438894600e-01+j3.10479414503029738093e-01
  +6.60781753018761297547e-01+j2.58404339080675449214e-01
  +6.61143523384260745068e-01+j2.07467841723993462466e-01
  +6.58034589646563583543e-01+j1.58010841417183828250e-01
  +6.51789810802275604296e-01+j1.10307274079971484593e-01
  +6.42761970305658403291e-01+j6.45624758332061787769e-02
  +6.31307584679962285890e-01+j2.09150117589966474951e-02
  +6.17774349832439617636e-01-j2.05586131383327097577e-02
  +6.02490734648007508767e-01-j5.98370562233738606528e-02
  +5.85757985537687653199e-01-j9.69457902121510506355e-02
  +5.67844585874019869287e-01-j1.31948010970291101929e-01
  +5.48983038575288739835e-01-j1.64935417006075307755e-01
  +5.29368715935688016749e-01-j1.96019359088402400637e-01
  +5.09160447022691586838e-01-j2.25322729010852179643e-01
  +4.88482482711481202919e-01-j2.52972831725096103384e-01
  +4.67427481909938713489e-01-j2.79095375096443443219e-01
  +4.46060189341993096335e-01-j3.03809621667125384636e-01
  +4.24421515958720130257e-01-j3.27224678411912883735e-01
  +4.02532780001510936962e-01-j3.49436852217287652334e-01
  +3.80399914391153337601e-01-j3.70527967858036766380e-01
  +3.58017490852798991874e-01-j3.90564528117060827395e-01
  +3.35372451012220851307e-01-j4.09597588951015889602e-01
  +3.12447468812656503623e-01-j4.27663223203530618033e-01
  +2.89223897000360219423e-01-j4.44783451841485877321e-01
  +2.65684273569776863155e-01-j4.60967530173935269300e-01
  +2.41814382615184869652e-01-j4.76213486688626175258e-01
  +2.17604878714195287825e-01-j4.90509823130777233846e-01
  +1.93052495417773445352e-01-j5.03837295704733900692e-01
  +1.68160867182061746217e-01-j5.16170708475484740774e-01
  +1.42941000571619958315e-01-j5.27480660992414751576e-01
  +1.17411435110896744671e-01-j5.37735202730830086360e-01
  +9.15981370001051065088e-02-j5.46901357052315906238e-01
  +6.55341702329850228637e-02-j5.54946486931075400051e-01
  +3.92591896217133196068e-02-j5.61839483582056931077e-01
  +1.28187990083059033530e-02-j5.67551767256046058030e-01
  -1.37361843100194391809e-02-j5.72058096739213484128e-01
  -4.03505210111466117162e-02-j5.75337190425581845865e-01
  -6.69653628528627531402e-02-j5.77372167160887128645e-01
  -9.35190574717599254484e-02-j5.78150819355978673464e-01
  -1.19947919348873999201e-01-j5.77665734143677944701e-01
  -1.46186945929647815756e-01-j5.75914280646550480469e-01
  -1.72170462290648584869e-01-j5.72898482808400610899e-01
  -1.97832681892229411691e-01-j5.68624797821481675619e-01
  -2.23108174726281249800e-01-j5.63103820075660399525e-01
  -2.47932237473363792368e-01-j5.56349929900075812483e-01
  -2.72241163066596236764e-01-j5.48380905301770416038e-01
  -2.95972409292068139308e-01-j5.39217513568630346654e-01
  -3.19064667733197249166e-01-j5.28883098128365536361e-01
  -3.41457835506123796865e-01-j5.17403174565845724864e-01
  -3.63092892867004746194e-01-j5.04805048310559500990e-01
  -3.83911689943326250862e-01-j4.91117465318084644998e-01
  -4.03856645600505159699e-01-j4.76370306178898972327e-01
  -4.22870360856860083576e-01-j4.60594333584982362773e-01
  -4.40895148361634847678e-01-j4.43821003059923890888e-01
  -4.57872478312247588317e-01-j4.26082347408805239830e-01
  -4.73742339872633144715e-01-j4.07410946580956723206e-01
  -4.88442515738858940022e-01-j3.87839996696780042740e-01
  -5.01907766072844596650e-01-j3.67403495038076288726e-01
  -5.14068916713032342258e-01-j3.46136562055756824563e-01
  -5.24851845546538631204e-01-j3.24075927188180346050e-01
  -5.34176360446211306865e-01-j3.01260612864597820959e-01
  -5.41954962620280866759e-01-j2.77732860946805715230e-01
  -5.48091491166519784173e-01-j2.53539358608321774291e-01
  -5.52479648931855193972e-01-j2.28732836964320118689e-01
  -5.55001417749279579716e-01-j2.03374136476657002559e-01
  -5.55525384693143831072e-01-j1.77534859197933408970e-01
  -5.53905023032617904732e-01-j1.51300760233387759923e-01
  -5.49977006294361303596e-01-j1.24776070153201440460e-01
  -5.43559687415607228900e-01-j9.80889866625445916437e-02
  -5.34451956198162214662e-01-j7.13986264731427122676e-02
  -5.22432809571194201048e-01-j4.49037831428875378048e-02
  -5.07262147497926751960e-01-j1.88538846677154536824e-02
  -4.88683564882697929477e-01+j6.43743233838633965860e-03
  -4.66430273396860217705e-01+j3.05757508525796029009e-02
  -4.40235784727287249307e-01+j5.30660774552668412785e-02
  -4.09851637277927116632e-01+j7.32899686655041210370e-02
  -3.75075238253039011660e-01+j9.04804761761233145023e-02
  -3.35791729013244888424e-01+j1.03697167059735306793e-01
  -2.92034405268093766317e-01+j1.11805748083944792026e-01
  -2.44068076702991687554e-01+j1.13470325722266687785e-01
  -1.92497802791587124815e-01+j1.07171200376390940434e-01
  -1.38400070916918305208e-01+j9.12668409708526640056e-02
  -8.34626657944826932933e-02+j6.41234308664573038339e-02
  -3.01018020051922463587e-02+j2.43348329209569502751e-02
  +1.84977745577873942118e-02-j2.89571403534266691437e-02
  +5.84934049145503787148e-02-j9.56655962104283053016e-02
  +8.57170134925293314421e-02-j1.74363447074607547105e-01
  +9.62528036376809614794e-02-j2.62030467616861051372e-01
  +8.71814700285465649099e-02-j3.54108458844909212981e-01
  +5.72895499606971836393e-02-j4.44970762442579825802e-01
  +7.47965624722303490390e-03-j5.28756269469427664376e-01
  -5.93099672398830213282e-02-j6.00335949970447702029e-01
  -1.38671095727848969759e-01-j6.56094469941797986401e-01
  -2.25566370719311459769e-01-j6.94291564432557239961e-01
  -3.15153029370045023594e-01-j7.14962923761507940235e-01
  -4.03367794169239235469e-01-j7.19497500542071177776e-01
  -4.87197796171574271096e-01-j7.10096113203757206556e-01
  -5.64686370292072803423e-01-j6.89278691684375721671e-01
  -6.34777145723886548900e-01-j6.59525048637535027396e-01
  -6.97095031791215902217e-01-j6.23061741343568953333e-01
  -7.51730608286477863800e-01-j5.81767435104376007260e-01
  -7.99060837257042355652e-01-j5.37157537576843480132e-01
  -8.39615273183212718067e-01-j4.90413317857642583331e-01
  -8.73984146406892148384e-01-j4.42430680968461387259e-01
  -9.02759753680516308094e-01-j3.93873396206205428349e-01
  -9.26502042272318360183e-01-j3.45222763115055841787e-01
  -9.45720637065375013819e-01-j2.96820306577679438043e-01
  -9.60867428807850143535e-01-j2.48902710916042824163e-01
  -9.72335570013356242924e-01-j2.01629508980112392980e-01
  -9.80462095708519942860e-01-j1.55104572261309081593e-01
  -9.85532384998124122433e-01-j1.09392562426187972546e-01
  -9.87785368320344581150e-01-j6.45314215278765673789e-02
  -9.87418841861819385208e-01-j2.05418190550449228371e-02
  -9.84594543621571616221e-01+j2.25656989727246320987e-02
  -9.79442828223075601102e-01+j6.47852722688893045699e-02
  -9.72066888003161544418e-01+j1.06111547479183485065e-01
  -9.62546532406860722020e-01+j1.46536414421529065377e-01
  -9.50941573747605350952e-01+j1.86046399063021450360e-01
  -9.37294886274838146001e-01+j2.24620521607482748205e-01
  -9.21635214399255886519e-01+j2.62228479951243542700e-01
  -9.03979809278602330913e-01+j2.98829059564642396385e-01
  -8.84336973369667433964e-01+j3.34368703713163850644e-01
  -8.62708591407186919930e-01+j3.68780205425707940936e-01
  -8.39092724161107250680e-01+j4.01981506830360213467e-01
  -8.13486338243855522379e-01+j4.33874614062852159702e-01
  -7.85888240724132769444e-01+j4.64344658176925384474e-01
  -7.56302280498644785567e-01+j4.93259155240197810777e-01
  -7.24740868073433630592e-01+j5.20467542562441876086e-01
</dep>
<dep S[2,1] frequency>
  -3.69819604189004225159e-02-j2.29434515120263443633e-01
  -4.23759651238446860555e-02-j2.11442138487468539454e-01
  -4.65100043357341008665e-02-j1.94296678340006856445e-01
  -4.95195956505060097541e-02-j1.77924384369905985714e-01
  -5.15122030199911887238e-02-j1.62258561608935342191e-01
  -5.25725347999553491163e-02-j1.47239833426752397827e-01
  -5.27666823544721899641e-02-j1.32816128142136391510e-01
  -5.21453719451359029580e-02-j1.18942529240958147496e-01
  -5.07465374335884650270e-02-j1.05581075726587134134e-01
  -4.85973724082518834799e-02-j9.27005656626746360471e-02
  -4.57159838412702565491e-02-j8.02763950274017201725e-02
  -4.21127422484722235829e-02-j6.82904509102812001808e-02
  -3.77914032436880500954e-02-j5.67310699039731552995e-02
  -3.27500606086518694648e-02-j4.55930674022987092453e-02
  -2.69819802465372897415e-02-j3.48778402048317490158e-02
  -2.04763566897084026142e-02-j2.45935425528009503349e-02
  -1.32190284745688051149e-02-j1.47553339412724530272e-02
  -5.19318513751352260621e-03-j5.38569538330711285179e-03
  +3.61990359389098093415e-03+j3.48519105009133332157e-03
  +1.32401069832302226842e-02+j1.18190068670701517450e-02
  +2.36875718153716254000e-02+j1.95688163383027254050e-02
  +3.49817512058330851166e-02+j2.66785543543041417380e-02
  +4.71402944357156433730e-02+j3.30825018784434363162e-02
  +6.01777685811876808519e-02+j3.87047739279901062415e-02
  +7.41041833579757780459e-02+j4.34588523979979116096e-02
  +8.89232923952295584158e-02+j4.72472049010959349591e-02
  +1.04630647718526634260e-01+j4.99610411471111751092e-02
  +1.21211390310989555741e-01+j5.14802701036211340924e-02
  +1.38637769109773711929e-01+j5.16737339245595325710e-02
  +1.56866394649895629643e-01+j5.03998077705009248084e-02
  +1.75835252784568379925e-01+j4.75074671319281119364e-02
  +1.95460529398381210875e-01+j4.28379345609521330895e-02
  +2.15633329422345254578e-01+j3.62270236770035961027e-02
  +2.36216412860106750315e-01+j2.75082971584838312240e-02
  +2.57041116169349270759e-01+j1.65171437903456445884e-02
  +2.77904677160661750523e-01+j3.09585372695474030091e-03
  +2.98568231828545083140e-01-j1.29002728379918919777e-02
  +3.18755796434847971099e-01-j3.15958135656152772075e-02
  +3.38154579781002495587e-01-j5.30872263064033067526e-02
  +3.56416979113767296017e-01-j7.74341931789479104298e-02
  +3.73164587679307047097e-01-j1.04650659399534468053e-01
  +3.87994472345705498917e-01-j1.34696051523645138337e-01
  +4.00487858690922515770e-01-j1.67467281539432660820e-01
  +4.10221187082354610265e-01-j2.02792234521475878140e-01
  +4.16779283838346781277e-01-j2.40425475095202512144e-01
  +4.19770144520757615414e-01-j2.80046869891266536623e-01
  +4.18840580486184221876e-01-j3.21263694151911249897e-01
  +4.13691771851206091526e-01-j3.63616567453365124862e-01
  +4.04093639263657322669e-01-j4.06589259310445372275e-01
  +3.89896926975684732231e-01-j4.49622051163663993822e-01
  +3.71042000103708857761e-01-j4.92127982661436258471e-01
  +3.47563598013706898104e-01-j5.33511000382931532826e-01
  +3.19591128300094340364e-01-j5.73184816154776899388e-01
  +2.87344486253440223322e-01-j6.10591205562544647734e-01
  +2.51125785639280285633e-01-j6.45216548108030973907e-01
  +2.11307730666643128759e-01-j6.76605615865394360853e-01
  +1.68319600684354975240e-01-j7.04371921949982549016e-01
  +1.22631933232361461927e-01-j7.28204293935380220226e-01
  +7.47409758797595857871e-02-j7.47869687704128205397e-01
  +2.51538519864626594624e-02-j7.63212558638681426437e-01
  -2.56248165618431882062e-02-j7.74151328810070094022e-01
  -7.71043266221081574630e-02-j7.80672617756672071465e-01
  -1.28817089552973440547e-01-j7.82823943675986844148e-01
  -1.80325558495625093425e-01-j7.80705566467711942202e-01
  -2.31227009964601798453e-01-j7.74462055661167769749e-01
  -2.81156420234372372846e-01-j7.64274047774106457531e-01
  -3.29787743985144488068e-01-j7.50350529514840047796e-01
  -3.76833926075358538466e-01-j7.32921861168066568482e-01
  -4.22045967259898013868e-01-j7.12233648791151585655e-01
  -4.65211331943663153332e-01-j6.88541489763985214978e-01
  -5.06151940472700956342e-01-j6.62106555047090927779e-01
  -5.44721938021143214925e-01-j6.33191931691003850879e-01
  -5.80805382715300577701e-01-j6.02059627552994802713e-01
  -6.14313951107531064366e-01-j5.68968132956300998160e-01
  -6.45184721623414003666e-01-j5.34170437264092634599e-01
  -6.73378066990489076993e-01-j4.97912408484358415262e-01
  -6.98875664818449870985e-01-j4.60431458087412648350e-01
  -7.21678620744410359578e-01-j4.21955428850874836311e-01
  -7.41805689850978500210e-01-j3.82701659006766836679e-01
  -7.59291578233525221719e-01-j3.42876190054754836911e-01
  -7.74185306448593624218e-01-j3.02673097585427541834e-01
  -7.86548619003676119377e-01-j2.62273933957058835720e-01
  -7.96454428062780994679e-01-j2.21847278601628589145e-01
  -8.03985284307885184063e-01-j1.81548396224972014013e-01
  -8.09231872746328573243e-01-j1.41519005481070603292e-01
  -8.12291535684548371421e-01-j1.01887161203698145551e-01
  -8.13266828752495785082e-01-j6.27672523774615020997e-02
  -8.12264118554732239552e-01-j2.42601161419116126416e-02
  -8.09392232159799718261e-01+j1.35467343563619741637e-02
  -8.04761169234871842626e-01+j5.05787731637849791166e-02
  -7.98480887280741402634e-01+j8.67740233257504461895e-02
  -7.90660169268082912986e-01+j1.22082527212665006844e-01
  -7.81405581196575327318e-01+j1.56465737182368946900e-01
  -7.70820524881615232182e-01+j1.89895839738486893467e-01
  -7.59004388802462348629e-01+j2.22355027085362366712e-01
  -7.46051797286791829045e-01+j2.53834730123456697726e-01
  -7.32051955800151143983e-01+j2.84334826515576344352e-01
  -7.17088087764497505994e-01+j3.13862836550000079416e-01
  -7.01236956225538499154e-01+j3.42433118211448506152e-01
  -6.84568461870434297190e-01+j3.70066071229133042308e-01
  -6.67145307384227947978e-01+j3.96787357982767319164e-01
  -6.49022716919697928439e-01+j4.22627147080777032517e-01
  -6.30248198517638802407e-01+j4.47619383233151035828e-01
  -6.10861336615634908931e-01+j4.71801084756385269436e-01
  -5.90893601278328017834e-01+j4.95211667679676448284e-01
  -5.70368160423208925280e-01+j5.17892292954174271458e-01
  -5.49299681057597299905e-01+j5.39885230657782488883e-01
  -5.27694105346679709356e-01+j5.61233232263364967274e-01
  -5.05548387174160951396e-01+j5.81978898891993390308e-01
  -4.82850174731680958917e-01+j6.02164029859157401425e-01
  -4.59577424605436213323e-01+j6.21828931550162722353e-01
  -4.35697932886405570052e-01+j6.41011661485513584147e-01
  -4.11168769145329238146e-01+j6.59747176045181960014e-01
  -3.85935599907944848486e-01+j6.78066342319542325612e-01
  -3.59931889899021972834e-01+j6.95994764452458003490e-01
  -3.33077972355122153836e-01+j7.13551362034218983332e-01
  -3.05279984992300967850e-01+j7.30746621856013578444e-01
  -2.76428677050513771363e-01+j7.47580423795351611815e-01
  -2.46398107158998763699e-01+j7.64039315806097962813e-01
  -2.15044274452237005324e-01+j7.80093080969036178907e-01
  -1.82203760643833645450e-01+j7.95690400536659292463e-01
  -1.47692514790264128877e-01+j8.10753370682176344175e-01
  -1.11304994077138036390e-01+j8.25170578384073039047e-01
  -7.28139955553254031306e-02+j8.38788387410090208185e-01
  -3.19716923139128708642e-02+j8.51400037691846023336e-01
  +1.14873547254639041953e-02+j8.62732138659330627384e-01
  +5.78400745183291140061e-02+j8.72428173228110837023e-01
  +1.07364020563673417952e-01+j8.80028783857193297457e-01
  +1.60319479398999514830e-01+j8.84948985468072435445e-01
  +2.16921479872054290272e-01+j8.86453200313928157961e-01
  +2.77297794171038058941e-01+j8.83630369601988929773e-01
  +3.41428397936674843383e-01+j8.75373669936033049765e-01
  +4.09062003773269122764e-01+j8.60372865269622422169e-01
  +4.79607230361019321041e-01+j8.37132192144972364645e-01
  +5.52001340045464083950e-01+j8.04032423774436288966e-01
  +6.24570294961239391718e-01+j7.59460503426148458850e-01
  +6.94911558986841648711e-01+j7.02029594561311753864e-01
  +7.59853938887123270263e-01+j6.30899433381149510325e-01
  +8.15568152446961569524e-01+j5.46173538894032972735e-01
  +8.57899281465445251449e-01+j4.49294403947055442927e-01
  +8.82944429686885801090e-01+j3.43296511442028884353e-01
  +8.87796902934935738827e-01+j2.32751240344310217356e-01
  +8.71255532848317582051e-01+j1.23297418242161935242e-01
  +8.34234886442685619201e-01+j2.08073763686626826697e-02
  +7.79684802047556635429e-01-j6.95795194139241651721e-02
  +7.12024722844283974865e-01-j1.44238428042484601033e-01
  +6.36302836292414575325e-01-j2.01420351786649742820e-01
  +5.57372333903518479836e-01-j2.41152970766200208663e-01
  +4.79306512937926032514e-01-j2.64817901035063862913e-01
  +4.05127846482886022628e-01-j2.74609251802794163133e-01
  +3.36802183137583199812e-01-j2.73040827345247483215e-01
  +2.75394653007647760568e-01-j2.62586856823425029983e-01
  +2.21288679483732847464e-01-j2.45468817071312184197e-01
  +1.74401587563802029646e-01-j2.23560759005632797569e-01
  +1.34363891582486488785e-01-j1.98373906985114450974e-01
  +1.00653085252650917325e-01-j1.71085744806399042695e-01
  +7.26855590229850689887e-02-j1.42588758861944692180e-01
  +4.98752107601895602884e-02-j1.13543636803135658542e-01
  +3.16678632113155528183e-02-j8.44289053468791073076e-02
  +1.75592387126205437542e-02-j5.55835986072665683144e-02
  +7.10237290235572402142e-03-j2.72421667300427987335e-02
  -9.13791366615411809055e-05+j4.37859301503522205072e-04
  -4.35496156799404943866e-03+j2.73544007590922622075e-02
  -5.97007735449127125565e-03+j5.34444018687326022343e-02
  -5.17239359636533987952e-03+j7.86713609603247460145e-02
  -2.15685416815665324808e-03+j1.03015904006244163327e-01
  +2.91724581853282588853e-03+j1.26468655436246885104e-01
  +9.92158659499169440221e-03+j1.49024819728398261187e-01
  +1.87546038022432179360e-02+j1.70680021444187562940e-01
  +2.93377099933740774496e-02+j1.91427059903806540131e-01
  +4.16119094941197684157e-02+j2.11253320287272283728e-01
  +5.55347396660503395127e-02+j2.30138649623196911431e-01
  +7.10774627126277008804e-02+j2.48053558010474406448e-01
  +8.82224288196167688580e-02+j2.64957646217609643635e-01
  +1.06960531022484678365e-01+j2.80798193660783457215e-01
  +1.27288673342235564290e-01+j2.95508868255589918217e-01
  +1.49207175844286499267e-01+j3.09008543850835648570e-01
  +1.72717043358841887413e-01+j3.21200233538513735265e-01
  +1.97817029120533810493e-01+j3.31970169359313338475e-01
  +2.24500431394659916151e-01+j3.41187081678942127905e-01
  +2.52751571461784896311e-01+j3.48701755275658498157e-01
</dep>
<dep S[1,2] frequency>
  -3.69819604189027748009e-02-j2.29434515120261445231e-01
  -4.23759651238453799449e-02-j2.11442138487468400676e-01
  -4.65100043357352666007e-02-j1.94296678340006578889e-01
  -4.95195956505069326270e-02-j1.77924384369907345738e-01
  -5.15122030199905225900e-02-j1.62258561608936396903e-01
  -5.25725347999555850387e-02-j1.47239833426753063961e-01
  -5.27666823544729532425e-02-j1.32816128142137862556e-01
  -5.21453719451359098969e-02-j1.18942529240958119741e-01
  -5.07465374335881944101e-02-j1.05581075726587203523e-01
  -4.85973724082515295963e-02-j9.27005656626747887028e-02
  -4.57159838412702843047e-02-j8.02763950274017201725e-02
  -4.21127422484721750107e-02-j6.82904509102812140586e-02
  -3.77914032436879529508e-02-j5.67310699039732385662e-02
  -3.27500606086513351700e-02-j4.55930674022979529059e-02
  -2.69819802465374458667e-02-j3.48778402048316241157e-02
  -2.04763566897083020002e-02-j2.45935425528009884988e-02
  -1.32190284745693203278e-02-j1.47553339412732978375e-02
  -5.19318513751355730068e-03-j5.38569538330709810664e-03
  +3.61990359389060623388e-03+j3.48519105009157921862e-03
  +1.32401069832300440077e-02+j1.18190068670703460341e-02
  +2.36875718153715282555e-02+j1.95688163383027358133e-02
  +3.49817512058331683833e-02+j2.66785543543039717351e-02
  +4.71402944357157890898e-02+j3.30825018784432350882e-02
  +6.01777685811880000410e-02+j3.87047739279898078690e-02
  +7.41041833579759307016e-02+j4.34588523979975577261e-02
  +8.89232923952295445380e-02+j4.72472049010961570037e-02
  +1.04630647718526662016e-01+j4.99610411471113000093e-02
  +1.21211390310988639807e-01+j5.14802701036205997975e-02
  +1.38637769109774794396e-01+j5.16737339245603166660e-02
  +1.56866394649895907198e-01+j5.03998077705002031634e-02
  +1.75835252784566159479e-01+j4.75074671319281327531e-02
  +1.95460529398381016586e-01+j4.28379345609523412564e-02
  +2.15633329422345337845e-01+j3.62270236770038944751e-02
  +2.36216412860106750315e-01+j2.75082971584836716294e-02
  +2.57041116169350603027e-01+j1.65171437903456654051e-02
  +2.77904677160661639501e-01+j3.09585372695524380440e-03
  +2.98568231828544694562e-01-j1.29002728379929432201e-02
  +3.18755796434846361276e-01-j3.15958135656157351745e-02
  +3.38154579781002606609e-01-j5.30872263064039034974e-02
  +3.56416979113767851128e-01-j7.74341931789466475511e-02
  +3.73164587679305270740e-01-j1.04650659399534315397e-01
  +3.87994472345704777272e-01-j1.34696051523644111381e-01
  +4.00487858690922238214e-01-j1.67467281539434187376e-01
  +4.10221187082354887821e-01-j2.02792234521476516518e-01
  +4.16779283838345504520e-01-j2.40425475095201485187e-01
  +4.19770144520756782747e-01-j2.80046869891266536623e-01
  +4.18840580486184443920e-01-j3.21263694151910639274e-01
  +4.13691771851206091526e-01-j3.63616567453365124862e-01
  +4.04093639263657655736e-01-j4.06589259310445094719e-01
  +3.89896926975684343653e-01-j4.49622051163663938311e-01
  +3.71042000103707414471e-01-j4.92127982661438201362e-01
  +3.47563598013705565837e-01-j5.33511000382930755670e-01
  +3.19591128300093618719e-01-j5.73184816154775789165e-01
  +2.87344486253439390655e-01-j6.10591205562546646135e-01
  +2.51125785639280785233e-01-j6.45216548108031529019e-01
  +2.11307730666642101802e-01-j6.76605615865393361652e-01
  +1.68319600684353309905e-01-j7.04371921949983881284e-01
  +1.22631933232362821951e-01-j7.28204293935381885561e-01
  +7.47409758797590861867e-02-j7.47869687704129426642e-01
  +2.51538519864639605050e-02-j7.63212558638679872125e-01
  -2.56248165618437051538e-02-j7.74151328810070982200e-01
  -7.71043266221068113175e-02-j7.80672617756672404532e-01
  -1.28817089552975189148e-01-j7.82823943675985733925e-01
  -1.80325558495624205246e-01-j7.80705566467711498113e-01
  -2.31227009964602187031e-01-j7.74462055661167658727e-01
  -2.81156420234372539380e-01-j7.64274047774106790598e-01
  -3.29787743985144432557e-01-j7.50350529514840713929e-01
  -3.76833926075357428243e-01-j7.32921861168067234615e-01
  -4.22045967259898957558e-01-j7.12233648791152806901e-01
  -4.65211331943664152533e-01-j6.88541489763985881112e-01
  -5.06151940472702177587e-01-j6.62106555047091149824e-01
  -5.44721938021143770037e-01-j6.33191931691003406790e-01
  -5.80805382715300688723e-01-j6.02059627552995468847e-01
  -6.14313951107530398232e-01-j5.68968132956301886338e-01
  -6.45184721623415224911e-01-j5.34170437264090525176e-01
  -6.73378066990489743127e-01-j4.97912408484359247929e-01
  -6.98875664818449870985e-01-j4.60431458087412148750e-01
  -7.21678620744410803667e-01-j4.21955428850874891822e-01
  -7.41805689850978722255e-01-j3.82701659006767780369e-01
  -7.59291578233524666608e-01-j3.42876190054754559355e-01
  -7.74185306448592958084e-01-j3.02673097585427652856e-01
  -7.86548619003675009154e-01-j2.62273933957058946742e-01
  -7.96454428062781216724e-01-j2.21847278601628755679e-01
  -8.03985284307885850197e-01-j1.81548396224971736457e-01
  -8.09231872746328573243e-01-j1.41519005481070242469e-01
  -8.12291535684548038354e-01-j1.01887161203698742296e-01
  -8.13266828752495785082e-01-j6.27672523774605861657e-02
  -8.12264118554732905686e-01-j2.42601161419130940955e-02
  -8.09392232159799940305e-01+j1.35467343563626298891e-02
  -8.04761169234871509559e-01+j5.05787731637838827714e-02
  -7.98480887280741180589e-01+j8.67740233257509041565e-02
  -7.90660169268082468896e-01+j1.22082527212665367666e-01
  -7.81405581196576104475e-01+j1.56465737182368613833e-01
  -7.70820524881615343205e-01+j1.89895839738486144066e-01
  -7.59004388802462237607e-01+j2.22355027085363532446e-01
  -7.46051797286791940067e-01+j2.53834730123456253637e-01
  -7.32051955800151588072e-01+j2.84334826515575789241e-01
  -7.17088087764497617016e-01+j3.13862836550000023905e-01
  -7.01236956225537944043e-01+j3.42433118211449782908e-01
  -6.84568461870434297190e-01+j3.70066071229132431686e-01
  -6.67145307384228614112e-01+j3.96787357982766097919e-01
  -6.49022716919698261506e-01+j4.22627147080777532118e-01
  -6.30248198517638580363e-01+j4.47619383233150702761e-01
  -6.10861336615634020752e-01+j4.71801084756386324148e-01
  -5.90893601278328239879e-01+j4.95211667679676226239e-01
  -5.70368160423208148124e-01+j5.17892292954174826569e-01
  -5.49299681057597966038e-01+j5.39885230657781378660e-01
  -5.27694105346680153446e-01+j5.61233232263364301140e-01
  -5.05548387174159952195e-01+j5.81978898891993834397e-01
  -4.82850174731680903406e-01+j6.02164029859157512448e-01
  -4.59577424605436435368e-01+j6.21828931550162500308e-01
  -4.35697932886405681074e-01+j6.41011661485513473124e-01
  -4.11168769145329182635e-01+j6.59747176045182071036e-01
  -3.85935599907946069731e-01+j6.78066342319541881523e-01
  -3.59931889899021695278e-01+j6.95994764452457559401e-01
  -3.33077972355122209347e-01+j7.13551362034219094355e-01
  -3.05279984992301578473e-01+j7.30746621856013245377e-01
  -2.76428677050514659541e-01+j7.47580423795351389771e-01
  -2.46398107158998153077e-01+j7.64039315806097851791e-01
  -2.15044274452236755524e-01+j7.80093080969036178907e-01
  -1.82203760643833728716e-01+j7.95690400536659403485e-01
  -1.47692514790264850522e-01+j8.10753370682176233153e-01
  -1.11304994077138938446e-01+j8.25170578384073261091e-01
  -7.28139955553263606980e-02+j8.38788387410090319207e-01
  -3.19716923139129055587e-02+j8.51400037691846134358e-01
  +1.14873547254635034742e-02+j8.62732138659330627384e-01
  +5.78400745183285658335e-02+j8.72428173228110948045e-01
  +1.07364020563674875119e-01+j8.80028783857192631324e-01
  +1.60319479398999653608e-01+j8.84948985468072546468e-01
  +2.16921479872053735161e-01+j8.86453200313928824094e-01
  +2.77297794171038169964e-01+j8.83630369601988929773e-01
  +3.41428397936675398494e-01+j8.75373669936033160788e-01
  +4.09062003773269511342e-01+j8.60372865269622200124e-01
  +4.79607230361019654108e-01+j8.37132192144972031578e-01
  +5.52001340045463972928e-01+j8.04032423774435955899e-01
  +6.24570294961239946829e-01+j7.59460503426148236805e-01
  +6.94911558986842203822e-01+j7.02029594561311642842e-01
  +7.59853938887123492307e-01+j6.30899433381149288280e-01
  +8.15568152446962235658e-01+j5.46173538894032861712e-01
  +8.57899281465445362471e-01+j4.49294403947054832305e-01
  +8.82944429686885690067e-01+j3.43296511442028440264e-01
  +8.87796902934935516782e-01+j2.32751240344311355335e-01
  +8.71255532848317582051e-01+j1.23297418242161574420e-01
  +8.34234886442685619201e-01+j2.08073763686628214475e-02
  +7.79684802047556302362e-01-j6.95795194139236933273e-02
  +7.12024722844282864642e-01-j1.44238428042484628788e-01
  +6.36302836292414242259e-01-j2.01420351786650103643e-01
  +5.57372333903518257792e-01-j2.41152970766200291930e-01
  +4.79306512937925865980e-01-j2.64817901035064140469e-01
  +4.05127846482885634050e-01-j2.74609251802794385178e-01
  +3.36802183137583033279e-01-j2.73040827345247816282e-01
  +2.75394653007647316478e-01-j2.62586856823425085494e-01
  +2.21288679483732986242e-01-j2.45468817071312128686e-01
  +1.74401587563801890868e-01-j2.23560759005633186147e-01
  +1.34363891582486738585e-01-j1.98373906985114561996e-01
  +1.00653085252651083858e-01-j1.71085744806399486784e-01
  +7.26855590229851661332e-02-j1.42588758861944608913e-01
  +4.98752107601895949829e-02-j1.13543636803135852831e-01
  +3.16678632113152336292e-02-j8.44289053468790934298e-02
  +1.75592387126204396708e-02-j5.55835986072666723978e-02
  +7.10237290235540569966e-03-j2.72421667300426391389e-02
  -9.13791366612864205000e-05+j4.37859301503618915906e-04
  -4.35496156799408933730e-03+j2.73544007590922205742e-02
  -5.97007735449092431096e-03+j5.34444018687325120287e-02
  -5.17239359636557753663e-03+j7.86713609603247460145e-02
  -2.15685416815655263412e-03+j1.03015904006244177205e-01
  +2.91724581853286882294e-03+j1.26468655436246940615e-01
  +9.92158659499191124265e-03+j1.49024819728398261187e-01
  +1.87546038022435683501e-02+j1.70680021444187507429e-01
  +2.93377099933739698967e-02+j1.91427059903806651153e-01
  +4.16119094941197614768e-02+j2.11253320287272394751e-01
  +5.55347396660500897125e-02+j2.30138649623196744898e-01
  +7.10774627126276731248e-02+j2.48053558010474517470e-01
  +8.82224288196163802800e-02+j2.64957646217609477102e-01
  +1.06960531022484664487e-01+j2.80798193660783457215e-01
  +1.27288673342236119401e-01+j2.95508868255590251284e-01
  +1.49207175844286221711e-01+j3.09008543850835593059e-01
  +1.72717043358841748635e-01+j3.21200233538513735265e-01
  +1.97817029120533754982e-01+j3.31970169359313560520e-01
  +2.24500431394659666351e-01+j3.41187081678942016882e-01
  +2.52751571461784563244e-01+j3.48701755275657943045e-01
</dep>
<dep S[1,1] frequency>
  -9.58820834170117430872e-01+j1.54347414660637727302e-01
  -9.56009667167319054926e-01+j1.91337731780885367261e-01
  -9.51482858814827081595e-01+j2.27442075915830266286e-01
  -9.45367464121383394016e-01+j2.62729360695233338241e-01
  -9.37762078030307533183e-01+j2.97260956598534797912e-01
  -9.28742134206186453760e-01+j3.31090390810010015699e-01
  -9.18364045607254153580e-01+j3.64263321221872826694e-01
  -9.06668459750754496262e-01+j3.96817644471022246133e-01
  -8.93682836406076486213e-01+j4.28783651363387474653e-01
  -8.79423506561487600131e-01+j4.60184176507049569338e-01
  -8.63897335035268110204e-01+j4.91034709919480116813e-01
  -8.47103082000526530493e-01+j5.21343451467801699550e-01
  -8.29032538645233629815e-01+j5.51111297187412141341e-01
  -8.09671497455024202772e-01+j5.80331751676469442813e-01
  -7.89000606891716360636e-01+j6.08990764088708003143e-01
  -7.66996152584170753919e-01+j6.37066487541051218457e-01
  -7.43630801834406329753e-01+j6.64528963555013341136e-01
  -7.18874344729446446145e-01+j6.91339734848580911297e-01
  -6.92694463018649342345e-01+j7.17451391681627859143e-01
  -6.65057556824869444689e-01+j7.42807059276314851637e-01
  -6.35929658905777572819e-01+j7.67339836800256969163e-01
  -6.05277466279614539957e-01+j7.90972202217892661480e-01
  -5.73069519270844929260e-01+j8.13615402179438618191e-01
  -5.39277558064751749711e-01+j8.35168852208990952768e-01
  -5.03878086263686464363e-01+j8.55519579930817730684e-01
  -4.66854169196781798590e-01+j8.74541753040749991754e-01
  -4.28197491218256010015e-01+j8.92096344206397273702e-01
  -3.87910690183044137846e-01+j9.08030996940697776587e-01
  -3.46009977834105475480e-01+j9.22180169402230243136e-01
  -3.02528041003434666756e-01+j9.34365646395689752879e-01
  -2.57517199318401834862e-01+j9.44397522538882983056e-01
  -2.11052769605387019469e-01+j9.52075770084658934422e-01
  -1.63236554752775209209e-01+j9.57192511097491371963e-01
  -1.14200335328022983816e-01+j9.59535112805137480052e-01
  -6.41091965051946710563e-02+j9.58890213600528507065e-01
  -1.31644728941845978731e-02+j9.55048761575714388883e-01
  +3.83939565878708144453e-02+j9.47812103837269326334e-01
  +9.02863368257021403629e-02+j9.36999100038022780801e-01
  +1.42193012560686227186e-01+j9.22454146010390774180e-01
  +1.93756066268251980755e-01+j9.04055884313760382831e-01
  +2.44582946795339262192e-01+j8.81726253148231053913e-01
  +2.94252348685760278801e-01+j8.55439393750313969988e-01
  +3.42322481786115795366e-01+j8.25229814882935897025e-01
  +3.88341697650575246037e-01+j7.91199121978175323733e-01
  +4.31861220735093920275e-01+j7.53520581078109041862e-01
  +4.72449486350330183360e-01+j7.12440825807644451118e-01
  +5.09707342547527808563e-01+j6.68278144505493720828e-01
  +5.43283166362079628087e-01+j6.21417007537265808637e-01
  +5.72886815376471458805e-01+j5.72298798502046013326e-01
  +5.98301317019713785328e-01+j5.21409066552430799923e-01
  +6.19391309775748633015e-01+j4.69261974596704212193e-01
  +6.36107490859156410323e-01+j4.16382926565476596537e-01
  +6.48486668685886114005e-01+j3.63290566223051558659e-01
  +6.56647419968437562332e-01+j3.10479414503028627870e-01
  +6.60781753018761852658e-01+j2.58404339080675060636e-01
  +6.61143523384260634046e-01+j2.07467841723992157954e-01
  +6.58034589646562695364e-01+j1.58010841417183245383e-01
  +6.51789810802276159407e-01+j1.10307274079970957237e-01
  +6.42761970305659846581e-01+j6.45624758332068171551e-02
  +6.31307584679963951224e-01+j2.09150117589974871013e-02
  +6.17774349832439173547e-01-j2.05586131383334036471e-02
  +6.02490734648008174901e-01-j5.98370562233733332969e-02
  +5.85757985537685987865e-01-j9.69457902121498293901e-02
  +5.67844585874020202354e-01-j1.31948010970290824373e-01
  +5.48983038575288739835e-01-j1.64935417006075724089e-01
  +5.29368715935688127772e-01-j1.96019359088402150837e-01
  +5.09160447022691919905e-01-j2.25322729010852262910e-01
  +4.88482482711482424165e-01-j2.52972831725098379341e-01
  +4.67427481909937658777e-01-j2.79095375096444775487e-01
  +4.46060189341993484913e-01-j3.03809621667125773214e-01
  +4.24421515958718409411e-01-j3.27224678411912051068e-01
  +4.02532780001511270029e-01-j3.49436852217287152733e-01
  +3.80399914391153393112e-01-j3.70527967858037821092e-01
  +3.58017490852799602497e-01-j3.90564528117061660062e-01
  +3.35372451012219907618e-01-j4.09597588951013447112e-01
  +3.12447468812658113446e-01-j4.27663223203532172345e-01
  +2.89223897000360274934e-01-j4.44783451841485266698e-01
  +2.65684273569777473778e-01-j4.60967530173935324811e-01
  +2.41814382615184286784e-01-j4.76213486688627118948e-01
  +2.17604878714195315581e-01-j4.90509823130776401179e-01
  +1.93052495417774139241e-01-j5.03837295704734011714e-01
  +1.68160867182061912750e-01-j5.16170708475485628952e-01
  +1.42941000571619236670e-01-j5.27480660992414529531e-01
  +1.17411435110896245071e-01-j5.37735202730829864315e-01
  +9.15981370001049954865e-02-j5.46901357052315573171e-01
  +6.55341702329851893971e-02-j5.54946486931076510274e-01
  +3.92591896217132085845e-02-j5.61839483582055820854e-01
  +1.28187990083055702861e-02-j5.67551767256047723365e-01
  -1.37361843100193281586e-02-j5.72058096739212706972e-01
  -4.03505210111458345601e-02-j5.75337190425582289954e-01
  -6.69653628528634192740e-02-j5.77372167160886906601e-01
  -9.35190574717593703369e-02-j5.78150819355978118352e-01
  -1.19947919348874498802e-01-j5.77665734143678388790e-01
  -1.46186945929647760245e-01-j5.75914280646551590692e-01
  -1.72170462290648862425e-01-j5.72898482808400277833e-01
  -1.97832681892229411691e-01-j5.68624797821481786642e-01
  -2.23108174726281971445e-01-j5.63103820075661509748e-01
  -2.47932237473363847879e-01-j5.56349929900075812483e-01
  -2.72241163066595515119e-01-j5.48380905301769194793e-01
  -2.95972409292068583397e-01-j5.39217513568630901766e-01
  -3.19064667733198248367e-01-j5.28883098128366757606e-01
  -3.41457835506124240954e-01-j5.17403174565845280775e-01
  -3.63092892867004746194e-01-j5.04805048310558945879e-01
  -3.83911689943325251662e-01-j4.91117465318083645798e-01
  -4.03856645600505770322e-01-j4.76370306178899194371e-01
  -4.22870360856859084375e-01-j4.60594333584981807661e-01
  -4.40895148361635624834e-01-j4.43821003059924223955e-01
  -4.57872478312248087917e-01-j4.26082347408805794942e-01
  -4.73742339872631923470e-01-j4.07410946580955890539e-01
  -4.88442515738858884511e-01-j3.87839996696780042740e-01
  -5.01907766072844707672e-01-j3.67403495038076566281e-01
  -5.14068916713032453281e-01-j3.46136562055756880074e-01
  -5.24851845546538631204e-01-j3.24075927188180012983e-01
  -5.34176360446212639133e-01-j3.01260612864597987492e-01
  -5.41954962620280422669e-01-j2.77732860946805493185e-01
  -5.48091491166519562128e-01-j2.53539358608321718780e-01
  -5.52479648931855638061e-01-j2.28732836964320257467e-01
  -5.55001417749280023806e-01-j2.03374136476657446648e-01
  -5.55525384693143164938e-01-j1.77534859197933464481e-01
  -5.53905023032617460643e-01-j1.51300760233387482367e-01
  -5.49977006294361414618e-01-j1.24776070153201412705e-01
  -5.43559687415608339123e-01-j9.80889866625444528658e-02
  -5.34451956198163435907e-01-j7.13986264731424347119e-02
  -5.22432809571195200249e-01-j4.49037831428877598494e-02
  -5.07262147497926862982e-01-j1.88538846677152316378e-02
  -4.88683564882698040499e-01+j6.43743233838639516975e-03
  -4.66430273396860495261e-01+j3.05757508525795751453e-02
  -4.40235784727285472950e-01+j5.30660774552663416781e-02
  -4.09851637277927116632e-01+j7.32899686655046067596e-02
  -3.75075238253039233705e-01+j9.04804761761237030804e-02
  -3.35791729013244555357e-01+j1.03697167059735223527e-01
  -2.92034405268093100183e-01+j1.11805748083944528348e-01
  -2.44068076702991021421e-01+j1.13470325722266437984e-01
  -1.92497802791586958282e-01+j1.07171200376390649001e-01
  -1.38400070916918110919e-01+j9.12668409708520533830e-02
  -8.34626657944822769597e-02+j6.41234308664569985226e-02
  -3.01018020051919688029e-02+j2.43348329209563674080e-02
  +1.84977745577882268790e-02-j2.89571403534265303659e-02
  +5.84934049145503509592e-02-j9.56655962104278889679e-02
  +8.57170134925296367534e-02-j1.74363447074607935683e-01
  +9.62528036376817941466e-02-j2.62030467616861051372e-01
  +8.71814700285462595986e-02-j3.54108458844907880714e-01
  +5.72895499606968783279e-02-j4.44970762442580602958e-01
  +7.47965624722296551496e-03-j5.28756269469427664376e-01
  -5.93099672398833821507e-02-j6.00335949970447702029e-01
  -1.38671095727848414647e-01-j6.56094469941798541512e-01
  -2.25566370719311598547e-01-j6.94291564432557239961e-01
  -3.15153029370044968083e-01-j7.14962923761507940235e-01
  -4.03367794169239513025e-01-j7.19497500542071732887e-01
  -4.87197796171574104562e-01-j7.10096113203757206556e-01
  -5.64686370292072581378e-01-j6.89278691684375610649e-01
  -6.34777145723886548900e-01-j6.59525048637534583307e-01
  -6.97095031791215458128e-01-j6.23061741343568620266e-01
  -7.51730608286478529934e-01-j5.81767435104376562371e-01
  -7.99060837257042022586e-01-j5.37157537576843480132e-01
  -8.39615273183212496022e-01-j4.90413317857642749864e-01
  -8.73984146406892148384e-01-j4.42430680968460998681e-01
  -9.02759753680516308094e-01-j3.93873396206205317327e-01
  -9.26502042272318360183e-01-j3.45222763115056174854e-01
  -9.45720637065375013819e-01-j2.96820306577679715598e-01
  -9.60867428807850587624e-01-j2.48902710916043046208e-01
  -9.72335570013356131902e-01-j2.01629508980112448491e-01
  -9.80462095708519720816e-01-j1.55104572261308859549e-01
  -9.85532384998123567321e-01-j1.09392562426187917035e-01
  -9.87785368320344359105e-01-j6.45314215278767200346e-02
  -9.87418841861819385208e-01-j2.05418190550449020204e-02
  -9.84594543621571727243e-01+j2.25656989727248125099e-02
  -9.79442828223075268035e-01+j6.47852722688891657921e-02
  -9.72066888003160989307e-01+j1.06111547479183609966e-01
  -9.62546532406860499975e-01+j1.46536414421529065377e-01
  -9.50941573747605350952e-01+j1.86046399063021589138e-01
  -9.37294886274838368045e-01+j2.24620521607482803716e-01
  -9.21635214399255886519e-01+j2.62228479951243320656e-01
  -9.03979809278602663980e-01+j2.98829059564642007807e-01
  -8.84336973369667322942e-01+j3.34368703713163628599e-01
  -8.62708591407186364819e-01+j3.68780205425707774403e-01
  -8.39092724161108138858e-01+j4.01981506830360157956e-01
  -8.13486338243855966468e-01+j4.33874614062852492768e-01
  -7.85888240724132880466e-01+j4.64344658176925606519e-01
  -7.56302280498644563522e-01+j4.93259155240197977310e-01
  -7.24740868073433741614e-01+j5.20467542562441431997e-01
</dep>
