<Qucs Dataset 1.0.7>
<indep frequency 181>
  +1.00000000000000000000e+09
  +1.05000000000000000000e+09
  +1.10000000000000000000e+09
  +1.15000000000000000000e+09
  +1.20000000000000000000e+09
  +1.25000000000000000000e+09
  +1.30000000000000000000e+09
  +1.35000000000000000000e+09
  +1.40000000000000000000e+09
  +1.45000000000000000000e+09
  +1.50000000000000000000e+09
  +1.55000000000000000000e+09
  +1.60000000000000000000e+09
  +1.65000000000000000000e+09
  +1.70000000000000000000e+09
  +1.75000000000000000000e+09
  +1.80000000000000000000e+09
  +1.85000000000000000000e+09
  +1.90000000000000000000e+09
  +1.95000000000000000000e+09
  +2.00000000000000000000e+09
  +2.05000000000000000000e+09
  +2.10000000000000000000e+09
  +2.15000000000000000000e+09
  +2.20000000000000000000e+09
  +2.25000000000000000000e+09
  +2.30000000000000000000e+09
  +2.35000000000000000000e+09
  +2.40000000000000000000e+09
  +2.45000000000000000000e+09
  +2.50000000000000000000e+09
  +2.55000000000000000000e+09
  +2.60000000000000000000e+09
  +2.65000000000000000000e+09
  +2.70000000000000000000e+09
  +2.75000000000000000000e+09
  +2.80000000000000000000e+09
  +2.85000000000000000000e+09
  +2.90000000000000000000e+09
  +2.95000000000000000000e+09
  +3.00000000000000000000e+09
  +3.05000000000000000000e+09
  +3.10000000000000000000e+09
  +3.15000000000000000000e+09
  +3.20000000000000000000e+09
  +3.25000000000000000000e+09
  +3.30000000000000000000e+09
  +3.35000000000000000000e+09
  +3.40000000000000000000e+09
  +3.45000000000000000000e+09
  +3.50000000000000000000e+09
  +3.55000000000000000000e+09
  +3.60000000000000000000e+09
  +3.65000000000000000000e+09
  +3.70000000000000000000e+09
  +3.75000000000000000000e+09
  +3.80000000000000000000e+09
  +3.85000000000000000000e+09
  +3.90000000000000000000e+09
  +3.95000000000000000000e+09
  +4.00000000000000000000e+09
  +4.05000000000000000000e+09
  +4.10000000000000000000e+09
  +4.15000000000000000000e+09
  +4.20000000000000000000e+09
  +4.25000000000000000000e+09
  +4.30000000000000000000e+09
  +4.35000000000000000000e+09
  +4.40000000000000000000e+09
  +4.45000000000000000000e+09
  +4.50000000000000000000e+09
  +4.55000000000000000000e+09
  +4.60000000000000000000e+09
  +4.65000000000000000000e+09
  +4.70000000000000000000e+09
  +4.75000000000000000000e+09
  +4.80000000000000000000e+09
  +4.85000000000000000000e+09
  +4.90000000000000000000e+09
  +4.95000000000000000000e+09
  +5.00000000000000000000e+09
  +5.05000000000000000000e+09
  +5.10000000000000000000e+09
  +5.15000000000000000000e+09
  +5.20000000000000000000e+09
  +5.25000000000000000000e+09
  +5.30000000000000000000e+09
  +5.35000000000000000000e+09
  +5.40000000000000000000e+09
  +5.45000000000000000000e+09
  +5.50000000000000000000e+09
  +5.55000000000000000000e+09
  +5.60000000000000000000e+09
  +5.65000000000000000000e+09
  +5.70000000000000000000e+09
  +5.75000000000000000000e+09
  +5.80000000000000000000e+09
  +5.85000000000000000000e+09
  +5.90000000000000000000e+09
  +5.95000000000000000000e+09
  +6.00000000000000000000e+09
  +6.05000000000000000000e+09
  +6.10000000000000000000e+09
  +6.15000000000000000000e+09
  +6.20000000000000000000e+09
  +6.25000000000000000000e+09
  +6.30000000000000000000e+09
  +6.35000000000000000000e+09
  +6.40000000000000000000e+09
  +6.45000000000000000000e+09
  +6.50000000000000000000e+09
  +6.55000000000000000000e+09
  +6.60000000000000000000e+09
  +6.65000000000000000000e+09
  +6.70000000000000000000e+09
  +6.75000000000000000000e+09
  +6.80000000000000000000e+09
  +6.85000000000000000000e+09
  +6.90000000000000000000e+09
  +6.95000000000000000000e+09
  +7.00000000000000000000e+09
  +7.05000000000000000000e+09
  +7.10000000000000000000e+09
  +7.15000000000000000000e+09
  +7.20000000000000000000e+09
  +7.25000000000000000000e+09
  +7.30000000000000000000e+09
  +7.35000000000000000000e+09
  +7.40000000000000000000e+09
  +7.45000000000000000000e+09
  +7.50000000000000000000e+09
  +7.55000000000000000000e+09
  +7.60000000000000000000e+09
  +7.65000000000000000000e+09
  +7.70000000000000000000e+09
  +7.75000000000000000000e+09
  +7.80000000000000000000e+09
  +7.85000000000000000000e+09
  +7.90000000000000000000e+09
  +7.95000000000000000000e+09
  +8.00000000000000000000e+09
  +8.05000000000000000000e+09
  +8.10000000000000000000e+09
  +8.15000000000000000000e+09
  +8.20000000000000000000e+09
  +8.25000000000000000000e+09
  +8.30000000000000000000e+09
  +8.35000000000000000000e+09
  +8.40000000000000000000e+09
  +8.45000000000000000000e+09
  +8.50000000000000000000e+09
  +8.55000000000000000000e+09
  +8.60000000000000000000e+09
  +8.65000000000000000000e+09
  +8.70000000000000000000e+09
  +8.75000000000000000000e+09
  +8.80000000000000000000e+09
  +8.85000000000000000000e+09
  +8.90000000000000000000e+09
  +8.95000000000000000000e+09
  +9.00000000000000000000e+09
  +9.05000000000000000000e+09
  +9.10000000000000000000e+09
  +9.15000000000000000000e+09
  +9.20000000000000000000e+09
  +9.25000000000000000000e+09
  +9.30000000000000000000e+09
  +9.35000000000000000000e+09
  +9.40000000000000000000e+09
  +9.45000000000000000000e+09
  +9.50000000000000000000e+09
  +9.55000000000000000000e+09
  +9.60000000000000000000e+09
  +9.65000000000000000000e+09
  +9.70000000000000000000e+09
  +9.75000000000000000000e+09
  +9.80000000000000000000e+09
  +9.85000000000000000000e+09
  +9.90000000000000000000e+09
  +9.95000000000000000000e+09
  +1.00000000000000000000e+10
</indep>
<dep S21_phase frequency>
  -8.62177552834001517112e+01
  -8.84830192960755397280e+01
  -9.06709152293402382838e+01
  -9.27900060844344096722e+01
  -9.48478515591437627563e+01
  -9.68511414374606829369e+01
  -9.88058113538416193933e+01
  -1.00717142800172837269e+02
  -1.02589849283815908620e+02
  -1.04428150450582791109e+02
  -1.06235835826810301796e+02
  -1.08016319650672471653e+02
  -1.09772688077530418127e+02
  -1.11507739869540486666e+02
  -1.13224021521678622548e+02
  -1.14923857636675862182e+02
  -1.16609377239936790716e+02
  -1.18282536621130034860e+02
  -1.19945139200014395442e+02
  -1.21598852838399494658e+02
  -1.23245224956058251564e+02
  -1.24885695754288178705e+02
  -1.26521609805101817869e+02
  -1.28154226225480442736e+02
  -1.29784727623558183041e+02
  -1.31414227976094736050e+02
  -1.33043779573341993228e+02
  -1.34674379147699255554e+02
  -1.36306973285844918564e+02
  -1.37942463209826371440e+02
  -1.39581709000507288465e+02
  -1.41225533326463931871e+02
  -1.42874724732596348531e+02
  -1.44530040535198253338e+02
  -1.46192209363739038963e+02
  -1.47861933384059739183e+02
  -1.49539890232889717936e+02
  -1.51226734689470987405e+02
  -1.52923100106504620044e+02
  -1.54629599619565397006e+02
  -1.56346827151473291906e+02
  -1.58075358225817069524e+02
  -1.59815750601859946300e+02
  -1.61568544741365428763e+02
  -1.63334264116440692760e+02
  -1.65113415366297061837e+02
  -1.66906488309795975056e+02
  -1.68713955819855328855e+02
  -1.70536273565132148633e+02
  -1.72373879623928530691e+02
  -1.74227193974938444399e+02
  -1.76096617869308090576e+02
  -1.77982533088432973045e+02
  -1.79885301092067578566e+02
  +1.78194737938414107248e+02
  +1.76257266156372679689e+02
  +1.74301989200056993923e+02
  +1.72328637430100968686e+02
  +1.70336967247056520591e+02
  +1.68326762480724369198e+02
  +1.66297835842003479456e+02
  +1.64250030426798474537e+02
  +1.62183221260274819997e+02
  +1.60097316868396063683e+02
  +1.57992260862367288610e+02
  -2.41319664798951158957e+01
  -2.62753466525870500448e+01
  -2.84378213995817539228e+01
  -3.06192912508775023639e+01
  -3.28196141389043134495e+01
  -3.50386041168783251010e+01
  -3.72760302021141001205e+01
  -3.95316153677790467214e+01
  -4.18050357067818083578e+01
  -4.40959197913669740387e+01
  -4.64038482514111478849e+01
  -4.87283535934646891974e+01
  -5.10689202810805937816e+01
  -5.34249850950313245335e+01
  -5.57959377895439558870e+01
  -5.81811220576982961461e+01
  -6.05798368157344739870e+01
  -6.29913378121080711480e+01
  -6.54148395629082415326e+01
  -6.78495176107098387774e+01
  -7.02945110991639552367e+01
  -7.27489256507773802696e+01
  -7.52118365304915386105e+01
  -7.76822920729368036064e+01
  -8.01593173467921360498e+01
  -8.26419180255814183056e+01
  -8.51290844306702325639e+01
  -8.76197957092100949694e+01
  -9.01130241074933735490e+01
  -9.26077392986239260608e+01
  -9.51029127226356507663e+01
  -9.75975218972782130322e+01
  -1.00090554658529285348e+02
  -1.02581013291556431000e+02
  -1.05067918515202123331e+02
  -1.07550313286082626973e+02
  -1.10027266391944294810e+02
  -1.12497875807920806324e+02
  -1.14961271793662064056e+02
  -1.17416619713827302007e+02
  -1.19863122569070469581e+02
  -1.22300023229216449749e+02
  -1.24726606364803117799e+02
  -1.27142200077396921643e+02
  -1.29546177233025332498e+02
  -1.31937956506639949339e+02
  -1.34317003148698148607e+02
  -1.36682829487655709499e+02
  -1.39034995184449201133e+02
  -1.41373107256849152691e+02
  -1.43696819892938094654e+02
  -1.46005834073921050731e+02
  -1.48299897027022240081e+02
  -1.50578801529442273477e+02
  -1.52842385084225071523e+02
  -1.55090528988513881359e+02
  -1.57323157314065440460e+02
  -1.59540235819105049586e+02
  -1.61741770809671322695e+02
  -1.63927807967562614522e+02
  -1.66098431160902094916e+02
  -1.68253761252187501896e+02
  -1.70393954917555475959e+02
  -1.72519203489839782151e+02
  -1.74629731836919546595e+02
  -1.76725797285790832802e+02
  -1.78807688601812060369e+02
  +1.79124274968339591396e+02
  +1.77069744582303144398e+02
  +1.75028342609312630884e+02
  +1.72999663352837899311e+02
  +1.70983273682887272571e+02
  +1.68978713572766196194e+02
  +1.66985496535497247805e+02
  +1.65003109955436826795e+02
  +1.63031015310882736458e+02
  +1.61068648283646695063e+02
  +1.59115418751693511012e+02
  +1.57170710660997571040e+02
  +1.55233881772789914066e+02
  +1.53304263282325365481e+02
  +1.51381159305235286183e+02
  +1.49463846227439205450e+02
  +1.47551571914488789616e+02
  +1.45643554776111443516e+02
  +1.43738982681651691564e+02
  +1.41837011722062754870e+02
  +1.39936764814135187862e+02
  +1.38037330142769206986e+02
  +1.36137759437359363801e+02
  +1.34237066078788728873e+02
  +1.32334223034196838853e+02
  +1.30428160617649780306e+02
  +1.28517764076168617748e+02
  +1.26601871002399462895e+02
  +1.24679268577596886303e+02
  +1.22748690651742961677e+02
  +1.20808814671659376927e+02
  +1.18858258473129822619e+02
  +1.16895576959554716723e+02
  +1.14919258697819969939e+02
  +1.12927722472188321490e+02
  +1.10919313849548004214e+02
  +1.08892301824692395940e+02
  +1.06844875633001123560e+02
  +1.04775141840500381818e+02
  +1.02681121848430592536e+02
  +1.00560749981764445238e+02
  +9.84118723692707249029e+01
  +9.62322468672474116147e+01
  +9.40195443304144049534e+01
  +9.17713515918001689897e+01
  +8.94851765785278132626e+01
  +8.71584560612544692049e+01
  +8.47885666097514274497e+01
  +8.23728394024834074116e+01
</dep>
<dep S11_phase frequency>
  -1.76220386866461240061e+02
  -1.78484099603703185721e+02
  +1.79329573416495804850e+02
  +1.77212070511582965082e+02
  +1.75155832966814159590e+02
  +1.73154171701200965572e+02
  +1.71201151546294454420e+02
  +1.69291491272747521180e+02
  +1.67420477458514255886e+02
  +1.65583890386484142709e+02
  +1.63777940318596336056e+02
  +1.61999212677232748092e+02
  +1.60244620849781028937e+02
  +1.58511365506698666650e+02
  +1.56796899481330683557e+02
  +1.55098897399321430157e+02
  +1.53415229366803231414e+02
  +1.51743938130882696669e+02
  +1.50083219215024172399e+02
  +1.48431403607566608116e+02
  +1.46786942645665305918e+02
  +1.45148394791055721953e+02
  +1.43514414039729530259e+02
  +1.41883739746157431227e+02
  +1.40255187675248208734e+02
  +1.38627642122729128005e+02
  +1.37000048967893292229e+02
  +1.35371409542353603683e+02
  +1.33740775215158635092e+02
  +1.32107242608819490215e+02
  +1.30469949372888095240e+02
  +1.28828070452030914339e+02
  +1.27180814794364437148e+02
  +1.25527422453350780529e+02
  +1.23867162043037183139e+02
  +1.22199328511978478673e+02
  +1.20523241205979502411e+02
  +1.18838242193919853662e+02
  +1.17143694834492691825e+02
  +1.15438982564767229633e+02
  +1.13723507894144276520e+02
  +1.11996691589567518577e+02
  +1.10257972039829155619e+02
  +1.08506804788498882886e+02
  +1.06742662226451969332e+02
  +1.04965033436178444504e+02
  +1.03173424181078630113e+02
  +1.01367357033762885976e+02
  +9.95463716380229612923e+01
  +9.77100250996215606847e+01
  +9.58578925013708129654e+01
  +9.39895675381323485453e+01
  +9.21046632673951108927e+01
  +9.02028129709611761200e+01
  +8.82836711229894888220e+01
  +8.63469144592445871922e+01
  +8.43922431418360332600e+01
  +8.24193820130427639015e+01
  +8.04280819309982462073e+01
  +7.84181211790538981177e+01
  +7.63893069395710426761e+01
  +7.43414768217083263835e+01
  +7.22745004314961789760e+01
  +7.01882809711384396678e+01
  +6.80827568530643532085e+01
  +6.59579033128200507008e+01
  +6.38137340034372400055e+01
  +6.16503025525152494879e+01
  +5.94677040619143895128e+01
  +5.72660765287356454678e+01
  +5.50456021652167919456e+01
  +5.28065085943210945629e+01
  +5.05490698972252516796e+01
  +4.82736074886494463954e+01
  +4.59804907960707822667e+01
  +4.36701377193794400000e+01
  +4.13430148484934179010e+01
  +3.89996374178984410719e+01
  +3.66405689790202160339e+01
  +3.42664207737971153733e+01
  +3.18778507957840275822e+01
  +2.94755625285617277598e+01
  +2.70603033551149714242e+01
  +2.46328626361142148937e+01
  +2.21940694596242202863e+01
  +1.97447900695551012973e+01
  +1.72859249851100926776e+01
  +1.48184058283825645930e+01
  +1.23431918820681669757e+01
  +9.86126640379282903837e+00
  +7.37363272774367306539e+00
  +4.88131018796156013195e+00
  +2.38532990075249662354e+00
  -1.13269553929859878583e-01
  -2.61344651062966715216e+00
  -5.11416061371395258561e+00
  -7.61437718751212599955e+00
  -1.01130715396972767905e+01
  -1.26092331579247449724e+01
  -1.51018697620587776242e+01
  -1.75900111772964677925e+01
  -2.00727129970406465986e+01
  -2.25490600083683681021e+01
  -2.50181693572837033912e+01
  -2.74791934355012017477e+01
  -2.99313224751692530390e+01
  -3.23737868425885793044e+01
  -3.48058590265059564217e+01
  -3.72268553208785704101e+01
  -3.96361372060186809563e+01
  -4.20331124356881176141e+01
  -4.44172358409616236941e+01
  -4.67880098644867672419e+01
  -4.91449848411259750947e+01
  -5.14877590428566307423e+01
  -5.38159785072542504736e+01
  -5.61293366699026208266e+01
  -5.84275738216925191182e+01
  -6.07104764122303848239e+01
  -6.29778762205138136210e+01
  -6.52296494136844700051e+01
  -6.74657155140925937076e+01
  -6.96860362941356186184e+01
  -7.18906146174104065949e+01
  -7.40794932436866275793e+01
  -7.62527536141040371831e+01
  -7.84105146318407264516e+01
  -8.05529314523402604209e+01
  -8.26801942960237425950e+01
  -8.47925272952973472229e+01
  -8.68901873865797824692e+01
  -8.89734632570624199843e+01
  -9.10426743549715951076e+01
  -9.30981699712284012094e+01
  -9.51403283996256448063e+01
  -9.71695561819361870448e+01
  -9.91862874437630637203e+01
  -1.01190983326408456833e+02
  -1.03184131519605472249e+02
  -1.05166245899589355872e+02
  -1.07137866276705835844e+02
  -1.09099558256539850731e+02
  -1.11051913218400486016e+02
  -1.12995548414912505564e+02
  -1.14931107196427447548e+02
  -1.16859259363973293944e+02
  -1.18780701654502408360e+02
  -1.20696158362261371622e+02
  -1.22606382100169000182e+02
  -1.24512154705165997370e+02
  -1.26414288291524968599e+02
  -1.28313626456114064922e+02
  -1.30211045639522239981e+02
  -1.32107456646773272269e+02
  -1.34003806331028357590e+02
  -1.35901079443165485827e+02
  -1.37800300649358234750e+02
  -1.39702536717701008229e+02
  -1.41608898873455615330e+02
  -1.43520545320502122877e+02
  -1.45438683923980079271e+02
  -1.47364575045708733114e+02
  -1.49299534519626746487e+02
  -1.51244936748960412842e+02
  -1.53202217899846829141e+02
  -1.55172879157401752082e+02
  -1.57158489999356930866e+02
  -1.59160691428948297244e+02
  -1.61181199092230770020e+02
  -1.63221806184810418472e+02
  -1.65284386028473079477e+02
  -1.67370894168580747419e+02
  -1.69483369807580544375e+02
  -1.71623936347629836519e+02
  -1.73794800765248453445e+02
  -1.75998251482135856349e+02
  -1.78236654327953090160e+02
  +1.79487553887796224217e+02
  +1.77171874767218469060e+02
  +1.74813761352051983522e+02
  +1.72410635573641258134e+02
</dep>
<dep S21_dB frequency>
  -7.13037238196642242372e+00
  -7.48498665084492387223e+00
  -7.83035248595689736817e+00
  -8.16687718723594713310e+00
  -8.49499257490374226620e+00
  -8.81514368981502549616e+00
  -9.12778082212746610935e+00
  -9.43335401445889409899e+00
  -9.73230940174114422803e+00
  -1.00250869125799741965e+01
  -1.03121189788635163609e+01
  -1.05938299916158804592e+01
  -1.08706363093878817239e+01
  -1.11429466765951055152e+01
  -1.14111629475857316862e+01
  -1.16756810410933020705e+01
  -1.19368920715724406989e+01
  -1.21951836205584296380e+01
  -1.24509411240050233971e+01
  -1.27045493615723366077e+01
  -1.29563940418444012437e+01
  -1.32068634840517962203e+01
  -1.34563504025329230274e+01
  -1.37052538052680805691e+01
  -1.39539810226767215795e+01
  -1.42029498877628022058e+01
  -1.44525910938951103191e+01
  -1.47033507622727803721e+01
  -1.49556932577511485505e+01
  -1.52101042995040423023e+01
  -1.54670944223732416134e+01
  -1.57272028561889261056e+01
  -1.59910019044299911428e+01
  -1.62591019211393685850e+01
  -1.65321570070304417754e+01
  -1.68108715735890186238e+01
  -1.70960079595157132815e+01
  -1.73883953295560047536e+01
  -1.76889401449991936488e+01
  -1.79986385726136397523e+01
  -1.83185913010658509847e+01
  -1.86500213702651045367e+01
  -1.89942958029142552334e+01
  -1.93529520782348214425e+01
  -1.97277308340207611081e+01
  -2.01206166678063702591e+01
  -2.05338895965676790922e+01
  -2.09701907290113034321e+01
  -2.14326071670892446264e+01
  -2.19247833471441602171e+01
  -2.24510693947856907471e+01
  -2.30167223535450915506e+01
  -2.36281846870338654298e+01
  -2.42934786900480794714e+01
  -2.50227800419284633904e+01
  -2.58292780377567474659e+01
  -2.67305137928606093567e+01
  -2.77505554785200381218e+01
  -2.89237299512850434269e+01
  -3.03014738780876626834e+01
  -3.19660742170082272651e+01
  -3.40617569957039165729e+01
  -3.68786029490998004121e+01
  -4.11557663878329478280e+01
  -5.01740947929474572220e+01
  -5.15655939478757545658e+01
  -4.14450040958400904856e+01
  -3.68442438765507844778e+01
  -3.38153079095164414980e+01
  -3.15454364855944611179e+01
  -2.97246862421407200827e+01
  -2.82013619388091001383e+01
  -2.68898358373111534547e+01
  -2.57370283182579058234e+01
  -2.47077717353985484294e+01
  -2.37775751988387398228e+01
  -2.29287090191352689317e+01
  -2.21479336155898565153e+01
  -2.14251078628554054717e+01
  -2.07522973510062058722e+01
  -2.01231813626095998870e+01
  -1.95326459330017385696e+01
  -1.89764969951169000240e+01
  -1.84512534061359367854e+01
  -1.79539945340913931204e+01
  -1.74822459841641162370e+01
  -1.70338925407280044055e+01
  -1.66071108910132423375e+01
  -1.62003169677208518351e+01
  -1.58121242594710036400e+01
  -1.54413104640936929002e+01
  -1.50867905689602217478e+01
  -1.47475949407936965940e+01
  -1.44228513626264600589e+01
  -1.41117702123224457722e+01
  -1.38136321649606070849e+01
  -1.35277779404337632485e+01
  -1.32535997216529679577e+01
  -1.29905339473360008640e+01
  -1.27380552432977509625e+01
  -1.24956713022676666469e+01
  -1.22629185580445110304e+01
  -1.20393585277996315597e+01
  -1.18245747184381713168e+01
  -1.16181700105112888366e+01
  -1.14197644472864148213e+01
  -1.12289933680084992318e+01
  -1.10455058337178115835e+01
  -1.08689633016779580998e+01
  -1.06990385108628522914e+01
  -1.05354145463071233735e+01
  -1.03777840546580222281e+01
  -1.02258485871237247977e+01
  -1.00793180493223299976e+01
  -9.93791024039069803564e+00
  -9.80135046618652872041e+00
  -9.66937121357092266294e+00
  -9.54171187463776604432e+00
  -9.41811851139993194693e+00
  -9.29834365287809205824e+00
  -9.18214611779849221307e+00
  -9.06929085720113725699e+00
  -8.95954881222205479219e+00
  -8.85269678314531915930e+00
  -8.74851730654790316066e+00
  -8.64679853798355679828e+00
  -8.54733413819570841952e+00
  -8.44992316131102150223e+00
  -8.35436994386359899067e+00
  -8.26048399383631348769e+00
  -8.16807987919468558857e+00
  -8.07697711563019105085e+00
  -7.98700005343551122650e+00
  -7.89797776360766157211e+00
  -7.80974392342142831325e+00
  -7.72213670184084932657e+00
  -7.63499864524254423515e+00
  -7.54817656402112291403e+00
  -7.46152142072942314854e+00
  -7.37488822048503855910e+00
  -7.28813590445097947423e+00
  -7.20112724727137809566e+00
  -7.11372875942329940813e+00
  -7.02581059552775322175e+00
  -6.93724646975553582706e+00
  -6.84791357956642254834e+00
  -6.75769253913709455617e+00
  -6.66646732396604679849e+00
  -6.57412522829844547800e+00
  -6.48055683718777686408e+00
  -6.38565601521659687023e+00
  -6.28931991412872815062e+00
  -6.19144900189383928790e+00
  -6.09194711602987482024e+00
  -5.99072154435725057198e+00
  -5.88768313675474974644e+00
  -5.78274645193684566635e+00
  -5.67582994378073202313e+00
  -5.56685619230187800355e+00
  -5.45575218502109926533e+00
  -5.34244965518014236494e+00
  -5.22688548405849395806e+00
  -5.10900217551946056460e+00
  -4.98874841187081674576e+00
  -4.86607970116125176929e+00
  -4.74095912714106137997e+00
  -4.61335821427799785965e+00
  -4.48325792141701828797e+00
  -4.35064977886466941470e+00
  -4.21553718481771610982e+00
  -4.07793687806377036509e+00
  -3.93788060465819445000e+00
  -3.79541699668946996837e+00
  -3.65061368110141115650e+00
  -3.50355963560870886653e+00
  -3.35436780671995160574e+00
  -3.20317800138810060417e+00
  -3.05016005837606307693e+00
  -2.89551729749200248420e+00
  -2.73949023375919953338e+00
  -2.58236052859917197821e+00
</dep>
<dep S11_dB frequency>
  -9.50709592910821355005e-01
  -8.69850690393872083561e-01
  -7.98511026782054877948e-01
  -7.35284129632631899831e-01
  -6.79007837676261383208e-01
  -6.28716166588789038272e-01
  -5.83601664935641695209e-01
  -5.42985776617319615411e-01
  -5.06295356725746326099e-01
  -4.73043948268473901653e-01
  -4.42816766097554048720e-01
  -4.15258585501853905164e-01
  -3.90063920280848130950e-01
  -3.66969015822253163961e-01
  -3.45745289041298475841e-01
  -3.26193927895810642514e-01
  -3.08141425039102190286e-01
  -2.91435867751296706629e-01
  -2.75943843099144769937e-01
  -2.61547845901683229108e-01
  -2.48144099464179923586e-01
  -2.35640716631229374389e-01
  -2.23956142601528851444e-01
  -2.13017831966294146628e-01
  -2.02761121219177081754e-01
  -1.93128265017364242340e-01
  -1.84067610129530156993e-01
  -1.75532885570445218448e-01
  -1.67482591124264335036e-01
  -1.59879469468519302966e-01
  -1.52690049571013036767e-01
  -1.45884251046657087425e-01
  -1.39435040818829070197e-01
  -1.33318134796879594894e-01
  -1.27511738412099423501e-01
  -1.21996320792414875145e-01
  -1.16754418136208251711e-01
  -1.11770462495049266449e-01
  -1.07030632717604864967e-01
  -1.02522724759681202467e-01
  -9.82360389441372244823e-02
  -9.41612820706237835244e-02
  -9.02904825395456356318e-02
  -8.66169168743244066722e-02
  -8.31350462091232367268e-02
  -7.98404614597644501917e-02
  -7.67298360198419016065e-02
  -7.38008849241248571227e-02
  -7.10523295026460888213e-02
  -6.84838666120482775224e-02
  -6.60961415807478080975e-02
  -6.38907240404855553129e-02
  -6.18700858446942364433e-02
  -6.00375802918188469781e-02
  -5.83974218840650066698e-02
  -5.69546658596668392560e-02
  -5.57151867409602027936e-02
  -5.46856551448808153593e-02
  -5.38735121065933020290e-02
  -5.32869401750010462937e-02
  -5.29348305515006944955e-02
  -5.28267455629539556261e-02
  -5.29728757889616486132e-02
  -5.33839912038927971727e-02
  -5.40713857474305337192e-02
  -5.50468148067532331291e-02
  -5.63224251787036722661e-02
  -5.79106771851281149077e-02
  -5.98242587370726996987e-02
  -6.20759912876153868710e-02
  -6.46787277746590505423e-02
  -6.76452428372279201962e-02
  -7.09881157859402478483e-02
  -7.47196070209707741139e-02
  -7.88515288131161479201e-02
  -8.33951115916563845420e-02
  -8.83608671114469862440e-02
  -9.37584500931139819269e-02
  -9.95965201390433818585e-02
  -1.05882605914209684816e-01
  -1.12622973738553650014e-01
  -1.19822502857169749246e-01
  -1.27484569729150287731e-01
  -1.35610943698803776414e-01
  -1.44201696377380617076e-01
  -1.53255126966962362811e-01
  -1.62767705597378103954e-01
  -1.72734036522690537208e-01
  -1.83146842737899384623e-01
  -1.93996973235122410761e-01
  -2.05273433727329174259e-01
  -2.16963441239309051678e-01
  -2.29052502507545219235e-01
  -2.41524515662580846476e-01
  -2.54361894195874793656e-01
  -2.67545711760297733051e-01
  -2.81055865929687231919e-01
  -2.94871258661439816784e-01
  -3.08969990883003697846e-01
  -3.23329568363982744472e-01
  -3.37927115850672199482e-01
  -3.52739596333990990118e-01
  -3.67744032294321454568e-01
  -3.82917725820745069587e-01
  -3.98238474628603955630e-01
  -4.13684781197431017397e-01
  -4.29236052506536902573e-01
  -4.44872788153229614672e-01
  -4.60576754983655578535e-01
  -4.76331146737737853858e-01
  -4.92120727597540108533e-01
  -5.07931958917467563097e-01
  -5.23753108797778477168e-01
  -5.39574344529345939492e-01
  -5.55387808277407191149e-01
  -5.71187676683592937543e-01
  -5.86970205338256501015e-01
  -6.02733759311461891883e-01
  -6.18478831125125028123e-01
  -6.34208047704683419710e-01
  -6.49926167963814860329e-01
  -6.65640072756147449518e-01
  -6.81358748974116634756e-01
  -6.97093269592950148805e-01
  -7.12856771450568582615e-01
  -7.28664432526963223857e-01
  -7.44533450444479494301e-01
  -7.60483023857099649234e-01
  -7.76534338338400687007e-01
  -7.92710558316759850150e-01
  -8.09036826548433229966e-01
  -8.25540272566954946853e-01
  -8.42250031504428897655e-01
  -8.59197274650120967898e-01
  -8.76415253097073798649e-01
  -8.93939355830312032403e-01
  -9.11807183633947082591e-01
  -9.30058640240429612689e-01
  -9.48736042216536068494e-01
  -9.67884249179126410212e-01
  -9.87550816062230385484e-01
  -1.00778616931846576321e+00
  -1.02864380913425046415e+00
  -1.05018053997579241532e+00
  -1.07245673206192115856e+00
  -1.09553661668989765765e+00
  -1.11948861872272997786e+00
  -1.14438572999200482982e+00
  -1.17030592788406062610e+00
  -1.19733264397132299628e+00
  -1.22555528823446668873e+00
  -1.25506983521011661331e+00
  -1.28597947930749190171e+00
  -1.31839536758633824043e+00
  -1.35243741949928875101e+00
  -1.38823524450234936367e+00
  -1.42592917005943542463e+00
  -1.46567139444908955959e+00
  -1.50762728097086595724e+00
  -1.55197681269956655470e+00
  -1.59891622991654935859e+00
  -1.64865987583797091176e+00
  -1.70144228036104983026e+00
  -1.75752051638195516681e+00
  -1.81717686895191476992e+00
  -1.88072186431833587861e+00
  -1.94849771397731097444e+00
  -2.02088223853361936833e+00
  -2.09829334780061582677e+00
  -2.18119416764798090824e+00
  -2.27009892124541989844e+00
  -2.36557969336512607939e+00
  -2.46827423237615128926e+00
  -2.57889497693781111209e+00
  -2.69823953514619629956e+00
  -2.82720289571390814842e+00
  -2.96679171744259218002e+00
  -3.11814113009786719743e+00
  -3.28253459441704764643e+00
  -3.46142752236664241750e+00
  -3.65647556703618192842e+00
</dep>
<dep Zin_ohm frequency>
  +1.59643712834512768950e+02
  +1.29375949873725517136e+02
  +1.15761864262299170036e+02
  +1.22002246031388068559e+02
  +1.43948395766792572203e+02
  +1.74753256726703853019e+02
  +2.09863308912738716572e+02
  +2.46983606397661731080e+02
  +2.85014048218571247162e+02
  +3.23420778147361545507e+02
  +3.61943073232675942563e+02
  +4.00458235680564996528e+02
  +4.38916630201737575590e+02
  +4.77308805874865640817e+02
  +5.15648052341403626997e+02
  +5.53960774229101275523e+02
  +5.92281016916878343181e+02
  +6.30647289231243007634e+02
  +6.69100702693050493508e+02
  +7.07683888370392423894e+02
  +7.46440384878051304440e+02
  +7.85414318167026635820e+02
  +8.24650265581808753268e+02
  +8.64193238475102589291e+02
  +9.04088742652852374704e+02
  +9.44382891205964369874e+02
  +9.85122553837967416257e+02
  +1.02635553289171684810e+03
  +1.06813076024507449802e+03
  +1.11049851188552884196e+03
  +1.15351063877668525492e+03
  +1.19722081390276525781e+03
  +1.24168479631586887990e+03
  +1.28696071374391749487e+03
  +1.33310936592939242473e+03
  +1.38019455142095557676e+03
  +1.42828342107393837068e+03
  +1.47744686206554729324e+03
  +1.52775991682344215405e+03
  +1.57930224192730634059e+03
  +1.63215861279650653159e+03
  +1.68641948084850446321e+03
  +1.74218159083108230334e+03
  +1.79954866722952760938e+03
  +1.85863218006688521200e+03
  +1.91955220209882577365e+03
  +1.98243837141131575663e+03
  +2.04743097583150233731e+03
  +2.11468217844699711350e+03
  +2.18435740700671976811e+03
  +2.25663693418529101109e+03
  +2.33171768080708488924e+03
  +2.40981528036571080520e+03
  +2.49116645082147761059e+03
  +2.57603172907469433994e+03
  +2.66469863516031773543e+03
  +2.75748534769478737871e+03
  +2.85474499021587234893e+03
  +2.95687065082683830042e+03
  +3.06430128635922210378e+03
  +3.17752869893081924602e+03
  +3.29710581975470677207e+03
  +3.42365659567885813885e+03
  +3.55788785275253349027e+03
  +3.70060361439936423267e+03
  +3.85272248826368377195e+03
  +4.01529891778384626377e+03
  +4.18954933952715691703e+03
  +4.37688462048606197641e+03
  +4.57895060760858359572e+03
  +4.79767925908966662973e+03
  +5.03535372476677275699e+03
  +5.29469202529049380246e+03
  +5.57895583859779799241e+03
  +5.89209364057561833761e+03
  +6.23893155237165319704e+03
  +6.62543152202652527194e+03
  +7.05904626530680889118e+03
  +7.54921605007449579716e+03
  +8.10807810079425235017e+03
  +8.75150280471492442302e+03
  +9.50064669092128860939e+03
  +1.03843495499619675684e+04
  +1.14429630996872965625e+04
  +1.27347159441594467353e+04
  +1.43468109475902419945e+04
  +1.64159200835492374608e+04
  +1.91688211570500316157e+04
  +2.30105487404855339264e+04
  +2.87394171762211262831e+04
  +3.81618574617392732762e+04
  +5.62870317397102553514e+04
  +1.01450088621798000531e+05
  +1.79372599832706880989e+05
  +9.22335191279320279136e+04
  +5.29215222764897916932e+04
  +3.65048397401622569305e+04
  +2.77481677188509129337e+04
  +2.23404759592543887265e+04
  +1.86767045870296024077e+04
  +1.60322187666491827258e+04
  +1.40338368583506453433e+04
  +1.24703120951022847294e+04
  +1.12132611789969269012e+04
  +1.01802265138927541557e+04
  +9.31585292359854247479e+03
  +8.58161028438938956242e+03
  +7.94985852700881423516e+03
  +7.40025718865250019007e+03
  +6.91750654148465582693e+03
  +6.48987808343167216663e+03
  +6.10823048012791696237e+03
  +5.76533372579624938226e+03
  +5.45539453756286184216e+03
  +5.17371641433142212918e+03
  +4.91645181258219417941e+03
  +4.68041858572308228759e+03
  +4.46296205695324078988e+03
  +4.26185002061942486762e+03
  +4.07519185383118474419e+03
  +3.90137551882762727473e+03
  +3.73901800457577883208e+03
  +3.58692597820996115843e+03
  +3.44406427419837518755e+03
  +3.30953045866288130128e+03
  +3.18253414513784218798e+03
  +3.06238005772747055744e+03
  +2.94845407301530121913e+03
  +2.84021164717967349134e+03
  +2.73716816625967976506e+03
  +2.63889085714329894472e+03
  +2.54499197297002501728e+03
  +2.45512302526437724737e+03
  +2.36896988060812782351e+03
  +2.28624857521384183201e+03
  +2.20670172874560057608e+03
  +2.13009546090534422547e+03
  +2.05621673199095766904e+03
  +1.98487104283754797507e+03
  +1.91588044104468872320e+03
  +1.84908178976022486495e+03
  +1.78432526299693677174e+03
  +1.72147303786489260347e+03
  +1.66039815950073898421e+03
  +1.60098355910361124188e+03
  +1.54312120954645979509e+03
  +1.48671140669704664106e+03
  +1.43166216801722089258e+03
  +1.37788874337225092859e+03
  +1.32531323644107305881e+03
  +1.27386433886340000754e+03
  +1.22347718351366393108e+03
  +1.17409332833451071565e+03
  +1.12566088835013397329e+03
  +1.07813484127770948362e+03
  +1.03147754217607280225e+03
  +9.85659495620838242758e+02
  +9.40660451024264602893e+02
  +8.96470909261888550645e+02
  +8.53094158346613653521e+02
  +8.10548994287901223288e+02
  +7.68873332030801861947e+02
  +7.28128970740320710320e+02
  +6.88407844274158833286e+02
  +6.49840149382881577367e+02
  +6.12604770273722692764e+02
  +5.76942341079082552824e+02
  +5.43170973358347055182e+02
  +5.11703886002491060481e+02
  +4.83066553282918562218e+02
  +4.57908167450571568224e+02
  +4.36998272729552013516e+02
  +4.21195921204662852233e+02
  +4.11379867427375870648e+02
  +4.08340139238665528865e+02
  +4.12654832573572718957e+02
  +4.24597766996935661155e+02
  +4.44119306549812108642e+02
  +4.70907758336917595443e+02
  +5.04498834534683851416e+02
  +5.44387315937022890466e+02
</dep>
<dep Zin_norm frequency>
  +3.19287425669025548558e+00
  +2.58751899747451030720e+00
  +2.31523728524598348955e+00
  +2.44004492062776146000e+00
  +2.87896791533585139078e+00
  +3.49506513453407707814e+00
  +4.19726617825477443802e+00
  +4.93967212795323451502e+00
  +5.70028096437142473007e+00
  +6.46841556294723130094e+00
  +7.23886146465351831836e+00
  +8.00916471361130000162e+00
  +8.77833260403475179601e+00
  +9.54617611749731231896e+00
  +1.03129610468280734636e+01
  +1.10792154845820256526e+01
  +1.18456203383375662241e+01
  +1.26129457846248609343e+01
  +1.33820140538610097281e+01
  +1.41536777674078475542e+01
  +1.49288076975610266572e+01
  +1.57082863633405320769e+01
  +1.64930053116361747811e+01
  +1.72838647695020526385e+01
  +1.80817748530570483467e+01
  +1.88876578241192873975e+01
  +1.97024510767593490357e+01
  +2.05271106578343349724e+01
  +2.13626152049014912393e+01
  +2.22099702377105749918e+01
  +2.30702127755337045301e+01
  +2.39444162780553035930e+01
  +2.48336959263173788770e+01
  +2.57392142748783498973e+01
  +2.66621873185878506263e+01
  +2.76038910284191096878e+01
  +2.85656684214787652820e+01
  +2.95489372413109450122e+01
  +3.05551983364688446443e+01
  +3.15860448385461261012e+01
  +3.26431722559301320530e+01
  +3.37283896169700909695e+01
  +3.48436318166216452141e+01
  +3.59909733445905501981e+01
  +3.71726436013377039558e+01
  +3.83910440419765137676e+01
  +3.96487674282263142800e+01
  +4.09486195166300461779e+01
  +4.22936435689399417015e+01
  +4.36871481401343970674e+01
  +4.51327386837058242008e+01
  +4.66343536161417020480e+01
  +4.81963056073142155356e+01
  +4.98233290164295539171e+01
  +5.15206345814938870831e+01
  +5.32939727032063572665e+01
  +5.51497069538957447321e+01
  +5.70948998043174427153e+01
  +5.91374130165367617451e+01
  +6.12860257271844446336e+01
  +6.35505739786163843519e+01
  +6.59421163950941320309e+01
  +6.84731319135771627771e+01
  +7.11577570550506663949e+01
  +7.40120722879872801059e+01
  +7.70544497652736737336e+01
  +8.03059783556769275492e+01
  +8.37909867905431298141e+01
  +8.75376924097212452125e+01
  +9.15790121521716713460e+01
  +9.59535851817933291841e+01
  +1.00707074495335461961e+02
  +1.05893840505809876618e+02
  +1.11579116771955966669e+02
  +1.17841872811512359931e+02
  +1.24778631047433066215e+02
  +1.32508630440530509986e+02
  +1.41180925306136174413e+02
  +1.50984321001489917080e+02
  +1.62161562015885039045e+02
  +1.75030056094298487324e+02
  +1.90012933818425779009e+02
  +2.07686990999239355915e+02
  +2.28859261993745946029e+02
  +2.54694318883188941527e+02
  +2.86936218951804846711e+02
  +3.28318401670984769680e+02
  +3.83376423141000600481e+02
  +4.60210974809710648969e+02
  +5.74788343524422543851e+02
  +7.63237149234785533736e+02
  +1.12574063479420510703e+03
  +2.02900177243595999244e+03
  +3.58745199665413747425e+03
  +1.84467038255864054008e+03
  +1.05843044552979586115e+03
  +7.30096794803245188632e+02
  +5.54963354377018276864e+02
  +4.46809519185087765436e+02
  +3.73534091740592032238e+02
  +3.20644375332983656790e+02
  +2.80676737167012902319e+02
  +2.49406241902045678671e+02
  +2.24265223579938549392e+02
  +2.03604530277855076292e+02
  +1.86317058471970852906e+02
  +1.71632205687787774195e+02
  +1.58997170540176284703e+02
  +1.48005143773050008349e+02
  +1.38350130829693114265e+02
  +1.29797561668633449017e+02
  +1.22164609602558343227e+02
  +1.15306674515924996172e+02
  +1.09107890751257244233e+02
  +1.03474328286628448836e+02
  +9.83290362516438847251e+01
  +9.36083717144616400674e+01
  +8.92592411390648123870e+01
  +8.52370004123884967839e+01
  +8.15038370766236965892e+01
  +7.80275103765525415156e+01
  +7.47803600915155755047e+01
  +7.17385195641992226001e+01
  +6.88812854839675026142e+01
  +6.61906091732576271625e+01
  +6.36506829027568414858e+01
  +6.12476011545494145594e+01
  +5.89690814603060218246e+01
  +5.68042329435934689741e+01
  +5.47433633251935916064e+01
  +5.27778171428659774733e+01
  +5.08998394594004963665e+01
  +4.91024605052875458000e+01
  +4.73793976121625561859e+01
  +4.57249715042768372086e+01
  +4.41340345749120146479e+01
  +4.26019092181068828040e+01
  +4.11243346398191533808e+01
  +3.96974208567509592172e+01
  +3.83176088208937741797e+01
  +3.69816357952044967305e+01
  +3.56865052599387340138e+01
  +3.44294607572978534904e+01
  +3.32079631900147802526e+01
  +3.20196711820722228481e+01
  +3.08624241909291967545e+01
  +2.97342281339409311158e+01
  +2.86332433603444158621e+01
  +2.75577748674450191402e+01
  +2.65062647288214598973e+01
  +2.54772867772679987297e+01
  +2.44695436702732784795e+01
  +2.34818665666902148814e+01
  +2.25132177670026791816e+01
  +2.15626968255541875408e+01
  +2.06295508435214571819e+01
  +1.97131899124167659920e+01
  +1.88132090204852922000e+01
  +1.79294181852377718656e+01
  +1.70618831669322723599e+01
  +1.62109798857580251763e+01
  +1.53774666406160367416e+01
  +1.45625794148064144906e+01
  +1.37681568854831777315e+01
  +1.29968029876576309789e+01
  +1.22520954054744528605e+01
  +1.15388468215816519802e+01
  +1.08634194671669419563e+01
  +1.02340777200498216359e+01
  +9.66133106565837174173e+00
  +9.15816334901143136449e+00
  +8.73996545459104012821e+00
  +8.42391842409325697361e+00
  +8.22759734854751734190e+00
  +8.16680278477331000886e+00
  +8.25309665147145388175e+00
  +8.49195533993871265466e+00
  +8.88238613099624174652e+00
  +9.41815516673835162464e+00
  +1.00899766906936765309e+01
  +1.08877463187404579514e+01
</dep>
<dep S[2,2] frequency>
  -8.94373443471075613154e-01-j5.90845880680779950156e-02
  -9.04389362225123782935e-01-j2.39334237886988446253e-02
  -9.12104748788240549118e-01+j1.06731627609703127318e-02
  -9.17743803529739499147e-01+j4.46913585280135639000e-02
  -9.21500461005727133923e-01+j7.80959590566224909347e-02
  -9.23542300746980071580e-01+j1.10875026747389998638e-01
  -9.24014082956036153504e-01+j1.43025921565284125370e-01
  -9.23040879427286631298e-01+j1.74552359263664941258e-01
  -9.20730808642260645236e-01+j2.05462236998545016986e-01
  -9.17177403826685111454e-01+j2.35766031151826566115e-01
  -9.12461651410375829130e-01+j2.65475621355379887145e-01
  -9.06653739555570936659e-01+j2.94603431671604909514e-01
  -8.99814555127219639630e-01+j3.23161807550628676911e-01
  -8.91996964426098104539e-01+j3.51162567836224626117e-01
  -8.83246909225067544646e-01+j3.78616686493708942685e-01
  -8.73604345727501896413e-01+j4.05534070215646302859e-01
  -8.63104050320831373000e-01+j4.31923406626889105908e-01
  -8.51776312580742933633e-01+j4.57792064206630044954e-01
  -8.39647532951932951129e-01+j4.83146029826973855137e-01
  -8.26740739895340026600e-01+j5.07989873388102752827e-01
  -8.13076039026982111402e-01+j5.32326731715286660673e-01
  -7.98671004844644150111e-01+j5.56158305900134819488e-01
  -7.83541024005576902667e-01+j5.79484867786306145909e-01
  -7.67699597741094752479e-01+j6.02305272444339068194e-01
  -7.51158609835621327022e-01+j6.24616974344457731583e-01
  -7.33928565624707207604e-01+j6.46416045590551213706e-01
  -7.16018806649769024020e-01+j6.67697195075112603924e-01
  -6.97437704921518797363e-01+j6.88453787792992044636e-01
  -6.78192840167674781959e-01+j7.08677863841011168589e-01
  -6.58291162955513597943e-01+j7.28360156852850493259e-01
  -6.37739146170584803031e-01+j7.47490111791057620927e-01
  -6.16542926986607731088e-01+j7.66055902153215839689e-01
  -5.94708441167457357857e-01+j7.84044446756570923007e-01
  -5.72241551290796124363e-01+j8.01441426352494157292e-01
  -5.49148170266906210379e-01+j8.18231300394004490428e-01
  -5.25434381338986122856e-01+j8.34397324340701795897e-01
  -5.01106555587010449315e-01+j8.49921567938744404458e-01
  -4.76171467811664805847e-01+j8.64784934961311591017e-01
  -4.50636411543695492021e-01+j8.78967184938899692703e-01
  -4.24509313803779819718e-01+j8.92446957449990696531e-01
  -3.97798850125820446788e-01+j9.05201799581757615698e-01
  -3.70514560249530000569e-01+j9.17208197207924569305e-01
  -3.42666964784199501448e-01+j9.28441610766720160086e-01
  -3.14267683042469436749e-01+j9.38876516255812143541e-01
  -2.85329552138938180583e-01+j9.48486452192727202970e-01
  -2.55866747341945421912e-01+j9.57244073317907062659e-01
  -2.25894903556700915592e-01+j9.65121211842073667420e-01
  -1.95431237702585552940e-01+j9.72088947059138841489e-01
  -1.64494671626326471880e-01+j9.78117684158755995583e-01
  -1.33105955065044689878e-01+j9.83177243077454909859e-01
  -1.01287788038448803296e-01+j9.87236958222103444527e-01
  -6.90649419076986292865e-02+j9.90265789882358249407e-01
  -3.64643781898741081715e-02+j9.92232448117416176991e-01
  -3.51536406234934572720e-03+j9.93105529854596547068e-01
  +2.97504166684763246553e-02+j9.92853669870501942540e-01
  +6.32987585226480742318e-02+j9.91445706237180868214e-01
  +9.70928367793661845075e-02+j9.88850860703479384028e-01
  +1.31093119102736993531e-01+j9.85038934342974736857e-01
  +1.65257288234179233744e-01+j9.79980518632574737481e-01
  +1.99540177773830124108e-01+j9.73647221927920747397e-01
  +2.33893723208037057626e-01+j9.66011911071845363885e-01
  +2.68266930455432817126e-01+j9.57048967609443246296e-01
  +3.02605864293913728869e-01+j9.46734557787858088673e-01
  +3.36853659088425405610e-01+j9.35046915191576011317e-01
  +3.70950554257903908351e-01+j9.21966634507072724247e-01
  +4.04833956891251400823e-01+j9.07476974527530733106e-01
  +4.38438533840025901345e-01+j8.91564168104148513372e-01
  +4.71696335471864458544e-01+j8.74217736331872607991e-01
  +5.04536953057516446286e-01+j8.55430803832864961045e-01
  +5.36887711479928642078e-01+j8.35200411580568125025e-01
  +5.68673898591878668185e-01+j8.13527823303386465881e-01
  +5.99819032107174243684e-01+j7.90418821132621962633e-01
  +6.30245164389185652531e-01+j7.65883985830065561196e-01
  +6.59873224902273292081e-01+j7.39938956661921221070e-01
  +6.88623399422594983932e-01+j7.12604665794142499990e-01
  +7.16415544373896762131e-01+j6.83907541986157219149e-01
  +7.43169633874418478214e-01+j6.53879678370437811274e-01
  +7.68806236269480969270e-01+j6.22558959238595832630e-01
  +7.93247016100919410952e-01+j5.89989141021378449281e-01
  +8.16415256652451848396e-01+j5.56219883058233555140e-01
  +8.38236397435271007872e-01+j5.21306724305283686327e-01
  +8.58638580268074047552e-01+j4.85311002827031601203e-01
  +8.77553196988688610780e-01+j4.48299715749969962530e-01
  +8.94915431338091704738e-01+j4.10345318312131057681e-01
  +9.10664787207762338461e-01+j3.71525461702656711882e-01
  +9.24745595260596742193e-01+j3.31922670524576413076e-01
  +9.37107489941800153588e-01+j2.91623961902525929979e-01
  +9.47705849101478814411e-01+j2.50720409460252369183e-01
  +9.56502188860045010621e-01+j2.09306656574164529072e-01
  +9.63464506958463751118e-01+j1.67480384429475409602e-01
  +9.68567568637330067460e-01+j1.25341741427197311820e-01
  +9.71793130063065113688e-01+j8.29927413767980320936e-02
  +9.73130095440405740170e-01+j4.05366386291883956661e-02
  +9.72574605185134610785e-01-j1.92271116902111818998e-03
  +9.70130053842462869440e-01-j4.42814957053267385656e-02
  +9.65807037783323885094e-01-j8.64365869308310746932e-02
  +9.59623234050722473398e-01-j1.28286169342165301543e-01
  +9.51603213019324489785e-01-j1.69730347025832034591e-01
  +9.41778188733614296524e-01-j2.10671721438318332309e-01
  +9.30185711868285913795e-01-j2.51015932641990568985e-01
  +9.16869311179052903782e-01-j2.90672157618588167249e-01
  +9.01878090060162729280e-01-j3.29553560305216985959e-01
  +8.85266285381566597756e-01-j3.67577689105679783488e-01
  +8.67092796136655241668e-01-j4.04666818784812087895e-01
  +8.47420689591612097402e-01-j4.40748234817770645488e-01
  +8.26316692597413804400e-01-j4.75754459404644225451e-01
  +8.03850675520099478000e-01-j5.09623419441509684091e-01
  +7.80095135883061008286e-01-j5.42298557735037656258e-01
  +7.55124688320779502426e-01-j5.73728889637097783094e-01
  +7.29015566842255768876e-01-j6.03869008042649979551e-01
  +7.01845144721538916066e-01-j6.32679040328422592765e-01
  +6.73691476599345917542e-01-j6.60124561306973389740e-01
  +6.44632866619579081302e-01-j6.86176466631617798519e-01
  +6.14747465661059644404e-01-j7.10810811317487911687e-01
  +5.84112899979328026312e-01-j7.34008618151778757799e-01
  +5.52805932863056126436e-01-j7.55755660763827830095e-01
  +5.20902160249035794948e-01-j7.76042226026910086922e-01
  +4.88475740639261468701e-01-j7.94862860283563898989e-01
  +4.55599159130563924336e-01-j8.12216103640314379675e-01
  +4.22343024905757091769e-01-j8.28104216281000504729e-01
  +3.88775901146583613421e-01-j8.42532900415093988222e-01
  +3.54964166011739912232e-01-j8.55511021121650783172e-01
  +3.20971903075129461058e-01-j8.67050328982839846326e-01
  +2.86860819435553304757e-01-j8.77165187033485782564e-01
  +2.52690189583872182322e-01-j8.85872304193613513412e-01
  +2.18516823040911689624e-01-j8.93190477006269634153e-01
  +1.84395053752648391265e-01-j8.99140341178531810051e-01
  +1.50376749241564161563e-01-j9.03744134123434572636e-01
  +1.16511337558333177844e-01-j9.07025469427192754246e-01
  +8.28458501497317256757e-02-j9.09009123921088790787e-01
  +4.94249788514403293194e-02-j9.09720837821327732442e-01
  +1.62911453229430819301e-02-j9.09187128212779027692e-01
  -1.65154186386147344701e-02-j9.07435115993171947935e-01
  -4.89565813415999140368e-02-j9.04492366261554492368e-01
  -8.09962133052317678761e-02-j9.00386742027410758027e-01
  -1.12600082400101594859e-01-j8.95146271032834617287e-01
  -1.43735743066052079620e-01-j8.88799025417947530237e-01
  -1.74372420521637983004e-01-j8.81373013917487457825e-01
  -2.04480890756035676992e-01-j8.72896086252580305498e-01
  -2.34033356976272505223e-01-j8.63395849374441914925e-01
  -2.63003323071120398424e-01-j8.52899595224962725482e-01
  -2.91365464548320407534e-01-j8.41434239701340569439e-01
  -3.19095497304516473314e-01-j8.29026272547576770222e-01
  -3.46170044497716711263e-01-j8.15701717943454474025e-01
  -3.72566501710489383914e-01-j8.01486105621794120424e-01
  -3.98262900518813744988e-01-j7.86404452416396004821e-01
  -4.23237770516879385774e-01-j7.70481254226726530732e-01
  -4.47469999792702799457e-01-j7.53740488481010051380e-01
  -4.70938693803752084222e-01-j7.36205627287734420960e-01
  -4.93623032567122976833e-01-j7.17899661587204973578e-01
  -5.15502126055964682294e-01-j6.98845136751065965086e-01
  -5.36554867685106962050e-01-j6.79064200229536507614e-01
  -5.56759785775921001161e-01-j6.58578662015299243215e-01
  -5.76094892916574896624e-01-j6.37410068880981950379e-01
  -5.94537533182594279957e-01-j6.15579793555915300018e-01
  -6.12064227258572679524e-01-j5.93109140239130527839e-01
  -6.28650515610957638657e-01-j5.70019468101280790684e-01
  -6.44270800011136790530e-01-j5.46332334710084355223e-01
  -6.58898183906485690464e-01-j5.22069661623024483532e-01
  -6.72504312395406089742e-01-j4.97253924728708995850e-01
  -6.85059212893879054818e-01-j4.71908372283330157515e-01
  -6.96531138001517446945e-01-j4.46057273980132562574e-01
  -7.06886412603489611151e-01-j4.19726204802992941545e-01
  -7.16089287903618365583e-01-j3.92942367843368112190e-01
  -7.24101805899698081070e-01-j3.65734960691500077257e-01
  -7.30883678815562376485e-01-j3.38135590430575005971e-01
  -7.36392189230468341421e-01-j3.10178742641281979253e-01
  -7.40582118134492262129e-01-j2.81902310128809785450e-01
  -7.43405709931605485075e-01-j2.53348187265093116594e-01
  -7.44812685555221842826e-01-j2.24562935830115190106e-01
  -7.44750317399298422671e-01-j1.95598527948121408970e-01
  -7.43163582742512263124e-01-j1.66513171031576368009e-01
  -7.39995415784094889844e-01-j1.37372218416937391661e-01
  -7.35187082328835339595e-01-j1.08249167411185134857e-01
  -7.28678705533649440085e-01-j7.92267435282168891453e-02
  -7.20409975886287745617e-01-j5.03980654896072355342e-02
  -7.10321083579056766766e-01-j2.18678797495603788326e-02
  -6.98353916409533370668e-01+j6.24615451724586101534e-03
  -6.84453570878872374905e-01+j3.38121592896333117428e-02
  -6.68570227660437832462e-01+j6.06827529131828413700e-02
  -6.50661444216466877677e-01+j8.66938455825339293614e-02
</dep>
<dep S[2,1] frequency>
  +2.90263821781070359418e-02-j4.39070680602886453947e-01
  +1.11829749154823479551e-02-j4.22277975293372631604e-01
  -4.75354345715149010504e-03-j4.05931356952801580817e-01
  -1.90093388877329745601e-02-j3.90068644573146161569e-01
  -3.17803548087313078585e-02-j3.74708851422017708011e-01
  -4.32362168471448760076e-02-j3.59857517082435629518e-01
  -5.35237618322554897787e-02-j3.45510666939731703184e-01
  -6.27701614084017478490e-02-j3.31657744060427472910e-01
  -7.10856491918309407740e-02-j3.18283773602255570800e-01
  -7.85658802398867123218e-02-j3.05370954951799444821e-01
  -8.52939602512352013086e-02-j2.92899827614942653842e-01
  -9.13421841368888404178e-02-j2.80850119923788388299e-01
  -9.67735223070728400874e-02-j2.69201361961779239707e-01
  -1.01642889963965032951e-01-j2.57933323459547614309e-01
  -1.05998230907862978079e-01-j2.47026322015948568422e-01
  -1.09881443441535844863e-01-j2.36461435519492696455e-01
  -1.13329172210066081439e-01-j2.26220644083271971159e-01
  -1.16373486395185368747e-01-j2.16286920414307193283e-01
  -1.19042461652711734077e-01-j2.06644282760514969022e-01
  -1.21360680545332416669e-01-j1.97277821002468156664e-01
  -1.23349663958095115412e-01-j1.88173703776708112212e-01
  -1.25028244055386372757e-01-j1.79319172505324503364e-01
  -1.26412887705610377242e-01-j1.70702526694039263822e-01
  -1.27517977923653297312e-01-j1.62313103722347085167e-01
  -1.28356059724263810162e-01-j1.54141255490964523833e-01
  -1.28938055808475393604e-01-j1.46178323643856633574e-01
  -1.29273456690892823984e-01-j1.38416614591992892525e-01
  -1.29370489192992543792e-01-j1.30849375194761474717e-01
  -1.29236266654969650380e-01-j1.23470769672789928983e-01
  -1.28876923738069804060e-01-j1.16275858110809593438e-01
  -1.28297738285383877699e-01-j1.09260576744167059449e-01
  -1.27503242368835673082e-01-j1.02421720094921578359e-01
  -1.26497324362949969956e-01-j9.57569249237940067765e-02
  -1.25283323642679217391e-01-j8.92646558847835364103e-02
  -1.23864119295528957165e-01-j8.29441927049135441230e-02
  -1.22242214061061352237e-01-j7.67956186578257482545e-02
  -1.20419814558087895362e-01-j7.08198100537875546712e-02
  -1.18398908726736806774e-01-j6.50184264275441708980e-02
  -1.16181341295371567957e-01-j5.93939010678494472284e-02
  -1.13768887977284072210e-01-j5.39494314968406371569e-02
  -1.11163329006498987073e-01-j4.86889694731152886109e-02
  -1.08366522533055745225e-01-j4.36172100586933869648e-02
  -1.05380478313617464980e-01-j3.87395792568561853075e-02
  -1.02207432051120844507e-01-j3.40622196951592196013e-02
  -9.88499206554803305780e-02-j2.95919737959027054353e-02
  -9.53108586146097225278e-02-j2.53363638455194606358e-02
  -9.15936155797716644589e-02-j2.13035683454819921301e-02
  -8.77020951801069786891e-02-j1.75023940011199904965e-02
  -8.36408149872639589129e-02-j1.39422426825435794712e-02
  -7.94149874513627590522e-02-j1.06330726748378647656e-02
  -7.50306015235112366835e-02-j7.58535352446292401862e-03
  -7.04945045673483761117e-02-j4.81001378701985220221e-03
  -6.58144840425860105926e-02-j2.31838099028785051339e-03
  -6.09993483175992126655e-02-j1.22113147640625285470e-04
  -5.60590058362881865639e-02+j1.76687880703324008691e-03
  -5.10045417280302892937e-02+j3.33651823864416531562e-03
  -4.58482908101430983172e-02+j4.57466018764111480993e-03
  -4.06039057919031429189e-02+j5.46919931294502590508e-03
  -3.52864193509695375783e-02+j6.00818869152954654345e-03
  -2.99122986200495259712e-02+j6.17996962080932452088e-03
  -2.44994904982444028363e-02+j5.97331239823029307850e-03
  -1.90674560921683840242e-02+j5.37756785217761816564e-03
  -1.36371925021806436606e-02+j4.38282916915427173121e-03
  -8.23124010472361423985e-03+j2.98010330469165732672e-03
  -2.87367344895912008029e-03+j1.16149098109678762698e-03
  +2.40992610840104221764e-03-j1.07962603310610529353e-03
  +7.59251785571896532084e-03-j3.74839199540671994676e-03
  +1.26456709901263709972e-02-j6.84828058888867219345e-03
  +1.75396572564362716873e-02-j1.03808969739848638153e-02
  +2.22435683035624651160e-02-j1.43457811644328598472e-02
  +2.67254588120712233135e-02-j1.87402157338163594114e-02
  +3.09525160895326480193e-02-j2.35590411689432892295e-02
  +3.48912564043153544668e-02-j2.87944824580619596066e-02
  +3.85077478361284739061e-02-j3.44359907214554505916e-02
  +4.17678588682788010100e-02-j4.04701038447169078593e-02
  +4.46375313404543394569e-02-j4.68803301461578406095e-02
  +4.70830757340419403523e-02-j5.36470590860206528183e-02
  +4.90714860892713100604e-02-j6.07475028937739386370e-02
  +5.05707711737436171884e-02-j6.81556727416316315837e-02
  +5.15502978558399840847e-02-j7.58423927204191217211e-02
  +5.19811420081078348621e-02-j8.37753543759376384514e-02
  +5.18364416996637336621e-02-j9.19192139421114856601e-02
  +5.10917469586589373387e-02-j1.00235733668820548026e-01
  +4.97253600205957435598e-02-j1.08683967800503267220e-01
  +4.77186597487952446350e-02-j1.17220492834966605322e-01
  +4.50564038391339585776e-02-j1.25799680704102440076e-01
  +4.17270025173076125613e-02-j1.34374012497917694198e-01
  +3.77227577127749874597e-02-j1.42894429333003669669e-01
  +3.30400621516697551305e-02-j1.51310715980487453525e-01
  +2.76795534467385168087e-02-j1.59571911952982814498e-01
  +2.16462190633360321290e-02-j1.67626743939271294348e-01
  +1.49494489869648715386e-02-j1.75424072802747188504e-01
  +7.60303398305366053694e-03-j1.82913347852282637263e-01
  -3.74891508967745200418e-04-j1.90045060775514085272e-01
  -8.96196160475717408522e-03-j1.96771191509201220926e-01
  -1.81317448749284057530e-02-j2.03045638416944340676e-01
  -2.78539612851054704801e-02-j2.08824625450050621600e-01
  -3.80947464383242714869e-02-j2.14067079472531507367e-01
  -4.88169583827064781922e-02-j2.18734971618814943994e-01
  -5.99805213877853959925e-02-j2.22793617397275905967e-01
  -7.15428003990437738624e-02-j2.26211931223778778266e-01
  -8.34589993705473487395e-02-j2.28962632131670618119e-01
  -9.56825763608147583650e-02-j2.31022398520800031907e-01
  -1.08165668159867861542e-01-j2.32371970939914435084e-01
  -1.20859517290619611352e-01-j2.32996203007425656262e-01
  -1.33714894483253188273e-01-j2.32884061630760613726e-01
  -1.46682510138456817517e-01-j2.32028578654562944728e-01
  -1.59713408851394816912e-01-j2.30426756927988307666e-01
  -1.72759341736300364722e-01-j2.28079434512614642738e-01
  -1.85773112042934868127e-01-j2.24991111342243699234e-01
  -1.98708890361839585204e-01-j2.21169743088054787661e-01
  -2.11522496546659305450e-01-j2.16626507276243274180e-01
  -2.24171646312264188916e-01-j2.11375546855683826841e-01
  -2.36616161273192127101e-01-j2.05433696429185963517e-01
  -2.48818141947397375446e-01-j1.98820196256712822258e-01
  -2.60742103948949421888e-01-j1.91556398927963222878e-01
  -2.72355078217464796619e-01-j1.83665473302213305695e-01
  -2.83626676672949329383e-01-j1.75172109943486004058e-01
  -2.94529125137585612304e-01-j1.66102231856803284060e-01
  -3.05037265729216355847e-01-j1.56482713874238982266e-01
  -3.15128531206319117963e-01-j1.46341113563497798866e-01
  -3.24782893935355587711e-01-j1.35705416051802418842e-01
  -3.33982792264074235256e-01-j1.24603794686222624222e-01
  -3.42713037126438579971e-01-j1.13064388999186721252e-01
  -3.50960701684328635341e-01-j1.01115101023030187766e-01
  -3.58714996737356350831e-01-j8.87834106067191680678e-02
  -3.65967134513500214066e-01-j7.60962100358287957258e-02
  -3.72710183299208075436e-01-j6.30796579462515744074e-02
  -3.78938915186083913333e-01-j4.97590522544673202754e-02
  -3.84649649010423033690e-01-j3.61587216021606941418e-02
  -3.89840090348329726400e-01-j2.23019346299049812943e-02
  -3.94509170209501935922e-01-j8.21082625128906340439e-03
  -3.98656883852044896521e-01+j6.09366000707484058857e-03
  -4.02284130923424687598e-01+j2.05918146057424353290e-02
  -4.05392557922518326219e-01+j3.52651905792256067929e-02
  -4.07984403777426340998e-01+j5.00966191681381789458e-02
  -4.10062349145541238382e-01+j6.50702135431482781014e-02
  -4.11629369867527405980e-01+j8.01713616333116496637e-02
  -4.12688594846696066298e-01+j9.53867090188888350211e-02
  -4.13243168479934197546e-01+j1.10704132780277242354e-01
  -4.13296117636083759628e-01+j1.26112707112562810741e-01
  -4.12850223062504795291e-01+j1.41602661421480785497e-01
  -4.11907894999816004411e-01+j1.57165331512703482231e-01
  -4.10471052698354599286e-01+j1.72793104373918288141e-01
  -4.08541007457033478190e-01+j1.88479356928606955890e-01
  -4.06118348745563517710e-01+j2.04218389012671919236e-01
  -4.03202832924094090039e-01+j2.20005350689973899758e-01
  -3.99793274040007917680e-01+j2.35836163880378424373e-01
  -3.95887436159773953293e-01+j2.51707438123409954489e-01
  -3.91481926684982162179e-01+j2.67616380141452558927e-01
  -3.86572090106338750459e-01+j2.83560696697050862447e-01
  -3.81151901669073089884e-01+j2.99538490058318729314e-01
  -3.75213860459314207940e-01+j3.15548145192594775565e-01
  -3.68748881476277934333e-01+j3.31588207599714301921e-01
  -3.61746186332786490158e-01+j3.47657250470349343807e-01
  -3.54193192331087647329e-01+j3.63753729609767095798e-01
  -3.46075399797689864378e-01+j3.79875824300840991832e-01
  -3.37376277737004792723e-01+j3.96021261990277373410e-01
  -3.28077148087685566136e-01+j4.12187124367373813882e-01
  -3.18157069148315652107e-01+j4.28369632063753280615e-01
  -3.07592719093674027420e-01+j4.44563904836155820988e-01
  -2.96358280944971519411e-01+j4.60763693703428511839e-01
  -2.84425330906082907134e-01+j4.76961081097604489010e-01
  -2.71762732655543848281e-01+j4.93146144664030727789e-01
  -2.58336541017231247075e-01+j5.09306579918253232719e-01
  -2.44109919452076939983e-01+j5.25427276554757183291e-01
  -2.29043077053798560527e-01+j5.41489842829856682371e-01
  -2.13093232233024121314e-01+j5.57472072143004204747e-01
  -1.96214612079132155742e-01+j5.73347345766951455026e-01
  -1.78358498543019272642e-01+j5.89083965693521394158e-01
  -1.59473335131894128347e-01+j6.04644411857153563084e-01
  -1.39504910790194891490e-01+j6.19984518689091101962e-01
  -1.18396641089245441281e-01+j6.35052567191415451298e-01
  -9.60899707738130243184e-02+j6.49788290692941417070e-01
  -7.25249260942659040863e-02+j6.64121795396306002779e-01
  -4.76408501161069489194e-02+j6.77972401037581939853e-01
  -2.13773591950996537381e-02+j6.91247412801599070420e-01
  +6.32443622121516089291e-03+j7.03840843464297982734e-01
  +3.55203987633717147010e-02+j7.15632115003515201224e-01
  +6.62614680745004236417e-02+j7.26484782078890889423e-01
  +9.85913486960526552760e-02+j7.36245336240027303809e-01
</dep>
<dep S[1,2] frequency>
  +2.90263821781045587567e-02-j4.39070680602887730704e-01
  +1.11829749154805039441e-02-j4.22277975293372576093e-01
  -4.75354345714612894214e-03-j4.05931356952801636329e-01
  -1.90093388877336684495e-02-j3.90068644573145828502e-01
  -3.17803548087307943804e-02-j3.74708851422017985566e-01
  -4.32362168471450356022e-02-j3.59857517082434019695e-01
  -5.35237618322550595673e-02-j3.45510666939735533454e-01
  -6.27701614084015813155e-02-j3.31657744060427417399e-01
  -7.10856491918316485412e-02-j3.18283773602256125912e-01
  -7.85658802398877531559e-02-j3.05370954951799278287e-01
  -8.52939602512370748100e-02-j2.92899827614942209753e-01
  -9.13421841368903669744e-02-j2.80850119923789387499e-01
  -9.67735223070727290651e-02-j2.69201361961777574372e-01
  -1.01642889963965657452e-01-j2.57933323459546559597e-01
  -1.05998230907862853178e-01-j2.47026322015949512112e-01
  -1.09881443441536039152e-01-j2.36461435519492640944e-01
  -1.13329172210064818560e-01-j2.26220644083272581781e-01
  -1.16373486395184189135e-01-j2.16286920414307082261e-01
  -1.19042461652711997755e-01-j2.06644282760515302089e-01
  -1.21360680545333596281e-01-j1.97277821002468350953e-01
  -1.23349663958095226435e-01-j1.88173703776708084456e-01
  -1.25028244055386428268e-01-j1.79319172505324392342e-01
  -1.26412887705609211508e-01-j1.70702526694040096489e-01
  -1.27517977923652908734e-01-j1.62313103722346308011e-01
  -1.28356059724263310562e-01-j1.54141255490966189168e-01
  -1.28938055808474949515e-01-j1.46178323643856050706e-01
  -1.29273456690892046828e-01-j1.38416614591993503147e-01
  -1.29370489192992932370e-01-j1.30849375194761197161e-01
  -1.29236266654969622625e-01-j1.23470769672790026128e-01
  -1.28876923738069304459e-01-j1.16275858110810217938e-01
  -1.28297738285384210766e-01-j1.09260576744166656993e-01
  -1.27503242368835756348e-01-j1.02421720094921411826e-01
  -1.26497324362950608334e-01-j9.57569249237946173992e-02
  -1.25283323642678273702e-01-j8.92646558847833282435e-02
  -1.23864119295529012676e-01-j8.29441927049134747341e-02
  -1.22242214061061338359e-01-j7.67956186578258037656e-02
  -1.20419814558087784340e-01-j7.08198100537877905936e-02
  -1.18398908726736681873e-01-j6.50184264275442680425e-02
  -1.16181341295370679778e-01-j5.93939010678491627337e-02
  -1.13768887977283822410e-01-j5.39494314968399710231e-02
  -1.11163329006499028706e-01-j4.86889694731152192220e-02
  -1.08366522533055897881e-01-j4.36172100586935465594e-02
  -1.05380478313617520492e-01-j3.87395792568561436742e-02
  -1.02207432051120844507e-01-j3.40622196951592196013e-02
  -9.88499206554803167002e-02-j2.95919737959027748242e-02
  -9.53108586146100972281e-02-j2.53363638455200261557e-02
  -9.15936155797728024375e-02-j2.13035683454820129468e-02
  -8.77020951801076309451e-02-j1.75023940011196851851e-02
  -8.36408149872636674793e-02-j1.39422426825437165143e-02
  -7.94149874513616488292e-02-j1.06330726748378144586e-02
  -7.50306015235113199502e-02-j7.58535352446274360738e-03
  -7.04945045673494585792e-02-j4.81001378701981664038e-03
  -6.58144840425852056809e-02-j2.31838099028759897849e-03
  -6.09993483176006073831e-02-j1.22113147640357460428e-04
  -5.60590058362881865639e-02+j1.76687880703324008691e-03
  -5.10045417280300464324e-02+j3.33651823864358244853e-03
  -4.58482908101425223890e-02+j4.57466018764118853568e-03
  -4.06039057919031498578e-02+j5.46919931294504498703e-03
  -3.52864193509695583950e-02+j6.00818869152954827817e-03
  -2.99122986200493871933e-02+j6.17996962080987789767e-03
  -2.44994904982443716113e-02+j5.97331239823064089056e-03
  -1.90674560921684430048e-02+j5.37756785217709688124e-03
  -1.36371925021806436606e-02+j4.38282916915427173121e-03
  -8.23124010472357781065e-03+j2.98010330469182646226e-03
  -2.87367344895846478850e-03+j1.16149098109659637372e-03
  +2.40992610840085703591e-03-j1.07962603310642144688e-03
  +7.59251785571952650389e-03-j3.74839199540687997500e-03
  +1.26456709901263762014e-02-j6.84828058888864877468e-03
  +1.75396572564372986436e-02-j1.03808969739854987241e-02
  +2.22435683035623610326e-02-j1.43457811644328598472e-02
  +2.67254588120709873911e-02-j1.87402157338165259448e-02
  +3.09525160895324780164e-02-j2.35590411689435980103e-02
  +3.48912564043153128335e-02-j2.87944824580620498122e-02
  +3.85077478361281755337e-02-j3.44359907214558252919e-02
  +4.17678588682795851050e-02-j4.04701038447180597157e-02
  +4.46375313404549015073e-02-j4.68803301461583055154e-02
  +4.70830757340417460632e-02-j5.36470590860209858852e-02
  +4.90714860892712198548e-02-j6.07475028937739247592e-02
  +5.05707711737439155608e-02-j6.81556727416320062840e-02
  +5.15502978558396510178e-02-j7.58423927204197462215e-02
  +5.19811420081079111899e-02-j8.37753543759375829403e-02
  +5.18364416996624152723e-02-j9.19192139421121379161e-02
  +5.10917469586595132669e-02-j1.00235733668820173325e-01
  +4.97253600205961807101e-02-j1.08683967800503725187e-01
  +4.77186597487945368679e-02-j1.17220492834966869000e-01
  +4.50564038391334242828e-02-j1.25799680704101995987e-01
  +4.17270025173081329783e-02-j1.34374012497918943199e-01
  +3.77227577127756882880e-02-j1.42894429333003669669e-01
  +3.30400621516698800306e-02-j1.51310715980487009436e-01
  +2.76795534467379478194e-02-j1.59571911952982314897e-01
  +2.16462190633362784598e-02-j1.67626743939271793948e-01
  +1.49494489869647535774e-02-j1.75424072802746300326e-01
  +7.60303398305420003594e-03-j1.82913347852282692774e-01
  -3.74891508967235462767e-04-j1.90045060775514917939e-01
  -8.96196160475762164388e-03-j1.96771191509201498482e-01
  -1.81317448749285688170e-02-j2.03045638416944757010e-01
  -2.78539612851060533472e-02-j2.08824625450050510578e-01
  -3.80947464383237302532e-02-j2.14067079472531701656e-01
  -4.88169583827053749081e-02-j2.18734971618813944794e-01
  -5.99805213877856874261e-02-j2.22793617397275961478e-01
  -7.15428003990440791737e-02-j2.26211931223777917843e-01
  -8.34589993705483479403e-02-j2.28962632131670729141e-01
  -9.56825763608157991991e-02-j2.31022398520799560062e-01
  -1.08165668159867639497e-01-j2.32371970939913796705e-01
  -1.20859517290619958296e-01-j2.32996203007426266884e-01
  -1.33714894483253327051e-01-j2.32884061630761390882e-01
  -1.46682510138456817517e-01-j2.32028578654562611661e-01
  -1.59713408851394622623e-01-j2.30426756927989334622e-01
  -1.72759341736300947590e-01-j2.28079434512614226405e-01
  -1.85773112042934701593e-01-j2.24991111342243560456e-01
  -1.98708890361838808047e-01-j2.21169743088054315816e-01
  -2.11522496546659638517e-01-j2.16626507276243190914e-01
  -2.24171646312264549739e-01-j2.11375546855684076641e-01
  -2.36616161273192293635e-01-j2.05433696429185796983e-01
  -2.48818141947397070135e-01-j1.98820196256713710437e-01
  -2.60742103948949366377e-01-j1.91556398927963361656e-01
  -2.72355078217465018664e-01-j1.83665473302214554696e-01
  -2.83626676672949162850e-01-j1.75172109943486031813e-01
  -2.94529125137586389460e-01-j1.66102231856802784460e-01
  -3.05037265729216189314e-01-j1.56482713874237816531e-01
  -3.15128531206319340008e-01-j1.46341113563497410288e-01
  -3.24782893935355032600e-01-j1.35705416051803168243e-01
  -3.33982792264074013211e-01-j1.24603794686222874022e-01
  -3.42713037126438357927e-01-j1.13064388999186929419e-01
  -3.50960701684327969208e-01-j1.01115101023029743676e-01
  -3.58714996737356406342e-01-j8.87834106067193762346e-02
  -3.65967134513500491622e-01-j7.60962100358281989809e-02
  -3.72710183299208241969e-01-j6.30796579462503392843e-02
  -3.78938915186083580267e-01-j4.97590522544674174199e-02
  -3.84649649010422367557e-01-j3.61587216021608676142e-02
  -3.89840090348329892933e-01-j2.23019346299041486270e-02
  -3.94509170209501935922e-01-j8.21082625128906340439e-03
  -3.98656883852044230387e-01+j6.09366000707514243045e-03
  -4.02284130923424798620e-01+j2.05918146057425498208e-02
  -4.05392557922518326219e-01+j3.52651905792256067929e-02
  -4.07984403777426340998e-01+j5.00966191681377695510e-02
  -4.10062349145541849005e-01+j6.50702135431487499462e-02
  -4.11629369867527239446e-01+j8.01713616333117190527e-02
  -4.12688594846696066298e-01+j9.53867090188890986990e-02
  -4.13243168479934197546e-01+j1.10704132780276756631e-01
  -4.13296117636083815139e-01+j1.26112707112562866252e-01
  -4.12850223062504517735e-01+j1.41602661421479841808e-01
  -4.11907894999816559523e-01+j1.57165331512703704275e-01
  -4.10471052698354155197e-01+j1.72793104373918537942e-01
  -4.08541007457033533701e-01+j1.88479356928606900379e-01
  -4.06118348745564017310e-01+j2.04218389012671835969e-01
  -4.03202832924094201061e-01+j2.20005350689973233624e-01
  -3.99793274040008084214e-01+j2.35836163880378063551e-01
  -3.95887436159774286359e-01+j2.51707438123409732444e-01
  -3.91481926684981718090e-01+j2.67616380141452558927e-01
  -3.86572090106339028015e-01+j2.83560696697050473869e-01
  -3.81151901669073478462e-01+j2.99538490058318285225e-01
  -3.75213860459314374474e-01+j3.15548145192594775565e-01
  -3.68748881476277767799e-01+j3.31588207599714246410e-01
  -3.61746186332787045270e-01+j3.47657250470349343807e-01
  -3.54193192331087314262e-01+j3.63753729609767206821e-01
  -3.46075399797690586023e-01+j3.79875824300840270187e-01
  -3.37376277737004681700e-01+j3.96021261990277151366e-01
  -3.28077148087685122047e-01+j4.12187124367374146949e-01
  -3.18157069148315041485e-01+j4.28369632063753336126e-01
  -3.07592719093674582531e-01+j4.44563904836156209566e-01
  -2.96358280944971685944e-01+j4.60763693703428400816e-01
  -2.84425330906083573268e-01+j4.76961081097603878387e-01
  -2.71762732655543848281e-01+j4.93146144664030727789e-01
  -2.58336541017231247075e-01+j5.09306579918253121697e-01
  -2.44109919452077855917e-01+j5.25427276554756961247e-01
  -2.29043077053798144194e-01+j5.41489842829856682371e-01
  -2.13093232233023732736e-01+j5.57472072143003982703e-01
  -1.96214612079132960654e-01+j5.73347345766951344004e-01
  -1.78358498543019383664e-01+j5.89083965693521838247e-01
  -1.59473335131894433658e-01+j6.04644411857153563084e-01
  -1.39504910790194891490e-01+j6.19984518689091324006e-01
  -1.18396641089245233114e-01+j6.35052567191415562320e-01
  -9.60899707738128022738e-02+j6.49788290692941528093e-01
  -7.25249260942659734752e-02+j6.64121795396305447667e-01
  -4.76408501161069211638e-02+j6.77972401037582161898e-01
  -2.13773591950996814937e-02+j6.91247412801599292465e-01
  +6.32443622121567090161e-03+j7.03840843464297871712e-01
  +3.55203987633719228678e-02+j7.15632115003515090201e-01
  +6.62614680745002987416e-02+j7.26484782078890778401e-01
  +9.85913486960521695535e-02+j7.36245336240027636876e-01
</dep>
<dep S[1,1] frequency>
  -8.94373443471078055644e-01-j5.90845880680792856499e-02
  -9.04389362225126003381e-01-j2.39334237886988168698e-02
  -9.12104748788238106627e-01+j1.06731627609701756887e-02
  -9.17743803529739943237e-01+j4.46913585280138414557e-02
  -9.21500461005726578811e-01+j7.80959590566224076680e-02
  -9.23542300746980515669e-01+j1.10875026747391566828e-01
  -9.24014082956035709415e-01+j1.43025921565286096016e-01
  -9.23040879427286409253e-01+j1.74552359263664802480e-01
  -9.20730808642260645236e-01+j2.05462236998547487232e-01
  -9.17177403826686110655e-01+j2.35766031151826815915e-01
  -9.12461651410377494464e-01+j2.65475621355380275723e-01
  -9.06653739555572490971e-01+j2.94603431671604742981e-01
  -8.99814555127219417585e-01+j3.23161807550630175712e-01
  -8.91996964426098770673e-01+j3.51162567836224959184e-01
  -8.83246909225067433624e-01+j3.78616686493707887973e-01
  -8.73604345727501674368e-01+j4.05534070215646247348e-01
  -8.63104050320830817888e-01+j4.31923406626887995685e-01
  -8.51776312580741379321e-01+j4.57792064206631210688e-01
  -8.39647532951931507839e-01+j4.83146029826973522070e-01
  -8.26740739895341358867e-01+j5.07989873388102641805e-01
  -8.13076039026982000379e-01+j5.32326731715286549651e-01
  -7.98671004844644039089e-01+j5.56158305900134930511e-01
  -7.83541024005575570399e-01+j5.79484867786305812842e-01
  -7.67699597741094419412e-01+j6.02305272444339956373e-01
  -7.51158609835621216000e-01+j6.24616974344456066248e-01
  -7.33928565624706763515e-01+j6.46416045590551879840e-01
  -7.16018806649768579931e-01+j6.67697195075111937790e-01
  -6.97437704921518686341e-01+j6.88453787792991933614e-01
  -6.78192840167674670937e-01+j7.08677863841011057566e-01
  -6.58291162955513375898e-01+j7.28360156852850160192e-01
  -6.37739146170586024276e-01+j7.47490111791057620927e-01
  -6.16542926986607731088e-01+j7.66055902153216061734e-01
  -5.94708441167458246035e-01+j7.84044446756570256873e-01
  -5.72241551290795569251e-01+j8.01441426352494601382e-01
  -5.49148170266906321402e-01+j8.18231300394004490428e-01
  -5.25434381338986233878e-01+j8.34397324340702128964e-01
  -5.01106555587009561137e-01+j8.49921567938744737525e-01
  -4.76171467811664861358e-01+j8.64784934961311702040e-01
  -4.50636411543694714865e-01+j8.78967184938900025770e-01
  -4.24509313803779431140e-01+j8.92446957449991806754e-01
  -3.97798850125820391277e-01+j9.05201799581757948765e-01
  -3.70514560249529223412e-01+j9.17208197207924680328e-01
  -3.42666964784199445937e-01+j9.28441610766720160086e-01
  -3.14267683042469436749e-01+j9.38876516255812587630e-01
  -2.85329552138938680184e-01+j9.48486452192727425015e-01
  -2.55866747341946643157e-01+j9.57244073317906729592e-01
  -2.25894903556702192349e-01+j9.65121211842073001286e-01
  -1.95431237702585108851e-01+j9.72088947059138952511e-01
  -1.64494671626326666170e-01+j9.78117684158755329449e-01
  -1.33105955065044412322e-01+j9.83177243077455353948e-01
  -1.01287788038448844929e-01+j9.87236958222103555549e-01
  -6.90649419076996978761e-02+j9.90265789882358249407e-01
  -3.64643781898738861269e-02+j9.92232448117416176991e-01
  -3.51536406234842502272e-03+j9.93105529854596547068e-01
  +2.97504166684762483275e-02+j9.92853669870501942540e-01
  +6.32987585226495452773e-02+j9.91445706237180757192e-01
  +9.70928367793667812524e-02+j9.88850860703479717095e-01
  +1.31093119102736993531e-01+j9.85038934342974958902e-01
  +1.65257288234179150477e-01+j9.79980518632574293392e-01
  +1.99540177773830151864e-01+j9.73647221927920969442e-01
  +2.33893723208037113137e-01+j9.66011911071845696952e-01
  +2.68266930455432817126e-01+j9.57048967609443135274e-01
  +3.02605864293913728869e-01+j9.46734557787857644584e-01
  +3.36853659088425572143e-01+j9.35046915191576233362e-01
  +3.70950554257904130395e-01+j9.21966634507072946292e-01
  +4.04833956891251289800e-01+j9.07476974527530289016e-01
  +4.38438533840026400945e-01+j8.91564168104147736216e-01
  +4.71696335471865180189e-01+j8.74217736331872274924e-01
  +5.04536953057515891174e-01+j8.55430803832865072067e-01
  +5.36887711479928642078e-01+j8.35200411580568125025e-01
  +5.68673898591878557163e-01+j8.13527823303386354858e-01
  +5.99819032107174132662e-01+j7.90418821132621740588e-01
  +6.30245164389185541509e-01+j7.65883985830065561196e-01
  +6.59873224902272959014e-01+j7.39938956661921110047e-01
  +6.88623399422595205976e-01+j7.12604665794142388968e-01
  +7.16415544373897206221e-01+j6.83907541986157552216e-01
  +7.43169633874418256170e-01+j6.53879678370437922297e-01
  +7.68806236269481191314e-01+j6.22558959238595943653e-01
  +7.93247016100919077886e-01+j5.89989141021378005192e-01
  +8.16415256652451515329e-01+j5.56219883058234221274e-01
  +8.38236397435271451961e-01+j5.21306724305283797349e-01
  +8.58638580268073603463e-01+j4.85311002827030546491e-01
  +8.77553196988687611579e-01+j4.48299715749970795198e-01
  +8.94915431338092037805e-01+j4.10345318312130280525e-01
  +9.10664787207761450283e-01+j3.71525461702656267793e-01
  +9.24745595260596298104e-01+j3.31922670524577079210e-01
  +9.37107489941799931543e-01+j2.91623961902526873669e-01
  +9.47705849101479369523e-01+j2.50720409460251481004e-01
  +9.56502188860045454710e-01+j2.09306656574164917650e-01
  +9.63464506958463196007e-01+j1.67480384429475936958e-01
  +9.68567568637331399728e-01+j1.25341741427197866932e-01
  +9.71793130063065335733e-01+j8.29927413767987676163e-02
  +9.73130095440405851193e-01+j4.05366386291889507776e-02
  +9.72574605185134943852e-01-j1.92271116902188038411e-03
  +9.70130053842462869440e-01-j4.42814957053265859099e-02
  +9.65807037783323774072e-01-j8.64365869308308110153e-02
  +9.59623234050722695443e-01-j1.28286169342164330098e-01
  +9.51603213019324822852e-01-j1.69730347025831895813e-01
  +9.41778188733615406747e-01-j2.10671721438318026998e-01
  +9.30185711868285691750e-01-j2.51015932641990457963e-01
  +9.16869311179052903782e-01-j2.90672157618588333783e-01
  +9.01878090060161285990e-01-j3.29553560305217096982e-01
  +8.85266285381565820600e-01-j3.67577689105679727977e-01
  +8.67092796136655685757e-01-j4.04666818784811477272e-01
  +8.47420689591611653313e-01-j4.40748234817771589178e-01
  +8.26316692597414026444e-01-j4.75754459404644225451e-01
  +8.03850675520099366977e-01-j5.09623419441509017958e-01
  +7.80095135883061008286e-01-j5.42298557735038433414e-01
  +7.55124688320778281181e-01-j5.73728889637097561049e-01
  +7.29015566842255546831e-01-j6.03869008042650312618e-01
  +7.01845144721539027088e-01-j6.32679040328422703787e-01
  +6.73691476599345362430e-01-j6.60124561306973278718e-01
  +6.44632866619579303347e-01-j6.86176466631619130787e-01
  +6.14747465661060088493e-01-j7.10810811317487689642e-01
  +5.84112899979328692446e-01-j7.34008618151778979843e-01
  +5.52805932863055904392e-01-j7.55755660763827719073e-01
  +5.20902160249036794148e-01-j7.76042226026910419989e-01
  +4.88475740639261635234e-01-j7.94862860283563898989e-01
  +4.55599159130563591269e-01-j8.12216103640313935585e-01
  +4.22343024905757646881e-01-j8.28104216280999838595e-01
  +3.88775901146584335066e-01-j8.42532900415093322088e-01
  +3.54964166011740300810e-01-j8.55511021121651893395e-01
  +3.20971903075129738614e-01-j8.67050328982840068370e-01
  +2.86860819435553471290e-01-j8.77165187033486004609e-01
  +2.52690189583871960277e-01-j8.85872304193613513412e-01
  +2.18516823040911689624e-01-j8.93190477006270411309e-01
  +1.84395053752649085155e-01-j8.99140341178531032895e-01
  +1.50376749241563689719e-01-j9.03744134123434239569e-01
  +1.16511337558333316622e-01-j9.07025469427193309357e-01
  +8.28458501497316146533e-02-j9.09009123921089789988e-01
  +4.94249788514398713524e-02-j9.09720837821327177330e-01
  +1.62911453229429015188e-02-j9.09187128212778805647e-01
  -1.65154186386149981480e-02-j9.07435115993171836912e-01
  -4.89565813415997475033e-02-j9.04492366261554936457e-01
  -8.09962133052319066540e-02-j9.00386742027410869049e-01
  -1.12600082400101692004e-01-j8.95146271032835061376e-01
  -1.43735743066052301664e-01-j8.88799025417946864103e-01
  -1.74372420521637760960e-01-j8.81373013917487346802e-01
  -2.04480890756035371680e-01-j8.72896086252579972431e-01
  -2.34033356976272505223e-01-j8.63395849374442247992e-01
  -2.63003323071120787002e-01-j8.52899595224962281392e-01
  -2.91365464548320352023e-01-j8.41434239701341124551e-01
  -3.19095497304517028425e-01-j8.29026272547577547378e-01
  -3.46170044497716711263e-01-j8.15701717943454696069e-01
  -3.72566501710489439425e-01-j8.01486105621794675535e-01
  -3.98262900518814300099e-01-j7.86404452416396226866e-01
  -4.23237770516879718841e-01-j7.70481254226726974821e-01
  -4.47469999792702965991e-01-j7.53740488481010273425e-01
  -4.70938693803752417288e-01-j7.36205627287734643005e-01
  -4.93623032567122810299e-01-j7.17899661587204640512e-01
  -5.15502126055964904339e-01-j6.98845136751065743042e-01
  -5.36554867685107628184e-01-j6.79064200229536840681e-01
  -5.56759785775920779116e-01-j6.58578662015299798327e-01
  -5.76094892916575451736e-01-j6.37410068880981950379e-01
  -5.94537533182594613024e-01-j6.15579793555915633085e-01
  -6.12064227258572346457e-01-j5.93109140239130083749e-01
  -6.28650515610958193768e-01-j5.70019468101281345795e-01
  -6.44270800011136568486e-01-j5.46332334710084355223e-01
  -6.58898183906485135353e-01-j5.22069661623024594554e-01
  -6.72504312395405534630e-01-j4.97253924728709106873e-01
  -6.85059212893879720951e-01-j4.71908372283330712627e-01
  -6.96531138001517780012e-01-j4.46057273980133006663e-01
  -7.06886412603490388307e-01-j4.19726204802993385634e-01
  -7.16089287903618143538e-01-j3.92942367843367723612e-01
  -7.24101805899697636981e-01-j3.65734960691500021746e-01
  -7.30883678815563264664e-01-j3.38135590430575116994e-01
  -7.36392189230468230399e-01-j3.10178742641281757209e-01
  -7.40582118134492262129e-01-j2.81902310128809674428e-01
  -7.43405709931606151208e-01-j2.53348187265093616194e-01
  -7.44812685555221620781e-01-j2.24562935830114912550e-01
  -7.44750317399298533694e-01-j1.95598527948121575504e-01
  -7.43163582742512596191e-01-j1.66513171031576340253e-01
  -7.39995415784094667799e-01-j1.37372218416937447172e-01
  -7.35187082328834895506e-01-j1.08249167411185232002e-01
  -7.28678705533649773152e-01-j7.92267435282170695565e-02
  -7.20409975886287967661e-01-j5.03980654896067914450e-02
  -7.10321083579056544721e-01-j2.18678797495604204659e-02
  -6.98353916409532704535e-01+j6.24615451724599979322e-03
  -6.84453570878872374905e-01+j3.38121592896332007205e-02
  -6.68570227660437943484e-01+j6.06827529131828552478e-02
  -6.50661444216467654833e-01+j8.66938455825342346728e-02
</dep>
