<Qucs Dataset 1.0.7>
<indep frequency 181>
  +1.00000000000000000000e+09
  +1.05000000000000000000e+09
  +1.10000000000000000000e+09
  +1.15000000000000000000e+09
  +1.20000000000000000000e+09
  +1.25000000000000000000e+09
  +1.30000000000000000000e+09
  +1.35000000000000000000e+09
  +1.40000000000000000000e+09
  +1.45000000000000000000e+09
  +1.50000000000000000000e+09
  +1.55000000000000000000e+09
  +1.60000000000000000000e+09
  +1.65000000000000000000e+09
  +1.70000000000000000000e+09
  +1.75000000000000000000e+09
  +1.80000000000000000000e+09
  +1.85000000000000000000e+09
  +1.90000000000000000000e+09
  +1.95000000000000000000e+09
  +2.00000000000000000000e+09
  +2.05000000000000000000e+09
  +2.10000000000000000000e+09
  +2.15000000000000000000e+09
  +2.20000000000000000000e+09
  +2.25000000000000000000e+09
  +2.30000000000000000000e+09
  +2.35000000000000000000e+09
  +2.40000000000000000000e+09
  +2.45000000000000000000e+09
  +2.50000000000000000000e+09
  +2.55000000000000000000e+09
  +2.60000000000000000000e+09
  +2.65000000000000000000e+09
  +2.70000000000000000000e+09
  +2.75000000000000000000e+09
  +2.80000000000000000000e+09
  +2.85000000000000000000e+09
  +2.90000000000000000000e+09
  +2.95000000000000000000e+09
  +3.00000000000000000000e+09
  +3.05000000000000000000e+09
  +3.10000000000000000000e+09
  +3.15000000000000000000e+09
  +3.20000000000000000000e+09
  +3.25000000000000000000e+09
  +3.30000000000000000000e+09
  +3.35000000000000000000e+09
  +3.40000000000000000000e+09
  +3.45000000000000000000e+09
  +3.50000000000000000000e+09
  +3.55000000000000000000e+09
  +3.60000000000000000000e+09
  +3.65000000000000000000e+09
  +3.70000000000000000000e+09
  +3.75000000000000000000e+09
  +3.80000000000000000000e+09
  +3.85000000000000000000e+09
  +3.90000000000000000000e+09
  +3.95000000000000000000e+09
  +4.00000000000000000000e+09
  +4.05000000000000000000e+09
  +4.10000000000000000000e+09
  +4.15000000000000000000e+09
  +4.20000000000000000000e+09
  +4.25000000000000000000e+09
  +4.30000000000000000000e+09
  +4.35000000000000000000e+09
  +4.40000000000000000000e+09
  +4.45000000000000000000e+09
  +4.50000000000000000000e+09
  +4.55000000000000000000e+09
  +4.60000000000000000000e+09
  +4.65000000000000000000e+09
  +4.70000000000000000000e+09
  +4.75000000000000000000e+09
  +4.80000000000000000000e+09
  +4.85000000000000000000e+09
  +4.90000000000000000000e+09
  +4.95000000000000000000e+09
  +5.00000000000000000000e+09
  +5.05000000000000000000e+09
  +5.10000000000000000000e+09
  +5.15000000000000000000e+09
  +5.20000000000000000000e+09
  +5.25000000000000000000e+09
  +5.30000000000000000000e+09
  +5.35000000000000000000e+09
  +5.40000000000000000000e+09
  +5.45000000000000000000e+09
  +5.50000000000000000000e+09
  +5.55000000000000000000e+09
  +5.60000000000000000000e+09
  +5.65000000000000000000e+09
  +5.70000000000000000000e+09
  +5.75000000000000000000e+09
  +5.80000000000000000000e+09
  +5.85000000000000000000e+09
  +5.90000000000000000000e+09
  +5.95000000000000000000e+09
  +6.00000000000000000000e+09
  +6.05000000000000000000e+09
  +6.10000000000000000000e+09
  +6.15000000000000000000e+09
  +6.20000000000000000000e+09
  +6.25000000000000000000e+09
  +6.30000000000000000000e+09
  +6.35000000000000000000e+09
  +6.40000000000000000000e+09
  +6.45000000000000000000e+09
  +6.50000000000000000000e+09
  +6.55000000000000000000e+09
  +6.60000000000000000000e+09
  +6.65000000000000000000e+09
  +6.70000000000000000000e+09
  +6.75000000000000000000e+09
  +6.80000000000000000000e+09
  +6.85000000000000000000e+09
  +6.90000000000000000000e+09
  +6.95000000000000000000e+09
  +7.00000000000000000000e+09
  +7.05000000000000000000e+09
  +7.10000000000000000000e+09
  +7.15000000000000000000e+09
  +7.20000000000000000000e+09
  +7.25000000000000000000e+09
  +7.30000000000000000000e+09
  +7.35000000000000000000e+09
  +7.40000000000000000000e+09
  +7.45000000000000000000e+09
  +7.50000000000000000000e+09
  +7.55000000000000000000e+09
  +7.60000000000000000000e+09
  +7.65000000000000000000e+09
  +7.70000000000000000000e+09
  +7.75000000000000000000e+09
  +7.80000000000000000000e+09
  +7.85000000000000000000e+09
  +7.90000000000000000000e+09
  +7.95000000000000000000e+09
  +8.00000000000000000000e+09
  +8.05000000000000000000e+09
  +8.10000000000000000000e+09
  +8.15000000000000000000e+09
  +8.20000000000000000000e+09
  +8.25000000000000000000e+09
  +8.30000000000000000000e+09
  +8.35000000000000000000e+09
  +8.40000000000000000000e+09
  +8.45000000000000000000e+09
  +8.50000000000000000000e+09
  +8.55000000000000000000e+09
  +8.60000000000000000000e+09
  +8.65000000000000000000e+09
  +8.70000000000000000000e+09
  +8.75000000000000000000e+09
  +8.80000000000000000000e+09
  +8.85000000000000000000e+09
  +8.90000000000000000000e+09
  +8.95000000000000000000e+09
  +9.00000000000000000000e+09
  +9.05000000000000000000e+09
  +9.10000000000000000000e+09
  +9.15000000000000000000e+09
  +9.20000000000000000000e+09
  +9.25000000000000000000e+09
  +9.30000000000000000000e+09
  +9.35000000000000000000e+09
  +9.40000000000000000000e+09
  +9.45000000000000000000e+09
  +9.50000000000000000000e+09
  +9.55000000000000000000e+09
  +9.60000000000000000000e+09
  +9.65000000000000000000e+09
  +9.70000000000000000000e+09
  +9.75000000000000000000e+09
  +9.80000000000000000000e+09
  +9.85000000000000000000e+09
  +9.90000000000000000000e+09
  +9.95000000000000000000e+09
  +1.00000000000000000000e+10
</indep>
<dep S21_phase frequency>
  -2.45361033497006495452e+01
  -2.57188178766824897536e+01
  -2.68956364938787224617e+01
  -2.80663974087386129952e+01
  -2.92309519724697430831e+01
  -3.03891646608055552292e+01
  -3.15409130064624001477e+01
  -3.26860874864361576897e+01
  -3.38245913673561346968e+01
  -3.49563405123326234047e+01
  -3.60812631527023555122e+01
  -3.71992996281628620636e+01
  -3.83104020987878399751e+01
  -3.94145342323233620618e+01
  -4.05116708701460197517e+01
  -4.16017976751446809658e+01
  -4.26849107646646288572e+01
  -4.37610163315335896073e+01
  -4.48301302560167798106e+01
  -4.58922777113878979094e+01
  -4.69474927656414564581e+01
  -4.79958179816693331077e+01
  -4.90373040180623931406e+01
  -5.00720092325004983991e+01
  -5.10999992895140167093e+01
  -5.21213467742281437722e+01
  -5.31361308135062486713e+01
  -5.41444367057728186410e+01
  -5.51463555605988346997e+01
  -5.61419839490085337275e+01
  -5.71314235652987818526e+01
  -5.81147809010552407472e+01
  -5.90921669318882365474e+01
  -6.00636968173295926476e+01
  -6.10294896142010472317e+01
  -6.19896680036840095340e+01
  -6.29443580322232705271e+01
  -6.38936888663262649857e+01
  -6.48377925612411871725e+01
  -6.57768038434509918488e+01
  -6.67108599068472329918e+01
  -6.76401002224277476671e+01
  -6.85646663612865978621e+01
  -6.94847018306857791003e+01
  -7.04003519229093228660e+01
  -7.13117635766381567919e+01
  -7.22190852505242304460e+01
  -7.31224668086640718911e+01
  -7.40220594176399515618e+01
  -7.49180154548143519833e+01
  -7.58104884275553416728e+01
  -7.66996329030688315243e+01
  -7.75856044485383051779e+01
  -7.84685595812577645347e+01
  -7.93486557284859088668e+01
  -8.02260511967271980893e+01
  -8.11009051501997362266e+01
  -8.19733775982309111896e+01
  -8.28436293913737813455e+01
  -8.37118222260285165248e+01
  -8.45781186573967858067e+01
  -8.54426821206070314929e+01
  -8.63056769598767914431e+01
  -8.71672684656042093820e+01
  -8.80276229193023738162e+01
  -8.88869076463236780228e+01
  -8.97452910763419424711e+01
  -9.06029428115944881483e+01
  -9.14600337029167747005e+01
  -9.23167359336275836768e+01
  -9.31732231113612101581e+01
  -9.40296703679769620976e+01
  -9.48862544677072037302e+01
  -9.57431539237459219294e+01
  -9.66005491235195847821e+01
  -9.74586224629184982859e+01
  -9.83175584898152266078e+01
  -9.91775440572370712289e+01
  -1.00038768486613733444e+02
  -1.00901423741564414627e+02
  -1.01765704612753552283e+02
  -1.02631808914390163068e+02
  -1.03499937693017699303e+02
  -1.04370295449303810642e+02
  -1.05243090373608623622e+02
  -1.06118534596190102093e+02
  -1.06996844452984504414e+02
  -1.07878240767990448035e+02
  -1.08762949153378741585e+02
  -1.09651200328556726049e+02
  -1.10543230459522135334e+02
  -1.11439281519968503176e+02
  -1.12339601675731501018e+02
  -1.13244445694308069505e+02
  -1.14154075381336596706e+02
  -1.15068760046090275750e+02
  -1.15988776998222689940e+02
  -1.16914412078197059941e+02
  -1.17845960224048752707e+02
  -1.18783726077362160822e+02
  -1.19728024631599907934e+02
  -1.20679181926189812657e+02
  -1.21637535790084967857e+02
  -1.22603436638824206284e+02
  -1.23577248329483182943e+02
  -1.24559349078274536282e+02
  -1.25550132445977084217e+02
  -1.26550008396809587907e+02
  -1.27559404436845767350e+02
  -1.28578766838575830889e+02
  -1.29608561958771531408e+02
  -1.30649277657394236485e+02
  -1.31701424825900147653e+02
  -1.32765539033958845039e+02
  -1.33842182304270295390e+02
  -1.34931945025887131351e+02
  -1.36035448017154351419e+02
  -1.37153344750121277684e+02
  -1.38286323748981146764e+02
  -1.39435111175779070436e+02
  -1.40600473617241561897e+02
  -1.41783221087088151080e+02
  -1.42984210258537103755e+02
  -1.44204347941845725245e+02
  -1.45444594821537151574e+02
  -1.46705969467357704161e+02
  -1.47989552631826370543e+02
  -1.49296491845313795466e+02
  -1.50628006316670422393e+02
  -1.51985392143250152230e+02
  -1.53370027828350430354e+02
  -1.54783380096193724285e+02
  -1.56227009984015381860e+02
  -1.57702579176933824101e+02
  -1.59211856533196908003e+02
  -1.60756724724105652058e+02
  -1.62339186883192411415e+02
  -1.63961373121595983093e+02
  -1.65625546719365559056e+02
  -1.67334109743678084214e+02
  -1.69089607772548646381e+02
  -1.70894733314266090929e+02
  -1.72752327406246280361e+02
  -1.74665378750251704787e+02
  -1.76637019592664103129e+02
  -1.78670517388593054875e+02
  +1.79230738900855357087e+02
  +1.77063259232507590468e+02
  +1.74823481188202237036e+02
  +1.72507808721217884340e+02
  +1.70112662852661543411e+02
  +1.67634546304607823686e+02
  +1.65070124002546748443e+02
  +1.62416321127829291981e+02
  +1.59670439870850401576e+02
  +1.56830295139538549165e+02
  +1.53894368132042615116e+02
  +1.50861974829252176278e+02
  +1.47733444099527929438e+02
  +1.44510297325162866855e+02
  +1.41195418479995566940e+02
  +1.37793200791983849740e+02
  -4.56903459472559276833e+01
  -4.92475440665277872654e+01
  -5.28690680305144127260e+01
  -5.65440473635577163236e+01
  -6.02602577709157074537e+01
  -6.40043974065984144772e+01
  -6.77624359048246702741e+01
  -7.15200149755465304224e+01
  -7.52628726993194305805e+01
  -7.89772604859162328239e+01
  -8.26503226510294837226e+01
  -8.62704135062400183642e+01
  -8.98273347265562165376e+01
  -9.33124850231575067028e+01
  -9.67189231818401395913e+01
  -1.00041353002676089545e+02
  -1.03276043802549736483e+02
  -1.06420702713932143979e+02
  -1.09474315303570648439e+02
</dep>
<dep S11_phase frequency>
  -1.14636212210957125990e+02
  -1.15816763171015011835e+02
  -1.16991521183608170986e+02
  -1.18160311504781546432e+02
  -1.19322974447383984398e+02
  -1.20479365012795199164e+02
  -1.21629352549007407447e+02
  -1.22772820420057541924e+02
  -1.23909665676768455000e+02
  -1.25039798722448480817e+02
  -1.26163142969633568669e+02
  -1.27279634485829518553e+02
  -1.28389221627521351365e+02
  -1.29491864662592718105e+02
  -1.30587535382006620921e+02
  -1.31676216702019871718e+02
  -1.32757902258509574267e+02
  -1.33832595995172198400e+02
  -1.34900311747454594524e+02
  -1.35961072824089029609e+02
  -1.37014911588109811191e+02
  -1.38061869039137377513e+02
  -1.39101994398655449459e+02
  -1.40135344699884228703e+02
  -1.41161984383733397408e+02
  -1.42181984902197370957e+02
  -1.43195424330403682234e+02
  -1.44202386988417970315e+02
  -1.45202963073744001576e+02
  -1.46197248305351820363e+02
  -1.47185343579921493529e+02
  -1.48167354640895013063e+02
  -1.49143391760784680855e+02
  -1.50113569437111237903e+02
  -1.51078006102228755481e+02
  -1.52036823847213923955e+02
  -1.52990148159913672998e+02
  -1.53938107677173320553e+02
  -1.54880833951199463172e+02
  -1.55818461229963986625e+02
  -1.56751126251493417385e+02
  -1.57678968051861488675e+02
  -1.58602127786639840679e+02
  -1.59520748565576241162e+02
  -1.60434975300189307745e+02
  -1.61344954564004581243e+02
  -1.62250834465100439274e+02
  -1.63152764530652092390e+02
  -1.64050895603136638101e+02
  -1.64945379747875193743e+02
  -1.65836370171582558442e+02
  -1.66724021151597355583e+02
  -1.67608487975485616062e+02
  -1.68489926890699791784e+02
  -1.69368495064017793084e+02
  -1.70244350550464645266e+02
  -1.71117652271472024950e+02
  -1.71988560002016726003e+02
  -1.72857234366526114400e+02
  -1.73723836843335703861e+02
  -1.74588529777523945086e+02
  -1.75451476401960803742e+02
  -1.76312840866436715714e+02
  -1.77172788274761586536e+02
  -1.78031484729750133056e+02
  -1.78889097386036752368e+02
  -1.79745794510691069945e+02
  +1.79398254448363786651e+02
  +1.78542878786099549870e+02
  +1.77687906456235197084e+02
  +1.76833163979098458185e+02
  +1.75978476341364455493e+02
  +1.75123666887507653200e+02
  +1.74268557202764753811e+02
  +1.73412966987364796978e+02
  +1.72556713921744346862e+02
  +1.71699613522421515199e+02
  +1.70841478988156808327e+02
  +1.69982121035978252621e+02
  +1.69121347726603090678e+02
  +1.68258964278723112784e+02
  +1.67394772871575071349e+02
  +1.66528572435145434838e+02
  +1.65660158427295982619e+02
  +1.64789322597027222628e+02
  +1.63915852733014304476e+02
  +1.63039532396475209453e+02
  +1.62160140637334592384e+02
  +1.61277451692555786167e+02
  +1.60391234665406443582e+02
  +1.59501253184314947475e+02
  +1.58607265039849210098e+02
  +1.57709021798219851007e+02
  +1.56806268389568742805e+02
  +1.55898742669144610318e+02
  +1.54986174949305961945e+02
  +1.54068287500101206433e+02
  +1.53144794015985382885e+02
  +1.52215399046012066719e+02
  +1.51279797384608713173e+02
  +1.50337673419786426621e+02
  +1.49388700435363489305e+02
  +1.48432539863478353936e+02
  +1.47468840483347293002e+02
  +1.46497237561865716771e+02
  +1.45517351931277886479e+02
  +1.44528788998721779535e+02
  +1.43531137682017174484e+02
  +1.42523969265585122912e+02
  +1.41506836169877772136e+02
  +1.40479270627144131822e+02
  +1.39440783255780502259e+02
  +1.38390861524888777012e+02
  +1.37328968100018386167e+02
  +1.36254539060386747451e+02
  +1.35166981977160219230e+02
  +1.34065673841668711930e+02
  +1.32949958831691134264e+02
  +1.31819145903243679641e+02
  +1.30672506194626549814e+02
  +1.29509270228871258723e+02
  +1.28328624900229016248e+02
  +1.27129710229993293069e+02
  +1.25911615876826743943e+02
  +1.24673377386958605939e+02
  +1.23413972170232199232e+02
  +1.22132315189175656656e+02
  +1.20827254350203773470e+02
  +1.19497565588984585361e+02
  +1.18141947646199469091e+02
  +1.16759016535756217081e+02
  +1.15347299715437756618e+02
  +1.13905229980543651891e+02
  +1.12431139114994522288e+02
  +1.10923251352478956733e+02
  +1.09379676723538480587e+02
  +1.07798404394246176707e+02
  +1.06177296139800063202e+02
  +1.04514080143598718564e+02
  +1.02806345371157320301e+02
  +1.01051536840662961936e+02
  +9.92469522003681419164e+01
  +9.73897401295990050585e+01
  +9.54769012069507851947e+01
  +9.35052920375530050023e+01
  +9.14716336012337620787e+01
  +8.93725249729179438418e+01
  +8.72044637703179432719e+01
  +8.49638748916002839451e+01
  +8.26471492999863102114e+01
  +8.02506947666692695975e+01
  +7.77710005596111102477e+01
  +7.52047180115258129263e+01
  +7.25487586484476025817e+01
  +6.98004110302613582917e+01
  +6.69574765583075333097e+01
  +6.40184231593462556020e+01
  +6.09825539017534126174e+01
  +5.78501852363288833203e+01
  +5.46228267709807866481e+01
  +5.13033515081501221289e+01
  +4.78961426778564955953e+01
  +4.44072012270469116402e+01
  +4.08441973229138781676e+01
  +3.72164505301982657670e+01
  +3.35348270828067853699e+01
  +2.98115489574102632275e+01
  +2.60599177962390378127e+01
  +2.22939660579362737280e+01
  +1.85280565915414641154e+01
  +1.47764584935772678165e+01
  +1.10529302789116421479e+01
  +7.37034040611854646130e+00
  +3.74035025735360582289e+00
  +1.73176803980873955657e-01
  -3.32255707363067731563e+00
  -6.73988567584251541120e+00
  -1.00734855208240521307e+01
  -1.33195959918329034366e+01
  -1.64758918280219823771e+01
  -1.95413239810793264439e+01
</dep>
<dep S21_dB frequency>
  -2.96205309173734276929e-01
  -3.24256541815555410224e-01
  -3.53344053407776359510e-01
  -3.83429264403476244283e-01
  -4.14472979215641246231e-01
  -4.46435505234616503145e-01
  -4.79276768104152595118e-01
  -5.12956422928683264395e-01
  -5.47433961104597632819e-01
  -5.82668812509069655725e-01
  -6.18620442813670123883e-01
  -6.55248445736549389729e-01
  -6.92512630090676428729e-01
  -7.30373101526779811010e-01
  -7.68790338914919879620e-01
  -8.07725265347956966622e-01
  -8.47139313788019432394e-01
  -8.86994487412572918394e-01
  -9.27253414748677062818e-01
  -9.67879399711583987553e-01
  -1.00883646669063198331e+00
  -1.05008940084519042379e+00
  -1.09160378379345690547e+00
  -1.13334602489124280922e+00
  -1.17528338831008549725e+00
  -1.21738401613378632860e+00
  -1.25961694769808518757e+00
  -1.30195213540434995281e+00
  -1.34436045723776453897e+00
  -1.38681372622262677474e+00
  -1.42928469704388327877e+00
  -1.47174707006322713632e+00
  -1.51417549295040609891e+00
  -1.55654556014758282956e+00
  -1.59883381037648897305e+00
  -1.64101772239142795762e+00
  -1.68307570917305593383e+00
  -1.72498711075022437278e+00
  -1.76673218582738078553e+00
  -1.80829210238797721821e+00
  -1.84964892743420983301e+00
  -1.89078561601583872154e+00
  -1.93168599969022292129e+00
  -1.97233477455138572765e+00
  -2.01271748895208091312e+00
  -2.05282053104092954143e+00
  -2.09263111622436692727e+00
  -2.13213727465963831520e+00
  -2.17132783887602176520e+00
  -2.21019243161660394748e+00
  -2.24872145398710543418e+00
  -2.28690607399185985571e+00
  -2.32473821553431436726e+00
  -2.36221054795229790102e+00
  -2.39931647615837295717e+00
  -2.43605013144741766595e+00
  -2.47240636303610639146e+00
  -2.50838073039175935008e+00
  -2.54396949641026814959e+00
  -2.57916962149858441933e+00
  -2.61397875861848527634e+00
  -2.64839524934685677238e+00
  -2.68241812100873122660e+00
  -2.71604708493996804819e+00
  -2.74928253593753435524e+00
  -2.78212555295786545528e+00
  -2.81457790112568995156e+00
  -2.84664203511927338397e+00
  -2.87832110400197338507e+00
  -2.90961895757354938041e+00
  -2.94054015432079118852e+00
  -2.97108997105275784989e+00
  -3.00127441431198249688e+00
  -3.03110023366160286074e+00
  -3.06057493695591720240e+00
  -3.08970680771252670382e+00
  -3.11850492471391671501e+00
  -3.14697918397872200558e+00
  -3.17514032325689932179e+00
  -3.20299994921594732844e+00
  -3.23057056750456883520e+00
  -3.25786561589554946039e+00
  -3.28489950073190151159e+00
  -3.31168763692283096844e+00
  -3.33824649175995480377e+00
  -3.36459363285403645349e+00
  -3.39074778052211245338e+00
  -3.41672886499099170976e+00
  -3.44255808882105007740e+00
  -3.46825799499857190256e+00
  -3.49385254119251165150e+00
  -3.51936718072656073986e+00
  -3.54482895087863258965e+00
  -3.57026656918740670221e+00
  -3.59571053852384459049e+00
  -3.62119326177058331595e+00
  -3.64674916705166385356e+00
  -3.67241484456360645083e+00
  -3.69822919618415113518e+00
  -3.72423359917629914762e+00
  -3.75047208546458499256e+00
  -3.77699153814259069861e+00
  -3.80384190707731262293e+00
  -3.83107644571121053190e+00
  -3.85875197143228421126e+00
  -3.88692915218888312978e+00
  -3.91567282237940617051e+00
  -3.94505233145056521948e+00
  -3.97514192910351749077e+00
  -4.00602119154266311796e+00
  -4.03777549382198319705e+00
  -4.07049653405941480599e+00
  -4.10428291612212525763e+00
  -4.13924079835190639187e+00
  -4.17548461702679674090e+00
  -4.21313789457325604815e+00
  -4.25233414408503840320e+00
  -4.29321788352005029310e+00
  -4.33594577508266532107e+00
  -4.38068790782521411131e+00
  -4.42762924449828076945e+00
  -4.47697125724290501125e+00
  -4.52893378097332455212e+00
  -4.58375711839897981292e+00
  -4.64170443677087973811e+00
  -4.70306450385277496906e+00
  -4.76815481961782339226e+00
  -4.83732521114798252881e+00
  -4.91096197167053460930e+00
  -4.98949264125162805783e+00
  -5.07339154723375784783e+00
  -5.16318624816607307793e+00
  -5.25946505721816492951e+00
  -5.36288586187582883014e+00
  -5.47418650877915435871e+00
  -5.59419708956072092576e+00
  -5.72385455056504710569e+00
  -5.86422016351422303870e+00
  -6.01650054565444669663e+00
  -6.18207312124228813843e+00
  -6.36251719268712889743e+00
  -6.55965217082101670343e+00
  -6.77558504725322130469e+00
  -7.01276995076970166565e+00
  -7.27408372896696064913e+00
  -7.56292311942496819910e+00
  -7.88333152282154792090e+00
  -8.24016717002704268680e+00
  -8.63933046366455670295e+00
  -9.08807804120298001749e+00
  -9.59546756378400189647e+00
  -1.01730060196733056443e+01
  -1.08356268971176223914e+01
  -1.16032225630959455742e+01
  -1.25031642709957342419e+01
  -1.35746949831486602989e+01
  -1.48771709105155292008e+01
  -1.65070876551355354422e+01
  -1.86382679806865638739e+01
  -2.16377240032789828206e+01
  -2.65389998923852843404e+01
  -4.00472658838826163219e+01
  -3.09012062606627999628e+01
  -2.33418284879857154124e+01
  -1.92918074194411133249e+01
  -1.65048140059048407124e+01
  -1.43834530273176142146e+01
  -1.26793011914026081399e+01
  -1.12648957698517406811e+01
  -1.00659025250944580421e+01
  -9.03493714572705819421e+00
  -8.13969090589139376846e+00
  -7.35691435272916471888e+00
  -6.66911583764449478196e+00
  -6.06263908355181513343e+00
  -5.52649183001765376133e+00
  -5.05160584738272255834e+00
  -4.63035478445942594306e+00
  -4.25623074181129457116e+00
  -3.92362072150406593352e+00
  -3.62764701534678435380e+00
</dep>
<dep S11_dB frequency>
  -1.19393190940310507386e+01
  -1.15525557071937008402e+01
  -1.11869817506606477053e+01
  -1.08408045779142838683e+01
  -1.05124549080197819961e+01
  -1.02005503420488548016e+01
  -9.90386605858828517057e+00
  -9.62131106013469583615e+00
  -9.35190875703209201220e+00
  -9.09478097381479599903e+00
  -8.84913468017802884447e+00
  -8.61425090903679269161e+00
  -8.38947544368162390072e+00
  -8.17421094615963816921e+00
  -7.96791026756923770336e+00
  -7.77007073364070421917e+00
  -7.58022923977381335447e+00
  -7.39795802156181458997e+00
  -7.22286099189546959565e+00
  -7.05457055559260659550e+00
  -6.89274482833340051968e+00
  -6.73706519939005765707e+00
  -6.58723418789181724975e+00
  -6.44297355069249366721e+00
  -6.30402260670291703093e+00
  -6.17013674811754508909e+00
  -6.04108611355873925675e+00
  -5.91665440195242808841e+00
  -5.79663780911685666553e+00
  -5.68084407166901872444e+00
  -5.56909160506936551371e+00
  -5.46120872447116045834e+00
  -5.35703293861504281637e+00
  -5.25641030832574074338e+00
  -5.15919486229679424838e+00
  -5.06524806380518199944e+00
  -4.97443832281527154038e+00
  -4.88664054863178343169e+00
  -4.80173573886399829291e+00
  -4.71961060097727891360e+00
  -4.64015720315965207732e+00
  -4.56327265161184669751e+00
  -4.48885879170885893075e+00
  -4.41682193076709239676e+00
  -4.34707258040905131224e+00
  -4.27952521673334640440e+00
  -4.21409805669599446531e+00
  -4.15071284927266503928e+00
  -4.08929468012452979053e+00
  -4.02977178861728102532e+00
  -3.97207539615945082190e+00
  -3.91613954492691451748e+00
  -3.86190094612955236997e+00
  -3.80929883705688654416e+00
  -3.75827484620609642008e+00
  -3.70877286586343180019e+00
  -3.66073893155969720681e+00
  -3.61412110787533169542e+00
  -3.56886938010971865864e+00
  -3.52493555137306779912e+00
  -3.48227314469051574264e+00
  -3.44083730974275514569e+00
  -3.40058473389369098072e+00
  -3.36147355718171292338e+00
  -3.32346329097370674077e+00
  -3.28651474000181575974e+00
  -3.25058992752072439814e+00
  -3.21565202333994815120e+00
  -3.18166527450068459260e+00
  -3.14859493838043080771e+00
  -3.11640721801978859418e+00
  -3.08506919947776658830e+00
  -3.05454879103084753211e+00
  -3.02481466404078513932e+00
  -2.99583619532330436286e+00
  -2.96758341085729115960e+00
  -2.94002693068087728179e+00
  -2.91313791482647532760e+00
  -2.88688801015148932549e+00
  -2.86124929792765714254e+00
  -2.83619424205459891297e+00
  -2.81169563776877229344e+00
  -2.78772656072165059271e+00
  -2.76426031630482871293e+00
  -2.74127038910326348287e+00
  -2.71873039236034630406e+00
  -2.69661401734288563858e+00
  -2.67489498249608637082e+00
  -2.65354698228295760032e+00
  -2.63254363560553494850e+00
  -2.61185843371026304993e+00
  -2.59146468748346414657e+00
  -2.57133547404878592957e+00
  -2.55144358258415371310e+00
  -2.53176145928309281885e+00
  -2.51226115139366923401e+00
  -2.49291425027768065448e+00
  -2.47369183344528265067e+00
  -2.45456440553326205034e+00
  -2.43550183821215338043e+00
  -2.41647330902678980635e+00
  -2.39744723919799174183e+00
  -2.37839123044051348188e+00
  -2.35927200088478583595e+00
  -2.34005532022816531423e+00
  -2.32070594428677745569e+00
  -2.30118754917190404541e+00
  -2.28146266537759556670e+00
  -2.26149261213960173222e+00
  -2.24123743251241913654e+00
  -2.22065582971173647309e+00
  -2.19970510538923003097e+00
  -2.17834110064456698552e+00
  -2.15651814074286329870e+00
  -2.13418898469517692718e+00
  -2.11130478108164343354e+00
  -2.08781503175592142441e+00
  -2.06366756537108253511e+00
  -2.03880852301888060296e+00
  -2.01318235868385242426e+00
  -1.98673185768890991909e+00
  -1.95939817686238981764e+00
  -1.93112091079751069245e+00
  -1.90183818931762127491e+00
  -1.87148681211957135240e+00
  -1.84000242755897081004e+00
  -1.80731976368184055204e+00
  -1.77337292091848608422e+00
  -1.73809573735483713364e+00
  -1.70142223920658808289e+00
  -1.66328719106120459514e+00
  -1.62362676263973826352e+00
  -1.58237933127842111958e+00
  -1.53948644204449713868e+00
  -1.49489395037428618451e+00
  -1.44855337533004346895e+00
  -1.40042349496078100124e+00
  -1.35047221873019962501e+00
  -1.29867877539225351491e+00
  -1.24503625782956683921e+00
  -1.18955456889479904703e+00
  -1.13226381374892204335e+00
  -1.07321818393658374724e+00
  -1.01250037562012207282e+00
  -9.50226577876758904395e-01
  -8.86552055296529362138e-01
  -8.21677330478660539193e-01
  -7.55854944209708556890e-01
  -6.89396731565722453716e-01
  -6.22681498123327292760e-01
  -5.56162909127344895488e-01
  -4.90377313542443737937e-01
  -4.25951113305644502027e-01
  -3.63607156919830198927e-01
  -3.04169490557611776893e-01
  -2.48565649189534249031e-01
  -1.97825532130819742305e-01
  -1.53075807511361378088e-01
  -1.15528762905290779961e-01
  -8.64646058035121178875e-02
  -6.72064602453375237179e-02
  -5.90877391256661860242e-02
  -6.34122083831609312243e-02
  -8.14078757420759330232e-02
  -1.14176760040608504809e-01
  -1.62643501851592708896e-01
  -2.27506495705099787141e-01
  -3.09195581995088397687e-01
  -4.07840190671104385611e-01
  -5.23251119961131827552e-01
  -6.54917918380303110126e-01
  -8.02022291684886923235e-01
  -9.63466335322817002407e-01
  -1.13791297345605846303e+00
  -1.32383499278467264837e+00
  -1.51956861470421555893e+00
  -1.72336765285290960392e+00
  -1.93345485155243745901e+00
  -2.14806782970163068214e+00
  -2.36549798764759167113e+00
  -2.58412162163340930476e+00
</dep>
<dep Zin_ohm frequency>
  +2.04506035912903644203e+03
  +2.00888260422089547319e+03
  +1.97244160180831727303e+03
  +1.93583792048308009726e+03
  +1.89916306808342619661e+03
  +1.86249975337584919544e+03
  +1.82592223915652425603e+03
  +1.78949676348211664845e+03
  +1.75328200859582420890e+03
  +1.71732960002302343128e+03
  +1.68168462115248576083e+03
  +1.64638613127980761419e+03
  +1.61146767751804168256e+03
  +1.57695779314195829102e+03
  +1.54288047680910631243e+03
  +1.50925564870430685005e+03
  +1.47609958099451523594e+03
  +1.44342530108159917290e+03
  +1.41124296702697984074e+03
  +1.37956021522068704144e+03
  +1.34838248090476417929e+03
  +1.31771329256354852077e+03
  +1.28755454148186959173e+03
  +1.25790672796984131310e+03
  +1.22876918587650493464e+03
  +1.20014028707931811368e+03
  +1.17201762765717444381e+03
  +1.14439819743942757668e+03
  +1.11727853458554568533e+03
  +1.09065486679143532456e+03
  +1.06452324065021321076e+03
  +1.03887964061659499748e+03
  +1.01372009894352788706e+03
  +9.89040797874084660180e+02
  +9.64838165286920684593e+02
  +9.41108964907416407186e+02
  +9.17850382110167856808e+02
  +8.95060106250495437052e+02
  +8.72736410372005252611e+02
  +8.50878229040812129824e+02
  +8.29485234953840063099e+02
  +8.08557914852402632278e+02
  +7.88097645141681823588e+02
  +7.68106767462920402068e+02
  +7.48588664286299490414e+02
  +7.29547834376791229261e+02
  +7.10989967730057173867e+02
  +6.92922019268171879958e+02
  +6.75352280221535352212e+02
  +6.58290445693573019526e+02
  +6.41747676405854917903e+02
  +6.25736652050545899328e+02
  +6.10271613039374756227e+02
  +5.95368386747681256566e+02
  +5.81044393632720016285e+02
  +5.67318627902261255258e+02
  +5.54211606781447699177e+02
  +5.41745281963198294761e+02
  +5.29942906637565670280e+02
  +5.18828851715942391820e+02
  +5.08428365643120912409e+02
  +4.98767273675437763814e+02
  +4.89871614819204125979e+02
  +4.81767217838382748596e+02
  +4.74479221823365378441e+02
  +4.68031551597888210381e+02
  +4.62446363398087441965e+02
  +4.57743481287498980237e+02
  +4.53939849038278680382e+02
  +4.51049025014487824592e+02
  +4.49080748294791021635e+02
  +4.48040602419036019910e+02
  +4.47929798605289192892e+02
  +4.48745093332383930829e+02
  +4.50478846490130024449e+02
  +4.53119216848101473261e+02
  +4.56650482508402774329e+02
  +4.61053466347508162926e+02
  +4.66306041023115994903e+02
  +4.72383685350511484558e+02
  +4.79260063750477172562e+02
  +4.86907602687479538872e+02
  +4.95298041955587791563e+02
  +5.04402943627331808329e+02
  +5.14194146776883485472e+02
  +5.24644161159240297820e+02
  +5.35726497472482265039e+02
  +5.47415935424513122598e+02
  +5.59688733494764505849e+02
  +5.72522786064855495169e+02
  +5.85897734603248864005e+02
  +5.99795039976499879231e+02
  +6.14198022880743110363e+02
  +6.29091878987002246504e+02
  +6.44463674796837722170e+02
  +6.60302329508457432894e+02
  +6.76598587470901975394e+02
  +6.93344985105092519007e+02
  +7.10535815527624436072e+02
  +7.28167093543860460159e+02
  +7.46236523188661976747e+02
  +7.64743469586508126667e+02
  +7.83688936574169701998e+02
  +8.03075551272001803227e+02
  +8.22907556597267671350e+02
  +8.43190812576936423284e+02
  +8.63932807231548622440e+02
  +8.85142677759390267056e+02
  +9.06831242746706720936e+02
  +9.29011046160530554516e+02
  +9.51696413943461152485e+02
  +9.74903524122046633238e+02
  +9.98650491462077525284e+02
  +1.02295746785490507591e+03
  +1.04784675980050724320e+03
  +1.07334296456786296403e+03
  +1.09947312686436089280e+03
  +1.12626691813896695749e+03
  +1.15375684098410647493e+03
  +1.18197846149680071903e+03
  +1.21097067292009137418e+03
  +1.24077599442258451745e+03
  +1.27144090950180498112e+03
  +1.30301624923331678474e+03
  +1.33555762645378740672e+03
  +1.36912592798897412649e+03
  +1.40378787324920403989e+03
  +1.43961664895588864965e+03
  +1.47669263148242521311e+03
  +1.51510421035373451559e+03
  +1.55494872892818511900e+03
  +1.59633356128111313410e+03
  +1.63937734794354810219e+03
  +1.68421141757930718086e+03
  +1.73098142710696470203e+03
  +1.77984925944594897373e+03
  +1.83099522631727154476e+03
  +1.88462063378618768184e+03
  +1.94095078105506217980e+03
  +2.00023847913252757280e+03
  +2.06276819639173027099e+03
  +2.12886096397937490110e+03
  +2.19888020728901165057e+03
  +2.27323871262019883943e+03
  +2.35240699392753549546e+03
  +2.43692339765019096376e+03
  +2.52740638016738284932e+03
  +2.62456952110375868870e+03
  +2.72924000879804452779e+03
  +2.84238156938486099534e+03
  +2.96512313373489860169e+03
  +3.09879498462757419475e+03
  +3.24497475614536506328e+03
  +3.40554655329569095557e+03
  +3.58277775265232867241e+03
  +3.77941993781830433363e+03
  +3.99884323981230045320e+03
  +4.24521761469197554106e+03
  +4.52376116111642295436e+03
  +4.84108591179957602435e+03
  +5.20568812646643164044e+03
  +5.62865737605261165299e+03
  +6.12472457535849662236e+03
  +6.71384819106358463614e+03
  +7.42367738839205503609e+03
  +8.29348190589783735049e+03
  +9.38059322896224693977e+03
  +1.07712031392199896800e+04
  +1.25985862461392844125e+04
  +1.50724243187271986244e+04
  +1.85142434150238186703e+04
  +2.33229453440927609336e+04
  +2.94262581918613359448e+04
  +3.41964994172020669794e+04
  +3.28627808042936376296e+04
  +2.71902248114144967985e+04
  +2.17232369035447227361e+04
  +1.76548913905358567717e+04
  +1.47409032535751812247e+04
  +1.26171155221746539610e+04
  +1.10242504820324320463e+04
</dep>
<dep Zin_norm frequency>
  +4.09012071825807268510e+01
  +4.01776520844179074743e+01
  +3.94488320361663440394e+01
  +3.87167584096616010925e+01
  +3.79832613616685250690e+01
  +3.72499950675169841929e+01
  +3.65184447831304836996e+01
  +3.57899352696423349585e+01
  +3.50656401719164847464e+01
  +3.43465920004604683413e+01
  +3.36336924230497160693e+01
  +3.29277226255961537049e+01
  +3.22293535503608339354e+01
  +3.15391558628391663888e+01
  +3.08576095361821245433e+01
  +3.01851129740861381379e+01
  +2.95219916198903042925e+01
  +2.88685060216319833160e+01
  +2.82248593405395951095e+01
  +2.75912043044137398340e+01
  +2.69676496180952831594e+01
  +2.63542658512709699892e+01
  +2.57510908296373912663e+01
  +2.51581345593968244145e+01
  +2.45753837175300979823e+01
  +2.40028057415863607105e+01
  +2.34403525531434873130e+01
  +2.28879639487885526705e+01
  +2.23455706917109147014e+01
  +2.18130973358287079122e+01
  +2.12904648130042630783e+01
  +2.07775928123318998075e+01
  +2.02744019788705571727e+01
  +1.97808159574816926352e+01
  +1.92967633057384126971e+01
  +1.88221792981483275753e+01
  +1.83570076422033565677e+01
  +1.79012021250099095937e+01
  +1.74547282074401053364e+01
  +1.70175645808162414596e+01
  +1.65897046990768011199e+01
  +1.61711582970480520771e+01
  +1.57619529028336362586e+01
  +1.53621353492584074019e+01
  +1.49717732857259893109e+01
  +1.45909566875358240878e+01
  +1.42197993546011431931e+01
  +1.38584403853634370307e+01
  +1.35070456044307078969e+01
  +1.31658089138714604616e+01
  +1.28349535281170972212e+01
  +1.25147330410109187682e+01
  +1.22054322607874947693e+01
  +1.19073677349536257708e+01
  +1.16208878726544000415e+01
  +1.13463725580452248209e+01
  +1.10842321356289534862e+01
  +1.08349056392639653268e+01
  +1.05988581327513138319e+01
  +1.03765770343188474811e+01
  +1.01685673128624181061e+01
  +9.97534547350875477889e+00
  +9.79743229638408230642e+00
  +9.63534435676765532719e+00
  +9.48958443646730742671e+00
  +9.36063103195776413656e+00
  +9.24892726796174891035e+00
  +9.15486962574997953368e+00
  +9.07879698076557417608e+00
  +9.02098050028975606551e+00
  +8.98161496589582064587e+00
  +8.96081204838072054031e+00
  +8.95859597210578328941e+00
  +8.97490186664767897184e+00
  +9.00957692980260027582e+00
  +9.06238433696202960732e+00
  +9.13300965016805577079e+00
  +9.22106932695016290324e+00
  +9.32612082046231982702e+00
  +9.44767370701022990431e+00
  +9.58520127500954366440e+00
  +9.73815205374959091955e+00
  +9.90596083911175639969e+00
  +1.00880588725466360245e+01
  +1.02838829355376706332e+01
  +1.04928832231848065959e+01
  +1.07145299494496448744e+01
  +1.09483187084902624520e+01
  +1.11937746698952906854e+01
  +1.14504557212971089797e+01
  +1.17179546920649784170e+01
  +1.19959007995299984373e+01
  +1.22839604576148619941e+01
  +1.25818375797400445748e+01
  +1.28892734959367540881e+01
  +1.32060465901691497237e+01
  +1.35319717494180391526e+01
  +1.38668997021018505222e+01
  +1.42107163105524882951e+01
  +1.45633418708772097716e+01
  +1.49247304637732405297e+01
  +1.52948693917301614675e+01
  +1.56737787314833934005e+01
  +1.60615110254400370593e+01
  +1.64581511319453532849e+01
  +1.68638162515387293183e+01
  +1.72786561446309718804e+01
  +1.77028535551878043464e+01
  +1.81366248549341335661e+01
  +1.85802209232106108061e+01
  +1.90339282788692223392e+01
  +1.94980704824409336595e+01
  +1.99730098292415512162e+01
  +2.04591493570981022287e+01
  +2.09569351960101464272e+01
  +2.14668592913572595648e+01
  +2.19894625372872170033e+01
  +2.25253383627793368760e+01
  +2.30751368196821289303e+01
  +2.36395692299360149491e+01
  +2.42194134584018279099e+01
  +2.48155198884516892122e+01
  +2.54288181900361003329e+01
  +2.60603249846663374001e+01
  +2.67111525290757469975e+01
  +2.73825185597794806824e+01
  +2.80757574649840826453e+01
  +2.87923329791177735615e+01
  +2.95338526296485035516e+01
  +3.03020842070746887487e+01
  +3.10989745785637019537e+01
  +3.19266712256222611188e+01
  +3.27875469588709620439e+01
  +3.36842283515861424803e+01
  +3.46196285421392957460e+01
  +3.55969851889189783378e+01
  +3.66199045263454294741e+01
  +3.76924126757237516472e+01
  +3.88190156211012435961e+01
  +4.00047695826505531613e+01
  +4.12553639278346011565e+01
  +4.25772192795874957483e+01
  +4.39776041457802335799e+01
  +4.54647742524039770728e+01
  +4.70481398785507138882e+01
  +4.87384679530038198436e+01
  +5.05481276033476589760e+01
  +5.24913904220751774687e+01
  +5.45848001759608862926e+01
  +5.68476313876972199068e+01
  +5.93024626746979706127e+01
  +6.19758996925514793475e+01
  +6.48994951229072967180e+01
  +6.81109310659138174060e+01
  +7.16555550530465694692e+01
  +7.55883987563660895148e+01
  +7.99768647962460050849e+01
  +8.49043522938395085475e+01
  +9.04752232223284522661e+01
  +9.68217182359915256029e+01
  +1.04113762529328624851e+02
  +1.12573147521052234765e+02
  +1.22494491507169925626e+02
  +1.34276963821271692723e+02
  +1.48473547767841097311e+02
  +1.65869638117956753831e+02
  +1.87611864579244922879e+02
  +2.15424062784399808379e+02
  +2.51971724922785682566e+02
  +3.01448486374543961119e+02
  +3.70284868300476375680e+02
  +4.66458906881855227766e+02
  +5.88525163837226727992e+02
  +6.83929988344041362325e+02
  +6.57255616085872702570e+02
  +5.43804496228289963256e+02
  +4.34464738070894441080e+02
  +3.53097827810717149077e+02
  +2.94818065071503610852e+02
  +2.52342310443493090588e+02
  +2.20485009640648627283e+02
</dep>
<dep S[2,2] frequency>
  -1.05443409968067447480e-01-j2.29924339017636758520e-01
  -1.15174113587038884354e-01-j2.38071315870261646097e-01
  -1.25190542260656706430e-01-j2.45790185241459929744e-01
  -1.35471120304084285957e-01-j2.53073349883476239608e-01
  -1.45994273392580475868e-01-j2.59914476002284400291e-01
  -1.56738510654068963213e-01-j2.66308461921565986508e-01
  -1.67682501837242425857e-01-j2.72251401326774888911e-01
  -1.78805149254271517067e-01-j2.77740541723014100484e-01
  -1.90085654271075210620e-01-j2.82774238743677630570e-01
  -2.01503578192044119355e-01-j2.87351906943431045782e-01
  -2.13038897453214082223e-01-j2.91473967695325186789e-01
  -2.24672053102700580718e-01-j2.95141794793204015335e-01
  -2.36383994605871117223e-01-j2.98357658334907627218e-01
  -2.48156218064992495353e-01-j3.01124667430968218085e-01
  -2.59970798990693474639e-01-j3.03446712249366201686e-01
  -2.71810419803065195232e-01-j3.05328405869230323777e-01
  -2.83658392274851178794e-01-j3.06775026376533088701e-01
  -2.95498675158067602986e-01-j3.07792459594029177428e-01
  -3.07315887258120867820e-01-j3.08387142795784996441e-01
  -3.19095316236928883136e-01-j3.08566009715340872077e-01
  -3.30822923439154148451e-01-j3.08336437115714123713e-01
  -3.42485345042910394042e-01-j3.07706193149763107542e-01
  -3.54069889840062990150e-01-j3.06683387701620069343e-01
  -3.65564533950655468075e-01-j3.05276424863814677124e-01
  -3.76957912772260095302e-01-j3.03493957670998237841e-01
  -3.88239310458560360484e-01-j3.01344845179859155415e-01
  -3.99398647212133084405e-01-j2.98838111955978813494e-01
  -4.10426464665826051803e-01-j2.95982910002341614852e-01
  -4.21313909613858728065e-01-j2.92788483140484112610e-01
  -4.32052716340328157862e-01-j2.89264133834491565800e-01
  -4.42635187777564220735e-01-j2.85419192429534840372e-01
  -4.53054175711784967717e-01-j2.81262988760723198212e-01
  -4.63303060237137409594e-01-j2.76804826074350418530e-01
  -4.73375728643839366327e-01-j2.72053957192188999858e-01
  -4.83266553910005280947e-01-j2.67019562840008106708e-01
  -4.92970372951395341410e-01-j2.61710732053959005405e-01
  -5.02482464768140180134e-01-j2.56136444572622468119e-01
  -5.11798528613014003241e-01-j2.50305555118210343313e-01
  -5.20914662291729779753e-01-j2.44226779467532989498e-01
  -5.29827340692761827867e-01-j2.37908682211688454755e-01
  -5.38533394631404704889e-01-j2.31359666102824768075e-01
  -5.47029990081439487781e-01-j2.24587962886753172986e-01
  -5.55314607856317588030e-01-j2.17601625521369745897e-01
  -5.63385023792527861453e-01-j2.10408521682648702589e-01
  -5.71239289477478373591e-01-j2.03016328462575695868e-01
  -5.78875713556671334103e-01-j1.95432528166142011061e-01
  -5.86292843646443295746e-01-j1.87664405117968891012e-01
  -5.93489448872058344975e-01-j1.79719043392615962507e-01
  -6.00464503044192188241e-01-j1.71603325386517430173e-01
  -6.07217168481470004338e-01-j1.63323931153386558979e-01
  -6.13746780481540299412e-01-j1.54887338428972981541e-01
  -6.20052832438612422372e-01-j1.46299823275223339625e-01
  -6.26134961601675810172e-01-j1.37567461277829483635e-01
  -6.31992935463834060172e-01-j1.28696129235356948595e-01
  -6.37626638770663278777e-01-j1.19691507281897757675e-01
  -6.43036061132320480027e-01-j1.10559081389315291832e-01
  -6.48221285222602694454e-01-j1.01304146198596900508e-01
  -6.53182475545625806923e-01-j9.19318081337198861336e-02
  -6.57919867749830244996e-01-j8.24469887546632057562e-02
  -6.62433758467211086796e-01-j7.28544283096595884919e-02
  -6.66724495654960613855e-01-j6.31586894498227802153e-02
  -6.70792469415682379719e-01-j5.33641610723176312847e-02
  -6.74638103271653966075e-01-j4.34750622610005493796e-02
  -6.78261845868158963491e-01-j3.34954462961172538815e-02
  -6.81664163080377139003e-01-j2.34292047071315845397e-02
  -6.84845530498113475026e-01-j1.32800713450300922336e-02
  -6.87806426262307590846e-01-j3.05162645265111276416e-03
  -6.90547324227151371190e-01+j7.25269928642952033115e-03
  -6.93068687421476536947e-01+j1.76296207380733649384e-02
  -6.95370961782892482717e-01+j2.80759943626447960874e-02
  -6.97454570138085871989e-01+j3.85888143292415636276e-02
  -6.99319906402545043989e-01+j4.91652087118723268855e-02
  -7.00967329972749908507e-01+j5.98024357789521676665e-02
  -7.02397160283684707238e-01+j7.04978803862250646972e-02
  -7.03609671504253020302e-01+j8.12490504820359005222e-02
  -7.04605087342772051784e-01+j9.20535737327429215426e-02
  -7.05383575934346862546e-01+j1.02909194275019516551e-01
  -7.05945244781284952929e-01+j1.13813769600773079249e-01
  -7.06290135717143940930e-01+j1.24765267579531019537e-01
  -7.06418219864080265680e-01+j1.35761763622081033098e-01
  -7.06329392552358381607e-01+j1.46801437988417188274e-01
  -7.06023468169599266453e-01+j1.57882573241962143040e-01
  -7.05500174906167676347e-01+j1.69003551851201277989e-01
  -7.04759149361549375179e-01+j1.80162853938903688711e-01
  -7.03799930974815302065e-01+j1.91359055177996117969e-01
  -7.02621956240342959710e-01+j2.02590824832160704139e-01
  -7.01224552667690903540e-01+j2.13856923937905868405e-01
  -6.99606932442032980468e-01+j2.25156203623609746378e-01
  -6.97768185738664281637e-01+j2.36487603559451392554e-01
  -6.95707273641963719335e-01+j2.47850150530495277890e-01
  -6.93423020615555385504e-01+j2.59242957123148820564e-01
  -6.90914106466477440094e-01+j2.70665220513028326188e-01
  -6.88179057741722610686e-01+j2.82116221339643202803e-01
  -6.85216238490581885934e-01+j2.93595322650239132223e-01
  -6.82023840320761798317e-01+j3.05101968891703045905e-01
  -6.78599871670221954645e-01+j3.16635684925260563194e-01
  -6.74942146210001370221e-01+j3.28196075034017820116e-01
  -6.71048270285943382341e-01+j3.39782821887781971704e-01
  -6.66915629299147494358e-01+j3.51395685423127601688e-01
  -6.62541372916066628740e-01+j3.63034501589147740042e-01
  -6.57922398989459034091e-01+j3.74699180900476935818e-01
  -6.53055336060664237685e-01+j3.86389706728864856800e-01
  -6.47936524302096139571e-01+j3.98106133252610350226e-01
  -6.42561994746095432873e-01+j4.09848582969070729387e-01
  -6.36927446632538307725e-01+j4.21617243659174079085e-01
  -6.31028222692634033208e-01+j4.33412364673657679592e-01
  -6.24859282170284746627e-01+j4.45234252388557516511e-01
  -6.18415171365077509513e-01+j4.57083264651392595646e-01
  -6.11689991462518456444e-01+j4.68959804009158487403e-01
  -6.04677363397569500592e-01+j4.80864309473773787751e-01
  -5.97370389476942875717e-01+j4.92797246539358413386e-01
  -5.89761611464188817422e-01+j5.04759095117403133735e-01
  -5.81842964809601181919e-01+j5.16750334999697136240e-01
  -5.73605728684745352908e-01+j5.28771428393204456775e-01
  -5.65040471459605009308e-01+j5.40822798994536002581e-01
  -5.56136991239533418074e-01+j5.52904806982533525428e-01
  -5.46884251060583470583e-01+j5.65017719203354418234e-01
  -5.37270308326609491445e-01+j5.77161673701523714186e-01
  -5.27282238061599017875e-01+j5.89336637609397251403e-01
  -5.16906049548427226625e-01+j6.01542357243642578091e-01
  -5.06126595933579337405e-01+j6.13778299067072818929e-01
  -4.94927476400506882737e-01+j6.26043579953432294261e-01
  -4.83290930557121911626e-01+j6.38336884937223958403e-01
  -4.71197724752227098399e-01+j6.50656370335596312415e-01
  -4.58627030139790670127e-01+j6.62999549789282882628e-01
  -4.45556292459556524399e-01+j6.75363160379388371979e-01
  -4.31961093711220212032e-01+j6.87743005530681572601e-01
  -4.17815006184258819211e-01+j7.00133770904788899081e-01
  -4.03089439688081974111e-01+j7.12528808913686195758e-01
  -3.87753483334189352760e-01+j7.24919886842027128004e-01
  -3.71773743886800955849e-01+j7.37296892855443974923e-01
  -3.55114183562057372789e-01+j7.49647493394644759412e-01
  -3.37735961268529338852e-01+j7.61956734621217157688e-01
  -3.19597282704347507298e-01+j7.74206579709584841176e-01
  -3.00653266531634488778e-01+j7.86375372902346270187e-01
  -2.80855836122942625899e-01+j7.98437220413951709297e-01
  -2.60153649216511073661e-01+j8.10361277557162251739e-01
  -2.38492081339094885717e-01+j8.22110930989870536401e-01
  -2.15813283177955173020e-01+j8.33642864896791291329e-01
  -1.92056337331146298464e-01+j8.44906000453872541023e-01
  -1.67157546151408764601e-01+j8.55840299377261026770e-01
  -1.41050889808407964310e-01+j8.66375425140232358068e-01
  -1.13668702249063752197e-01+j8.76429260083615435661e-01
  -8.49426223497540822116e-02+j8.85906283828856833118e-01
  -5.48048879611864742101e-02+j8.94695828974497620045e-01
  -2.31900512059960844935e-02+j9.02670245029390971858e-01
  +9.96279664416264282290e-03+j9.09683022065065016726e-01
  +4.47071946209084344903e-02+j9.15566952877927997534e-01
  +8.10857764539007347393e-02+j9.20132447679014586761e-01
  +1.19125934916197828706e-01+j9.23166159264495855830e-01
  +1.58834607559194568305e-01+j9.24430129278708712093e-01
  +2.00192139272632185776e-01+j9.23661726178382491703e-01
  +2.43145235205351778474e-01+j9.20574709209688313294e-01
  +2.87599106754235334105e-01+j9.14861813202769158515e-01
  +3.33409039747895097339e-01+j9.06199294974770364064e-01
  +3.80371780922551583348e-01+j8.94253897078681081467e-01
  +4.28217343648590764715e-01+j8.78692646676712207920e-01
  +4.76602064016663773405e-01+j8.59195790696929972974e-01
  +5.25103967045097319577e-01+j8.35472947398742782354e-01
  +5.73221685824168547541e-01+j8.07282210425872781556e-01
  +6.20378252667902807538e-01+j7.74451473400796119861e-01
  +6.65930978888104263547e-01+j7.36900680216736381212e-01
  +7.09188290970625745402e-01+j6.94663118336210860804e-01
  +7.49433756070517875791e-01+j6.47903373474700838841e-01
  +7.85956625771782935175e-01+j5.96929300392551209775e-01
  +8.18087151233588105725e-01+j5.42195484301508656699e-01
  +8.45233858065929100079e-01+j4.84296272796847282471e-01
  +8.66919158473331674664e-01+j4.23947553032751944802e-01
  +8.82809364816952713007e-01+j3.61957903085186549763e-01
  +8.92735516668940132234e-01+j2.99191300987180386350e-01
  +8.96702455694336375558e-01+j2.36524897304209835713e-01
  +8.94885112807496607701e-01+j1.74806136759975555561e-01
  +8.87612698463504878887e-01+j1.14813563157888445798e-01
  +8.75343043220266903148e-01+j5.72249574229582377849e-02
  +8.58630411649782598893e-01+j2.59522297380697722358e-03
  +8.38090541344063688634e-01-j4.86550532942876395870e-02
  +8.14366447200288723351e-01-j9.62408512920894243514e-02
  +7.88097830618810113457e-01-j1.40005359991434485956e-01
  +7.59895970431106682064e-01-j1.79906236246197032136e-01
  +7.30324974486986300271e-01-j2.15997895200158107620e-01
  +6.99889410760838659442e-01-j2.48412072590768279179e-01
</dep>
<dep S[2,1] frequency>
  +8.79200295833031830739e-01-j4.01343913742192748284e-01
  +8.67921430968612184209e-01-j4.18053510820315776808e-01
  +8.56280079110137926079e-01-j4.34333684734068414812e-01
  +8.44297471805763755093e-01-j4.50176733317650845656e-01
  +8.31994825360244827372e-01-j4.65576210930331080284e-01
  +8.19393258475701435906e-01-j4.80526896818337934114e-01
  +8.06513714854922736386e-01-j4.95024758045387369698e-01
  +7.93376891060022848556e-01-j5.09066907626002485010e-01
  +7.80003169847349409061e-01-j5.22651558498856694257e-01
  +7.66412559127103376611e-01-j5.35777973973820764719e-01
  +7.52624636630075394272e-01-j5.48446415272692555654e-01
  +7.38658500299960052438e-01-j5.60658086764630692045e-01
  +7.24532724371613312542e-01-j5.72415079471848442516e-01
  +7.10265321043900721421e-01-j5.83720313390068579196e-01
  +6.95873707608512859224e-01-j5.94577479134221986712e-01
  +6.81374678855956816825e-01-j6.04990979382031057732e-01
  +6.66784384545550334877e-01-j6.14965870548347171010e-01
  +6.52118311697530983473e-01-j6.24507805082230138538e-01
  +6.37391271442823259541e-01-j6.33622974736875010926e-01
  +6.22617390148712090969e-01-j6.42318055121112063688e-01
  +6.07810104526168015759e-01-j6.50600151800404868929e-01
  +5.92982160417397263785e-01-j6.58476748175556569898e-01
  +5.78145614958514797443e-01-j6.65955655329487639094e-01
  +5.63311841812917157846e-01-j6.73044963996365042114e-01
  +5.48491539174697839698e-01-j6.79752998773631489371e-01
  +5.33694740247997567728e-01-j6.86088274666185937711e-01
  +5.18930825917586768803e-01-j6.92059456023058738872e-01
  +5.04208539336584826707e-01-j6.97675317900912972391e-01
  +4.89536002170528117272e-01-j7.02944709864989913939e-01
  +4.74920732250498300875e-01-j7.07876522217281367588e-01
  +4.60369662403293800068e-01-j7.12479654623225600041e-01
  +4.45889160241644599836e-01-j7.16762987092287584545e-01
  +4.31485048713911911733e-01-j7.20735353254084221142e-01
  +4.17162627228075788555e-01-j7.24405515860294779706e-01
  +4.02926693181029138557e-01-j7.27782144433086530810e-01
  +3.88781563739532709523e-01-j7.30873794973297741251e-01
  +3.74731097734455564918e-01-j7.33688891635724815821e-01
  +3.60778717544420535202e-01-j7.36235710274568688760e-01
  +3.46927430859110264016e-01-j7.38522363759243405390e-01
  +3.33179852225508277286e-01-j7.40556788959053080568e-01
  +3.19538224293195782799e-01-j7.42346735294659998416e-01
  +3.06004438686193536157e-01-j7.43899754754709485738e-01
  +2.92580056440338909240e-01-j7.45223193277132600620e-01
  +2.79266327954499626873e-01-j7.46324183396482210284e-01
  +2.66064212414293899123e-01-j7.47209638061265390974e-01
  +2.52974396654589428479e-01-j7.47886245527978443803e-01
  +2.39997313435613035537e-01-j7.48360465242045580503e-01
  +2.27133159114044802518e-01-j7.48638524619325895770e-01
  +2.14381910697269695287e-01-j7.48726416645759229596e-01
  +2.01743342274392195579e-01-j7.48629898216670586208e-01
  +1.89217040822848070469e-01-j7.48354489141279222153e-01
  +1.76802421394098657759e-01-j7.47905471742143279634e-01
  +1.64498741685610849750e-01-j7.47287890983256763988e-01
  +1.52305116010216290423e-01-j7.46506555064741395000e-01
  +1.40220528676528927159e-01-j7.45566036425828637668e-01
  +1.28243846797313792996e-01-j7.44470673102033186908e-01
  +1.16373832544367242225e-01-j7.43224570385855431986e-01
  +1.04609154870978660057e-01-j7.41831602744317697429e-01
  +9.29484007241805632038e-02-j7.40295415949881130402e-01
  +8.13900857707918340411e-02-j7.38619429384827719254e-01
  +6.99326646620937325549e-02-j7.36806838482258141809e-01
  +5.85745408630981498344e-02-j7.34860617269968541265e-01
  +4.73140760730703033299e-02-j7.32783520986281966536e-01
  +3.61495992645823466249e-02-j7.30578088739635811422e-01
  +2.50794153689375652616e-02-j7.28246646186290091940e-01
  +1.41018136361169155873e-02-j7.25791308202876517264e-01
  +3.21507569782935502881e-03-j7.23213981532797145491e-01
  -7.58251663754678801449e-03-j7.20516367387550982215e-01
  -1.82926738291120938307e-02-j7.17699963986019651152e-01
  -2.89170912573624427910e-02-j7.14766069016658511792e-01
  -3.94574420584149071489e-02-j7.11715782009181285872e-01
  -4.99153701088355800097e-02-j7.08550006603955728757e-01
  -6.02924831310503103743e-02-j7.05269452708897404136e-01
  -7.05903458890439344797e-02-j7.01874638534991213135e-01
  -8.08104734436991406499e-02-j6.98365892503000407210e-01
  -9.09543244366213116114e-02-j6.94743355015115859885e-01
  -1.01023294370828756183e-01-j6.91006980086604438718e-01
  -1.11018708855994518991e-01-j6.87156536833664954855e-01
  -1.20941816785237174492e-01-j6.83191610814788852224e-01
  -1.30793783409496294778e-01-j6.79111605224224312849e-01
  -1.40575683274606955120e-01-j6.74915741937033519804e-01
  -1.50288492984877453118e-01-j6.70603062406637917547e-01
  -1.59933083755714772201e-01-j6.66172428416755280089e-01
  -1.69510213716229179992e-01-j6.61622522690882064467e-01
  -1.79020519920978310457e-01-j6.56951849363883955135e-01
  -1.88464510028011539289e-01-j6.52158734321510169529e-01
  -1.97842553598115949987e-01-j6.47241325415296997470e-01
  -2.07154872967600350853e-01-j6.42197592561896235530e-01
  -2.16401533644130422696e-01-j6.37025327737790747484e-01
  -2.25582434171932300071e-01-j6.31722144882357894424e-01
  -2.34697295409124984111e-01-j6.26285479724666638290e-01
  -2.43745649156035054661e-01-j6.20712589551976612334e-01
  -2.52726826068941368142e-01-j6.15000552940919598122e-01
  -2.61639942788870427659e-01-j6.09146269475858148645e-01
  -2.70483888209713030371e-01-j6.03146459482767571814e-01
  -2.79257308804013504311e-01-j5.96997663811664858180e-01
  -2.87958592918282574313e-01-j5.90696243705686185876e-01
  -2.96585853942501365133e-01-j5.84238380801097911821e-01
  -3.05136912250623448806e-01-j5.77620077309442980784e-01
  -3.13609275800221298791e-01-j5.70837156441089454972e-01
  -3.22000119270001661231e-01-j5.63885263138833470187e-01
  -3.30306261603491857493e-01-j5.56759865201053250061e-01
  -3.38524141816018975248e-01-j5.49456254886431239015e-01
  -3.46649792909718534872e-01-j5.41969551106930458317e-01
  -3.54678813728068087485e-01-j5.34294702332543169909e-01
  -3.62606338566961450276e-01-j5.26426490351139308999e-01
  -3.70427004343850452273e-01-j5.18359535049481290336e-01
  -3.78134915109788916077e-01-j5.10088300408157335752e-01
  -3.85723603671451031882e-01-j5.01607101934063437376e-01
  -3.93185990071362734266e-01-j4.92910115790109237821e-01
  -4.00514336654793745573e-01-j4.83991389923637771453e-01
  -4.07700199431232590541e-01-j4.74844857543883780426e-01
  -4.14734375417237566275e-01-j4.65464353355548698943e-01
  -4.21606845626349480138e-01-j4.55843633021663197091e-01
  -4.28306713350915857497e-01-j4.45976396405983410709e-01
  -4.34822137361144722689e-01-j4.35856315234652624824e-01
  -4.41140259629257458496e-01-j4.25477065921400776638e-01
  -4.47247127172806957507e-01-j4.14832368421758856947e-01
  -4.53127607602668236453e-01-j4.03916032123089130401e-01
  -4.58765297960442020031e-01-j3.92722009941220195905e-01
  -4.64142426439948574401e-01-j3.81244461984884208672e-01
  -4.69239746612221120259e-01-j3.69477830369908166741e-01
  -4.74036423818012031539e-01-j3.57416927020538399695e-01
  -4.78509913462911551374e-01-j3.45057036590201704485e-01
  -4.82635831056143660422e-01-j3.32394036973702067250e-01
  -4.86387813985677652795e-01-j3.19424540272642665251e-01
  -4.89737375232979443851e-01-j3.06146057521451020467e-01
  -4.92653749517743322350e-01-j2.92557190987893345202e-01
  -4.95103732747520342006e-01-j2.78657858434129546144e-01
  -4.97051516156454153972e-01-j2.64449554365143224555e-01
  -4.98458517184211247208e-01-j2.49935654001534141022e-01
  -4.99283210012079592399e-01-j2.35121766489568284619e-01
  -4.99480959788040579372e-01-j2.20016144693624932094e-01
  -4.99003865997391327092e-01-j2.04630159785773035885e-01
  -4.97800622243038171089e-01-j1.88978849722363284602e-01
  -4.95816401975723131113e-01-j1.73081551527418942005e-01
  -4.92992782558620945554e-01-j1.56962628010580779181e-01
  -4.89267723574634716410e-01-j1.40652300021360976423e-01
  -4.84575619609438235091e-01-j1.24187595421445390320e-01
  -4.78847452992541056105e-01-j1.07613425420110486730e-01
  -4.72011078266419747962e-01-j9.09837974601738069813e-02
  -4.63991677564502436049e-01-j7.43631710564725406654e-02
  -4.54712434634971629510e-01-j5.78279583425996765444e-02
  -4.44095484862247869007e-01-j4.14681638935907453947e-02
  -4.32063209045610852055e-01-j2.53891478160082409432e-02
  -4.18539949353976370450e-01-j9.71348111946020165153e-03
  -4.03454235842432451520e-01+j5.41715815061968777172e-03
  -3.86741619680072701293e-01+j1.98401268526274647541e-02
  -3.68348212533479490993e-01+j3.33701108270555713009e-02
  -3.48235027153953269341e-01+j4.57977291206497286180e-02
  -3.26383197783731315855e-01+j5.68886590279637366363e-02
  -3.02800124997753494771e-01+j6.63835526245293017222e-02
  -2.77526531494303896341e-01+j7.39990791745699927340e-02
  -2.50644326172757170301e-01+j7.94304882950227775229e-02
  -2.22285047413433800578e-01+j8.23561347497010348695e-02
  -1.92638489499060233667e-01+j8.24444206992886591268e-02
  -1.61960911251003508715e-01+j7.93635732796658527333e-02
  -1.30581995797245414836e-01+j7.27945587662545412488e-02
  -9.89095017295695821957e-02+j6.24472135537085040746e-02
  -6.74303628465925675162e-02+j4.80793281378167000617e-02
  -3.67069174164480760414e-02+j2.95179522658467578811e-02
  -7.36705034047794530411e-03+j6.68162652704549272359e-03
  +1.99126195747012860182e-02-j2.03983421890944240096e-02
  +4.44307401755657110920e-02-j5.15599428675115115106e-02
  +6.54917433280774452520e-02-j8.64985053298701067614e-02
  +8.24411322561159481959e-02-j1.24763253355201220174e-01
  +9.47027272477045517496e-02-j1.65764285925346477324e-01
  +1.01814247331145996123e-01-j2.08790811756063954263e-01
  +1.03457292146082929785e-01-j2.53040008050302245302e-01
  +9.94781361690261073383e-02-j2.97654319872578732031e-01
  +8.98967697254812458940e-02-j3.41763694164992248847e-01
  +7.49031513434358087178e-02-j3.84528462788078173595e-01
  +5.48413624272602526211e-02-j4.25178540241220481732e-01
  +3.01839115166773232224e-02-j4.63045286145549350731e-01
  +1.49951134817577773524e-03-j4.97583618195915622362e-01
  -3.05819193874273254075e-02-j5.28383447227193880913e-01
  -6.54034892498236847258e-02-j5.55170921208626766408e-01
  -1.02311962418258683982e-01-j5.77801058821674984323e-01
  -1.40682905236221594825e-01-j5.96243997176566731255e-01
  -1.79939471825361352320e-01-j6.10567268663729012523e-01
  -2.19564809727099963244e-01-j6.20916347238747112769e-01
</dep>
<dep S[1,2] frequency>
  +8.79200295833031830739e-01-j4.01343913742192026639e-01
  +8.67921430968615181811e-01-j4.18053510820310614271e-01
  +8.56280079110139480392e-01-j4.34333684734064973121e-01
  +8.44297471805763199981e-01-j4.50176733317653010591e-01
  +8.31994825360244827372e-01-j4.65576210930331080284e-01
  +8.19393258475700436705e-01-j4.80526896818340099049e-01
  +8.06513714854921959230e-01-j4.95024758045387924810e-01
  +7.93376891060023514690e-01-j5.09066907626000930698e-01
  +7.80003169847351518484e-01-j5.22651558498852919499e-01
  +7.66412559127103487633e-01-j5.35777973973820764719e-01
  +7.52624636630074506094e-01-j5.48446415272693998944e-01
  +7.38658500299959830393e-01-j5.60658086764630914089e-01
  +7.24532724371611980274e-01-j5.72415079471849108650e-01
  +7.10265321043901831644e-01-j5.83720313390068024084e-01
  +6.95873707608509972644e-01-j5.94577479134225650448e-01
  +6.81374678855956927848e-01-j6.04990979382030724665e-01
  +6.66784384545553887591e-01-j6.14965870548343951363e-01
  +6.52118311697531427562e-01-j6.24507805082229361382e-01
  +6.37391271442820372961e-01-j6.33622974736876898305e-01
  +6.22617390148710980746e-01-j6.42318055121113395955e-01
  +6.07810104526168459849e-01-j6.50600151800404202795e-01
  +5.92982160417396375607e-01-j6.58476748175556902964e-01
  +5.78145614958515019488e-01-j6.65955655329487750116e-01
  +5.63311841812919933403e-01-j6.73044963996363820868e-01
  +5.48491539174700060144e-01-j6.79752998773629935059e-01
  +5.33694740247997456706e-01-j6.86088274666186270778e-01
  +5.18930825917586657781e-01-j6.92059456023058960916e-01
  +5.04208539336582273194e-01-j6.97675317900914526703e-01
  +4.89536002170525508248e-01-j7.02944709864991579273e-01
  +4.74920732250496357985e-01-j7.07876522217282366789e-01
  +4.60369662403293689046e-01-j7.12479654623225600041e-01
  +4.45889160241645821081e-01-j7.16762987092286474322e-01
  +4.31485048713911911733e-01-j7.20735353254084221142e-01
  +4.17162627228075733044e-01-j7.24405515860294557662e-01
  +4.02926693181029083046e-01-j7.27782144433085975699e-01
  +3.88781563739533597701e-01-j7.30873794973298074318e-01
  +3.74731097734455731452e-01-j7.33688891635725148888e-01
  +3.60778717544419591512e-01-j7.36235710274568244671e-01
  +3.46927430859110652595e-01-j7.38522363759243849479e-01
  +3.33179852225510775288e-01-j7.40556788959052081367e-01
  +3.19538224293193284797e-01-j7.42346735294661108640e-01
  +3.06004438686197421937e-01-j7.43899754754708375515e-01
  +2.92580056440340297019e-01-j7.45223193277132378576e-01
  +2.79266327954499626873e-01-j7.46324183396482210284e-01
  +2.66064212414293788100e-01-j7.47209638061264613818e-01
  +2.52974396654590039102e-01-j7.47886245527977999714e-01
  +2.39997313435611453469e-01-j7.48360465242046135614e-01
  +2.27133159114043886584e-01-j7.48638524619325673726e-01
  +2.14381910697271776955e-01-j7.48726416645758563462e-01
  +2.01743342274390641267e-01-j7.48629898216670253142e-01
  +1.89217040822847543113e-01-j7.48354489141279444198e-01
  +1.76802421394098546736e-01-j7.47905471742143501679e-01
  +1.64498741685612931418e-01-j7.47287890983256763988e-01
  +1.52305116010215707556e-01-j7.46506555064740950911e-01
  +1.40220528676528427559e-01-j7.45566036425828637668e-01
  +1.28243846797312072150e-01-j7.44470673102033186908e-01
  +1.16373832544367727948e-01-j7.43224570385854987897e-01
  +1.04609154870979728646e-01-j7.41831602744317253340e-01
  +9.29484007241804799371e-02-j7.40295415949881241424e-01
  +8.13900857707917091410e-02-j7.38619429384827608231e-01
  +6.99326646620940378662e-02-j7.36806838482258363854e-01
  +5.85745408630987743348e-02-j7.34860617269968985354e-01
  +4.73140760730686449342e-02-j7.32783520986281855514e-01
  +3.61495992645827352030e-02-j7.30578088739635811422e-01
  +2.50794153689376832228e-02-j7.28246646186290202962e-01
  +1.41018136361157064851e-02-j7.25791308202876406241e-01
  +3.21507569782935502881e-03-j7.23213981532797145491e-01
  -7.58251663754614009527e-03-j7.20516367387550871193e-01
  -1.82926738291128467007e-02-j7.17699963986019429107e-01
  -2.89170912573624427910e-02-j7.14766069016658733837e-01
  -3.94574420584155177716e-02-j7.11715782009181174850e-01
  -4.99153701088352746984e-02-j7.08550006603956172846e-01
  -6.02924831310491030067e-02-j7.05269452708897293114e-01
  -7.05903458890441981577e-02-j7.01874638534991435179e-01
  -8.08104734436995153501e-02-j6.98365892503000629254e-01
  -9.09543244366212144669e-02-j6.94743355015115415796e-01
  -1.01023294370828464750e-01-j6.91006980086604327695e-01
  -1.11018708855994768792e-01-j6.87156536833664843833e-01
  -1.20941816785236647136e-01-j6.83191610814789074269e-01
  -1.30793783409496183756e-01-j6.79111605224224201827e-01
  -1.40575683274606871853e-01-j6.74915741937032631625e-01
  -1.50288492984876287384e-01-j6.70603062406638805726e-01
  -1.59933083755713301155e-01-j6.66172428416755613156e-01
  -1.69510213716229346526e-01-j6.61622522690881953444e-01
  -1.79020519920978310457e-01-j6.56951849363883955135e-01
  -1.88464510028011345000e-01-j6.52158734321509947485e-01
  -1.97842553598116255298e-01-j6.47241325415296886447e-01
  -2.07154872967600683920e-01-j6.42197592561896124508e-01
  -2.16401533644130894540e-01-j6.37025327737791080551e-01
  -2.25582434171932438849e-01-j6.31722144882357783402e-01
  -2.34697295409124512267e-01-j6.26285479724666749313e-01
  -2.43745649156035054661e-01-j6.20712589551976612334e-01
  -2.52726826068941701209e-01-j6.15000552940919598122e-01
  -2.61639942788869761525e-01-j6.09146269475858259668e-01
  -2.70483888209712752815e-01-j6.03146459482767571814e-01
  -2.79257308804013226755e-01-j5.96997663811665080225e-01
  -2.87958592918282685336e-01-j5.90696243705686074854e-01
  -2.96585853942502419844e-01-j5.84238380801097689776e-01
  -3.05136912250622616138e-01-j5.77620077309442869762e-01
  -3.13609275800221687369e-01-j5.70837156441089565995e-01
  -3.22000119270001106120e-01-j5.63885263138834025298e-01
  -3.30306261603491690959e-01-j5.56759865201053250061e-01
  -3.38524141816018198092e-01-j5.49456254886431239015e-01
  -3.46649792909718534872e-01-j5.41969551106930680362e-01
  -3.54678813728067532374e-01-j5.34294702332543391954e-01
  -3.62606338566960617609e-01-j5.26426490351140197177e-01
  -3.70427004343849841650e-01-j5.18359535049481512381e-01
  -3.78134915109788249943e-01-j5.10088300408156891663e-01
  -3.85723603671451864550e-01-j5.01607101934062882265e-01
  -3.93185990071362290177e-01-j4.92910115790109293332e-01
  -4.00514336654793912107e-01-j4.83991389923637160830e-01
  -4.07700199431232535030e-01-j4.74844857543883724915e-01
  -4.14734375417237566275e-01-j4.65464353355548532409e-01
  -4.21606845626348591960e-01-j4.55843633021664029759e-01
  -4.28306713350916079541e-01-j4.45976396405983022131e-01
  -4.34822137361144611667e-01-j4.35856315234652624824e-01
  -4.41140259629257514007e-01-j4.25477065921400166015e-01
  -4.47247127172806457907e-01-j4.14832368421759467569e-01
  -4.53127607602668236453e-01-j4.03916032123089574490e-01
  -4.58765297960442020031e-01-j3.92722009941219973861e-01
  -4.64142426439948574401e-01-j3.81244461984883320493e-01
  -4.69239746612221453326e-01-j3.69477830369907833674e-01
  -4.74036423818012253584e-01-j3.57416927020538233162e-01
  -4.78509913462911218307e-01-j3.45057036590202259596e-01
  -4.82635831056144326556e-01-j3.32394036973702289295e-01
  -4.86387813985677652795e-01-j3.19424540272642665251e-01
  -4.89737375232979332829e-01-j3.06146057521450798422e-01
  -4.92653749517743322350e-01-j2.92557190987893844802e-01
  -4.95103732747520397517e-01-j2.78657858434129157565e-01
  -4.97051516156454098461e-01-j2.64449554365143890688e-01
  -4.98458517184211580275e-01-j2.49935654001533724688e-01
  -4.99283210012079814444e-01-j2.35121766489568367886e-01
  -4.99480959788040468350e-01-j2.20016144693625653739e-01
  -4.99003865997390883003e-01-j2.04630159785773341197e-01
  -4.97800622243038004555e-01-j1.88978849722363229091e-01
  -4.95816401975723131113e-01-j1.73081551527419857939e-01
  -4.92992782558620612487e-01-j1.56962628010580890203e-01
  -4.89267723574634827433e-01-j1.40652300021360504578e-01
  -4.84575619609438124069e-01-j1.24187595421445085009e-01
  -4.78847452992541333661e-01-j1.07613425420110236930e-01
  -4.72011078266419858984e-01-j9.09837974601741539260e-02
  -4.63991677564502658093e-01-j7.43631710564730402657e-02
  -4.54712434634971685021e-01-j5.78279583425998083834e-02
  -4.44095484862247813496e-01-j4.14681638935912380561e-02
  -4.32063209045610741033e-01-j2.53891478160086676852e-02
  -4.18539949353976314939e-01-j9.71348111946035604192e-03
  -4.03454235842432396009e-01+j5.41715815061966782240e-03
  -3.86741619680072701293e-01+j1.98401268526272080150e-02
  -3.68348212533479435482e-01+j3.33701108270556684454e-02
  -3.48235027153952936274e-01+j4.57977291206493747344e-02
  -3.26383197783731204833e-01+j5.68886590279640488865e-02
  -3.02800124997753661305e-01+j6.63835526245288159997e-02
  -2.77526531494304007364e-01+j7.39990791745702425342e-02
  -2.50644326172757225812e-01+j7.94304882950224860894e-02
  -2.22285047413433717312e-01+j8.23561347497013956920e-02
  -1.92638489499060455712e-01+j8.24444206992884925933e-02
  -1.61960911251004341382e-01+j7.93635732796661164112e-02
  -1.30581995797245775659e-01+j7.27945587662559151498e-02
  -9.89095017295688466730e-02+j6.24472135537080808021e-02
  -6.74303628465928311941e-02+j4.80793281378161865836e-02
  -3.67069174164481037970e-02+j2.95179522658467786977e-02
  -7.36705034047754284826e-03+j6.68162652704486995786e-03
  +1.99126195747013311210e-02-j2.03983421890935393006e-02
  +4.44307401755664535536e-02-j5.15599428675113241605e-02
  +6.54917433280764738068e-02-j8.64985053298698014501e-02
  +8.24411322561156567623e-02-j1.24763253355201164663e-01
  +9.47027272477045101162e-02-j1.65764285925346477324e-01
  +1.01814247331146426334e-01-j2.08790811756064342841e-01
  +1.03457292146082971418e-01-j2.53040008050301912235e-01
  +9.94781361690263987718e-02-j2.97654319872578843054e-01
  +8.98967697254807046603e-02-j3.41763694164991471691e-01
  +7.49031513434359058623e-02-j3.84528462788078340129e-01
  +5.48413624272595101594e-02-j4.25178540241219704576e-01
  +3.01839115166766189247e-02-j4.63045286145548906642e-01
  +1.49951134817447192214e-03-j4.97583618195915622362e-01
  -3.05819193874274537770e-02-j5.28383447227193769891e-01
  -6.54034892498230741031e-02-j5.55170921208626211296e-01
  -1.02311962418258892149e-01-j5.77801058821674429211e-01
  -1.40682905236223121381e-01-j5.96243997176566731255e-01
  -1.79939471825361657631e-01-j6.10567268663729567635e-01
  -2.19564809727100712644e-01-j6.20916347238746446635e-01
</dep>
<dep S[1,1] frequency>
  -1.05443409968069223837e-01-j2.29924339017641782279e-01
  -1.15174113587036053286e-01-j2.38071315870256317027e-01
  -1.25190542260654957829e-01-j2.45790185241456626830e-01
  -1.35471120304084674535e-01-j2.53073349883478404543e-01
  -1.45994273392580503623e-01-j2.59914476002284344780e-01
  -1.56738510654069185257e-01-j2.66308461921566819175e-01
  -1.67682501837242065035e-01-j2.72251401326774389311e-01
  -1.78805149254269213355e-01-j2.77740541723010381236e-01
  -1.90085654271072962418e-01-j2.82774238743673966834e-01
  -2.01503578192044202622e-01-j2.87351906943431045782e-01
  -2.13038897453215969602e-01-j2.91473967695328517458e-01
  -2.24672053102701996252e-01-j2.95141794793206069247e-01
  -2.36383994605871866623e-01-j2.98357658334908792952e-01
  -2.48156218064991329619e-01-j3.01124667430967662973e-01
  -2.59970798990695473041e-01-j3.03446712249369532355e-01
  -2.71810419803064973188e-01-j3.05328405869230101732e-01
  -2.83658392274847348524e-01-j3.06775026376529313943e-01
  -2.95498675158067436453e-01-j3.07792459594028844361e-01
  -3.07315887258121978043e-01-j3.08387142795785607063e-01
  -3.19095316236929882336e-01-j3.08566009715342204345e-01
  -3.30822923439153926406e-01-j3.08336437115713457580e-01
  -3.42485345042911393243e-01-j3.07706193149763718164e-01
  -3.54069889840062934638e-01-j3.06683387701620069343e-01
  -3.65564533950652803540e-01-j3.05276424863813067301e-01
  -3.76957912772257930367e-01-j3.03493957670996850062e-01
  -3.88239310458560749062e-01-j3.01344845179859155415e-01
  -3.99398647212132917872e-01-j2.98838111955978869005e-01
  -4.10426464665828383271e-01-j2.95982910002343502232e-01
  -4.21313909613861281578e-01-j2.92788483140485888967e-01
  -4.32052716340329989730e-01-j2.89264133834492453978e-01
  -4.42635187777564276246e-01-j2.85419192429534618327e-01
  -4.53054175711783690961e-01-j2.81262988760722143500e-01
  -4.63303060237137465105e-01-j2.76804826074350418530e-01
  -4.73375728643839532861e-01-j2.72053957192188833325e-01
  -4.83266553910005669525e-01-j2.67019562840007829152e-01
  -4.92970372951394397720e-01-j2.61710732053959227450e-01
  -5.02482464768140069111e-01-j2.56136444572622745675e-01
  -5.11798528613016445732e-01-j2.50305555118211175980e-01
  -5.20914662291730334864e-01-j2.44226779467533461343e-01
  -5.29827340692759274354e-01-j2.37908682211687261265e-01
  -5.38533394631407369424e-01-j2.31359666102825684009e-01
  -5.47029990081435490978e-01-j2.24587962886751729696e-01
  -5.55314607856316588830e-01-j2.17601625521369718141e-01
  -5.63385023792527972475e-01-j2.10408521682648674833e-01
  -5.71239289477478706658e-01-j2.03016328462575890157e-01
  -5.78875713556671667170e-01-j1.95432528166142427395e-01
  -5.86292843646444628014e-01-j1.87664405117969085302e-01
  -5.93489448872059344176e-01-j1.79719043392615601684e-01
  -6.00464503044191189041e-01-j1.71603325386517902018e-01
  -6.07217168481471780694e-01-j1.63323931153386725512e-01
  -6.13746780481540965546e-01-j1.54887338428973009297e-01
  -6.20052832438612200328e-01-j1.46299823275223866981e-01
  -6.26134961601673700748e-01-j1.37567461277829483635e-01
  -6.31992935463834726306e-01-j1.28696129235356504505e-01
  -6.37626638770663722866e-01-j1.19691507281897799309e-01
  -6.43036061132322478429e-01-j1.10559081389315791433e-01
  -6.48221285222602028320e-01-j1.01304146198596456419e-01
  -6.53182475545624585678e-01-j9.19318081337196640890e-02
  -6.57919867749831910331e-01-j8.24469887546631641229e-02
  -6.62433758467211086796e-01-j7.28544283096592415472e-02
  -6.66724495654960391811e-01-j6.31586894498230855266e-02
  -6.70792469415681602563e-01-j5.33641610723180059850e-02
  -6.74638103271655520388e-01-j4.34750622610003134572e-02
  -6.78261845868158963491e-01-j3.34954462961169763258e-02
  -6.81664163080377250026e-01-j2.34292047071316122953e-02
  -6.84845530498114696272e-01-j1.32800713450300367224e-02
  -6.87806426262307701869e-01-j3.05162645265122378646e-03
  -6.90547324227150705056e-01+j7.25269928642960359788e-03
  -6.93068687421477425126e-01+j1.76296207380735314718e-02
  -6.95370961782892482717e-01+j2.80759943626447683318e-02
  -6.97454570138086538122e-01+j3.85888143292418273056e-02
  -6.99319906402544599899e-01+j4.91652087118721325965e-02
  -7.00967329972748465217e-01+j5.98024357789521954221e-02
  -7.02397160283685595417e-01+j7.04978803862251479639e-02
  -7.03609671504253242347e-01+j8.12490504820357894999e-02
  -7.04605087342771829739e-01+j9.20535737327431158317e-02
  -7.05383575934346862546e-01+j1.02909194275019572062e-01
  -7.05945244781285174973e-01+j1.13813769600773190271e-01
  -7.06290135717142941729e-01+j1.24765267579531158315e-01
  -7.06418219864080265680e-01+j1.35761763622080755542e-01
  -7.06329392552359047741e-01+j1.46801437988417521341e-01
  -7.06023468169598711341e-01+j1.57882573241961476906e-01
  -7.05500174906166455102e-01+j1.69003551851200778389e-01
  -7.04759149361549597224e-01+j1.80162853938903688711e-01
  -7.03799930974815524110e-01+j1.91359055177996006947e-01
  -7.02621956240343070732e-01+j2.02590824832160565361e-01
  -7.01224552667691569674e-01+j2.13856923937906284738e-01
  -6.99606932442033424557e-01+j2.25156203623610107201e-01
  -6.97768185738664170614e-01+j2.36487603559451725621e-01
  -6.95707273641964163424e-01+j2.47850150530495944023e-01
  -6.93423020615555274482e-01+j2.59242957123148709542e-01
  -6.90914106466477440094e-01+j2.70665220513028381699e-01
  -6.88179057741722721708e-01+j2.82116221339643369337e-01
  -6.85216238490581885934e-01+j2.93595322650238577111e-01
  -6.82023840320761687295e-01+j3.05101968891703045905e-01
  -6.78599871670221066466e-01+j3.16635684925259786038e-01
  -6.74942146210001370221e-01+j3.28196075034017820116e-01
  -6.71048270285944603586e-01+j3.39782821887782249259e-01
  -6.66915629299147161291e-01+j3.51395685423127712710e-01
  -6.62541372916066628740e-01+j3.63034501589147740042e-01
  -6.57922398989458478979e-01+j3.74699180900476325196e-01
  -6.53055336060663793596e-01+j3.86389706728864690266e-01
  -6.47936524302095251393e-01+j3.98106133252610128181e-01
  -6.42561994746095432873e-01+j4.09848582969070451831e-01
  -6.36927446632537863636e-01+j4.21617243659173690506e-01
  -6.31028222692633145030e-01+j4.33412364673656846925e-01
  -6.24859282170284191515e-01+j4.45234252388557349978e-01
  -6.18415171365077398491e-01+j4.57083264651392262579e-01
  -6.11689991462518900533e-01+j4.68959804009158820470e-01
  -6.04677363397569722636e-01+j4.80864309473773565706e-01
  -5.97370389476942653673e-01+j4.92797246539358912987e-01
  -5.89761611464189039467e-01+j5.04759095117403244757e-01
  -5.81842964809601514986e-01+j5.16750334999697358285e-01
  -5.73605728684744686774e-01+j5.28771428393203901663e-01
  -5.65040471459605120330e-01+j5.40822798994536002581e-01
  -5.56136991239533307052e-01+j5.52904806982533858495e-01
  -5.46884251060583359560e-01+j5.65017719203354973345e-01
  -5.37270308326609047356e-01+j5.77161673701523048052e-01
  -5.27282238061599128898e-01+j5.89336637609397362425e-01
  -5.16906049548427337648e-01+j6.01542357243643244225e-01
  -5.06126595933579448428e-01+j6.13778299067073707107e-01
  -4.94927476400507326826e-01+j6.26043579953432183238e-01
  -4.83290930557122522249e-01+j6.38336884937223736358e-01
  -4.71197724752226709821e-01+j6.50656370335595757304e-01
  -4.58627030139790559105e-01+j6.62999549789282660583e-01
  -4.45556292459556524399e-01+j6.75363160379388594023e-01
  -4.31961093711220156521e-01+j6.87743005530682127713e-01
  -4.17815006184259263300e-01+j7.00133770904788343969e-01
  -4.03089439688082362689e-01+j7.12528808913686417803e-01
  -3.87753483334189019693e-01+j7.24919886842027350049e-01
  -3.71773743886801399938e-01+j7.37296892855444419013e-01
  -3.55114183562057539323e-01+j7.49647493394644537368e-01
  -3.37735961268529172319e-01+j7.61956734621216158487e-01
  -3.19597282704347562809e-01+j7.74206579709584619131e-01
  -3.00653266531634155712e-01+j7.86375372902346159165e-01
  -2.80855836122942681410e-01+j7.98437220413950710096e-01
  -2.60153649216510740594e-01+j8.10361277557162251739e-01
  -2.38492081339094941228e-01+j8.22110930989870980490e-01
  -2.15813283177955145264e-01+j8.33642864896791846441e-01
  -1.92056337331147297665e-01+j8.44906000453872541023e-01
  -1.67157546151409153179e-01+j8.55840299377260471658e-01
  -1.41050889808408491666e-01+j8.66375425140232136023e-01
  -1.13668702249063974241e-01+j8.76429260083615435661e-01
  -8.49426223497542487451e-02+j8.85906283828856944140e-01
  -5.48048879611864880879e-02+j8.94695828974497064934e-01
  -2.31900512059961538824e-02+j9.02670245029390971858e-01
  +9.96279664416260812843e-03+j9.09683022065065238770e-01
  +4.47071946209082748958e-02+j9.15566952877927553445e-01
  +8.10857764539006931059e-02+j9.20132447679014475739e-01
  +1.19125934916197773195e-01+j9.23166159264495633785e-01
  +1.58834607559194984638e-01+j9.24430129278708934137e-01
  +2.00192139272632352309e-01+j9.23661726178382380681e-01
  +2.43145235205351750718e-01+j9.20574709209688535339e-01
  +2.87599106754235112060e-01+j9.14861813202769047493e-01
  +3.33409039747895152850e-01+j9.06199294974770697131e-01
  +3.80371780922551139259e-01+j8.94253897078681081467e-01
  +4.28217343648590154093e-01+j8.78692646676712763032e-01
  +4.76602064016664994650e-01+j8.59195790696928973773e-01
  +5.25103967045096542421e-01+j8.35472947398743448488e-01
  +5.73221685824168547541e-01+j8.07282210425873003601e-01
  +6.20378252667902918560e-01+j7.74451473400795564750e-01
  +6.65930978888104707636e-01+j7.36900680216735937123e-01
  +7.09188290970626189491e-01+j6.94663118336211971027e-01
  +7.49433756070519097037e-01+j6.47903373474700505774e-01
  +7.85956625771782713130e-01+j5.96929300392551431820e-01
  +8.18087151233587328569e-01+j5.42195484301508989766e-01
  +8.45233858065928211900e-01+j4.84296272796846949404e-01
  +8.66919158473332007731e-01+j4.23947553032752111335e-01
  +8.82809364816953046073e-01+j3.61957903085186327719e-01
  +8.92735516668939244056e-01+j2.99191300987181163507e-01
  +8.96702455694335265335e-01+j2.36524897304211362270e-01
  +8.94885112807496607701e-01+j1.74806136759975361272e-01
  +8.87612698463503990709e-01+j1.14813563157888404165e-01
  +8.75343043220265459858e-01+j5.72249574229586610574e-02
  +8.58630411649781821737e-01+j2.59522297380718192095e-03
  +8.38090541344062689433e-01-j4.86550532942873342757e-02
  +8.14366447200289833575e-01-j9.62408512920899794629e-02
  +7.88097830618810224479e-01-j1.40005359991434208400e-01
  +7.59895970431104794685e-01-j1.79906236246196948869e-01
  +7.30324974486986855382e-01-j2.15997895200159190088e-01
  +6.99889410760838881487e-01-j2.48412072590767668556e-01
</dep>
