<Qucs Dataset 1.0.7>
<indep frequency 181>
  +1.00000000000000000000e+09
  +1.05000000000000000000e+09
  +1.10000000000000000000e+09
  +1.15000000000000000000e+09
  +1.20000000000000000000e+09
  +1.25000000000000000000e+09
  +1.30000000000000000000e+09
  +1.35000000000000000000e+09
  +1.40000000000000000000e+09
  +1.45000000000000000000e+09
  +1.50000000000000000000e+09
  +1.55000000000000000000e+09
  +1.60000000000000000000e+09
  +1.65000000000000000000e+09
  +1.70000000000000000000e+09
  +1.75000000000000000000e+09
  +1.80000000000000000000e+09
  +1.85000000000000000000e+09
  +1.90000000000000000000e+09
  +1.95000000000000000000e+09
  +2.00000000000000000000e+09
  +2.05000000000000000000e+09
  +2.10000000000000000000e+09
  +2.15000000000000000000e+09
  +2.20000000000000000000e+09
  +2.25000000000000000000e+09
  +2.30000000000000000000e+09
  +2.35000000000000000000e+09
  +2.40000000000000000000e+09
  +2.45000000000000000000e+09
  +2.50000000000000000000e+09
  +2.55000000000000000000e+09
  +2.60000000000000000000e+09
  +2.65000000000000000000e+09
  +2.70000000000000000000e+09
  +2.75000000000000000000e+09
  +2.80000000000000000000e+09
  +2.85000000000000000000e+09
  +2.90000000000000000000e+09
  +2.95000000000000000000e+09
  +3.00000000000000000000e+09
  +3.05000000000000000000e+09
  +3.10000000000000000000e+09
  +3.15000000000000000000e+09
  +3.20000000000000000000e+09
  +3.25000000000000000000e+09
  +3.30000000000000000000e+09
  +3.35000000000000000000e+09
  +3.40000000000000000000e+09
  +3.45000000000000000000e+09
  +3.50000000000000000000e+09
  +3.55000000000000000000e+09
  +3.60000000000000000000e+09
  +3.65000000000000000000e+09
  +3.70000000000000000000e+09
  +3.75000000000000000000e+09
  +3.80000000000000000000e+09
  +3.85000000000000000000e+09
  +3.90000000000000000000e+09
  +3.95000000000000000000e+09
  +4.00000000000000000000e+09
  +4.05000000000000000000e+09
  +4.10000000000000000000e+09
  +4.15000000000000000000e+09
  +4.20000000000000000000e+09
  +4.25000000000000000000e+09
  +4.30000000000000000000e+09
  +4.35000000000000000000e+09
  +4.40000000000000000000e+09
  +4.45000000000000000000e+09
  +4.50000000000000000000e+09
  +4.55000000000000000000e+09
  +4.60000000000000000000e+09
  +4.65000000000000000000e+09
  +4.70000000000000000000e+09
  +4.75000000000000000000e+09
  +4.80000000000000000000e+09
  +4.85000000000000000000e+09
  +4.90000000000000000000e+09
  +4.95000000000000000000e+09
  +5.00000000000000000000e+09
  +5.05000000000000000000e+09
  +5.10000000000000000000e+09
  +5.15000000000000000000e+09
  +5.20000000000000000000e+09
  +5.25000000000000000000e+09
  +5.30000000000000000000e+09
  +5.35000000000000000000e+09
  +5.40000000000000000000e+09
  +5.45000000000000000000e+09
  +5.50000000000000000000e+09
  +5.55000000000000000000e+09
  +5.60000000000000000000e+09
  +5.65000000000000000000e+09
  +5.70000000000000000000e+09
  +5.75000000000000000000e+09
  +5.80000000000000000000e+09
  +5.85000000000000000000e+09
  +5.90000000000000000000e+09
  +5.95000000000000000000e+09
  +6.00000000000000000000e+09
  +6.05000000000000000000e+09
  +6.10000000000000000000e+09
  +6.15000000000000000000e+09
  +6.20000000000000000000e+09
  +6.25000000000000000000e+09
  +6.30000000000000000000e+09
  +6.35000000000000000000e+09
  +6.40000000000000000000e+09
  +6.45000000000000000000e+09
  +6.50000000000000000000e+09
  +6.55000000000000000000e+09
  +6.60000000000000000000e+09
  +6.65000000000000000000e+09
  +6.70000000000000000000e+09
  +6.75000000000000000000e+09
  +6.80000000000000000000e+09
  +6.85000000000000000000e+09
  +6.90000000000000000000e+09
  +6.95000000000000000000e+09
  +7.00000000000000000000e+09
  +7.05000000000000000000e+09
  +7.10000000000000000000e+09
  +7.15000000000000000000e+09
  +7.20000000000000000000e+09
  +7.25000000000000000000e+09
  +7.30000000000000000000e+09
  +7.35000000000000000000e+09
  +7.40000000000000000000e+09
  +7.45000000000000000000e+09
  +7.50000000000000000000e+09
  +7.55000000000000000000e+09
  +7.60000000000000000000e+09
  +7.65000000000000000000e+09
  +7.70000000000000000000e+09
  +7.75000000000000000000e+09
  +7.80000000000000000000e+09
  +7.85000000000000000000e+09
  +7.90000000000000000000e+09
  +7.95000000000000000000e+09
  +8.00000000000000000000e+09
  +8.05000000000000000000e+09
  +8.10000000000000000000e+09
  +8.15000000000000000000e+09
  +8.20000000000000000000e+09
  +8.25000000000000000000e+09
  +8.30000000000000000000e+09
  +8.35000000000000000000e+09
  +8.40000000000000000000e+09
  +8.45000000000000000000e+09
  +8.50000000000000000000e+09
  +8.55000000000000000000e+09
  +8.60000000000000000000e+09
  +8.65000000000000000000e+09
  +8.70000000000000000000e+09
  +8.75000000000000000000e+09
  +8.80000000000000000000e+09
  +8.85000000000000000000e+09
  +8.90000000000000000000e+09
  +8.95000000000000000000e+09
  +9.00000000000000000000e+09
  +9.05000000000000000000e+09
  +9.10000000000000000000e+09
  +9.15000000000000000000e+09
  +9.20000000000000000000e+09
  +9.25000000000000000000e+09
  +9.30000000000000000000e+09
  +9.35000000000000000000e+09
  +9.40000000000000000000e+09
  +9.45000000000000000000e+09
  +9.50000000000000000000e+09
  +9.55000000000000000000e+09
  +9.60000000000000000000e+09
  +9.65000000000000000000e+09
  +9.70000000000000000000e+09
  +9.75000000000000000000e+09
  +9.80000000000000000000e+09
  +9.85000000000000000000e+09
  +9.90000000000000000000e+09
  +9.95000000000000000000e+09
  +1.00000000000000000000e+10
</indep>
<dep S21_phase frequency>
  -3.69471081353021446603e+01
  -3.87741164638398814191e+01
  -4.05976641181137622993e+01
  -4.24174905618831417087e+01
  -4.42333264377441892634e+01
  -4.60448939874997265065e+01
  -4.78519075496542214410e+01
  -4.96540741305819040008e+01
  -5.14510940452184897254e+01
  -5.32426616224026929558e+01
  -5.50284659694924513929e+01
  -5.68081917901758757239e+01
  -5.85815202488987978313e+01
  -6.03481298750072170378e+01
  -6.21076974990970143153e+01
  -6.38598992140701611220e+01
  -6.56044113529762142889e+01
  -6.73409114757079692026e+01
  -6.90690793567056857682e+01
  -7.07885979657471864357e+01
  -7.24991544342912987986e+01
  -7.42004409999701550760e+01
  -7.58921559223096267033e+01
  -7.75740043631365239207e+01
  -7.92456992257004202429e+01
  -8.09069619470821805862e+01
  -8.25575232390855546782e+01
  -8.41971237735198911878e+01
  -8.58255148084077319481e+01
  -8.74424587523858036775e+01
  -8.90477296652820768941e+01
  -9.06411136935128070036e+01
  -9.22224094396488425218e+01
  -9.37914282661449902889e+01
  -9.53479945338077499173e+01
  -9.68919457762089990638e+01
  -9.84231328116825068264e+01
  -9.99414197951141574094e+01
  -1.01446684212043336970e+02
  -1.02938816818030460354e+02
  -1.04417721526483447292e+02
  -1.05883315248404386466e+02
  -1.07335527687691509868e+02
  -1.08774301095737783385e+02
  -1.10199589989188027062e+02
  -1.11611360834684930410e+02
  -1.13009591704467908357e+02
  -1.14394271906615543344e+02
  -1.15765401593617951903e+02
  -1.17122991352871565596e+02
  -1.18467061782527920855e+02
  -1.19797643055961160030e+02
  -1.21114774477942276576e+02
  -1.22418504035406670027e+02
  -1.23708887945506631922e+02
  -1.24985990203407055787e+02
  -1.26249882132100395893e+02
  -1.27500641936286768896e+02
  -1.28738354262147993268e+02
  -1.29963109764665261991e+02
  -1.31175004683905456204e+02
  -1.32374140431535039397e+02
  -1.33560623188614016499e+02
  -1.34734563515583715798e+02
  -1.35896075975170191441e+02
  -1.37045278768802404556e+02
  -1.38182293386990977524e+02
  -1.39307244273995706862e+02
  -1.40420258506991444847e+02
  -1.41521465489841091312e+02
  -1.42610996661488712789e+02
  -1.43688985218903837904e+02
  -1.44755565854437634243e+02
  -1.45810874507383203991e+02
  -1.46855048129479627050e+02
  -1.47888224464051006635e+02
  -1.48910541838435904083e+02
  -1.49922138969320144497e+02
  -1.50923154780573128164e+02
  -1.51913728233150692404e+02
  -1.52893998166628591662e+02
  -1.53864103151903037769e+02
  -1.54824181354604519356e+02
  -1.55774370408748069394e+02
  -1.56714807300167194626e+02
  -1.57645628259253896886e+02
  -1.58566968662559133918e+02
  -1.59478962942792435342e+02
  -1.60381744506788976423e+02
  -1.61275445660999849906e+02
  -1.62160197544098224398e+02
  -1.63036130066285494422e+02
  -1.63903371854906509952e+02
  -1.64762050205995365104e+02
  -1.65612291041383627999e+02
  -1.66454218871022106896e+02
  -1.67287956760180577476e+02
  -1.68113626301200866919e+02
  -1.68931347589502536266e+02
  -1.69741239203545887904e+02
  -1.70543418188474305452e+02
  -1.71338000043175753717e+02
  -1.72125098710510854971e+02
  -1.72904826570474710934e+02
  -1.73677294436065182026e+02
  -1.74442611551651225454e+02
  -1.75200885593640322213e+02
  -1.75952222673258546592e+02
  -1.76696727341268200462e+02
  -1.77434502594456176894e+02
  -1.78165649883741536996e+02
  -1.78890269123754109160e+02
  -1.79608458703748368634e+02
  +1.79679684500270667513e+02
  +1.78974065112334216110e+02
  +1.78274589242313282966e+02
  +1.77581164470848335668e+02
  +1.76893699833497265672e+02
  +1.76212105804188979619e+02
  +1.75536294278074109343e+02
  +1.74866178553840939003e+02
  +1.74201673315570701561e+02
  +1.73542694614201451486e+02
  +1.72889159848657783414e+02
  +1.72240987746704945494e+02
  +1.71598098345576858037e+02
  +1.70960412972431356593e+02
  +1.70327854224672023520e+02
  +1.69700345950176370025e+02
  +1.69077813227470784341e+02
  +1.68460182345889705857e+02
  +1.67847380785737072983e+02
  +1.67239337198494638415e+02
  +1.66635981387089714190e+02
  +1.66037244286256537862e+02
  +1.65443057942999899979e+02
  +1.64853355497197668456e+02
  +1.64268071162337349733e+02
  +1.63687140206424544431e+02
  +1.63110498933059005822e+02
  +1.62538084662704505945e+02
  +1.61969835714150946160e+02
  +1.61405691386188948400e+02
  +1.60845591939500906165e+02
  +1.60289478578767017325e+02
  +1.59737293435018585797e+02
  +1.59188979548204230241e+02
  +1.58644480850012627116e+02
  +1.58103742146934877155e+02
  +1.57566709103561265692e+02
  +1.57033328226142089079e+02
  +1.56503546846385916069e+02
  +1.55977313105515349889e+02
  +1.55454575938566392779e+02
  +1.54935285058942383785e+02
  +1.54419390943226090940e+02
  +1.53906844816221564543e+02
  +1.53397598636271851547e+02
  +1.52891605080772222891e+02
  +1.52388817532012780021e+02
  -2.81108099363843919605e+01
  -2.86073225754110929131e+01
  -2.91007649696699957076e+01
  -2.95911810551346903253e+01
  -3.00786141299124096804e+01
  -3.05631068674916512862e+01
  -3.10447013293142148882e+01
  -3.15234389771127538893e+01
  -3.19993606850415055476e+01
  -3.24725067515996101974e+01
  -3.29429169113157911397e+01
  -3.34106303462577542973e+01
  -3.38756856973083628759e+01
  -3.43381210752718928347e+01
  -3.47979740717527121774e+01
  -3.52552817698666913770e+01
  -3.57100807547499030647e+01
  -3.61624071238871351852e+01
  -3.66122964972617879198e+01
  -3.70597840273241914133e+01
  -3.75049044087906722211e+01
</dep>
<dep S11_phase frequency>
  -1.26852117241845206763e+02
  -1.28683069173789078832e+02
  -1.30510436722054947722e+02
  -1.32333975146354049457e+02
  -1.34153428327184087721e+02
  -1.35968529655393581379e+02
  -1.37779002898616795392e+02
  -1.39584563065541914284e+02
  -1.41384917281648057497e+02
  -1.43179765684711185258e+02
  -1.44968802344510578450e+02
  -1.46751716208086634197e+02
  -1.48528192069631302275e+02
  -1.50297911562487513493e+02
  -1.52060554169128749891e+02
  -1.53815798244285815599e+02
  -1.55563322045393135795e+02
  -1.57302804764087653666e+02
  -1.59033927552269290118e+02
  -1.60756374535854604346e+02
  -1.62469833809580251227e+02
  -1.64173998406158176522e+02
  -1.65868567233444963449e+02
  -1.67553245973567300098e+02
  -1.69227747938428166208e+02
  -1.70891794876500000555e+02
  -1.72545117726373803180e+02
  -1.74187457313213826637e+02
  -1.75818564984838360488e+02
  -1.77438203184866097217e+02
  -1.79046145961056282658e+02
  +1.79357820592400713622e+02
  +1.77773897959183614148e+02
  +1.76202274891649580013e+02
  +1.74643127167503593000e+02
  +1.73096617411046338475e+02
  +1.71562894977314471134e+02
  +1.70042095896847115455e+02
  +1.68534342878514138420e+02
  +1.67039745367419158129e+02
  +1.65558399654646080990e+02
  +1.64090389035355315173e+02
  +1.62635784011574855867e+02
  +1.61194642535911100367e+02
  +1.59767010292308583530e+02
  +1.58352921009994673796e+02
  +1.56952396806741887758e+02
  +1.55565448557632265647e+02
  +1.54192076285628047572e+02
  +1.52832269570342276666e+02
  +1.51486007971565868502e+02
  +1.50153261464278727999e+02
  +1.48833990882043792681e+02
  +1.47528148365890501736e+02
  +1.46235677815991209627e+02
  +1.44956515343659447126e+02
  +1.43690589721391347666e+02
  +1.42437822828900237937e+02
  +1.41198130093303291233e+02
  +1.39971420921811386506e+02
  +1.38757599125492845360e+02
  +1.37556563332843580838e+02
  +1.36368207392109411558e+02
  +1.35192420761445191602e+02
  +1.34029088886182734086e+02
  +1.32878093562607290323e+02
  +1.31739313287791389939e+02
  +1.30612623595159874412e+02
  +1.29497897375568214784e+02
  +1.28395005183789749026e+02
  +1.27303815530391077004e+02
  +1.26224195159065516236e+02
  +1.25156009309562676890e+02
  +1.24099121966419275509e+02
  +1.23053396093749853435e+02
  +1.22018693856406059695e+02
  +1.20994876827847633649e+02
  +1.19981806185109547869e+02
  +1.18979342891267634741e+02
  +1.17987347865833967830e+02
  +1.17005682143522108163e+02
  +1.16034207021840643392e+02
  +1.15072784197973305709e+02
  +1.14121275895413802459e+02
  +1.13179544980819898115e+02
  +1.12247455071549168792e+02
  +1.11324870634335184150e+02
  +1.10411657075554614948e+02
  +1.09507680823526158065e+02
  +1.08612809403274681586e+02
  +1.07726911504177749634e+02
  +1.06849857040903543748e+02
  +1.05981517208034162536e+02
  +1.05121764528751086232e+02
  +1.04270472897952103608e+02
  +1.03427517620147568778e+02
  +1.02592775442473453040e+02
  +1.01766124583140850746e+02
  +1.00947444755628922053e+02
  +1.00136617188914556209e+02
  +9.93335246440129395751e+01
  +9.85380514270943024258e+01
  +9.77500833994273250482e+01
  +9.69695079843823464216e+01
  +9.61962141717209533454e+01
  +9.54300925193803379898e+01
  +9.46710351529511342505e+01
  +9.39189357630384193953e+01
  +9.31736896006768802181e+01
  +9.24351934709707023785e+01
  +9.17033457251088037765e+01
  +9.09780462509034748564e+01
  +9.02591964619864199904e+01
  +8.95466992857910213388e+01
  +8.88404591504383205347e+01
  +8.81403819706380033949e+01
  +8.74463751327085674347e+01
  +8.67583474788105348807e+01
  +8.60762092904854085873e+01
  +8.53998722715803069150e+01
  +8.47292495306381709952e+01
  +8.40642555628230070397e+01
  +8.34048062314479068391e+01
  +8.27508187491659157331e+01
  +8.21022116588814014904e+01
  +8.14589048144337226631e+01
  +8.08208193611007601476e+01
  +8.01878777159671045638e+01
  +7.95600035481985656816e+01
  +7.89371217592580052269e+01
  +7.83191584630980770498e+01
  +7.77060409663626785459e+01
  +7.70976977486240997450e+01
  +7.64940584426827427933e+01
  +7.58950538149524902565e+01
  +7.53006157459535359067e+01
  +7.47106772109310099950e+01
  +7.41251722606186262965e+01
  +7.35440360021597427931e+01
  +7.29672045802032727124e+01
  +7.23946151581846635281e+01
  +7.18262058998030994417e+01
  +7.12619159507050028424e+01
  +7.07016854203825459990e+01
  +7.01454553642940226155e+01
  +6.95931677662117493810e+01
  +6.90447655208046597863e+01
  +6.85001924164576223575e+01
  +6.79593931183333950230e+01
  +6.74223131516783666939e+01
  +6.68888988853757240349e+01
  +6.63590975157457165778e+01
  +6.58328570505965871007e+01
  +6.53101262935238793261e+01
  +6.47908548284606951029e+01
  +6.42749930044763289061e+01
  +6.37624919208236136114e+01
  +6.32533034122335564575e+01
  +6.27473800344560004305e+01
  +6.22446750500431704722e+01
  +6.17451424143761187224e+01
  +6.12487367619297700116e+01
  +6.07554133927753028388e+01
  +6.02651282593163486467e+01
  +5.97778379532568280297e+01
  +5.92934996927961464053e+01
  +5.88120713100501362192e+01
  +5.83335112386933118955e+01
  +5.78577785018186787624e+01
  +5.73848327000133480169e+01
  +5.69146339996443302311e+01
  +5.64471431213515515424e+01
  +5.59823213287458614218e+01
  +5.55201304173052960778e+01
  +5.50605327034686737875e+01
  +5.46034910139207809721e+01
  +5.41489686750669036996e+01
  +5.36969295026910060642e+01
  +5.32473377917952177540e+01
  +5.28001583066163533431e+01
  +5.23553562708151929428e+01
</dep>
<dep S21_dB frequency>
  -5.33789720584173621454e-01
  -5.88358286863577939485e-01
  -6.45669415918947109390e-01
  -7.05730868183105375380e-01
  -7.68549325639960700940e-01
  -8.34130268373500682877e-01
  -9.02477855591751754183e-01
  -9.73594812406859633214e-01
  -1.04748232355292869578e+00
  -1.12413993512298993060e+00
  -1.20356546531285513169e+00
  -1.28575492504595656484e+00
  -1.37070244924251016805e+00
  -1.45840023939217067195e+00
  -1.54883851794438243132e+00
  -1.64200549493251068967e+00
  -1.73788734709723446947e+00
  -1.83646820965108847901e+00
  -1.93773018070823876968e+00
  -2.04165333825253458855e+00
  -2.14821576941773884073e+00
  -2.25739361171654673299e+00
  -2.36916110575649074832e+00
  -2.48349065887089848204e+00
  -2.60035291900711174051e+00
  -2.71971685812916019742e+00
  -2.84154986432192924184e+00
  -2.96581784173669404936e+00
  -3.09248531746375565632e+00
  -3.22151555439404146952e+00
  -3.35287066911764908284e+00
  -3.48651175389446832398e+00
  -3.62239900174893758589e+00
  -3.76049183375592299683e+00
  -3.90074902761126551809e+00
  -4.04312884662991400830e+00
  -4.18758916834377092897e+00
  -4.33408761194579739140e+00
  -4.48258166386699574701e+00
  -4.63302880084960388984e+00
  -4.78538660993800402110e+00
  -4.93961290488286230982e+00
  -5.09566583851903232016e+00
  -5.25350401074761386155e+00
  -5.41308657182338492930e+00
  -5.57437332070891677915e+00
  -5.73732479832379294038e+00
  -5.90190237557879271435e+00
  -6.06806833613481266809e+00
  -6.23578595388540346534e+00
  -6.40501956520695969743e+00
  -6.57573463606279950966e+00
  -6.74789782408986660300e+00
  -6.92147703582939843869e+00
  -7.09644147929544555353e+00
  -7.27276171209731536749e+00
  -7.45040968536093561880e+00
  -7.62935878370828213235e+00
  -7.80958386156828243685e+00
  -7.99106127611142635914e+00
  -8.17376891709939101816e+00
  -8.35768623395969356693e+00
  -8.54279426038769784668e+00
  -8.72907563679214781871e+00
  -8.91651463089166362863e+00
  -9.10509715677730113725e+00
  -9.29481079274983912342e+00
  -9.48564479823989969987e+00
  -9.67759013011847102348e+00
  -9.87063945869859971083e+00
  -1.00647871837309317300e+01
  -1.02600294506895011182e+01
  -1.04563641676450114204e+01
  -1.06537910230192185423e+01
  -1.08523115045155531533e+01
  -1.10519289195197156772e+01
  -1.12526484172683716167e+01
  -1.14544770130839506095e+01
  -1.16574236149818926123e+01
  -1.18614990529597967850e+01
  -1.20667161112901961673e+01
  -1.22730895641458115364e+01
  -1.24806362149022849195e+01
  -1.26893749394776769179e+01
  -1.28993267340870261251e+01
  -1.31105147678127096356e+01
  -1.33229644404169178529e+01
  -1.35367034458513018080e+01
  -1.37517618419541811647e+01
  -1.39681721268629122079e+01
  -1.41859693227138983218e+01
  -1.44051910672538951985e+01
  -1.46258777140394240490e+01
  -1.48480724419724356977e+01
  -1.50718213749852800731e+01
  -1.52971737127767362097e+01
  -1.55241818735923491346e+01
  -1.57529016501479617318e+01
  -1.59833923799174009162e+01
  -1.62157171311375343237e+01
  -1.64499429060456918705e+01
  -1.66861408630342857862e+01
  -1.69243865596104505755e+01
  -1.71647602182807332838e+01
  -1.74073470177366083078e+01
  -1.76522374120228384697e+01
  -1.78995274807115869464e+01
  -1.81493193135002357508e+01
  -1.84017214331136251815e+01
  -1.86568492609099472190e+01
  -1.89148256302115669314e+01
  -1.91757813530844458683e+01
  -1.94398558471241358347e+01
  -1.97071978297705570071e+01
  -1.99779660888112573502e+01
  -2.02523303390662476886e+01
  -2.05304721768204458954e+01
  -2.08125861454417595553e+01
  -2.10988809278265989633e+01
  -2.13895806839720918902e+01
  -2.16849265551287473386e+01
  -2.19851783598034309364e+01
  -2.22906165114792820248e+01
  -2.26015441935016205832e+01
  -2.29182898333878455333e+01
  -2.32412099271609164930e+01
  -2.35706922745874756231e+01
  -2.39071596989380239506e+01
  -2.42510743407608870825e+01
  -2.46029426350835223047e+01
  -2.49633211065895288527e+01
  -2.53328231492978233064e+01
  -2.57121269982316960068e+01
  -2.61019851534567202123e+01
  -2.65032355857625034901e+01
  -2.69168151437968248274e+01
  -2.73437757026264876004e+01
  -2.77853037548417027836e+01
  -2.82427443638903561407e+01
  -2.87176306993968921688e+01
  -2.92117207916929508826e+01
  -2.97270437319712854674e+01
  -3.02659583891668262368e+01
  -3.08312289467292472978e+01
  -3.14261233938943860267e+01
  -3.20545438863552405451e+01
  -3.27212022118626251199e+01
  -3.34318604892997797151e+01
  -3.41936685575612600019e+01
  -3.50156487659733244300e+01
  -3.59094129060033537826e+01
  -3.68902589401094047616e+01
  -3.79789178884994598207e+01
  -3.92044763699342979635e+01
  -4.06095740877350053211e+01
  -4.22604000336535676752e+01
  -4.42680349938059123360e+01
  -4.68412701220265503821e+01
  -5.04509836898062857813e+01
  -5.66152365673430892912e+01
  -9.08816434953717902090e+01
  -5.64005003803611657531e+01
  -5.05195327355431231808e+01
  -4.70824199219204402311e+01
  -4.46541218417715839450e+01
  -4.27803613619838429827e+01
  -4.12578812689677860703e+01
  -3.99779728678916370654e+01
  -3.88756335894132760700e+01
  -3.79088831847511258388e+01
  -3.70490309951011340672e+01
  -3.62755982230198554817e+01
  -3.55734552682430233972e+01
  -3.49311070804891912189e+01
  -3.43396148517308290593e+01
  -3.37918901357607310842e+01
  -3.32822169635065208126e+01
  -3.28059189212962536430e+01
  -3.23591214286595558747e+01
  -3.19385783083393732795e+01
  -3.15415428493859018033e+01
</dep>
<dep S11_dB frequency>
  -9.47294611260667096531e+00
  -9.07143436932176250309e+00
  -8.69086762594256612147e+00
  -8.32950798647683576803e+00
  -7.98584074121156106685e+00
  -7.65853762742587118595e+00
  -7.34642727707409459725e+00
  -7.04847122491019550949e+00
  -6.76374426520561033982e+00
  -6.49141824335641182131e+00
  -6.23074858580128587704e+00
  -5.98106303183573118076e+00
  -5.74175215028328977951e+00
  -5.51226131389742768363e+00
  -5.29208387284371806203e+00
  -5.08075532104340865658e+00
  -4.87784828985359020237e+00
  -4.68296823522907423865e+00
  -4.49574970939277207549e+00
  -4.31585312778006802148e+00
  -4.14296195766248054326e+00
  -3.97678026745573776068e+00
  -3.81703058581926324422e+00
  -3.66345202787604140582e+00
  -3.51579865255791190748e+00
  -3.37383802056828718818e+00
  -3.23734992696711865179e+00
  -3.10612528611062588269e+00
  -2.97996514980069671097e+00
  -2.85867984209591474709e+00
  -2.74208819642438150765e+00
  -2.63001688249802922925e+00
  -2.52229981209750953042e+00
  -2.41877761414804037798e+00
  -2.31929717066761265087e+00
  -2.22371120616442663476e+00
  -2.13187792394285269282e+00
  -2.04366068352454588464e+00
  -1.95892771407239840720e+00
  -1.87755185928341394863e+00
  -1.79941034974389113543e+00
  -1.72438459919918884999e+00
  -1.65236002160306183484e+00
  -1.58322586618013905202e+00
  -1.51687506805983773894e+00
  -1.45320411233895963043e+00
  -1.39211290968864176421e+00
  -1.33350468185896775530e+00
  -1.27728585564630647831e+00
  -1.22336596407487707694e+00
  -1.17165755371374014082e+00
  -1.12207609720033474332e+00
  -1.07453991017471928160e+00
  -1.02897007194720235823e+00
  -9.85290349325979142314e-01
  -9.43427123125201827492e-01
  -9.03309316952337626461e-01
  -8.64868327945488735153e-01
  -8.28037959193489880860e-01
  -7.92754353622256324741e-01
  -7.58955929178742882968e-01
  -7.26583315180687638879e-01
  -6.95579289735017258778e-01
  -6.65888718153308079017e-01
  -6.37458492317369618263e-01
  -6.10237470965440342852e-01
  -5.84176420885213820711e-01
  -5.59227959011662667521e-01
  -5.35346495436887503949e-01
  -5.12488177346123174871e-01
  -4.90610833898812437326e-01
  -4.69673922077218919391e-01
  -4.49638473526301929439e-01
  -4.30467042409657607571e-01
  -4.12123654305897535455e-01
  -3.94573756168663580812e-01
  -3.77784167371644497013e-01
  -3.61723031858297683350e-01
  -3.46359771412775019339e-01
  -3.31665040066609406733e-01
  -3.17610679652053029542e-01
  -3.04169676510665565328e-01
  -2.91316119362252157199e-01
  -2.79025158336883460919e-01
  -2.67272965169192300294e-01
  -2.56036694552226662402e-01
  -2.45294446644683472591e-01
  -2.35025230723664546595e-01
  -2.25208929972188942603e-01
  -2.15826267389175263656e-01
  -2.06858772807135798955e-01
  -1.98288751001491653225e-01
  -1.90099250873684788576e-01
  -1.82274035688821667289e-01
  -1.74797554347563804944e-01
  -1.67654913670747002241e-01
  -1.60831851674319570300e-01
  -1.54314711811727428570e-01
  -1.48090418159807807319e-01
  -1.42146451524110012388e-01
  -1.36470826439254039331e-01
  -1.31052069039317459209e-01
  -1.25879195773581975537e-01
  -1.20941692942511919151e-01
  -1.16229497029207498593e-01
  -1.11732975801444242570e-01
  -1.07442910159722571084e-01
  -1.03350476706987659536e-01
  -9.94472310160352535036e-02
  -9.57250915707363175811e-02
  -9.21763243580213109674e-02
  -8.87935280874868476664e-02
  -8.55696200165029091655e-02
  -8.24978223586108894150e-02
  -7.95716492540788911114e-02
  -7.67848942814650242683e-02
  -7.41316184900759900245e-02
  -7.16061389333658981915e-02
  -6.92030176840857380594e-02
  -6.69170513125155463907e-02
  -6.47432608096864814495e-02
  -6.26768819379512204248e-02
  -6.07133559920007559452e-02
  -5.88483209538076812439e-02
  -5.70776030257049912797e-02
  -5.53972085261256949607e-02
  -5.38033161332867396198e-02
  -5.22922694624971262645e-02
  -5.08605699632885405181e-02
  -4.95048701230970597531e-02
  -4.82219669647873591667e-02
  -4.70087958255903243243e-02
  -4.58624244057273117159e-02
  -4.47800470752677051700e-02
  -4.37589794283760463722e-02
  -4.27966530742658682329e-02
  -4.18906106549877532697e-02
  -4.10385010801727553864e-02
  -4.02380749695292402879e-02
  -3.94871802941566124590e-02
  -3.87837582080767934167e-02
  -3.81258390618082615431e-02
  -3.75115385901767725563e-02
  -3.69390542666108226411e-02
  -3.64066618169717332032e-02
  -3.59127118858373756138e-02
  -3.54556268485651110423e-02
  -3.50338977629543954495e-02
  -3.46460814542814132810e-02
  -3.42907977279341066867e-02
  -3.39667267041378756476e-02
  -3.36726062693357072741e-02
  -3.34072296392372916629e-02
  -3.31694430285739139119e-02
  -3.29581434229122074986e-02
  -3.27722764481592002128e-02
  -3.26108343333186070923e-02
  -3.24728539625849452199e-02
  -3.23574150127852178116e-02
  -3.22636381724416484995e-02
  -3.21906834389653270789e-02
  -3.21377484904499105545e-02
  -3.21040671289622436824e-02
  -3.20889077920558998813e-02
  -3.20915721296886474745e-02
  -3.21113936435859920193e-02
  -3.21477363864003939931e-02
  -3.21999937180454595675e-02
  -3.22675871167385983074e-02
  -3.23499650424168491702e-02
  -3.24466018501594899437e-02
  -3.25569967516094460613e-02
  -3.26806728222079692636e-02
  -3.28171760523263064679e-02
  -3.29660744404325425916e-02
  -3.31269571264190682003e-02
  -3.32994335634765464826e-02
  -3.34831327267909040213e-02
  -3.36777023575999603922e-02
  -3.38828082409514605433e-02
  -3.40981335159534562629e-02
</dep>
<dep Zin_ohm frequency>
  +1.71073729536883115543e+03
  +1.65336941120729647992e+03
  +1.59623365099341140194e+03
  +1.53946629906212592687e+03
  +1.48318451067183491432e+03
  +1.42748837907830011318e+03
  +1.37246298689607374399e+03
  +1.31818040472960910847e+03
  +1.26470161479472312749e+03
  +1.21207834958904686573e+03
  +1.16035484592904458623e+03
  +1.10956952327931730906e+03
  +1.05975660268773640382e+03
  +1.01094768925899279566e+03
  +9.63173347397352017651e+02
  +9.16464704373057998055e+02
  +8.70855124457607644217e+02
  +8.26382003040813515327e+02
  +7.83088737654521651166e+02
  +7.41026940012924910661e+02
  +7.00258958353926800555e+02
  +6.60860779173464607084e+02
  +6.22925365524800781714e+02
  +5.86566454286234943538e+02
  +5.51922758755359609495e+02
  +5.19162377424800638437e+02
  +4.88486956573821373695e+02
  +4.60134752593415612409e+02
  +4.34381173041134104551e+02
  +4.11534712060122842558e+02
  +3.91925692737351766937e+02
  +3.75885428222632469897e+02
  +3.63715071225788335596e+02
  +3.55647009682759914995e+02
  +3.51806422141792268121e+02
  +3.52183937470582918650e+02
  +3.56629044539545077441e+02
  +3.64867202668516711128e+02
  +3.76534974662170156989e+02
  +3.91222157537862017307e+02
  +4.08510268985779248396e+02
  +4.28001096270596349314e+02
  +4.49333891892812516744e+02
  +4.72192980555847100277e+02
  +4.96308698069574802503e+02
  +5.21454414130054033194e+02
  +5.47441689537550246314e+02
  +5.74114878911782739124e+02
  +6.01345912989560019923e+02
  +6.29029610322197981986e+02
  +6.57079639415213023312e+02
  +6.85425129539260069578e+02
  +7.14007870648440871264e+02
  +7.42780021800060239912e+02
  +7.71702245547524739777e+02
  +8.00742192737295113147e+02
  +8.29873272398847234399e+02
  +8.59073652130843811392e+02
  +8.88325444252501256415e+02
  +9.17614041518325166180e+02
  +9.46927573307623561050e+02
  +9.76256459007397666028e+02
  +1.00559303998380187295e+03
  +1.03493127527587898840e+03
  +1.06426648911814208986e+03
  +1.09359516075963597359e+03
  +1.12291474891984967144e+03
  +1.15222354470920913627e+03
  +1.18152054802492057206e+03
  +1.21080536337544162961e+03
  +1.24007811184057186438e+03
  +1.26933935647771318145e+03
  +1.29859003897048660292e+03
  +1.32783142570733025423e+03
  +1.35706506179467055517e+03
  +1.38629273176647734545e+03
  +1.41551642596186775336e+03
  +1.44473831171356232517e+03
  +1.47396070863090335479e+03
  +1.50318606737660456929e+03
  +1.53241695143218976227e+03
  +1.56165602142599277613e+03
  +1.59090602166357575697e+03
  +1.62016976855505663480e+03
  +1.64945014067973374949e+03
  +1.67875007026678554212e+03
  +1.70807253590310529034e+03
  +1.73742055630650929743e+03
  +1.76679718502564355731e+03
  +1.79620550594725864357e+03
  +1.82564862950823248866e+03
  +1.85512968952370306397e+03
  +1.88465184055468853330e+03
  +1.91421825574904619316e+03
  +1.94383212509813529323e+03
  +1.97349665405941436802e+03
  +2.00321506250154106965e+03
  +2.03299058393429027092e+03
  +2.06282646499038492038e+03
  +2.09272596513053895251e+03
  +2.12269235654679823710e+03
  +2.15272892424229439712e+03
  +2.18283896626829755405e+03
  +2.21302579410204816668e+03
  +2.24329273315067621297e+03
  +2.27364312336861894437e+03
  +2.30408031997744410546e+03
  +2.33460769427832292422e+03
  +2.36522863454893104063e+03
  +2.39594654701727722568e+03
  +2.42676485690629397141e+03
  +2.45768700954360792821e+03
  +2.48871647153188587254e+03
  +2.51985673197564756265e+03
  +2.55111130376119399443e+03
  +2.58248372488674658598e+03
  +2.61397755984037303278e+03
  +2.64559640102382809346e+03
  +2.67734387022060309391e+03
  +2.70922362010711140101e+03
  +2.74123933580596849424e+03
  +2.77339473648085913737e+03
  +2.80569357697257964901e+03
  +2.83813964947617159851e+03
  +2.87073678525925515714e+03
  +2.90348885642186633049e+03
  +2.93639977769834740684e+03
  +2.96947350830196046445e+03
  +3.00271405381302702153e+03
  +3.03612546811172569505e+03
  +3.06971185535663335031e+03
  +3.10347737201033260135e+03
  +3.13742622891356677428e+03
  +3.17156269340952030689e+03
  +3.20589109151996899527e+03
  +3.24041581017511862228e+03
  +3.27514129949918651619e+03
  +3.31007207515373465867e+03
  +3.34521272074116859585e+03
  +3.38056789027061358865e+03
  +3.41614231068877506914e+03
  +3.45194078447843048707e+03
  +3.48796819232732650562e+03
  +3.52422949587038783648e+03
  +3.56072974050831453496e+03
  +3.59747405830588877507e+03
  +3.63446767097319343520e+03
  +3.67171589293348006322e+03
  +3.70922413448122779300e+03
  +3.74699790503441272449e+03
  +3.78504281648492496970e+03
  +3.82336458665156305869e+03
  +3.86196904283983622008e+03
  +3.90086212551348353372e+03
  +3.94004989208237202547e+03
  +3.97953852081206423463e+03
  +4.01933431486029257940e+03
  +4.05944370644601804088e+03
  +4.09987326115687210404e+03
  +4.14062968240127247554e+03
  +4.18171981601149309427e+03
  +4.22315065500458604220e+03
  +4.26492934450820030179e+03
  +4.30706318685871792695e+03
  +4.34955964687953019165e+03
  +4.39242635734770101408e+03
  +4.43567112465750869887e+03
  +4.47930193468997549644e+03
  +4.52332695889791648369e+03
  +4.56775456061634940852e+03
  +4.61259330160888112005e+03
  +4.65785194886109184154e+03
  +4.70353948163234872482e+03
  +4.74966509877855605737e+03
  +4.79623822635841588635e+03
  +4.84326852553694607195e+03
  +4.89076590080032474361e+03
  +4.93874050849733703217e+03
  +4.98720276572306738672e+03
  +5.03616335956164857635e+03
  +5.08563325670572157833e+03
</dep>
<dep Zin_norm frequency>
  +3.42147459073766242454e+01
  +3.30673882241459295983e+01
  +3.19246730198682300284e+01
  +3.07893259812425199584e+01
  +2.96636902134366984285e+01
  +2.85497675815660016951e+01
  +2.74492597379214728903e+01
  +2.63636080945921840168e+01
  +2.52940322958944605602e+01
  +2.42415669917809388778e+01
  +2.32070969185808912982e+01
  +2.21913904655863447601e+01
  +2.11951320537547260869e+01
  +2.02189537851798561974e+01
  +1.92634669479470410636e+01
  +1.83292940874611609559e+01
  +1.74171024891521533107e+01
  +1.65276400608162710171e+01
  +1.56617747530904338760e+01
  +1.48205388002584985685e+01
  +1.40051791670785359400e+01
  +1.32172155834692919285e+01
  +1.24585073104960155632e+01
  +1.17313290857246990129e+01
  +1.10384551751071917636e+01
  +1.03832475484960138346e+01
  +9.76973913147642747390e+00
  +9.20269505186831260346e+00
  +8.68762346082268166469e+00
  +8.23069424120245685117e+00
  +7.83851385474703565848e+00
  +7.51770856445264978873e+00
  +7.27430142451576688956e+00
  +7.11294019365519858411e+00
  +7.03612844283584504268e+00
  +7.04367874941165883484e+00
  +7.13258089079090140672e+00
  +7.29734405337033376071e+00
  +7.53069949324340370822e+00
  +7.82444315075724006192e+00
  +8.17020537971558447055e+00
  +8.56002192541192741260e+00
  +8.98667783785625040593e+00
  +9.44385961111694172132e+00
  +9.92617396139149654744e+00
  +1.04290882826010804507e+01
  +1.09488337907510047131e+01
  +1.14822975782356557772e+01
  +1.20269182597912003274e+01
  +1.25805922064439599239e+01
  +1.31415927883042602531e+01
  +1.37085025907852013916e+01
  +1.42801574129688173542e+01
  +1.48556004360012057219e+01
  +1.54340449109504938008e+01
  +1.60148438547459015524e+01
  +1.65974654479769441195e+01
  +1.71814730426168758015e+01
  +1.77665088850500261231e+01
  +1.83522808303665030394e+01
  +1.89385514661524716473e+01
  +1.95251291801479531784e+01
  +2.01118607996760374590e+01
  +2.06986255055175796258e+01
  +2.12853297823628402341e+01
  +2.18719032151927201824e+01
  +2.24582949783969922919e+01
  +2.30444708941841831518e+01
  +2.36304109604984091675e+01
  +2.42161072675088320239e+01
  +2.48015622368114385665e+01
  +2.53867871295542641974e+01
  +2.59718007794097331953e+01
  +2.65566285141466060793e+01
  +2.71413012358934118140e+01
  +2.77258546353295471931e+01
  +2.83103285192373554935e+01
  +2.88947662342712483508e+01
  +2.94792141726180680905e+01
  +3.00637213475320912437e+01
  +3.06483390286437966665e+01
  +3.12331204285198538173e+01
  +3.18181204332715132921e+01
  +3.24033953711011335486e+01
  +3.29890028135946735688e+01
  +3.35750014053357119792e+01
  +3.41614507180621060911e+01
  +3.47484111261301862328e+01
  +3.53359437005128711462e+01
  +3.59241101189451725872e+01
  +3.65129725901646509101e+01
  +3.71025937904740601425e+01
  +3.76930368110937692450e+01
  +3.82843651149809218737e+01
  +3.88766425019627064330e+01
  +3.94699330811882873604e+01
  +4.00643012500308230983e+01
  +4.06598116786858057026e+01
  +4.12565292998076955655e+01
  +4.18545193026107753553e+01
  +4.24538471309359621841e+01
  +4.30545784848458836791e+01
  +4.36567793253659530706e+01
  +4.42605158820409627651e+01
  +4.48658546630135219857e+01
  +4.54728624673723800242e+01
  +4.60816063995488818250e+01
  +4.66921538855664550738e+01
  +4.73045726909786168335e+01
  +4.79189309403455467873e+01
  +4.85352971381258768702e+01
  +4.91537401908721562904e+01
  +4.97743294306377208613e+01
  +5.03971346395129486950e+01
  +5.10222260752238767623e+01
  +5.16496744977349351302e+01
  +5.22795511968074606557e+01
  +5.29119280204765658482e+01
  +5.35468774044120650046e+01
  +5.41844724021422265992e+01
  +5.48247867161193696006e+01
  +5.54678947296171784842e+01
  +5.61138715394515941171e+01
  +5.67627929895234331070e+01
  +5.74147357051851017218e+01
  +5.80697771284373231993e+01
  +5.87279955539669487052e+01
  +5.93894701660392101417e+01
  +6.00542810762605441255e+01
  +6.07225093622345113431e+01
  +6.13942371071326675747e+01
  +6.20695474402066480479e+01
  +6.27485245782713363383e+01
  +6.34312538681904030113e+01
  +6.41178218303993787686e+01
  +6.48083162035023718772e+01
  +6.55028259899837337343e+01
  +6.62014415030746903312e+01
  +6.69042544148233702117e+01
  +6.76113578054122683625e+01
  +6.83228462137755059302e+01
  +6.90388156895686080361e+01
  +6.97593638465465346599e+01
  +7.04845899174077601401e+01
  +7.12145948101662895624e+01
  +7.19494811661177777751e+01
  +7.26893534194638704093e+01
  +7.34343178586696012644e+01
  +7.41844826896245592707e+01
  +7.49399581006882584688e+01
  +7.57008563296984959834e+01
  +7.64672917330312600370e+01
  +7.72393808567967283807e+01
  +7.80172425102696678323e+01
  +7.88009978416474439200e+01
  +7.95907704162412841242e+01
  +8.03866862972058555670e+01
  +8.11888741289203608176e+01
  +8.19974652231374392386e+01
  +8.28125936480254409844e+01
  +8.36343963202298539272e+01
  +8.44630131000917288020e+01
  +8.52985868901640031936e+01
  +8.61412637371743556969e+01
  +8.69911929375906112227e+01
  +8.78485271469540123235e+01
  +8.87134224931501762512e+01
  +8.95860386937995087919e+01
  +9.04665391779583245579e+01
  +9.13550912123269966969e+01
  +9.22518660321776167166e+01
  +9.31570389772218447888e+01
  +9.40707896326469779069e+01
  +9.49933019755711285370e+01
  +9.59247645271683211377e+01
  +9.68653705107389129125e+01
  +9.78153180160065005566e+01
  +9.87748101699467468961e+01
  +9.97440553144613488712e+01
  +1.00723267191232977780e+02
  +1.01712665134114430998e+02
</dep>
<dep S[2,2] frequency>
  -2.01522800202445728779e-01-j2.68870855194274782640e-01
  -2.19946292741582921648e-01-j2.74704166826596041240e-01
  -2.38832619716739441573e-01-j2.79533946608906902487e-01
  -2.58125309702311511728e-01-j2.83338304343226377036e-01
  -2.77766778781049550329e-01-j2.86098759543809089134e-01
  -2.97698554279047344906e-01-j2.87800320115100538576e-01
  -3.17861506980667229971e-01-j2.88431544587893384790e-01
  -3.38196090397997695121e-01-j2.87984586758944116625e-01
  -3.58642585499326649323e-01-j2.86455221727966224954e-01
  -3.79141349148445494510e-01-j2.83842852500900910684e-01
  -3.99633064379581626202e-01-j2.80150496528798531592e-01
  -4.20058990528413001009e-01-j2.75384751770842095553e-01
  -4.40361211167880128858e-01-j2.69555742106928397650e-01
  -4.60482877760499120789e-01-j2.62677042173082408993e-01
  -4.80368446930074965984e-01-j2.54765581947302754973e-01
  -4.99963909291865682416e-01-j2.45841531668882090633e-01
  -5.19217007842766475889e-01-j2.35928167924924964138e-01
  -5.38077444015756523044e-01-j2.25051721978770352672e-01
  -5.56497069638445140960e-01-j2.13241211639938421651e-01
  -5.74430063196311069262e-01-j2.00528258181326635157e-01
  -5.91833088995467715421e-01-j1.86946889989322295733e-01
  -6.08665438030094874122e-01-j1.72533334785860248406e-01
  -6.24889149592547377132e-01-j1.57325802382581286798e-01
  -6.40469112906623116999e-01-j1.41364260015988341124e-01
  -6.55373148316627851528e-01-j1.24690202366412233870e-01
  -6.69572067817725491423e-01-j1.07346418383231681504e-01
  -6.83039714963572741624e-01-j8.93767570243925169038e-02
  -6.95752984430709653374e-01-j7.08258939704282386440e-02
  -7.07691821748339888742e-01-j5.17391012961155444261e-02
  -7.18839203916479485557e-01-j3.21620219769028631296e-02
  -7.29181101829476485676e-01-j1.21404509770228069554e-02
  -7.38706425592493221011e-01+j8.27987548406321216543e-03
  -7.47406953965546461127e-01+j2.90534810583364250247e-02
  -7.55277249289632135465e-01+j5.01353395405305171662e-02
  -7.62314559342726738578e-01+j7.14810532238329410237e-02
  -7.68518707640552189986e-01+j9.30470184737449135248e-02
  -7.73891973736345328838e-01+j1.14790577845998720274e-01
  -7.78438965090110568390e-01+j1.36670158266575830774e-01
  -7.82166482068411217377e-01+j1.58645394974595788096e-01
  -7.85083377606670795856e-01+j1.80677241105037800217e-01
  -7.87200413016324374027e-01+j2.02728062951246373879e-01
  -7.88530111353540896779e-01+j2.24761721097917810397e-01
  -7.89086609686178719336e-01+j2.46743637750547945009e-01
  -7.88885511504069381061e-01+j2.68640850706983957963e-01
  -7.87943740417651583563e-01+j2.90422054520564132396e-01
  -7.86279396183000800491e-01+j3.12057629490657517657e-01
  -7.83911613981096877524e-01+j3.33519659187497374830e-01
  -7.80860427766670306404e-01+j3.54781937273073166850e-01
  -7.77146638390061261781e-01+j3.75819964419228214059e-01
  -7.72791687085578438143e-01+j3.96610936150388504462e-01
  -7.67817534813407420735e-01+j4.17133722450889476985e-01
  -7.62246547840550570108e-01+j4.37368839977930690122e-01
  -7.56101389850452387797e-01+j4.57298417712077909236e-01
  -7.49404920781842731614e-01+j4.76906156858726837378e-01
  -7.42180102515320960777e-01+j4.96177285788001631861e-01
  -7.34449911451685366615e-01+j5.15098510767753148265e-01
  -7.26237257959295168241e-01+j5.33657963207038954501e-01
  -7.17564912608698368679e-01+j5.51845144085483241270e-01
  -7.08455439061269398593e-01+j5.69650866199245875521e-01
  -6.98931133434606000066e-01+j5.87067194808078562929e-01
  -6.89013969930417191634e-01+j6.04087387219925608939e-01
  -6.78725552480171745451e-01+j6.20705831802130680863e-01
  -6.68087072139779580837e-01+j6.36917986860323748211e-01
  -6.57119269945974471270e-01+j6.52720319780119684339e-01
  -6.45842404933968716740e-01+j6.68110246781263295013e-01
  -6.34276227007261050872e-01+j6.83086073591050446652e-01
  -6.22439954346195367663e-01+j6.97646937302617287102e-01
  -6.10352255041131996904e-01+j7.11792749645075661924e-01
  -5.98031232638497889376e-01+j7.25524141856412785323e-01
  -5.85494415293277170598e-01+j7.38842411316443792302e-01
  -5.72758748228856529039e-01+j7.51749470066378933097e-01
  -5.59840589214588901790e-01+j7.64247795313270361639e-01
  -5.46755706782271144739e-01+j7.76340381992141725931e-01
  -5.33519280914810489769e-01+j7.88030697435516569449e-01
  -5.20145905953277143396e-01+j7.99322638179554734172e-01
  -5.06649595482153380921e-01+j8.10220488917760550684e-01
  -4.93043788966451290712e-01+j8.20728883597323655152e-01
  -4.79341359928607102514e-01+j8.30852768639097072345e-01
  -4.65554625467080374079e-01+j8.40597368250417864566e-01
  -4.51695356932660385674e-01+j8.49968151789616044312e-01
  -4.37774791592136502949e-01+j8.58970803132684035397e-01
  -4.23803645122391048350e-01+j8.67611191985385499237e-01
  -4.09792124790823664160e-01+j8.75895347078528341278e-01
  -3.95749943190422170947e-01+j8.83829431179555369269e-01
  -3.81686332409636008833e-01+j8.91419717850332138376e-01
  -3.67610058528372030118e-01+j8.98672569878529836629e-01
  -3.53529436342103042801e-01+j9.05594419308545228731e-01
  -3.39452344226023383644e-01+j9.12191748997037366031e-01
  -3.25386239060512449939e-01+j9.18471075618090604387e-01
  -3.11338171147942821548e-01+j9.24438934043363080839e-01
  -2.97314799058894740913e-01+j9.30101863023570785138e-01
  -2.83322404353397727661e-01+j9.35466392098886379003e-01
  -2.69366906129727523567e-01+j9.40539029667510684263e-01
  -2.55453875359586302096e-01+j9.45326252143608325440e-01
  -2.41588548974432437699e-01+j9.49834494137876239606e-01
  -2.27775843672937433615e-01+j9.54070139596380428770e-01
  -2.14020369424458872798e-01+j9.58039513835699851896e-01
  -2.00326442647755453841e-01+j9.61748876414940223611e-01
  -1.86698099048178411952e-01+j9.65204414787787179364e-01
  -1.73139106100141937361e-01+j9.68412238680362302823e-01
  -1.59652975164813609732e-01+j9.71378375143260641700e-01
  -1.46242973235907375296e-01+j9.74108764228791779161e-01
  -1.32912134308983492792e-01+j9.76609255246957852492e-01
  -1.19663270371856880758e-01+j9.78885603556293282246e-01
  -1.06498982015799228962e-01+j9.80943467848103267670e-01
  -9.34216686688746217326e-02+j9.82788407885072046177e-01
  -8.04335384543027609450e-02+j9.84425882657522066665e-01
  -6.75366176781011379182e-02+j9.85861248922839328301e-01
  -5.47327599512625537215e-02+j9.87099760095748290922e-01
  -4.20236549528544695020e-02+j9.88146565459175230117e-01
  -2.94108368410728807096e-02+j9.89006709667418770771e-01
  -1.68956923200815102570e-02+j9.89685132515229049055e-01
  -4.47946837093221583714e-03+j9.90186668948179860017e-01
  +7.83672034463402979176e-03+j9.90516049291440214830e-01
  +2.00518843984109837453e-02+j9.90677899675628803600e-01
  +3.21651528185957422123e-02+j9.90676742640006491314e-01
  +4.41757666117359101832e-02+j9.90516997894643091982e-01
  +5.60830725741368468773e-02+j9.90202983224599098122e-01
  +6.78865173829519413795e-02+j9.89738915520419149097e-01
  +7.95856419573042761506e-02+j9.89128911920420850201e-01
  +9.11800760797208259545e-02+j9.88376991051406306177e-01
  +1.02669533268329421505e-01+j9.87487074355475002996e-01
  +1.14053805890333523343e-01+j9.86462987491582232735e-01
  +1.25332760507458201849e-01+j9.85308461801444601669e-01
  +1.36506333444210453676e-01+j9.84027135830205845757e-01
  +1.47574526570000613690e-01+j9.82622556893139487144e-01
  +1.58537403286382994061e-01+j9.81098182680347763451e-01
  +1.69395084710886240087e-01+j9.79457382892159333920e-01
  +1.80147746049112655875e-01+j9.77703440898558873151e-01
  +1.90795613147095532991e-01+j9.75839555416570747504e-01
  +2.01338959216067536762e-01+j9.73868842200088291605e-01
  +2.11778101722081196767e-01+j9.71794335737160563937e-01
  +2.22113399433180591647e-01+j9.69618990950207537693e-01
  +2.32345249617054300240e-01+j9.67345684895099755529e-01
  +2.42474085382366144614e-01+j9.64977218455413399134e-01
  +2.52500373157190483031e-01+j9.62516318028601158829e-01
  +2.62424610298254867846e-01+j9.59965637201098509479e-01
  +2.72247322824884563364e-01+j9.57327758409773577064e-01
  +2.81969063271864717191e-01+j9.54605194587365257775e-01
  +2.91590408655560351381e-01+j9.51800390789868222541e-01
  +3.01111958547959746024e-01+j9.48915725804046261693e-01
  +3.10534333253479566395e-01+j9.45953513733494122384e-01
  +3.19858172083591019152e-01+j9.42916005561868164619e-01
  +3.29084131724544648456e-01+j9.39805390692118214346e-01
  +3.38212884693665949420e-01+j9.36623798460701206814e-01
  +3.47245117879917741810e-01+j9.33373299625925301193e-01
  +3.56181531164563580649e-01+j9.30055907829739791914e-01
  +3.65022836118013116469e-01+j9.26673581032379622968e-01
  +3.73769754769053330623e-01+j9.23228222919431851246e-01
  +3.82423018442882844958e-01+j9.19721684280973339476e-01
  +3.90983366664489351283e-01+j9.16155764362542091028e-01
  +3.99451546124128031856e-01+j9.12532212187785463087e-01
  +4.07828309701728897174e-01+j9.08852727852721420376e-01
  +4.16114415547294114184e-01+j9.05118963791601949254e-01
  +4.24310626214413844082e-01+j9.01332526014458568220e-01
  +4.32417707844212073631e-01+j8.97494975316434739909e-01
  +4.40436429397139950215e-01+j8.93607828459099917673e-01
  +4.48367561930158031736e-01+j8.89672559323954392774e-01
  +4.56211877916964270163e-01+j8.85690600038396058657e-01
  +4.63970150609070208780e-01+j8.81663342074434641660e-01
  +4.71643153435564010945e-01+j8.77592137320500564890e-01
  +4.79231659439587953653e-01+j8.73478299126696833277e-01
  +4.86736440749584498011e-01+j8.69323103323868862091e-01
  +4.94158268083503771084e-01+j8.65127789216913800630e-01
  +5.01497910284225967281e-01+j8.60893560552726810897e-01
  +5.08756133884567196546e-01+j8.56621586463232165265e-01
  +5.15933702700281493492e-01+j8.52313002383941142881e-01
  +5.23031377449578060990e-01+j8.47968910948492693436e-01
  +5.30049915397748594437e-01+j8.43590382859634058121e-01
  +5.36990070025526899933e-01+j8.39178457737120853110e-01
  +5.43852590719940076625e-01+j8.34734144943002465133e-01
  +5.50638222486409145695e-01+j8.30258424384761051229e-01
  +5.57347705680942495654e-01+j8.25752247296802077692e-01
  +5.63981775761350667686e-01+j8.21216537000742263785e-01
  +5.70541163056407452103e-01+j8.16652189644993420359e-01
  +5.77026592551991734936e-01+j8.12060074924099595250e-01
  +5.83438783693249529705e-01+j8.07441036778311582722e-01
  +5.89778450201902337824e-01+j8.02795894073839111371e-01
  +5.96046299907835308574e-01+j7.98125441264258550511e-01
  +6.02243034594169834861e-01+j7.93430449033535101222e-01
  +6.08369349855047536479e-01+j7.88711664921084465441e-01
</dep>
<dep S[2,1] frequency>
  +7.51555314826519715865e-01-j5.65250555024058631837e-01
  +7.28560446457959920430e-01-j5.85235940354645767236e-01
  +7.04901918374245761711e-01-j6.04124166931657713420e-01
  +6.80638633858887676098e-01-j6.21889606998157540296e-01
  +6.55830703179220542154e-01-j6.38510123354839920218e-01
  +6.30539215697321964171e-01-j6.53967150610005432121e-01
  +6.04826003599043815484e-01-j6.68245759823976492875e-01
  +5.78753398637607108235e-01-j6.81334705394671447110e-01
  +5.52383983467037209536e-01-j6.93226453179281443262e-01
  +5.25780339299737997649e-01-j7.03917189021931011261e-01
  +4.99004791754284804384e-01-j7.13406807057438308028e-01
  +4.72119156867328637617e-01-j7.21698877380711478757e-01
  +4.45184489317919929174e-01-j7.28800592908174005302e-01
  +4.18260834951536986104e-01-j7.34722695505706235863e-01
  +3.91406989701419072425e-01-j7.39479381712105698909e-01
  +3.64680266969782451714e-01-j7.43088188642696434449e-01
  +3.38136275469828828655e-01-j7.45569860908656623089e-01
  +3.11828709427377059882e-01-j7.46948199628865827648e-01
  +2.85809152905864227723e-01-j7.47249894836157446676e-01
  +2.60126899857949345218e-01-j7.46504342786310726154e-01
  +2.34828791312963525151e-01-j7.44743449858214279224e-01
  +2.09959070899242206121e-01-j7.42001424887240523809e-01
  +1.85559259667561149421e-01-j7.38314561895221155297e-01
  +1.61668050939367230479e-01-j7.33721015269394372105e-01
  +1.38321225651352741615e-01-j7.28260569496716358984e-01
  +1.15551588414914155334e-01-j7.21974405579829503488e-01
  +9.33889242583804957132e-02-j7.14904866246725889667e-01
  +7.18599757763369317853e-02-j7.07095222018409796938e-01
  +5.09884401809572243569e-02-j6.98589440121973215270e-01
  +3.07949855357336557682e-02-j6.89431958130633404380e-01
  +1.12972852578093353043e-02-j6.79667464082092664945e-01
  -7.48993019580808903901e-03-j6.69340684676524300123e-01
  -2.55548056899312543699e-02-j6.58496182987298062095e-01
  -4.28882791729270768100e-02-j6.47178166937743992726e-01
  -5.94839862839663668925e-02-j6.35430309608872034843e-01
  -7.53381533187106877669e-02-j6.23295582249120183604e-01
  -9.04494801059118336273e-02-j6.10816100665019567906e-01
  -1.04819014363870269269e-01-j5.98032985479530321271e-01
  -1.18450019096513578520e-01-j5.84986236562071160172e-01
  -1.31347834560033599471e-01-j5.71714621758046992461e-01
  -1.43519736281570192693e-01-j5.58255579882642405387e-01
  -1.54974790546060253726e-01-j5.44645137792847511271e-01
  -1.65723708687563198172e-01-j5.30917841216391184211e-01
  -1.75778701429915668042e-01-j5.17106698896422134482e-01
  -1.85153334421833543066e-01-j5.03243139506971859376e-01
  -1.93862386004679809748e-01-j4.89356980707726652025e-01
  -2.01921708141161115879e-01-j4.75476409635505303797e-01
  -2.09348091320899348800e-01-j4.61627974074854674491e-01
  -2.16159134147033304973e-01-j4.47836583510657804119e-01
  -2.22373118198287672564e-01-j4.34125519239298485186e-01
  -2.28008888654608665725e-01-j4.20516452702213661130e-01
  -2.33085741073055019434e-01-j4.07029471204509718518e-01
  -2.37623314604957475149e-01-j3.93683110190283847007e-01
  -2.41641491856328965993e-01-j3.80494391264657283447e-01
  -2.45160305511628512365e-01-j3.67478865178347102738e-01
  -2.48199851766583212687e-01-j3.54650659023254211100e-01
  -2.50780210549116533425e-01-j3.42022526924696201878e-01
  -2.52921372448482284501e-01-j3.29605903557749158050e-01
  -2.54643172221325819748e-01-j3.17410959859717844989e-01
  -2.55965228699371716292e-01-j3.05446660356785637536e-01
  -2.56906890886610284053e-01-j2.93720821570878587448e-01
  -2.57487190003333366040e-01-j2.82240171019948138387e-01
  -2.57724797210481415544e-01-j2.71010406372757528537e-01
  -2.57637986729178092293e-01-j2.60036254365061558769e-01
  -2.57244604057250858542e-01-j2.49321529129423624660e-01
  -2.56562038975891970605e-01-j2.38869189633574230403e-01
  -2.55607203035329189067e-01-j2.28681395963351880019e-01
  -2.54396511207654496545e-01-j2.18759564224706687385e-01
  -2.52945867397365242724e-01-j2.09104419875218133784e-01
  -2.51270653505476337930e-01-j1.99716049329067002471e-01
  -2.49385721750389671714e-01-j1.90593949710015475585e-01
  -2.47305389958163979180e-01-j1.81737076655118484636e-01
  -2.45043439545618552122e-01-j1.73143890097251229587e-01
  -2.42613115931792244773e-01-j1.64812397977517899328e-01
  -2.40027131126153092655e-01-j1.56740197858991292534e-01
  -2.37297668255538163340e-01-j1.48924516431388626048e-01
  -2.34436387805656815120e-01-j1.41362246912112521358e-01
  -2.31454435367147659530e-01-j1.34049984363004220933e-01
  -2.28362450690207968718e-01-j1.26984058953924255908e-01
  -2.25170577865817844732e-01-j1.20160567214496222244e-01
  -2.21888476465193218434e-01-j1.13575401323686112076e-01
  -2.18525333482466860291e-01-j1.07224276493977893621e-01
  -2.15089875938403646272e-01-j1.01102756512404468037e-01
  -2.11590384015294452613e-01-j9.52062775051899790046e-02
  -2.08034704604978748499e-01-j8.95301699959653307648e-02
  -2.04430265163060981282e-01-j8.40696793299519767872e-02
  -2.00784087772986924447e-01-j7.88199845378923930062e-02
  -1.97102803333547876852e-01-j7.37762157143371649637e-02
  -1.93392665792669504743e-01-j6.89334699848909160380e-02
  -1.89659566359009351677e-01-j6.42868261366516396960e-02
  -1.85909047630946344665e-01-j5.98313579850312596276e-02
  -1.82146317589944262139e-01-j5.55621465488715382541e-02
  -1.78376263412228897032e-01-j5.14742911040755035668e-02
  -1.74603465058876416993e-01-j4.75629191839878201487e-02
  -1.70832208610351948819e-01-j4.38231955926604715978e-02
  -1.67066499316681355003e-01-j4.02503304947497558830e-02
  -1.63310074339270305810e-01-j3.68395866433545923768e-02
  -1.59566415164725639020e-01-j3.35862858045719858691e-02
  -1.55838759674923388321e-01-j3.04858144349055837363e-02
  -1.52130113861153687393e-01-j2.75336286650791350894e-02
  -1.48443263173205053373e-01-j2.47252586411353010576e-02
  -1.44780783497182985453e-01-j2.20563122711009036714e-02
  -1.41145051758308992529e-01-j1.95224784229230813315e-02
  -1.37538256147106352500e-01-j1.71195296168235415457e-02
  -1.33962405969422465590e-01-j1.48433242527815333067e-02
  -1.30419341122333137806e-01-j1.26898084114155790258e-02
  -1.26910741199507098864e-01-j1.06550172642372008303e-02
  -1.23438134230895724119e-01-j8.73507612699945916457e-03
  -1.20002905062611991971e-01-j6.92620118770134393649e-03
  -1.16606303383925802297e-01-j5.22469993876455238851e-03
  -1.13249451408923937357e-01-j3.62697134090319683181e-03
  -1.09933351221142464049e-01-j2.12950574435280147109e-03
  -1.06658891789912418924e-01-j7.28884591324968872210e-04
  -1.03426855667618777801e-01+j5.78220078140797059084e-04
  -1.00237925377349268441e-01+j1.79504629634693094707e-03
  -9.70926895006515855435e-02+j2.92474299508352830398e-03
  -9.39916484752855441176e-02+j3.97037097211082930931e-03
  -9.09352201128595521995e-02+j4.93490398070285142540e-03
  -8.79237448464007115279e-02+j5.82122992723866587023e-03
  -8.49574907177292476534e-02+j6.63215216299582223380e-03
  -8.20366581145641343698e-02+j7.37039085744331610300e-03
  -7.91613842670935152768e-02+j8.03858444135376742912e-03
  -7.63317475136401218938e-02+j8.63929110902491616264e-03
  -7.35477713448813436026e-02+j9.17499036982407333018e-03
  -7.08094282358780052755e-02+j9.64808464010371083508e-03
  -6.81166432749673173008e-02+j1.00609008673329478750e-02
  -6.54692975983376251881e-02+j1.04156921790124531307e-02
  -6.28672316388703689150e-02+j1.07146395496348269955e-02
  -6.03102481976063101166e-02+j1.09598534795828043281e-02
  -5.77981153458775528953e-02+j1.11533756804292425585e-02
  -5.53305691659621082246e-02+j1.12971807616587711920e-02
  -5.29073163378070560059e-02+j1.13931779143412580807e-02
  -5.05280365791083568849e-02+j1.14432125877214439097e-02
  -4.81923849457912348293e-02+j1.14490681551506576913e-02
  -4.58999939996404260345e-02+j1.14124675661501050195e-02
  -4.36504758496072953200e-02+j1.13350749817886769372e-02
  -4.14434240730352024262e-02+j1.12184973908573352303e-02
  -3.92784155228079120969e-02+j1.10642862046672219717e-02
  -3.71550120261627953022e-02+j1.08739388285378230786e-02
  -3.50727619806993212714e-02+j1.06489002083392132747e-02
  -3.30312018528469558687e-02+j1.03905643506560490391e-02
  -3.10298575838319733167e-02+j1.01002758153749278708e-02
  -2.90682459079873549423e-02+j9.77933117968608073278e-03
  -2.71458755879944793610e-02+j9.42898047266649101672e-03
  -2.52622485714725335260e-02+j9.05042857978791658036e-03
  -2.34168610730934659281e-02+j8.64483661680902522317e-03
  -2.16092045862437930059e-02+j8.21332327269331217978e-03
  -1.98387668280339407589e-02+j7.75696612126207298704e-03
  -1.81050326212957302108e-02+j7.27680290143984005724e-03
  -1.64074847170198115376e-02+j6.77383276603314363196e-03
  -1.47456045605351415695e-02+j6.24901749906490392578e-03
  -1.31188730045481913300e-02+j5.70328270177877447167e-03
  -1.15267709720295961212e-02+j5.13751894748831327425e-03
  -9.96878007177039518472e-03+j4.55258290551329054818e-03
  -8.44438316930468634014e-03+j3.94929843449910548958e-03
  -6.95306491573851118138e-03+j3.32845764545813913721e-03
  -5.49431223692141076920e-03+j2.69082193493064801559e-03
  -4.06761478524956740510e-03+j2.03712298867569528357e-03
  -2.67246535629898831349e-03+j1.36806375636675187427e-03
  -1.30836027232893300706e-03+j6.84319397746335615108e-04
  +2.52002653437809873605e-05-j1.34617992164003985372e-05
  +1.32871185327580959915e-03-j7.24657527673826804340e-04
  +2.60266559034851539811e-03-j1.44867059818541287115e-03
  +3.84754780807761457770e-03-j2.18492810140250362516e-03
  +5.06383982520143809819e-03-j2.93288059657673908648e-03
  +6.25201772505260249674e-03-j3.69200132532685604270e-03
  +7.41255215428875211675e-03-j4.46178545008019903501e-03
  +8.54590814164910700379e-03-j5.24174931660981776455e-03
  +9.65254493547299148581e-03-j6.03142974009116678014e-03
  +1.07329158587612018966e-02-j6.83038331408615962542e-03
  +1.17874681806719693034e-02-j7.63818574188217074006e-03
  +1.28166430033650937531e-02-j8.45443118961505639397e-03
  +1.38208751631729610809e-02-j9.27873166058416389002e-03
  +1.48005931451667838844e-02-j1.01107163902267281619e-02
  +1.57562190101867630188e-02-j1.09500312611559950937e-02
  +1.66881683334995263579e-02-j1.17963382377408252527e-02
  +1.75968501542634950252e-02-j1.26493148196609329209e-02
  +1.84826669350582097062e-02-j1.35086535139210470180e-02
  +1.93460145307391209735e-02-j1.43740613247836605121e-02
  +2.01872821659544073036e-02-j1.52452592611109424836e-02
  +2.10068524206766388263e-02-j1.61219818606079430545e-02
</dep>
<dep S[1,2] frequency>
  +7.51555314826519715865e-01-j5.65250555024058631837e-01
  +7.28560446457959920430e-01-j5.85235940354645767236e-01
  +7.04901918374245761711e-01-j6.04124166931657713420e-01
  +6.80638633858887676098e-01-j6.21889606998157540296e-01
  +6.55830703179220542154e-01-j6.38510123354839920218e-01
  +6.30539215697321964171e-01-j6.53967150610005432121e-01
  +6.04826003599043815484e-01-j6.68245759823976492875e-01
  +5.78753398637607108235e-01-j6.81334705394671447110e-01
  +5.52383983467037209536e-01-j6.93226453179281443262e-01
  +5.25780339299737997649e-01-j7.03917189021931011261e-01
  +4.99004791754284804384e-01-j7.13406807057438308028e-01
  +4.72119156867328637617e-01-j7.21698877380711478757e-01
  +4.45184489317919929174e-01-j7.28800592908174005302e-01
  +4.18260834951536986104e-01-j7.34722695505706235863e-01
  +3.91406989701419072425e-01-j7.39479381712105698909e-01
  +3.64680266969782451714e-01-j7.43088188642696434449e-01
  +3.38136275469828828655e-01-j7.45569860908656623089e-01
  +3.11828709427377059882e-01-j7.46948199628865827648e-01
  +2.85809152905864227723e-01-j7.47249894836157446676e-01
  +2.60126899857949345218e-01-j7.46504342786310726154e-01
  +2.34828791312963525151e-01-j7.44743449858214279224e-01
  +2.09959070899242206121e-01-j7.42001424887240523809e-01
  +1.85559259667561149421e-01-j7.38314561895221155297e-01
  +1.61668050939367230479e-01-j7.33721015269394372105e-01
  +1.38321225651352741615e-01-j7.28260569496716358984e-01
  +1.15551588414914155334e-01-j7.21974405579829503488e-01
  +9.33889242583804957132e-02-j7.14904866246725889667e-01
  +7.18599757763369317853e-02-j7.07095222018409796938e-01
  +5.09884401809572243569e-02-j6.98589440121973215270e-01
  +3.07949855357336557682e-02-j6.89431958130633404380e-01
  +1.12972852578093353043e-02-j6.79667464082092664945e-01
  -7.48993019580808903901e-03-j6.69340684676524300123e-01
  -2.55548056899312543699e-02-j6.58496182987298062095e-01
  -4.28882791729270768100e-02-j6.47178166937743992726e-01
  -5.94839862839663668925e-02-j6.35430309608872034843e-01
  -7.53381533187106877669e-02-j6.23295582249120183604e-01
  -9.04494801059118336273e-02-j6.10816100665019567906e-01
  -1.04819014363870269269e-01-j5.98032985479530321271e-01
  -1.18450019096513578520e-01-j5.84986236562071160172e-01
  -1.31347834560033599471e-01-j5.71714621758046992461e-01
  -1.43519736281570192693e-01-j5.58255579882642405387e-01
  -1.54974790546060253726e-01-j5.44645137792847511271e-01
  -1.65723708687563198172e-01-j5.30917841216391184211e-01
  -1.75778701429915668042e-01-j5.17106698896422134482e-01
  -1.85153334421833543066e-01-j5.03243139506971859376e-01
  -1.93862386004679809748e-01-j4.89356980707726652025e-01
  -2.01921708141161115879e-01-j4.75476409635505303797e-01
  -2.09348091320899348800e-01-j4.61627974074854674491e-01
  -2.16159134147033304973e-01-j4.47836583510657804119e-01
  -2.22373118198287672564e-01-j4.34125519239298485186e-01
  -2.28008888654608665725e-01-j4.20516452702213661130e-01
  -2.33085741073055019434e-01-j4.07029471204509718518e-01
  -2.37623314604957475149e-01-j3.93683110190283847007e-01
  -2.41641491856328965993e-01-j3.80494391264657283447e-01
  -2.45160305511628512365e-01-j3.67478865178347102738e-01
  -2.48199851766583212687e-01-j3.54650659023254211100e-01
  -2.50780210549116533425e-01-j3.42022526924696201878e-01
  -2.52921372448482284501e-01-j3.29605903557749158050e-01
  -2.54643172221325819748e-01-j3.17410959859717844989e-01
  -2.55965228699371716292e-01-j3.05446660356785637536e-01
  -2.56906890886610284053e-01-j2.93720821570878587448e-01
  -2.57487190003333366040e-01-j2.82240171019948138387e-01
  -2.57724797210481415544e-01-j2.71010406372757528537e-01
  -2.57637986729178092293e-01-j2.60036254365061558769e-01
  -2.57244604057250858542e-01-j2.49321529129423624660e-01
  -2.56562038975891970605e-01-j2.38869189633574230403e-01
  -2.55607203035329189067e-01-j2.28681395963351880019e-01
  -2.54396511207654496545e-01-j2.18759564224706687385e-01
  -2.52945867397365242724e-01-j2.09104419875218133784e-01
  -2.51270653505476337930e-01-j1.99716049329067002471e-01
  -2.49385721750389671714e-01-j1.90593949710015475585e-01
  -2.47305389958163979180e-01-j1.81737076655118484636e-01
  -2.45043439545618552122e-01-j1.73143890097251229587e-01
  -2.42613115931792244773e-01-j1.64812397977517899328e-01
  -2.40027131126153092655e-01-j1.56740197858991292534e-01
  -2.37297668255538163340e-01-j1.48924516431388626048e-01
  -2.34436387805656815120e-01-j1.41362246912112521358e-01
  -2.31454435367147659530e-01-j1.34049984363004220933e-01
  -2.28362450690207968718e-01-j1.26984058953924255908e-01
  -2.25170577865817844732e-01-j1.20160567214496222244e-01
  -2.21888476465193218434e-01-j1.13575401323686112076e-01
  -2.18525333482466860291e-01-j1.07224276493977893621e-01
  -2.15089875938403646272e-01-j1.01102756512404468037e-01
  -2.11590384015294452613e-01-j9.52062775051899790046e-02
  -2.08034704604978748499e-01-j8.95301699959653307648e-02
  -2.04430265163060981282e-01-j8.40696793299519767872e-02
  -2.00784087772986924447e-01-j7.88199845378923930062e-02
  -1.97102803333547876852e-01-j7.37762157143371649637e-02
  -1.93392665792669504743e-01-j6.89334699848909160380e-02
  -1.89659566359009351677e-01-j6.42868261366516396960e-02
  -1.85909047630946344665e-01-j5.98313579850312596276e-02
  -1.82146317589944262139e-01-j5.55621465488715382541e-02
  -1.78376263412228897032e-01-j5.14742911040755035668e-02
  -1.74603465058876416993e-01-j4.75629191839878201487e-02
  -1.70832208610351948819e-01-j4.38231955926604715978e-02
  -1.67066499316681355003e-01-j4.02503304947497558830e-02
  -1.63310074339270305810e-01-j3.68395866433545923768e-02
  -1.59566415164725639020e-01-j3.35862858045719858691e-02
  -1.55838759674923388321e-01-j3.04858144349055837363e-02
  -1.52130113861153687393e-01-j2.75336286650791350894e-02
  -1.48443263173205053373e-01-j2.47252586411353010576e-02
  -1.44780783497182985453e-01-j2.20563122711009036714e-02
  -1.41145051758308992529e-01-j1.95224784229230813315e-02
  -1.37538256147106352500e-01-j1.71195296168235415457e-02
  -1.33962405969422465590e-01-j1.48433242527815333067e-02
  -1.30419341122333137806e-01-j1.26898084114155790258e-02
  -1.26910741199507098864e-01-j1.06550172642372008303e-02
  -1.23438134230895724119e-01-j8.73507612699945916457e-03
  -1.20002905062611991971e-01-j6.92620118770134393649e-03
  -1.16606303383925802297e-01-j5.22469993876455238851e-03
  -1.13249451408923937357e-01-j3.62697134090319683181e-03
  -1.09933351221142464049e-01-j2.12950574435280147109e-03
  -1.06658891789912418924e-01-j7.28884591324968872210e-04
  -1.03426855667618777801e-01+j5.78220078140797059084e-04
  -1.00237925377349268441e-01+j1.79504629634693094707e-03
  -9.70926895006515855435e-02+j2.92474299508352830398e-03
  -9.39916484752855441176e-02+j3.97037097211082930931e-03
  -9.09352201128595521995e-02+j4.93490398070285142540e-03
  -8.79237448464007115279e-02+j5.82122992723866587023e-03
  -8.49574907177292476534e-02+j6.63215216299582223380e-03
  -8.20366581145641343698e-02+j7.37039085744331610300e-03
  -7.91613842670935152768e-02+j8.03858444135376742912e-03
  -7.63317475136401218938e-02+j8.63929110902491616264e-03
  -7.35477713448813436026e-02+j9.17499036982407333018e-03
  -7.08094282358780052755e-02+j9.64808464010371083508e-03
  -6.81166432749673173008e-02+j1.00609008673329478750e-02
  -6.54692975983376251881e-02+j1.04156921790124531307e-02
  -6.28672316388703689150e-02+j1.07146395496348269955e-02
  -6.03102481976063101166e-02+j1.09598534795828043281e-02
  -5.77981153458775528953e-02+j1.11533756804292425585e-02
  -5.53305691659621082246e-02+j1.12971807616587711920e-02
  -5.29073163378070560059e-02+j1.13931779143412580807e-02
  -5.05280365791083568849e-02+j1.14432125877214439097e-02
  -4.81923849457912348293e-02+j1.14490681551506576913e-02
  -4.58999939996404260345e-02+j1.14124675661501050195e-02
  -4.36504758496072953200e-02+j1.13350749817886769372e-02
  -4.14434240730352024262e-02+j1.12184973908573352303e-02
  -3.92784155228079120969e-02+j1.10642862046672219717e-02
  -3.71550120261627953022e-02+j1.08739388285378230786e-02
  -3.50727619806993212714e-02+j1.06489002083392132747e-02
  -3.30312018528469558687e-02+j1.03905643506560490391e-02
  -3.10298575838319733167e-02+j1.01002758153749278708e-02
  -2.90682459079873549423e-02+j9.77933117968608073278e-03
  -2.71458755879944793610e-02+j9.42898047266649101672e-03
  -2.52622485714725335260e-02+j9.05042857978791658036e-03
  -2.34168610730934659281e-02+j8.64483661680902522317e-03
  -2.16092045862437930059e-02+j8.21332327269331217978e-03
  -1.98387668280339407589e-02+j7.75696612126207298704e-03
  -1.81050326212957302108e-02+j7.27680290143984005724e-03
  -1.64074847170198115376e-02+j6.77383276603314363196e-03
  -1.47456045605351415695e-02+j6.24901749906490392578e-03
  -1.31188730045481913300e-02+j5.70328270177877447167e-03
  -1.15267709720295961212e-02+j5.13751894748831327425e-03
  -9.96878007177039518472e-03+j4.55258290551329054818e-03
  -8.44438316930468634014e-03+j3.94929843449910548958e-03
  -6.95306491573851118138e-03+j3.32845764545813913721e-03
  -5.49431223692141076920e-03+j2.69082193493064801559e-03
  -4.06761478524956740510e-03+j2.03712298867569528357e-03
  -2.67246535629898831349e-03+j1.36806375636675187427e-03
  -1.30836027232893300706e-03+j6.84319397746335615108e-04
  +2.52002653437809873605e-05-j1.34617992164003985372e-05
  +1.32871185327580959915e-03-j7.24657527673826804340e-04
  +2.60266559034851539811e-03-j1.44867059818541287115e-03
  +3.84754780807761457770e-03-j2.18492810140250362516e-03
  +5.06383982520143809819e-03-j2.93288059657673908648e-03
  +6.25201772505260249674e-03-j3.69200132532685604270e-03
  +7.41255215428875211675e-03-j4.46178545008019903501e-03
  +8.54590814164910700379e-03-j5.24174931660981776455e-03
  +9.65254493547299148581e-03-j6.03142974009116678014e-03
  +1.07329158587612018966e-02-j6.83038331408615962542e-03
  +1.17874681806719693034e-02-j7.63818574188217074006e-03
  +1.28166430033650937531e-02-j8.45443118961505639397e-03
  +1.38208751631729610809e-02-j9.27873166058416389002e-03
  +1.48005931451667838844e-02-j1.01107163902267281619e-02
  +1.57562190101867630188e-02-j1.09500312611559950937e-02
  +1.66881683334995263579e-02-j1.17963382377408252527e-02
  +1.75968501542634950252e-02-j1.26493148196609329209e-02
  +1.84826669350582097062e-02-j1.35086535139210470180e-02
  +1.93460145307391209735e-02-j1.43740613247836605121e-02
  +2.01872821659544073036e-02-j1.52452592611109424836e-02
  +2.10068524206766388263e-02-j1.61219818606079430545e-02
</dep>
<dep S[1,1] frequency>
  -2.01522800202445673268e-01-j2.68870855194274782640e-01
  -2.19946292741582893893e-01-j2.74704166826596041240e-01
  -2.38832619716739386062e-01-j2.79533946608906957998e-01
  -2.58125309702311456217e-01-j2.83338304343226321524e-01
  -2.77766778781049494818e-01-j2.86098759543809089134e-01
  -2.97698554279047400417e-01-j2.87800320115100483065e-01
  -3.17861506980667229971e-01-j2.88431544587893329279e-01
  -3.38196090397997750632e-01-j2.87984586758944116625e-01
  -3.58642585499326760345e-01-j2.86455221727966169443e-01
  -3.79141349148445383488e-01-j2.83842852500900799662e-01
  -3.99633064379581626202e-01-j2.80150496528798531592e-01
  -4.20058990528412889986e-01-j2.75384751770842095553e-01
  -4.40361211167880184369e-01-j2.69555742106928453161e-01
  -4.60482877760499065278e-01-j2.62677042173082520016e-01
  -4.80368446930074910473e-01-j2.54765581947302810484e-01
  -4.99963909291865737927e-01-j2.45841531668882007367e-01
  -5.19217007842766586911e-01-j2.35928167924925102916e-01
  -5.38077444015756523044e-01-j2.25051721978770491450e-01
  -5.56497069638445140960e-01-j2.13241211639938393896e-01
  -5.74430063196310958240e-01-j2.00528258181326635157e-01
  -5.91833088995467826443e-01-j1.86946889989322295733e-01
  -6.08665438030094874122e-01-j1.72533334785860192895e-01
  -6.24889149592547266110e-01-j1.57325802382581203531e-01
  -6.40469112906623116999e-01-j1.41364260015988396635e-01
  -6.55373148316627851528e-01-j1.24690202366412233870e-01
  -6.69572067817725491423e-01-j1.07346418383231723137e-01
  -6.83039714963572963669e-01-j8.93767570243924752704e-02
  -6.95752984430709764396e-01-j7.08258939704281831329e-02
  -7.07691821748339777720e-01-j5.17391012961156138150e-02
  -7.18839203916479485557e-01-j3.21620219769029463963e-02
  -7.29181101829476485676e-01-j1.21404509770226542997e-02
  -7.38706425592493443055e-01+j8.27987548406329543216e-03
  -7.47406953965546794194e-01+j2.90534810583364805359e-02
  -7.55277249289632135465e-01+j5.01353395405305796162e-02
  -7.62314559342726627555e-01+j7.14810532238329687793e-02
  -7.68518707640552078963e-01+j9.30470184737449135248e-02
  -7.73891973736345439860e-01+j1.14790577845998720274e-01
  -7.78438965090110679412e-01+j1.36670158266575858530e-01
  -7.82166482068411328399e-01+j1.58645394974595760340e-01
  -7.85083377606670684834e-01+j1.80677241105037911240e-01
  -7.87200413016324151982e-01+j2.02728062951246346124e-01
  -7.88530111353541007801e-01+j2.24761721097917921419e-01
  -7.89086609686178830358e-01+j2.46743637750547972765e-01
  -7.88885511504069381061e-01+j2.68640850706983957963e-01
  -7.87943740417651583563e-01+j2.90422054520564243418e-01
  -7.86279396183000911513e-01+j3.12057629490657517657e-01
  -7.83911613981096877524e-01+j3.33519659187497374830e-01
  -7.80860427766670528449e-01+j3.54781937273073166850e-01
  -7.77146638390061372803e-01+j3.75819964419228269570e-01
  -7.72791687085578327121e-01+j3.96610936150388448951e-01
  -7.67817534813407309713e-01+j4.17133722450889532496e-01
  -7.62246547840550570108e-01+j4.37368839977930745633e-01
  -7.56101389850452276775e-01+j4.57298417712077798214e-01
  -7.49404920781842842636e-01+j4.76906156858726837378e-01
  -7.42180102515320960777e-01+j4.96177285788001576350e-01
  -7.34449911451685255592e-01+j5.15098510767753148265e-01
  -7.26237257959295168241e-01+j5.33657963207039065523e-01
  -7.17564912608698479701e-01+j5.51845144085483241270e-01
  -7.08455439061269509615e-01+j5.69650866199246097565e-01
  -6.98931133434606222110e-01+j5.87067194808078673951e-01
  -6.89013969930417413678e-01+j6.04087387219925719961e-01
  -6.78725552480171745451e-01+j6.20705831802130569841e-01
  -6.68087072139779358793e-01+j6.36917986860323748211e-01
  -6.57119269945974249225e-01+j6.52720319780119684339e-01
  -6.45842404933968494696e-01+j6.68110246781263183991e-01
  -6.34276227007261161894e-01+j6.83086073591050557674e-01
  -6.22439954346195478685e-01+j6.97646937302617287102e-01
  -6.10352255041131885882e-01+j7.11792749645075550902e-01
  -5.98031232638497889376e-01+j7.25524141856413007368e-01
  -5.85494415293277281620e-01+j7.38842411316443903324e-01
  -5.72758748228856640061e-01+j7.51749470066378933097e-01
  -5.59840589214589012812e-01+j7.64247795313270472661e-01
  -5.46755706782271255761e-01+j7.76340381992141614909e-01
  -5.33519280914810489769e-01+j7.88030697435516458427e-01
  -5.20145905953277143396e-01+j7.99322638179554512128e-01
  -5.06649595482153269899e-01+j8.10220488917760550684e-01
  -4.93043788966451290712e-01+j8.20728883597323544130e-01
  -4.79341359928607269048e-01+j8.30852768639097183367e-01
  -4.65554625467080207546e-01+j8.40597368250417753544e-01
  -4.51695356932660607718e-01+j8.49968151789616044312e-01
  -4.37774791592136391927e-01+j8.58970803132684146419e-01
  -4.23803645122390992839e-01+j8.67611191985385388215e-01
  -4.09792124790823497626e-01+j8.75895347078528008211e-01
  -3.95749943190422226458e-01+j8.83829431179555258247e-01
  -3.81686332409636008833e-01+j8.91419717850332249398e-01
  -3.67610058528371808073e-01+j8.98672569878529725607e-01
  -3.53529436342103042801e-01+j9.05594419308545228731e-01
  -3.39452344226023439155e-01+j9.12191748997037366031e-01
  -3.25386239060512560961e-01+j9.18471075618090493364e-01
  -3.11338171147943043593e-01+j9.24438934043363191861e-01
  -2.97314799058895018469e-01+j9.30101863023570896161e-01
  -2.83322404353397727661e-01+j9.35466392098886379003e-01
  -2.69366906129727357033e-01+j9.40539029667510573240e-01
  -2.55453875359586191074e-01+j9.45326252143608214418e-01
  -2.41588548974432548722e-01+j9.49834494137876461650e-01
  -2.27775843672937378104e-01+j9.54070139596380539793e-01
  -2.14020369424458761776e-01+j9.58039513835699851896e-01
  -2.00326442647755370574e-01+j9.61748876414940112589e-01
  -1.86698099048178467463e-01+j9.65204414787787179364e-01
  -1.73139106100141965117e-01+j9.68412238680362302823e-01
  -1.59652975164813609732e-01+j9.71378375143260752722e-01
  -1.46242973235907403051e-01+j9.74108764228791890183e-01
  -1.32912134308983520548e-01+j9.76609255246957630447e-01
  -1.19663270371856894636e-01+j9.78885603556293171224e-01
  -1.06498982015799270595e-01+j9.80943467848103378692e-01
  -9.34216686688746356104e-02+j9.82788407885072157200e-01
  -8.04335384543027609450e-02+j9.84425882657521844621e-01
  -6.75366176781011795516e-02+j9.85861248922839439324e-01
  -5.47327599512625884159e-02+j9.87099760095747846833e-01
  -4.20236549528545388910e-02+j9.88146565459175230117e-01
  -2.94108368410727627484e-02+j9.89006709667418659748e-01
  -1.68956923200815067876e-02+j9.89685132515229271100e-01
  -4.47946837093218808157e-03+j9.90186668948179971039e-01
  +7.83672034463395172921e-03+j9.90516049291439992786e-01
  +2.00518843984109906842e-02+j9.90677899675628692577e-01
  +3.21651528185958046624e-02+j9.90676742640006602336e-01
  +4.41757666117359726332e-02+j9.90516997894643091982e-01
  +5.60830725741368885107e-02+j9.90202983224599320167e-01
  +6.78865173829518858684e-02+j9.89738915520419260119e-01
  +7.95856419573042206395e-02+j9.89128911920420739179e-01
  +9.11800760797209092212e-02+j9.88376991051406417199e-01
  +1.02669533268329310483e-01+j9.87487074355474891973e-01
  +1.14053805890333551099e-01+j9.86462987491582454780e-01
  +1.25332760507458146337e-01+j9.85308461801444490646e-01
  +1.36506333444210536943e-01+j9.84027135830205956779e-01
  +1.47574526570000696957e-01+j9.82622556893139487144e-01
  +1.58537403286383160594e-01+j9.81098182680347541407e-01
  +1.69395084710886129065e-01+j9.79457382892159333920e-01
  +1.80147746049112683631e-01+j9.77703440898558762129e-01
  +1.90795613147095671769e-01+j9.75839555416570858526e-01
  +2.01338959216067564517e-01+j9.73868842200088513650e-01
  +2.11778101722081169012e-01+j9.71794335737160563937e-01
  +2.22113399433180452869e-01+j9.69618990950207759738e-01
  +2.32345249617054244728e-01+j9.67345684895099866552e-01
  +2.42474085382366089103e-01+j9.64977218455413399134e-01
  +2.52500373157190483031e-01+j9.62516318028601158829e-01
  +2.62424610298254923357e-01+j9.59965637201098509479e-01
  +2.72247322824884729897e-01+j9.57327758409773688086e-01
  +2.81969063271864772702e-01+j9.54605194587365479819e-01
  +2.91590408655560406892e-01+j9.51800390789868222541e-01
  +3.01111958547959746024e-01+j9.48915725804046150671e-01
  +3.10534333253479621906e-01+j9.45953513733494455451e-01
  +3.19858172083591019152e-01+j9.42916005561867942575e-01
  +3.29084131724544648456e-01+j9.39805390692117881279e-01
  +3.38212884693665949420e-01+j9.36623798460701317836e-01
  +3.47245117879917852832e-01+j9.33373299625925190171e-01
  +3.56181531164563525138e-01+j9.30055907829739680892e-01
  +3.65022836118013227491e-01+j9.26673581032379622968e-01
  +3.73769754769053386134e-01+j9.23228222919431851246e-01
  +3.82423018442882844958e-01+j9.19721684280973339476e-01
  +3.90983366664489295772e-01+j9.16155764362541980006e-01
  +3.99451546124128142878e-01+j9.12532212187785463087e-01
  +4.07828309701728897174e-01+j9.08852727852721642421e-01
  +4.16114415547294225206e-01+j9.05118963791602060276e-01
  +4.24310626214413844082e-01+j9.01332526014458679242e-01
  +4.32417707844211962609e-01+j8.97494975316434517865e-01
  +4.40436429397139894704e-01+j8.93607828459099806651e-01
  +4.48367561930158031736e-01+j8.89672559323954503796e-01
  +4.56211877916964381185e-01+j8.85690600038396058657e-01
  +4.63970150609070208780e-01+j8.81663342074434641660e-01
  +4.71643153435564010945e-01+j8.77592137320500897957e-01
  +4.79231659439588009164e-01+j8.73478299126696944299e-01
  +4.86736440749584553522e-01+j8.69323103323869084136e-01
  +4.94158268083503826595e-01+j8.65127789216913800630e-01
  +5.01497910284225967281e-01+j8.60893560552726810897e-01
  +5.08756133884567196546e-01+j8.56621586463232276287e-01
  +5.15933702700281493492e-01+j8.52313002383941142881e-01
  +5.23031377449578060990e-01+j8.47968910948492693436e-01
  +5.30049915397748483414e-01+j8.43590382859634169144e-01
  +5.36990070025527010955e-01+j8.39178457737120853110e-01
  +5.43852590719939965602e-01+j8.34734144943002465133e-01
  +5.50638222486409145695e-01+j8.30258424384761051229e-01
  +5.57347705680942606676e-01+j8.25752247296802077692e-01
  +5.63981775761350778708e-01+j8.21216537000742485830e-01
  +5.70541163056407230059e-01+j8.16652189644993198314e-01
  +5.77026592551991734936e-01+j8.12060074924099706273e-01
  +5.83438783693249418683e-01+j8.07441036778311693745e-01
  +5.89778450201902337824e-01+j8.02795894073839111371e-01
  +5.96046299907835308574e-01+j7.98125441264258550511e-01
  +6.02243034594169723839e-01+j7.93430449033535101222e-01
  +6.08369349855047758524e-01+j7.88711664921084687485e-01
</dep>
