<Qucs Dataset 1.0.7>
<indep frequency 181>
  +1.00000000000000000000e+09
  +1.05000000000000000000e+09
  +1.10000000000000000000e+09
  +1.15000000000000000000e+09
  +1.20000000000000000000e+09
  +1.25000000000000000000e+09
  +1.30000000000000000000e+09
  +1.35000000000000000000e+09
  +1.40000000000000000000e+09
  +1.45000000000000000000e+09
  +1.50000000000000000000e+09
  +1.55000000000000000000e+09
  +1.60000000000000000000e+09
  +1.65000000000000000000e+09
  +1.70000000000000000000e+09
  +1.75000000000000000000e+09
  +1.80000000000000000000e+09
  +1.85000000000000000000e+09
  +1.90000000000000000000e+09
  +1.95000000000000000000e+09
  +2.00000000000000000000e+09
  +2.05000000000000000000e+09
  +2.10000000000000000000e+09
  +2.15000000000000000000e+09
  +2.20000000000000000000e+09
  +2.25000000000000000000e+09
  +2.30000000000000000000e+09
  +2.35000000000000000000e+09
  +2.40000000000000000000e+09
  +2.45000000000000000000e+09
  +2.50000000000000000000e+09
  +2.55000000000000000000e+09
  +2.60000000000000000000e+09
  +2.65000000000000000000e+09
  +2.70000000000000000000e+09
  +2.75000000000000000000e+09
  +2.80000000000000000000e+09
  +2.85000000000000000000e+09
  +2.90000000000000000000e+09
  +2.95000000000000000000e+09
  +3.00000000000000000000e+09
  +3.05000000000000000000e+09
  +3.10000000000000000000e+09
  +3.15000000000000000000e+09
  +3.20000000000000000000e+09
  +3.25000000000000000000e+09
  +3.30000000000000000000e+09
  +3.35000000000000000000e+09
  +3.40000000000000000000e+09
  +3.45000000000000000000e+09
  +3.50000000000000000000e+09
  +3.55000000000000000000e+09
  +3.60000000000000000000e+09
  +3.65000000000000000000e+09
  +3.70000000000000000000e+09
  +3.75000000000000000000e+09
  +3.80000000000000000000e+09
  +3.85000000000000000000e+09
  +3.90000000000000000000e+09
  +3.95000000000000000000e+09
  +4.00000000000000000000e+09
  +4.05000000000000000000e+09
  +4.10000000000000000000e+09
  +4.15000000000000000000e+09
  +4.20000000000000000000e+09
  +4.25000000000000000000e+09
  +4.30000000000000000000e+09
  +4.35000000000000000000e+09
  +4.40000000000000000000e+09
  +4.45000000000000000000e+09
  +4.50000000000000000000e+09
  +4.55000000000000000000e+09
  +4.60000000000000000000e+09
  +4.65000000000000000000e+09
  +4.70000000000000000000e+09
  +4.75000000000000000000e+09
  +4.80000000000000000000e+09
  +4.85000000000000000000e+09
  +4.90000000000000000000e+09
  +4.95000000000000000000e+09
  +5.00000000000000000000e+09
  +5.05000000000000000000e+09
  +5.10000000000000000000e+09
  +5.15000000000000000000e+09
  +5.20000000000000000000e+09
  +5.25000000000000000000e+09
  +5.30000000000000000000e+09
  +5.35000000000000000000e+09
  +5.40000000000000000000e+09
  +5.45000000000000000000e+09
  +5.50000000000000000000e+09
  +5.55000000000000000000e+09
  +5.60000000000000000000e+09
  +5.65000000000000000000e+09
  +5.70000000000000000000e+09
  +5.75000000000000000000e+09
  +5.80000000000000000000e+09
  +5.85000000000000000000e+09
  +5.90000000000000000000e+09
  +5.95000000000000000000e+09
  +6.00000000000000000000e+09
  +6.05000000000000000000e+09
  +6.10000000000000000000e+09
  +6.15000000000000000000e+09
  +6.20000000000000000000e+09
  +6.25000000000000000000e+09
  +6.30000000000000000000e+09
  +6.35000000000000000000e+09
  +6.40000000000000000000e+09
  +6.45000000000000000000e+09
  +6.50000000000000000000e+09
  +6.55000000000000000000e+09
  +6.60000000000000000000e+09
  +6.65000000000000000000e+09
  +6.70000000000000000000e+09
  +6.75000000000000000000e+09
  +6.80000000000000000000e+09
  +6.85000000000000000000e+09
  +6.90000000000000000000e+09
  +6.95000000000000000000e+09
  +7.00000000000000000000e+09
  +7.05000000000000000000e+09
  +7.10000000000000000000e+09
  +7.15000000000000000000e+09
  +7.20000000000000000000e+09
  +7.25000000000000000000e+09
  +7.30000000000000000000e+09
  +7.35000000000000000000e+09
  +7.40000000000000000000e+09
  +7.45000000000000000000e+09
  +7.50000000000000000000e+09
  +7.55000000000000000000e+09
  +7.60000000000000000000e+09
  +7.65000000000000000000e+09
  +7.70000000000000000000e+09
  +7.75000000000000000000e+09
  +7.80000000000000000000e+09
  +7.85000000000000000000e+09
  +7.90000000000000000000e+09
  +7.95000000000000000000e+09
  +8.00000000000000000000e+09
  +8.05000000000000000000e+09
  +8.10000000000000000000e+09
  +8.15000000000000000000e+09
  +8.20000000000000000000e+09
  +8.25000000000000000000e+09
  +8.30000000000000000000e+09
  +8.35000000000000000000e+09
  +8.40000000000000000000e+09
  +8.45000000000000000000e+09
  +8.50000000000000000000e+09
  +8.55000000000000000000e+09
  +8.60000000000000000000e+09
  +8.65000000000000000000e+09
  +8.70000000000000000000e+09
  +8.75000000000000000000e+09
  +8.80000000000000000000e+09
  +8.85000000000000000000e+09
  +8.90000000000000000000e+09
  +8.95000000000000000000e+09
  +9.00000000000000000000e+09
  +9.05000000000000000000e+09
  +9.10000000000000000000e+09
  +9.15000000000000000000e+09
  +9.20000000000000000000e+09
  +9.25000000000000000000e+09
  +9.30000000000000000000e+09
  +9.35000000000000000000e+09
  +9.40000000000000000000e+09
  +9.45000000000000000000e+09
  +9.50000000000000000000e+09
  +9.55000000000000000000e+09
  +9.60000000000000000000e+09
  +9.65000000000000000000e+09
  +9.70000000000000000000e+09
  +9.75000000000000000000e+09
  +9.80000000000000000000e+09
  +9.85000000000000000000e+09
  +9.90000000000000000000e+09
  +9.95000000000000000000e+09
  +1.00000000000000000000e+10
</indep>
<dep S21_phase frequency>
  -6.28830893256696867866e+01
  -6.46697404904100778822e+01
  -6.63752944775712165892e+01
  -6.80061287534010716627e+01
  -6.95681236576829888918e+01
  -7.10666863323137363295e+01
  -7.25067792455218409486e+01
  -7.38929509670365547436e+01
  -7.52293675630507294727e+01
  -7.65198435100795393282e+01
  -7.77678714146264695728e+01
  -7.89766501047209743547e+01
  -8.01491108569460521949e+01
  -8.12879416597088777507e+01
  -8.23956095063835221026e+01
  -8.34743807728624176434e+01
  -8.45263397720593729900e+01
  -8.55534055998015219302e+01
  -8.65573473972524283226e+01
  -8.75397981581044746235e+01
  -8.85022672068183595684e+01
  -8.94461514690657111259e+01
  -9.03727456484660933711e+01
  -9.12832514156352488044e+01
  -9.21787857071290517297e+01
  -9.30603882233779557964e+01
  -9.39290282065482813323e+01
  -9.47856105715153347546e+01
  -9.56309814559049158333e+01
  -9.64659332485115328382e+01
  -9.72912091493048905022e+01
  -9.81075073087239246661e+01
  -9.89154845889554081850e+01
  -9.97157599854124043759e+01
  -1.00508917742587627231e+02
  -1.01295510194855438613e+02
  -1.02076060359573475012e+02
  -1.02851064306940784832e+02
  -1.03620993328525884181e+02
  -1.04386295924068463137e+02
  -1.05147399624129860740e+02
  -1.05904712664348906515e+02
  -1.06658625525439120452e+02
  -1.07409512351620080040e+02
  -1.08157732258892238519e+02
  -1.08903630543411011899e+02
  -1.09647539799197943466e+02
  -1.10389780953508534367e+02
  -1.11130664227355509865e+02
  -1.11870490027963555235e+02
  -1.12609549779267098302e+02
  -1.13348126695982202250e+02
  -1.14086496506252146332e+02
  -1.14824928127400255562e+02
  -1.15563684298890819946e+02
  -1.16303022176219656103e+02
  -1.17043193889111847739e+02
  -1.17784447067088279937e+02
  -1.18527025335183196830e+02
  -1.19271168782341391079e+02
  -1.20017114404784280168e+02
  -1.20765096526428862944e+02
  -1.21515347198247255278e+02
  -1.22268096578276384889e+02
  -1.23023573293831717024e+02
  -1.23782004787309631411e+02
  -1.24543617646856901615e+02
  -1.25308637923012369697e+02
  -1.26077291432342590838e+02
  -1.26849804048960535852e+02
  -1.27626401984707172232e+02
  -1.28407312058666207122e+02
  -1.29192761956614674546e+02
  +5.00170195191537203527e+01
  +4.92218022092015985436e+01
  +4.84213543652509343929e+01
  +4.76154424272407510443e+01
  +4.68038308089919823374e+01
  +4.59862816925157815717e+01
  +4.51625548310543933894e+01
  +4.43324073610116826671e+01
  +4.34955936231273625481e+01
  +4.26518649932598137298e+01
  +4.18009697233117378801e+01
  +4.09426527929450472243e+01
  +4.00766557728203736133e+01
  +3.92027167002941610008e+01
  +3.83205699685646976604e+01
  +3.74299462304756218600e+01
  +3.65305723182929753534e+01
  +3.56221711809580341423e+01
  +3.47044618404831837211e+01
  +3.37771593693388751944e+01
  +3.28399748908751760723e+01
  +3.18926156050125655383e+01
  +3.09347848416558939277e+01
  +2.99661821444903040401e+01
  +2.89865033880533822241e+01
  +2.79954409311940075611e+01
  +2.69926838102770751959e+01
  +2.59779179757109268678e+01
  +2.49508265756259284274e+01
  +2.39110902907506819304e+01
  +2.28583877247582414327e+01
  +2.17923958545588902780e+01
  +2.07127905452105061102e+01
  +1.96192471342684839897e+01
  +1.85114410905296011833e+01
  +1.73890487522046299773e+01
  +1.62517481495786029200e+01
  +1.50992199171783543221e+01
  +1.39311483003448834950e+01
  +1.27472222608976082370e+01
  +1.15471366862407727183e+01
  +1.03305937058255050687e+01
  +9.09730411826506468742e+00
  +7.84698893165683308837e+00
  +6.57938101871011049582e+00
  +5.29422688714927236475e+00
  +3.99128856449836844078e+00
  +2.67034559477772548419e+00
  +1.33119714281452106164e+00
  -2.63358002011575900725e-02
  -1.40240811859495329017e+00
  -2.79714819277393855756e+00
  -4.21065545249939443551e+00
  -5.64299787989680456946e+00
  -7.09420948237464266128e+00
  -8.56428775889507676311e+00
  -1.00531911863724712219e+01
  -1.15608367562624216873e+01
  -1.30870975945947378705e+01
  -1.46318007016472471093e+01
  -1.61947248500754668044e+01
  -1.77755986824394689449e+01
  -1.93740990505861958582e+01
  -2.09898496401254917032e+01
  -2.26224199231064986293e+01
  -2.42713244808820540754e+01
  -2.59360227369080895699e+01
  -2.76159191357801496736e+01
  -2.93103638001451081152e+01
  -3.10186536912050101478e+01
  -3.27400342914180555454e+01
  -3.44737018198011924142e+01
  -3.62188059810786597836e+01
  -3.79744532400404679606e+01
  -3.97397106020993291509e+01
  -4.15136098704870306619e+01
  -4.32951523401259947832e+01
  -4.50833138783041746933e+01
  -4.68770503332160117793e+01
  -4.86753032035431019153e+01
  -5.04770054958384903898e+01
  -5.22810876917864746360e+01
  -5.40864837446403896593e+01
  -5.58921370233856507070e+01
  -5.76970061244743277484e+01
  -5.95000704742870922814e+01
  -6.13003356506407683923e+01
  -6.30968383585045273776e+01
  -6.48886510033185146540e+01
  -6.66748858146355303234e+01
  -6.84546984828900377806e+01
  -7.02272912825702206874e+01
  -7.19919156656124386018e+01
  -7.37478743191069980867e+01
  -7.54945226911214035681e+01
  -7.72312699973700773626e+01
  -7.89575797293897636564e+01
  -8.06729696916811462870e+01
  -8.23770116008709152311e+01
  -8.40693302842871901248e+01
  -8.57496025184656218698e+01
  -8.74175555500336542991e+01
  -8.90729653422781382233e+01
  -9.07156545905694429166e+01
  -9.23454905488365227484e+01
  -9.39623827075990760704e+01
  -9.55662803617874772044e+01
  -9.71571701038778456905e+01
</dep>
<dep S11_phase frequency>
  -1.52895677836605301536e+02
  -1.54681745389506886568e+02
  -1.56386723166832581455e+02
  -1.58016986703406701054e+02
  -1.59578414697952808865e+02
  -1.61076412888258118983e+02
  -1.62515942533443052298e+02
  -1.63901551155863558051e+02
  -1.65237403909441411543e+02
  -1.66527314472021203073e+02
  -1.67774774747542721798e+02
  -1.68982982943237772133e+02
  -1.70154869784829685386e+02
  -1.71293122769975809661e+02
  -1.72400208453208676929e+02
  -1.73478392816595516024e+02
  -1.74529759818426754236e+02
  -1.75556228234175677017e+02
  -1.76559566914722324782e+02
  -1.77541408589950464147e+02
  -1.78503262343903287501e+02
  -1.79446524882566876613e+02
  +1.79627509291694366311e+02
  +1.78717638693080601797e+02
  +1.77822746555149564074e+02
  +1.76941793334396038517e+02
  +1.76073809933713050668e+02
  +1.75217891572578878367e+02
  +1.74373192238033396961e+02
  +1.73538919657156156973e+02
  +1.72714330737848143826e+02
  +1.71898727430234117719e+02
  +1.71091452965996552393e+02
  +1.70291888437440746884e+02
  +1.69499449682119688987e+02
  +1.68713584442452713574e+02
  +1.67933769773000307168e+02
  +1.67159509670930532366e+02
  +1.66390332907781385074e+02
  +1.65625791042910691431e+02
  +1.64865456601067108977e+02
  +1.64108921398324355323e+02
  +1.63355795002249635672e+02
  +1.62605703313611542171e+02
  +1.61858287258224891048e+02
  +1.61113201578672743608e+02
  +1.60370113716674126181e+02
  +1.59628702777778215705e+02
  +1.58888658570883251286e+02
  +1.58149680715811456366e+02
  +1.57411477812825182809e+02
  +1.56673766668553753334e+02
  +1.55936271573333641527e+02
  +1.55198723625428328887e+02
  +1.54460860098027609411e+02
  +1.53722423845303808321e+02
  +1.52983162744149353784e+02
  +1.52242829168533717166e+02
  +1.51501179493694337452e+02
  +1.50757973627640751602e+02
  +1.50012974567673097681e+02
  +1.49265947979837818593e+02
  +1.48516661799430039537e+02
  +1.47764885850830836489e+02
  +1.47010391485132657863e+02
  +1.46252951234154039639e+02
  +1.45492338479585441746e+02
  +1.44728327136136527997e+02
  +1.43960691347680693752e+02
  +1.43189205195501557455e+02
  +1.42413642417862121192e+02
  +1.41633776140213967665e+02
  +1.40849378615473369791e+02
  +1.40060220973878244877e+02
  +1.39266072982046864581e+02
  +1.38466702810943587565e+02
  +1.37661876812557693484e+02
  +1.36851359305194762328e+02
  +1.36034912367372868403e+02
  +1.35212295640418858511e+02
  +1.34383266139955395602e+02
  +1.33547578076576968442e+02
  +1.32704982686120928292e+02
  +1.31855228070047786559e+02
  +1.30998059046572734587e+02
  +1.30133217013302129317e+02
  +1.29260439822273156096e+02
  +1.28379461668420020715e+02
  +1.27490012992648331647e+02
  +1.26591820400844781602e+02
  +1.25684606600315234459e+02
  +1.24768090355318733486e+02
  +1.23841986463543278774e+02
  +1.22906005755558723536e+02
  +1.21959855119486718422e+02
  +1.21003237553328190756e+02
  +1.20035852247613306076e+02
  +1.19057394701255276459e+02
  +1.18067556873721599686e+02
  +1.17066027376870096077e+02
  +1.16052491710031219441e+02
  +1.15026632542149627625e+02
  +1.13988130045033045690e+02
  +1.12936662281971308630e+02
  +1.11871905656200283374e+02
  +1.10793535423867709255e+02
  +1.09701226276322884701e+02
  +1.08594652996673417533e+02
  +1.07473491195636142947e+02
  +1.06337418131732036386e+02
  +1.05186113620836266591e+02
  +1.04019261039972050753e+02
  +1.02836548430020002343e+02
  +1.01637669701689574708e+02
  +1.00422325948644981963e+02
  +9.91902268710782379912e+01
  +9.79410923122631515980e+01
  +9.66746539096783124023e+01
  +9.53906568611495089272e+01
  +9.40888618051047558311e+01
  +9.27690468124489768798e+01
  +9.14310094857457471562e+01
  +9.00745691593156436738e+01
  +8.86995691915454784748e+01
  +8.73058793381395616962e+01
  +8.58933981922581466506e+01
  +8.44620556744952892814e+01
  +8.30118155524897645137e+01
  +8.15426779666968002402e+01
  +8.00546819355132726059e+01
  +7.85479078096561522671e+01
  +7.70224796425064397454e+01
  +7.54785674401786366161e+01
  +7.39163892524618688640e+01
  +7.23362130636439815135e+01
  +7.07383584407134975436e+01
  +6.91231978956501649236e+01
  +6.74911579186453991497e+01
  +6.58427196402028442890e+01
  +6.41784190823204170329e+01
  +6.24988469623787210594e+01
  +6.08046480180381649916e+01
  +5.90965198273524521255e+01
  +5.73752111054234603671e+01
  +5.56415194671110100444e+01
  +5.38962886544780630516e+01
  +5.21404052375184861035e+01
  +5.03747948070958173616e+01
  +4.86004176895608281939e+01
  +4.68182642229216270380e+01
  +4.50293496443464036361e+01
  +4.32347086478407973686e+01
  +4.14353896788367066506e+01
  +3.96324490388346291070e+01
  +3.78269448779412300610e+01
  +3.60199311559197070665e+01
  +3.42124516531260525198e+01
  +3.24055341114268316005e+01
  +3.06001845818873370320e+01
  +2.87973820508831437337e+01
  +2.69980734094606766860e+01
  +2.52031688225761278943e+01
  +2.34135375455407199752e+01
  +2.16300042249735753330e+01
  +1.98533457111324445066e+01
  +1.80842883980203978922e+01
  +1.63235060974683108270e+01
  +1.45716184437709550537e+01
  +1.28291898166328586228e+01
  +1.10967287623819181874e+01
  +9.37468788675083430917e+00
  +7.66346418710695509446e+00
  +5.96339978786916091735e+00
  +4.27478303995720665398e+00
  +2.59784994344987252290e+00
  +9.32785852068524490299e-01
  -7.20272581425195013161e-01
  -2.36123525847981241554e+00
  -3.99005632409287169793e+00
  -5.60673172695576749192e+00
  -7.21129668190107953052e+00
</dep>
<dep S21_dB frequency>
  -4.81167616568596478999e+00
  -5.11818772769273433454e+00
  -5.42166066102573829255e+00
  -5.72190821431677409947e+00
  -6.01882145735399376463e+00
  -6.31235489278559125381e+00
  -6.60251452060609178574e+00
  -6.88934799982090506631e+00
  -7.17293658475741580105e+00
  -7.45338855163215896482e+00
  -7.73083386957096863057e+00
  -8.00541990672549275132e+00
  -8.27730799512522530392e+00
  -8.54667070697223607567e+00
  -8.81368972021247465420e+00
  -9.07855417264550190737e+00
  -9.34145942194579248508e+00
  -9.60260614417597757608e+00
  -9.86219971610012535734e+00
  -1.01204498372365740977e+01
  -1.03775703564767773912e+01
  -1.06337792755520137433e+01
  -1.08892989079135737995e+01
  -1.11443561769343961743e+01
  -1.13991830419532753638e+01
  -1.16540170447040587476e+01
  -1.19091019722895943289e+01
  -1.21646886361741195515e+01
  -1.24210357698104658652e+01
  -1.26784110506050247125e+01
  -1.29370922550496487702e+01
  -1.31973685591479021895e+01
  -1.34595419998294012487e+01
  -1.37239291170304689160e+01
  -1.39908628006679176536e+01
  -1.42606943720236234441e+01
  -1.45337959353165615539e+01
  -1.48105630427381029790e+01
  -1.50914177253105652454e+01
  -1.53768119530355598101e+01
  -1.56672316015054473581e+01
  -1.59632010191907056651e+01
  -1.62652883109706465348e+01
  -1.65741114804410898387e+01
  -1.68903456078531135631e+01
  -1.72147312845653956970e+01
  -1.75480845818552353421e+01
  -1.78913089062796473172e+01
  -1.82454091917342680063e+01
  -1.86115090087110743866e+01
  -1.89908713465986132007e+01
  -1.93849240634757151724e+01
  -1.97952913265970238399e+01
  -2.02238328259299429135e+01
  -2.06726931938708275993e+01
  -2.11443650016413471349e+01
  -2.16417700771025067752e+01
  -2.21683659431762514203e+01
  -2.27282873146046142665e+01
  -2.33265375026921404356e+01
  -2.39692524765194292513e+01
  -2.46640734275261053199e+01
  -2.54206861809854061107e+01
  -2.62516260329140465046e+01
  -2.71735220366407759229e+01
  -2.82091043904532625675e+01
  -2.93906160883234512937e+01
  -3.07660023957939898764e+01
  -3.24111301656524233294e+01
  -3.44568331254261082108e+01
  -3.71595170163016206288e+01
  -4.11416779909160084117e+01
  -4.88090186786860300572e+01
  -5.61438469697860114138e+01
  -4.33592692535123802600e+01
  -3.83604321040433262624e+01
  -3.51805425365382333780e+01
  -3.28358620576517168388e+01
  -3.09726154585523225649e+01
  -2.94226954441050558842e+01
  -2.80928955390068750830e+01
  -2.69261191569366467036e+01
  -2.58848455347467876209e+01
  -2.49430943075607913784e+01
  -2.40821320480973142253e+01
  -2.32880067407671198509e+01
  -2.25500491643445108991e+01
  -2.18599190744760640825e+01
  -2.12109745575135946183e+01
  -2.05978414679175330093e+01
  -2.00161113067496323481e+01
  -1.94621241490647740591e+01
  -1.89328094232892460980e+01
  -1.84255669811852733631e+01
  -1.79381768183495040603e+01
  -1.74687295492262038010e+01
  -1.70155721685950389599e+01
  -1.65772652419945814017e+01
  -1.61525487577432471653e+01
  -1.57403146248990246647e+01
  -1.53395843284980966104e+01
  -1.49494906285624207243e+01
  -1.45692624601815285956e+01
  -1.41982123899880097184e+01
  -1.38357261308607775163e+01
  -1.34812537262872123023e+01
  -1.31343020986339098499e+01
  -1.27944287187463423550e+01
  -1.24612362029077772263e+01
  -1.21343676808925593491e+01
  -1.18135028083199280502e+01
  -1.14983543197071398367e+01
  -1.11886650369935392035e+01
  -1.08842052629475087855e+01
  -1.05847705006001326922e+01
  -1.02901794492983196250e+01
  -1.00002722356186737329e+01
  -9.71490884360143347465e+00
  -9.43396771384493959545e+00
  -9.15734448516947630026e+00
  -8.88495085599915235264e+00
  -8.61671354546723478052e+00
  -8.35257333663635392895e+00
  -8.09248418624192566995e+00
  -7.83641238709067522450e+00
  -7.58433577074214149150e+00
  -7.33624293942516203515e+00
  -7.09213251733984950675e+00
  -6.85201241261171123398e+00
  -6.61589908222375022717e+00
  -6.38381679329445805848e+00
  -6.15579687510519057980e+00
  -5.93187695734003028747e+00
  -5.71210019108566147139e+00
  -5.49651445026775409275e+00
  -5.28517151236683613291e+00
  -5.07812621846137624004e+00
  -4.87543561388311275095e+00
  -4.67715807201579636398e+00
  -4.48335240501418041958e+00
  -4.29407696642893110806e+00
  -4.10938875187586560855e+00
  -3.92934250493983494579e+00
  -3.75398983643261008325e+00
  -3.58337836587980129721e+00
  -3.41755089467547890081e+00
  -3.25654462067016980953e+00
  -3.10039040403406529478e+00
  -2.94911209403842455856e+00
  -2.80272592591840119525e+00
  -2.66123999622221241168e+00
  -2.52465382402513416338e+00
  -2.39295800412055248430e+00
  -2.26613395682375973195e+00
  -2.14415377738768109239e+00
  -2.02698018627940701464e+00
  -1.91456657976288013856e+00
  -1.80685717843547011263e+00
  -1.70378726963114512927e+00
  -1.60528353799031142657e+00
  -1.51126447705090005691e+00
  -1.42164087348470435934e+00
  -1.33631635461179620883e+00
  -1.25518798910219464560e+00
  -1.17814693032130191064e+00
  -1.10507909159591743986e+00
  -1.03586584275669024713e+00
  -9.70384717632592153080e-01
  -9.08510122701572608861e-01
  -8.50114037810558942354e-01
  -7.95066700726569375313e-01
  -7.43237268234708925441e-01
  -6.94494447519123481172e-01
  -6.48707092615016800430e-01
  -6.05744761771451090127e-01
  -5.65478232588713658480e-01
  -5.27779972765401894641e-01
  -4.92524565193081464987e-01
  -4.59589086954062642221e-01
  -4.28853442504431470184e-01
  -4.00200651951674646334e-01
</dep>
<dep S11_dB frequency>
  -1.74754766074686473942e+00
  -1.60389679807127571998e+00
  -1.47541184195383423550e+00
  -1.36011724334952766036e+00
  -1.25633696333444433435e+00
  -1.16264337145089213799e+00
  -1.07781577022894214934e+00
  -1.00080656162135883669e+00
  -9.30713518855365129490e-01
  -8.66756963474175856632e-01
  -8.08260903088381388315e-01
  -7.54637381899726400469e-01
  -7.05373448415436365977e-01
  -6.60020263736459944504e-01
  -6.18183967278972956727e-01
  -5.79517990642613778363e-01
  -5.43716568971074121208e-01
  -5.10509245911373366056e-01
  -4.79656205720406847437e-01
  -4.50944296167266278630e-01
  -4.24183630162299096789e-01
  -3.99204673706265666944e-01
  -3.75855743723753354946e-01
  -3.54000852362676532437e-01
  -3.33517844983756195365e-01
  -3.14296787792884058099e-01
  -2.96238568248877842670e-01
  -2.79253677302379266223e-01
  -2.63261147423159203029e-01
  -2.48187624439328957671e-01
  -2.33966554595581743836e-01
  -2.20537471060164885772e-01
  -2.07845366471726245017e-01
  -1.95840140097038206690e-01
  -1.84476109835782609014e-01
  -1.73711580711770896546e-01
  -1.63508462675905186234e-01
  -1.53831931550225509131e-01
  -1.44650127795390825991e-01
  -1.35933888508880273971e-01
  -1.27656508680673907996e-01
  -1.19793528261378914856e-01
  -1.12322542051219109727e-01
  -1.05223029807166315597e-01
  -9.84762042999882819538e-02
  -9.20648753415689025115e-02
  -8.59733280520059844898e-02
  -8.01872138516707272382e-02
  -7.46934528507623707316e-02
  -6.94801464713142857832e-02
  -6.45364992784873553466e-02
  -5.98527491216409301966e-02
  -5.54201047937708524138e-02
  -5.12306905128920714310e-02
  -4.72774966121282114173e-02
  -4.35543358985880230128e-02
  -4.00558052060050531762e-02
  -3.67772517231629569867e-02
  -3.37147437309814126949e-02
  -3.08650454262394298433e-02
  -2.82255955502167046878e-02
  -2.57944895763058748561e-02
  -2.35704652430324054779e-02
  -2.15528912478452419621e-02
  -1.97417589432354566303e-02
  -1.81376769002664813002e-02
  -1.67418682262817468398e-02
  -1.55561705430717466675e-02
  -1.45830385495990325073e-02
  -1.38255491100416419425e-02
  -1.32874088228587556443e-02
  -1.29729640407795637769e-02
  -1.28872133244659695106e-02
  -1.30358223246269753354e-02
  -1.34251410987839426420e-02
  -1.40622238792227540610e-02
  -1.49548513182776714875e-02
  -1.61115552465474071164e-02
  -1.75416459878175168274e-02
  -1.92552422821480016812e-02
  -2.12633038761680451256e-02
  -2.35776668455693894089e-02
  -2.62110817209749019652e-02
  -2.91772544930515090322e-02
  -3.24908905770900854892e-02
  -3.61677418203418046816e-02
  -4.02246566376248879116e-02
  -4.46796333617238833336e-02
  -4.95518768946250146024e-02
  -5.48618587439248725501e-02
  -6.06313805249066861691e-02
  -6.68836410034217565546e-02
  -7.36433067467477525669e-02
  -8.09365864392479206213e-02
  -8.87913089065442140413e-02
  -9.72370048753663784868e-02
  -1.06304992476343618257e-01
  -1.16028466472580138458e-01
  -1.26442591168670015467e-01
  -1.37584596920736546011e-01
  -1.49493880129233425169e-01
  -1.62212106550719520337e-01
  -1.75783317712986802972e-01
  -1.90254040158792048221e-01
  -2.05673397176620642579e-01
  -2.22093222601164069774e-01
  -2.39568176182700626198e-01
  -2.58155859930611020214e-01
  -2.77916934733475007313e-01
  -2.98915236445055187975e-01
  -3.21217890502674408015e-01
  -3.44895424011848916734e-01
  -3.70021874088322433316e-01
  -3.96674891098823256819e-01
  -4.24935835282118368195e-01
  -4.54889865068273613335e-01
  -4.86626015244955245631e-01
  -5.20237262949602818907e-01
  -5.55820579297612971104e-01
  -5.93476964294766928809e-01
  -6.33311462529299040725e-01
  -6.75433157003289985632e-01
  -7.19955138348951639848e-01
  -7.66994446590527401142e-01
  -8.16671982565305709656e-01
  -8.69112386113859658465e-01
  -9.24443878202150681744e-01
  -9.82798064252087377746e-01
  -1.04430969614278179591e+00
  -1.10911639061122802019e+00
  -1.17735830213350167739e+00
  -1.24917774881369414430e+00
  -1.32471879034936290687e+00
  -1.40412675778338935650e+00
  -1.48754773548602337030e+00
  -1.57512799663644709192e+00
  -1.66701339437674400656e+00
  -1.76334871177861973734e+00
  -1.86427697477522125169e+00
  -1.96993873324144730397e+00
  -2.08047131642753502234e+00
  -2.19600806992912467308e+00
  -2.31667758227624354106e+00
  -2.44260291000601448275e+00
  -2.57390081071332721407e+00
  -2.71068099401044593222e+00
  -2.85304540054371358337e+00
  -3.00108751918139926573e+00
  -3.15489175218671569212e+00
  -3.31453283761195161006e+00
  -3.48007533729554507929e+00
  -3.65157319772547284131e+00
  -3.82906938967353926984e+00
  -4.01259563093907800635e+00
  -4.20217219481290715777e+00
  -4.39780780503103052581e+00
  -4.59949961609390278738e+00
  -4.80723327593540972202e+00
  -5.02098306609864675210e+00
  -5.24071211286629168313e+00
  -5.46637266125367116132e+00
  -5.69790640244287693861e+00
  -5.93524484414944897281e+00
  -6.17830971258984362748e+00
  -6.42701337417027573906e+00
  -6.68125926474159914648e+00
  -6.94094231425538765734e+00
  -7.20594935488876942031e+00
  -7.47615950116012761839e+00
  -7.75144449120073275594e+00
  -8.03166897914704236427e+00
  -8.31669076954434416393e+00
  -8.60636098566960150436e+00
  -8.90052416476346053287e+00
  -9.19901827428533813702e+00
  -9.50167464444995601980e+00
  -9.80831781346029174529e+00
  -1.01187652830094805267e+01
  -1.04328271827920548986e+01
  -1.07503058439387277900e+01
  -1.10709952824949535710e+01
</dep>
<dep Zin_ohm frequency>
  +6.52462836601009257720e+02
  +6.06737069046933356731e+02
  +5.63788311071478347003e+02
  +5.23324218806969611251e+02
  +4.85089963466271285597e+02
  +4.48863268996206102202e+02
  +4.14450196341067226058e+02
  +3.81681629465871765206e+02
  +3.50410423678315680718e+02
  +3.20509199299933982275e+02
  +2.91868804707668004994e+02
  +2.64397540979824611895e+02
  +2.38021356548294960476e+02
  +2.12685428087276250153e+02
  +1.88357935503046206804e+02
  +1.65037613470567009699e+02
  +1.42768260352622291975e+02
  +1.21666784625158541644e+02
  +1.01978572225988102673e+02
  +8.41875533625308491992e+01
  +6.92198751034842132412e+01
  +5.86955469114184609225e+01
  +5.46887044266163329098e+01
  +5.81155894385271523106e+01
  +6.75275833618560739069e+01
  +8.06165361646712881338e+01
  +9.57072218822674329886e+01
  +1.11857303111360280923e+02
  +1.28564782589120085277e+02
  +1.45557969185045550375e+02
  +1.62685155153303469433e+02
  +1.79859386947141075552e+02
  +1.97030205179880340438e+02
  +2.14168579689114494613e+02
  +2.31258520507321520654e+02
  +2.48292211762415035992e+02
  +2.65267084667636936501e+02
  +2.82184000490339769840e+02
  +2.99046091795750101028e+02
  +3.15858006598569204471e+02
  +3.32625406112167354422e+02
  +3.49354626106151158638e+02
  +3.66052446137141885174e+02
  +3.82725931278922303136e+02
  +3.99382323403712689469e+02
  +4.16028966832497985706e+02
  +4.32673258132614421356e+02
  +4.49322613072148328683e+02
  +4.65984445883869739191e+02
  +4.82666157436295179650e+02
  +4.99375129898254328964e+02
  +5.16118726169444357765e+02
  +5.32904292831198631575e+02
  +5.49739165714338014368e+02
  +5.66630677426798911256e+02
  +5.83586166362153221598e+02
  +6.00612986840695612045e+02
  +6.17718520131107311499e+02
  +6.34910186172559406259e+02
  +6.52195455870782552665e+02
  +6.69581863882605148319e+02
  +6.87077021834342872353e+02
  +7.04688631943564701032e+02
  +7.22424501032396051414e+02
  +7.40292554935265002314e+02
  +7.58300853315862127602e+02
  +7.76457604917770254360e+02
  +7.94771183281343496674e+02
  +8.13250142966261137190e+02
  +8.31903236325506668436e+02
  +8.50739430881907878756e+02
  +8.69767927363817307196e+02
  +8.88998178461405245798e+02
  +9.08439908370266721249e+02
  +9.28103133193939584089e+02
  +9.47998182282380184915e+02
  +9.68135720588851654611e+02
  +9.88526772133493864203e+02
  +1.00918274466813886647e+03
  +1.03011545564348011794e+03
  +1.05133715958694688197e+03
  +1.07286057700728429154e+03
  +1.09469892495015005807e+03
  +1.11686594933814740216e+03
  +1.13937595923820640564e+03
  +1.16224386321002248224e+03
  +1.18548520790025327187e+03
  +1.20911621905976653579e+03
  +1.23315384517405141196e+03
  +1.25761580391134089041e+03
  +1.28252063160812349452e+03
  +1.30788773602797368767e+03
  +1.33373745264712965763e+03
  +1.36009110473887494663e+03
  +1.38697106754830451791e+03
  +1.41440083687017499869e+03
  +1.44240510236416207590e+03
  +1.47100982596494441168e+03
  +1.50024232576816689289e+03
  +1.53013136579756860556e+03
  +1.56070725208320618549e+03
  +1.59200193550515109564e+03
  +1.62404912188054458966e+03
  +1.65688438979418992858e+03
  +1.69054531669222637902e+03
  +1.72507161377420061399e+03
  +1.76050527022860796933e+03
  +1.79689070735906148002e+03
  +1.83427494313927923031e+03
  +1.87270776771172791086e+03
  +1.91224193030193282539e+03
  +1.95293333795252124219e+03
  +1.99484126638007273868e+03
  +2.03802858311434283678e+03
  +2.08256198288104724270e+03
  +2.12851223492096460177e+03
  +2.17595444157985457423e+03
  +2.22496830703160321718e+03
  +2.27563841437991686689e+03
  +2.32805450858358881305e+03
  +2.38231178161852358244e+03
  +2.43851115496567399532e+03
  +2.49675955282331460694e+03
  +2.55717015729045306216e+03
  +2.61986263404061446636e+03
  +2.68496331355884240111e+03
  +2.75260530867557281454e+03
  +2.82292854368701409840e+03
  +2.89607966354756945293e+03
  +2.97221178315452425522e+03
  +3.05148402626485403744e+03
  +3.13406079068903318330e+03
  +3.22011066065707700545e+03
  +3.30980486819305724566e+03
  +3.40331518253892772918e+03
  +3.50081107981537388696e+03
  +3.60245601411084044230e+03
  +3.70840257639538731382e+03
  +3.81878629015637807242e+03
  +3.93371775472467834334e+03
  +4.05327281300631466365e+03
  +4.17748039652475108596e+03
  +4.30630769783200412348e+03
  +4.43964235396673575451e+03
  +4.57727141644140647259e+03
  +4.71885706192180441576e+03
  +4.86390929854678324773e+03
  +5.01175638447917208396e+03
  +5.16151433272983922507e+03
  +5.31205774675370321347e+03
  +5.46199529193459238741e+03
  +5.60965426556369584432e+03
  +5.75307978517481569725e+03
  +5.89005474828126807552e+03
  +6.01814648607248363987e+03
  +6.13478445920552258031e+03
  +6.23737006594472313736e+03
  +6.32341464887474921852e+03
  +6.39069568688215895236e+03
  +6.43741522406626245356e+03
  +6.46234058645680579502e+03
  +6.46490707823873526650e+03
  +6.44526652557040506508e+03
  +6.40427374123967183550e+03
  +6.34341327316453589447e+03
  +6.26467843746070684574e+03
  +6.17042114302591107844e+03
  +6.06319308128949705861e+03
  +5.94559667435890150955e+03
  +5.82015910519341014151e+03
  +5.68923660448073133011e+03
  +5.55495051620443155116e+03
  +5.41915246232311346830e+03
  +5.28341346667851667007e+03
  +5.14903098461446825240e+03
  +5.01704798507507712202e+03
  +4.88827907827251874551e+03
  +4.76333978948580534052e+03
  +4.64267618744712945045e+03
  +4.52659303976668252290e+03
  +4.41527943074326140049e+03
</dep>
<dep Zin_norm frequency>
  +1.30492567320201846570e+01
  +1.21347413809386672767e+01
  +1.12757662214295670822e+01
  +1.04664843761393910881e+01
  +9.70179926932542535667e+00
  +8.97726537992412154665e+00
  +8.28900392682134423694e+00
  +7.63363258931743526858e+00
  +7.00820847356631393410e+00
  +6.41018398599867911258e+00
  +5.83737609415336056173e+00
  +5.28795081959649238001e+00
  +4.76042713096589942268e+00
  +4.25370856174552525175e+00
  +3.76715871006092406503e+00
  +3.30075226941134047820e+00
  +2.85536520705244578622e+00
  +2.43333569250317083288e+00
  +2.03957144451976191135e+00
  +1.68375106725061685076e+00
  +1.38439750206968414936e+00
  +1.17391093822836922733e+00
  +1.09377408853232660491e+00
  +1.16231178877054297516e+00
  +1.35055166723712138932e+00
  +1.61233072329342586038e+00
  +1.91414443764534869530e+00
  +2.23714606222720568951e+00
  +2.57129565178240149237e+00
  +2.91115938370091109633e+00
  +3.25370310306606924655e+00
  +3.59718773894282151105e+00
  +3.94060410359760693311e+00
  +4.28337159378228982121e+00
  +4.62517041014643037755e+00
  +4.96584423524830054220e+00
  +5.30534169335273819712e+00
  +5.64368000980679518364e+00
  +5.98092183591500159423e+00
  +6.31716013197138437363e+00
  +6.65250812224334708844e+00
  +6.98709252212302356355e+00
  +7.32104892274283791664e+00
  +7.65451862557844631141e+00
  +7.98764646807425382491e+00
  +8.32057933664995985623e+00
  +8.65346516265228871134e+00
  +8.98645226144296671578e+00
  +9.31968891767739471277e+00
  +9.65332314872590302457e+00
  +9.98750259796508643717e+00
  +1.03223745233888877237e+01
  +1.06580858566239715657e+01
  +1.09947833142867601453e+01
  +1.13326135485359777988e+01
  +1.16717233272430647162e+01
  +1.20122597368139132357e+01
  +1.23543704026221465853e+01
  +1.26982037234511881962e+01
  +1.30439091174156516217e+01
  +1.33916372776521033217e+01
  +1.37415404366868578734e+01
  +1.40937726388712949444e+01
  +1.44484900206479220941e+01
  +1.48058510987053004726e+01
  +1.51660170663172415573e+01
  +1.55291520983554054425e+01
  +1.58954236656268701466e+01
  +1.62650028593252216069e+01
  +1.66380647265101337950e+01
  +1.70147886176381568646e+01
  +1.73953585472763450070e+01
  +1.77799635692281050581e+01
  +1.81687981674053347092e+01
  +1.85620626638787911133e+01
  +1.89599636456476048352e+01
  +1.93627144117770342291e+01
  +1.97705354426698782788e+01
  +2.01836548933627781821e+01
  +2.06023091128696016483e+01
  +2.10267431917389373552e+01
  +2.14572115401456855466e+01
  +2.18939784990030013034e+01
  +2.23373189867629484695e+01
  +2.27875191847641289655e+01
  +2.32448772642004506395e+01
  +2.37097041580050635901e+01
  +2.41823243811953290106e+01
  +2.46630769034810271023e+01
  +2.51523160782268178082e+01
  +2.56504126321624710272e+01
  +2.61577547205594740376e+01
  +2.66747490529425910211e+01
  +2.72018220947774977958e+01
  +2.77394213509660900741e+01
  +2.82880167374034989791e+01
  +2.88481020472832412338e+01
  +2.94201965192988872388e+01
  +3.00048465153633365787e+01
  +3.06026273159513699795e+01
  +3.12141450416641248466e+01
  +3.18400387101030197812e+01
  +3.24809824376108906563e+01
  +3.31376877958837994242e+01
  +3.38109063338445281488e+01
  +3.45014322754840137009e+01
  +3.52101054045721610919e+01
  +3.59378141471812284635e+01
  +3.66854988627855860273e+01
  +3.74541553542345582173e+01
  +3.82448386060386553709e+01
  +3.90586667590504248437e+01
  +3.98968253276014550579e+01
  +4.07605716622868570198e+01
  +4.16512396576209411592e+01
  +4.25702446984192945934e+01
  +4.35190888315970880740e+01
  +4.44993661406320626384e+01
  +4.55127682875983410327e+01
  +4.65610901716717719978e+01
  +4.76462356323704696592e+01
  +4.87702230993134762116e+01
  +4.99351910564662944125e+01
  +5.11434031458090601063e+01
  +5.23972526808122935904e+01
  +5.36992662711768460326e+01
  +5.50521061735114543012e+01
  +5.64585708737402853785e+01
  +5.79215932709513907639e+01
  +5.94442356630904882309e+01
  +6.10296805252970813171e+01
  +6.26812158137806676450e+01
  +6.44022132131415361300e+01
  +6.61960973638611420711e+01
  +6.80663036507785506046e+01
  +7.00162215963074743286e+01
  +7.20491202822168048669e+01
  +7.41680515279077496871e+01
  +7.63757258031275654275e+01
  +7.86743550944935634561e+01
  +8.10654562601262966837e+01
  +8.35496079304950285405e+01
  +8.61261539566400813328e+01
  +8.87928470793347202061e+01
  +9.15454283288281231989e+01
  +9.43771412384360814940e+01
  +9.72781859709356666599e+01
  +1.00235127689583435995e+02
  +1.03230286654596781659e+02
  +1.06241154935074064269e+02
  +1.09239905838691854001e+02
  +1.12193085311273918592e+02
  +1.15061595703496323040e+02
  +1.17801094965625352984e+02
  +1.20362929721449674503e+02
  +1.22695689184110449332e+02
  +1.24747401318894461042e+02
  +1.26468292977494982665e+02
  +1.27813913737643176205e+02
  +1.28748304481325249071e+02
  +1.29246811729136112490e+02
  +1.29298141564774709877e+02
  +1.28905330511408095617e+02
  +1.28085474824793436710e+02
  +1.26868265463290711637e+02
  +1.25293568749214145441e+02
  +1.23408422860518228958e+02
  +1.21263861625789942877e+02
  +1.18911933487178032465e+02
  +1.16403182103868203967e+02
  +1.13784732089614635697e+02
  +1.11099010324088638413e+02
  +1.08383049246462277893e+02
  +1.05668269333570336244e+02
  +1.02980619692289366185e+02
  +1.00340959701501546419e+02
  +9.77655815654503754786e+01
  +9.52667957897160988523e+01
  +9.28535237489425924196e+01
  +9.05318607953336424998e+01
  +8.83055886148652291467e+01
</dep>
<dep S[2,2] frequency>
  -7.27946877210937537406e-01-j3.72578532907451853706e-01
  -7.51532582029174722749e-01-j3.55540810134117646335e-01
  -7.73130566945403940871e-01-j3.37985809618535470999e-01
  -7.92888277963325172060e-01-j3.20074248235607872193e-01
  -8.10947130071944299878e-01-j3.01936349307720230950e-01
  -8.27440738642057582730e-01-j2.83676903611486619372e-01
  -8.42493959995314289912e-01-j2.65379619296460367295e-01
  -8.56222501874894903473e-01-j2.47110815042430959076e-01
  -8.68732924557027996748e-01-j2.28922526703987466723e-01
  -8.80122900515628581175e-01-j2.10855102178768238907e-01
  -8.90481636837579082489e-01-j1.92939357053028642808e-01
  -8.99890392020895268921e-01-j1.75198357840737284352e-01
  -9.08423039236288754061e-01-j1.57648892305279120229e-01
  -9.16146643183405995359e-01-j1.40302678624708382360e-01
  -9.23122028621541246274e-01-j1.23167357708234670444e-01
  -9.29404326525568369455e-01-j1.06247306145110159692e-01
  -9.35043489405169903073e-01-j8.95443012161099283208e-02
  -9.40084771234208305124e-01-j7.30580641532723312759e-02
  -9.44569170123005008577e-01-j5.67867033586365657638e-02
  -9.48533833669019998958e-01-j4.07270755182921190274e-02
  -9.52012428092069207253e-01-j2.48750793910898215788e-02
  -9.55035472983461364294e-01-j9.22589442695028426333e-03
  -9.57630643908320977609e-01+j6.22582580155941860134e-03
  -9.59823045294599053179e-01+j2.14857971611122806899e-02
  -9.61635456091045170979e-01+j3.65599787927890218509e-02
  -9.63088550629225936817e-01+j5.14544717094282608172e-02
  -9.64201097017711172832e-01+j6.61754376362980595294e-02
  -9.64990135254026437650e-01+j8.07290343891589878833e-02
  -9.65471137079337737852e-01+j9.51213647498781178502e-02
  -9.65658149433679002804e-01+j1.09358436345597165307e-01
  -9.65563923203508145399e-01+j1.23446130484385865889e-01
  -9.65200028793491981993e-01+j1.37390178266937612594e-01
  -9.64576959903562958232e-01+j1.51196142594121146763e-01
  -9.63704226752167492087e-01+j1.64869404936674873730e-01
  -9.62590439857812119051e-01+j1.78415155935569696988e-01
  -9.61243385373680814254e-01+j1.91838389067517378628e-01
  -9.59670092863916357473e-01+j2.05143896746568327183e-01
  -9.57876896314421522050e-01+j2.18336268344764522498e-01
  -9.55869489085256596184e-01+j2.31419889707054321493e-01
  -9.53652973434914064121e-01+j2.44398943811410029880e-01
  -9.51231905178244074861e-01+j2.57277412287454321227e-01
  -9.48610333978784692199e-01+j2.70059077558281790399e-01
  -9.45791839722019411774e-01+j2.82747525412245126475e-01
  -9.42779565367829031075e-01+j2.95346147846268169967e-01
  -9.39576246637684242557e-01+j3.07858146050735248522e-01
  -9.36184238854106842709e-01+j3.20286533429433695197e-01
  -9.32605541216363187473e-01+j3.32634138567223958116e-01
  -9.28841818766484417225e-01+j3.44903608073847567361e-01
  -9.24894422273338845386e-01+j3.57097409245102415110e-01
  -9.20764406239100829943e-01+j3.69217832493113851111e-01
  -9.16452545211804081582e-01+j3.81266993505819995480e-01
  -9.11959348569312044930e-01+j3.93246835102759484393e-01
  -9.07285073923979834554e-01+j4.05159128759576936396e-01
  -9.02429739282913589982e-01+j4.17005475778160550338e-01
  -8.97393134086237775904e-01+j4.28787308082640261642e-01
  -8.92174829234682609247e-01+j4.40505888624183050695e-01
  -8.86774186208099668427e-01+j4.52162311379487202867e-01
  -8.81190365368038186489e-01+j4.63757500929361021758e-01
  -8.75422333530087914966e-01+j4.75292211604839642813e-01
  -8.69468870885335420873e-01+j4.86767026188882567794e-01
  -8.63328577344709136021e-01+j4.98182354162187479574e-01
  -8.56999878375373835837e-01+j5.09538429481679711053e-01
  -8.50481030394352299773e-01+j5.20835307880278319814e-01
  -8.43770125781330371240e-01+j5.32072863676311014203e-01
  -8.36865097570013594108e-01+j5.43250786080629266550e-01
  -8.29763723875427405829e-01+j5.54368574989101636774e-01
  -8.22463632113111575705e-01+j5.65425536247760707198e-01
  -8.14962303065297044569e-01+j5.76420776377393750955e-01
  -8.07257074848836797543e-01+j5.87353196743932159940e-01
  -7.99345146839714359999e-01+j5.98221487160657150461e-01
  -7.91223583609721115018e-01+j6.09024118907819600466e-01
  -7.82889318931862421280e-01+j6.19759337155133871455e-01
  -7.74339159912774133154e-01+j6.30425152772415064995e-01
  -7.65569791312361469515e-01+j6.41019333513791034207e-01
  -7.56577780113511844107e-01+j6.51539394561065021705e-01
  -7.47359580407588430795e-01+j6.61982588412425188018e-01
  -7.37911538664999921977e-01+j6.72345894103401287012e-01
  -7.28229899463970986595e-01+j6.82626005748129149886e-01
  -7.18310811755072942120e-01+j6.92819320390490211992e-01
  -7.08150335743975678504e-01+j7.02921925156685056812e-01
  -6.97744450480152766936e-01+j7.12929583703239222459e-01
  -6.87089062245172188526e-01+j7.22837721957612533430e-01
  -6.76180013840432247996e-01+j7.32641413152244624918e-01
  -6.65013094880899879868e-01+j7.42335362157549361051e-01
  -6.53584053208657977940e-01+j7.51913889124673939790e-01
  -6.41888607547470235737e-01+j7.61370912455368031857e-01
  -6.29922461527638422041e-01+j7.70699931123759784946e-01
  -6.17681319218473801058e-01+j7.79894006383709870178e-01
  -6.05160902314312298955e-01+j7.88945742905511671061e-01
  -5.92356969128440491446e-01+j7.97847269397520597600e-01
  -5.79265335558024840878e-01+j8.06590218781745749155e-01
  -5.65881898191634813422e-01+j8.15165708007730915874e-01
  -5.52202659739188472798e-01+j8.23564317606560569729e-01
  -5.38223756971915823222e-01+j8.31776071106514414133e-01
  -5.23941491367066691787e-01+j8.39790414454037126291e-01
  -5.09352362658051838196e-01+j8.47596195608555369461e-01
  -4.94453105495493261401e-01+j8.55181644507319593806e-01
  -4.79240729427618084024e-01+j8.62534353627179006807e-01
  -4.63712562409111461736e-01+j8.69641259404051791826e-01
  -4.47866298045712984965e-01+j8.76488624808048344406e-01
  -4.31700046776400725435e-01+j8.83062023412781837983e-01
  -4.15212391185702855978e-01+j8.89346325341451193758e-01
  -3.98402445624578716021e-01+j8.95325685519656300215e-01
  -3.81269920298435927020e-01+j9.00983534715611544819e-01
  -3.63815189954537820949e-01+j9.06302573902125985228e-01
  -3.46039367266986919169e-01+j9.11264772531137245970e-01
  -3.27944380974793725514e-01+j9.15851371370009936790e-01
  -3.09533058775899483361e-01+j9.20042890608760099980e-01
  -2.90809214916363911740e-01+j9.23819144007604675650e-01
  -2.71777742337904859582e-01+j9.27159259913755806615e-01
  -2.52444709157478353045e-01+j9.30041710033488788767e-01
  -2.32817459148369848565e-01+j9.32444346898425480141e-01
  -2.12904715772409602881e-01+j9.34344451011472565405e-01
  -1.92716689176480659995e-01+j9.35718788695134584543e-01
  -1.72265185412988491853e-01+j9.36543681690215734648e-01
  -1.51563716973121986875e-01+j9.36795089562362126578e-01
  -1.30627613533968095494e-01+j9.36448705963947913844e-01
  -1.09474131616655340205e-01+j9.35480069764826116518e-01
  -8.81225616344513962286e-02+j9.33864692003063434633e-01
  -6.65943305797197238061e-02+j9.31578199510807225536e-01
  -4.49130983604010061705e-02+j9.28596495936150789774e-01
  -2.31048455553185955180e-02+j9.24895940703900798496e-01
  -1.19795011898991138333e-03+j9.20453546232224306678e-01
  +2.07767496612342277007e-02+j9.15247193443760265197e-01
  +4.27859088610908211425e-02+j9.09255865275731878228e-01
  +6.47936493514415512429e-02+j9.02459897502109309464e-01
  +8.67615561847229349590e-02+j8.94841245731149537157e-01
  +1.08648700233464318154e-01+j8.86383766936026940009e-01
  +1.30411690387513740097e-01+j8.77073513319041486724e-01
  +1.52004758541020440488e-01+j8.66899035708440623971e-01
  +1.73379880424686438900e-01+j8.55851693052856687949e-01
  +1.94486935050069281727e-01+j8.43925963925994393477e-01
  +2.15273905118426089889e-01+j8.31119755303123652901e-01
  +2.35687120197687394185e-01+j8.17434703243439808595e-01
  +2.55671543782097943076e-01+j8.02876459535485809127e-01
  +2.75171104519818077172e-01+j7.87454957866230098595e-01
  +2.94129070930278180285e-01+j7.71184652689669847270e-01
  +3.12488467848104467528e-01+j7.54084723731585748752e-01
  +3.30192531645648379435e-01+j7.36179239004799423896e-01
  +3.47185200030113993996e-01+j7.17497269354222311222e-01
  +3.63411630922292949730e-01+j6.98072947927907305754e-01
  +3.78818743646244182610e-01+j6.77945468597117684162e-01
  +3.93355774445015793361e-01+j6.57159018234237835010e-01
  +4.06974837241449671765e-01+j6.35762638899592169572e-01
  +4.19631479643459037732e-01+j6.13810017371862470803e-01
  +4.31285223504934311922e-01+j5.91359201053424321515e-01
  +4.41900078948594510209e-01+j5.68472241048512794137e-01
  +4.51445020677472386161e-01+j5.45214765093966380327e-01
  +4.59894415678596735209e-01+j5.21655484952243231334e-01
  +4.67228392071041054301e-01+j4.97865644780189353646e-01
  +4.73433139869488595064e-01+j4.73918418785069683885e-01
  +4.78501135803549360048e-01+j4.49888268092294874023e-01
  +4.82431286013335625107e-01+j4.25850268102271889425e-01
  +4.85228982377152950889e-01+j4.01879418641113150823e-01
  +4.86906070346269315152e-01+j3.78049949860069511853e-01
  +4.87480728382442940472e-01+j3.54434637076594949434e-01
  +4.86977261327174337779e-01+j3.31104137561376632437e-01
  +4.85425812187368799222e-01+j3.08126361666760828495e-01
  +4.82861998813807591358e-01+j2.85565889689280372199e-01
  +4.79326483699285654794e-01+j2.63483444508908482007e-01
  +4.74864486568397747845e-01+j2.41935428411362396517e-01
  +4.69525250523372239542e-01+j2.20973530651580513107e-01
  +4.63361473221736264172e-01+j2.00644410336958123331e-01
  +4.56428714882411545872e-01+j1.80989457181579466161e-01
  +4.48784794857392199674e-01+j1.62044630688061130908e-01
  +4.40489188093001526880e-01+j1.43840376425683091899e-01
  +4.31602432078938946791e-01+j1.26401616355462265151e-01
  +4.22185553897129584033e-01+j1.09747808655306783310e-01
  +4.12299525794346255481e-01+j9.38930712570108932935e-02
  +4.02004756374948868380e-01+j7.88463623428573567864e-02
  +3.91360623104315963339e-01+j6.46117103694419520066e-02
  +3.80425050387591112688e-01+j5.11884857836503032180e-02
  +3.69254136094200435814e-01+j3.85717064533140363558e-02
  +3.57901828079876749289e-01+j2.67523689265332653697e-02
  +3.46419651050096866207e-01+j1.57177979270943096735e-02
  +3.34856483037064445174e-01+j5.45200695263728385420e-03
  +3.23258379843616994176e-01-j4.06393657004575081793e-03
  +3.11668445049511466660e-01-j1.28515474387288775038e-02
  +3.00126742579066685401e-01-j2.09345652680696103776e-02
  +2.88670248388845473997e-01-j2.83386078877955471800e-02
  +2.77332837539028098650e-01-j3.50908391528434449036e-02
</dep>
<dep S[2,1] frequency>
  +2.61937563483124802310e-01-j5.11498555115203146215e-01
  +2.37337958848766600317e-01-j5.01406785293241452628e-01
  +2.14676314262701978253e-01-j4.90797703735105728118e-01
  +1.93805013771645412435e-01-j4.79832009130853498480e-01
  +1.74582466248851542190e-01-j4.68639903972822235989e-01
  +1.56874873808978271272e-01-j4.57326155472285444947e-01
  +1.40557191079473481343e-01-j4.45974445382973039287e-01
  +1.25513514593147135212e-01-j4.34651063058515196857e-01
  +1.11637081557944148336e-01-j4.23408011992818189562e-01
  +9.88300100879868359538e-02-j4.12285604579969100492e-01
  +8.70028766955244642345e-02-j4.01314617647634042097e-01
  +7.60741994093284551459e-02-j3.90518075580102597133e-01
  +6.59698744373170276045e-02-j3.79912720520334756813e-01
  +5.66225992406890407671e-02-j3.69510221411922301638e-01
  +4.79713039387478987208e-02-j3.59318166188731635824e-01
  +3.99606050927289249697e-02-j3.49340874593395411818e-01
  +3.25402903298730103443e-02-j3.39580063054889691454e-01
  +2.56648383603423034527e-02-j3.30035387810806324360e-01
  +1.92929762537414478674e-02-j3.20704887985061859457e-01
  +1.33872740393789230878e-02-j3.11585346557338771500e-01
  +7.91377552384697410814e-03-j3.02672584003525979579e-01
  +2.84166349630499137646e-03-j2.93961696762070567868e-01
  -1.85704291800325212852e-03-j2.85447250509841932153e-01
  -6.20776118963680106216e-03-j2.77123436440725290364e-01
  -1.02335910846273123176e-02-j2.68984197267028546374e-01
  -1.39555355671163953263e-02-j2.61023328454741798677e-01
  -1.73926992331203712772e-02-j2.53234559211427068259e-01
  -2.05624664610712382107e-02-j2.45611616932579102102e-01
  -2.34806613041065974368e-02-j2.38148278146195380156e-01
  -2.61616909819289804318e-02-j2.30838408449475201989e-01
  -2.86186746639934402880e-02-j2.23675993484603735650e-01
  -3.08635590759074006362e-02-j2.16655162633970416186e-01
  -3.29072223100408262075e-02-j2.09770206814892112845e-01
  -3.47595670812175308595e-02-j2.03015591507453935227e-01
  -3.64296045395229028951e-02-j1.96385965946835078233e-01
  -3.79255296349486001328e-02-j1.89876169245502407490e-01
  -3.92547889223725451902e-02-j1.83481234074249599519e-01
  -4.04241415996372463471e-02-j1.77196388418961153777e-01
  -4.14397144857237761939e-02-j1.71017055837786202677e-01
  -4.23070515691777032652e-02-j1.64938854567674014762e-01
  -4.30311586884501856565e-02-j1.58957595766791692782e-01
  -4.36165438447978157099e-02-j1.53069281128070749931e-01
  -4.40672535941079995814e-02-j1.47270100056925784537e-01
  -4.43869059158072884474e-02-j1.41556426571487425914e-01
  -4.45787199142221174375e-02-j1.35924816055146890914e-01
  -4.46455426697932589164e-02-j1.30372001967809708622e-01
  -4.45898735239124779928e-02-j1.24894892603033463852e-01
  -4.44138860513295791188e-02-j1.19490567962521124223e-01
  -4.41194479476546067009e-02-j1.14156276806572226645e-01
  -4.37081390361235277986e-02-j1.08889433928652842876e-01
  -4.31812675770926746033e-02-j1.03687617693794059681e-01
  -4.25398850454160384893e-02-j9.85485678736094938834e-02
  -4.17847995247246362105e-02-j9.34701838053642736215e-02
  -4.09165878533122792660e-02-j8.84505228980281693607e-02
  -3.99356066437869527963e-02-j8.34877995049621707269e-02
  -3.88420022875365159032e-02-j7.85803841801302610515e-02
  -3.76357200453797738349e-02-j7.37268033328141586535e-02
  -3.63165123172385848060e-02-j6.89257392942830837690e-02
  -3.48839461762618027740e-02-j6.41760308088358683021e-02
  -3.33374102464470412066e-02-j5.94766739610190636744e-02
  -3.16761209972294191517e-02-j5.48268235503568401867e-02
  -2.98991285238634253718e-02-j5.02257949248747365134e-02
  -2.80053218784538718311e-02-j4.56730662847089630141e-02
  -2.59934340132218708042e-02-j4.11682814672632430009e-02
  -2.38620463950329278480e-02-j3.67112532257502302557e-02
  -2.16095933481713735336e-02-j3.23019670133004727086e-02
  -1.92343661809417712516e-02-j2.79405852852464310632e-02
  -1.67345171507592704874e-02-j2.36274523326621826991e-02
  -1.41080633220744891543e-02-j1.93630996606998680154e-02
  -1.13528903715244041533e-02-j1.51482519255725835844e-02
  -8.46675639542085120559e-03-j1.09838334445119967936e-02
  -5.44729577567619124845e-03-j6.87097529311241073113e-03
  -2.29202316194225758431e-03-j2.81102300471988567412e-03
  +1.00166237034125435966e-03+j1.19445511365391643897e-03
  +4.43647292367315825706e-03+j5.14365903454616288371e-03
  +8.01522707882082116604e-03+j9.03454741864298006837e-03
  +1.17408448230670106605e-02+j1.28648273657248606722e-02
  +1.56163420338097623519e-02+j1.66319434960501763565e-02
  +1.96448244405843346072e-02+j2.03330663517972860810e-02
  +2.38294809836980120421e-02+j2.39650801101167904017e-02
  +2.81735764823699552650e-02+j2.75245696018143332084e-02
  +3.26804435194680692467e-02+j3.10078066328120724449e-02
  +3.73534734436515442058e-02+j3.44107356092026653305e-02
  +4.21961063831174446048e-02+j3.77289584713613804223e-02
  +4.72118201578692747722e-02+j4.09577189478505104825e-02
  +5.24041179701067866281e-02+j4.40918861463976061166e-02
  +5.77765147442407950296e-02+j4.71259375066330338244e-02
  +6.33325219800376371104e-02+j5.00539411481013760130e-02
  +6.90756309738362189732e-02+j5.28695376571939046340e-02
  +7.50092942543137825018e-02+j5.55659213683810382367e-02
  +8.11369050706438887932e-02+j5.81358212085572728656e-02
  +8.74617747623659264056e-02+j6.05714811886070431113e-02
  +9.39871078320920899651e-02+j6.28646406437285976132e-02
  +1.00715974534444488442e-01+j6.50065143437473236254e-02
  +1.07651280787506214986e-01+j6.69877726167165121751e-02
  +1.14795735207115792709e-01+j6.87985216539730437546e-02
  +1.22151813059598893241e-01+j7.04282841923874747270e-02
  +1.29721716925604274584e-01+j7.18659808002447553221e-02
  +1.37507333866991654503e-01+j7.30999120269981983444e-02
  +1.45510188890681096963e-01+j7.41177417142996897148e-02
  +1.53731394508740987215e-01+j7.49064818062088882966e-02
  +1.62171596203368378886e-01+j7.54524790405012441008e-02
  +1.70830913619540447623e-01+j7.57414039502976865759e-02
  +1.79708877327973998161e-01+j7.57582426558977006792e-02
  +1.88804361027421513386e-01+j7.54872919803316194676e-02
  +1.98115509089362040740e-01+j7.49121584784833011161e-02
  +2.07639659390882053147e-01+j7.40157620280225830856e-02
  +2.17373261434181286322e-01+j7.27803446902218625914e-02
  +2.27311789814809206423e-01+j7.11874856089333846176e-02
  +2.37449653176787206510e-01+j6.92181227754080780068e-02
  +2.47780098882271815341e-01+j6.68525825436787901612e-02
  +2.58295113727638414591e-01+j6.40706178340614274092e-02
  +2.68985321157736934072e-01+j6.08514560087084557805e-02
  +2.79839875566515461358e-01+j5.71738574403646004907e-02
  +2.90846354425701669744e-01+j5.30161858206383146408e-02
  +3.01990649154071477689e-01+j4.83564912634573754180e-02
  +3.13256855827589497654e-01+j4.31726072493085616388e-02
  +3.24627167034602093221e-01+j3.74422624217722668782e-02
  +3.36081766398445558330e-01+j3.11432081853335249177e-02
  +3.47598727519898342830e-01+j2.42533629573865108786e-02
  +3.59153919330058968296e-01+j1.67509737928846491606e-02
  +3.70720920085603145022e-01+j8.61479592208268772635e-03
  +3.82270942476921449238e-01-j1.75709484334333240329e-04
  +3.93772772547492710959e-01-j9.64015928690612790286e-03
  +4.05192725330945635598e-01-j1.97970143842169828130e-02
  +4.16494620289933448198e-01-j3.06633284449033295671e-02
  +4.27639779776077033624e-01-j4.22544805047358959516e-02
  +4.38587053809498750301e-01-j5.45838930744099032344e-02
  +4.49292874485424209574e-01-j6.76627379611069168508e-02
  +4.59711343239586456288e-01-j8.14996326084309885562e-02
  +4.69794354028521543576e-01-j9.61003303935951402881e-02
  +4.79491755192064272872e-01-j1.11467408973190740262e-01
  +4.88751552350826012905e-01-j1.27599961420167995474e-01
  +4.97520154142481074722e-01-j1.44493295522303583089e-01
  +5.05742661911421809151e-01-j1.62138647189425971762e-01
  +5.13363203636979181788e-01-j1.80522914413509344422e-01
  +5.20325311421661274025e-01-j1.99628418610566460423e-01
  +5.26572340775748104491e-01-j2.19432700412724140948e-01
  +5.32047928749536325199e-01-j2.39908357041280051458e-01
  +5.36696486708287401335e-01-j2.61022928246770979932e-01
  +5.40463722255688949758e-01-j2.82738837425334177400e-01
  +5.43297183533697602975e-01-j3.05013393893926232359e-01
  +5.45146817912120273952e-01-j3.27798861421414400308e-01
  +5.45965535984934469127e-01-j3.51042596970318643290e-01
  +5.45709770870359101025e-01-j3.74687262220594563544e-01
  +5.44340022123156241918e-01-j3.98671108850290389913e-01
  +5.41821373162379660293e-01-j4.22928336781421276847e-01
  +5.38123971037869353040e-01-j4.47389522717712762034e-01
  +5.33223457635174313829e-01-j4.71982114370934124903e-01
  +5.27101342066858769009e-01-j4.96630983868887543320e-01
  +5.19745305016623415639e-01-j5.21259032040087944004e-01
  +5.11149427171346815157e-01-j5.45787833657309762181e-01
  +5.01314335555910650655e-01-j5.70138312369167343796e-01
  +4.90247263520552700733e-01-j5.94231433021588761889e-01
  +4.77962022249077578273e-01-j6.17988898420844257053e-01
  +4.64478883876401515973e-01-j6.41333837351714342034e-01
  +4.49824378536694380326e-01-j6.64191470852818044435e-01
  +4.34031009818496626984e-01-j6.86489744359925824213e-01
  +4.17136895094323945088e-01-j7.08159914330600770427e-01
  +3.99185338942142586838e-01-j7.29137079313403102532e-01
  +3.80224349320589460888e-01-j7.49360647060981266421e-01
  +3.60306107251639029521e-01-j7.68774731134186595227e-01
  +3.39486401475140253670e-01-j7.87328472423661551716e-01
  +3.17824039859831597443e-01-j8.04976283042254658895e-01
  +2.95380249295409069710e-01-j8.21678012035792271206e-01
  +2.72218075376310597591e-01-j8.37399034247228946093e-01
  +2.48401792461593912131e-01-j8.52110265386668119802e-01
  +2.23996333708348843716e-01-j8.65788107856629518544e-01
  +1.99066749487496558180e-01-j8.78414333122715773605e-01
  +1.73677701262532402371e-01-j8.89975907383038444820e-01
  +1.47892996605482468508e-01-j9.00464767969217372290e-01
  +1.21775169597769683527e-01-j9.09877558313518242095e-01
  +9.53851094690272155452e-02-j9.18215329458268780805e-01
  +6.87817390076635448715e-02-j9.25483215991189211991e-01
  +4.20217430686946336049e-02-j9.31690093995853230169e-01
  +1.51593464321859577870e-02-j9.36848228146115791226e-01
  -1.17538606534690441563e-02-j9.40972914484484168618e-01
  -3.86690516674279352594e-02-j9.44082124743651607268e-01
  -6.55402507721284527387e-02-j9.46196157332649723237e-01
  -9.23243809900282097480e-02-j9.47337299345254790772e-01
  -1.18981277357603304479e-01-j9.47529503185868482440e-01
</dep>
<dep S[1,2] frequency>
  +2.61937563483124580266e-01-j5.11498555115203257238e-01
  +2.37337958848764879471e-01-j5.01406785293240564449e-01
  +2.14676314262701950497e-01-j4.90797703735105839140e-01
  +1.93805013771645190390e-01-j4.79832009130854775236e-01
  +1.74582466248851486679e-01-j4.68639903972822291500e-01
  +1.56874873808974635292e-01-j4.57326155472285222903e-01
  +1.40557191079470650275e-01-j4.45974445382973760932e-01
  +1.25513514593147079701e-01-j4.34651063058515307880e-01
  +1.11637081557944370380e-01-j4.23408011992816801783e-01
  +9.88300100879841991741e-02-j4.12285604579969655603e-01
  +8.70028766955225490998e-02-j4.01314617647634597208e-01
  +7.60741994093300372137e-02-j3.90518075580102819178e-01
  +6.59698744373157092147e-02-j3.79912720520336477659e-01
  +5.66225992406904840570e-02-j3.69510221411922357149e-01
  +4.79713039387487105714e-02-j3.59318166188731413779e-01
  +3.99606050927283559804e-02-j3.49340874593395356307e-01
  +3.25402903298714907265e-02-j3.39580063054888969809e-01
  +2.56648383603463939306e-02-j3.30035387810805991293e-01
  +1.92929762537415623591e-02-j3.20704887985063302747e-01
  +1.33872740393797384079e-02-j3.11585346557338715989e-01
  +7.91377552384841045918e-03-j3.02672584003526479179e-01
  +2.84166349630428057352e-03-j2.93961696762070512357e-01
  -1.85704291800359582061e-03-j2.85447250509842986865e-01
  -6.20776118963701790260e-03-j2.77123436440726400587e-01
  -1.02335910846284780518e-02-j2.68984197267028546374e-01
  -1.39555355671177362675e-02-j2.61023328454741687654e-01
  -1.73926992331214710918e-02-j2.53234559211426180081e-01
  -2.05624664610704784018e-02-j2.45611616932579129857e-01
  -2.34806613041049910828e-02-j2.38148278146194963822e-01
  -2.61616909819286785899e-02-j2.30838408449475368522e-01
  -2.86186746639936831493e-02-j2.23675993484603680139e-01
  -3.08635590759067830746e-02-j2.16655162633970527208e-01
  -3.29072223100410829466e-02-j2.09770206814891363445e-01
  -3.47595670812181414822e-02-j2.03015591507453907472e-01
  -3.64296045395225837060e-02-j1.96385965946834356588e-01
  -3.79255296349492176944e-02-j1.89876169245502185445e-01
  -3.92547889223724619234e-02-j1.83481234074249599519e-01
  -4.04241415996372810415e-02-j1.77196388418961126021e-01
  -4.14397144857236096605e-02-j1.71017055837786258188e-01
  -4.23070515691775991818e-02-j1.64938854567673848228e-01
  -4.30311586884501579009e-02-j1.58957595766791776049e-01
  -4.36165438447977463210e-02-j1.53069281128070472375e-01
  -4.40672535941079995814e-02-j1.47270100056926145360e-01
  -4.43869059158076839644e-02-j1.41556426571487703470e-01
  -4.45787199142220966208e-02-j1.35924816055146890914e-01
  -4.46455426697930923829e-02-j1.30372001967809347800e-01
  -4.45898735239123392149e-02-j1.24894892603032603429e-01
  -4.44138860513296276911e-02-j1.19490567962521151979e-01
  -4.41194479476541973062e-02-j1.14156276806571921334e-01
  -4.37081390361235208597e-02-j1.08889433928652856753e-01
  -4.31812675770929035868e-02-j1.03687617693793962537e-01
  -4.25398850454168156454e-02-j9.85485678736100489949e-02
  -4.17847995247247541717e-02-j9.34701838053642042325e-02
  -4.09165878533124527383e-02-j8.84505228980281138496e-02
  -3.99356066437864462570e-02-j8.34877995049618515377e-02
  -3.88420022875365575366e-02-j7.85803841801297614511e-02
  -3.76357200453794754624e-02-j7.37268033328135619087e-02
  -3.63165123172383211281e-02-j6.89257392942825147797e-02
  -3.48839461762616362406e-02-j6.41760308088359376910e-02
  -3.33374102464468052842e-02-j5.94766739610186473408e-02
  -3.16761209972290097570e-02-j5.48268235503565556921e-02
  -2.98991285238632935328e-02-j5.02257949248747365134e-02
  -2.80053218784538995867e-02-j4.56730662847089421974e-02
  -2.59934340132219957042e-02-j4.11682814672636385178e-02
  -2.38620463950328376423e-02-j3.67112532257503343391e-02
  -2.16095933481711202639e-02-j3.23019670133006461810e-02
  -1.92343661809413445096e-02-j2.79405852852456122737e-02
  -1.67345171507592774263e-02-j2.36274523326627135245e-02
  -1.41080633220741248623e-02-j1.93630996607000102627e-02
  -1.13528903715245758910e-02-j1.51482519255733884961e-02
  -8.46675639542067773324e-03-j1.09838334445120575089e-02
  -5.44729577567671513494e-03-j6.87097529311258420348e-03
  -2.29202316194201905983e-03-j2.81102300471948451932e-03
  +1.00166237034084496492e-03+j1.19445511365349772009e-03
  +4.43647292367309667438e-03+j5.14365903454631900882e-03
  +8.01522707882037187266e-03+j9.03454741864274067653e-03
  +1.17408448230672222967e-02+j1.28648273657246438317e-02
  +1.56163420338097970463e-02+j1.66319434960495345088e-02
  +1.96448244405843762406e-02+j2.03330663517973415921e-02
  +2.38294809836976963224e-02+j2.39650801101157009954e-02
  +2.81735764823696811787e-02+j2.75245696018141840222e-02
  +3.26804435194675071963e-02+j3.10078066328120655060e-02
  +3.73534734436524670786e-02+j3.44107356092029775807e-02
  +4.21961063831175209327e-02+j3.77289584713620257395e-02
  +4.72118201578680257713e-02+j4.09577189478497818986e-02
  +5.24041179701068837726e-02+j4.40918861463973146830e-02
  +5.77765147442409823797e-02+j4.71259375066329089243e-02
  +6.33325219800371097545e-02+j5.00539411481011678462e-02
  +6.90756309738362189732e-02+j5.28695376571937242227e-02
  +7.50092942543138380129e-02+j5.55659213683809202755e-02
  +8.11369050706439304266e-02+j5.81358212085571132710e-02
  +8.74617747623663843726e-02+j6.05714811886070014779e-02
  +9.39871078320915903648e-02+j6.28646406437276816792e-02
  +1.00715974534444502320e-01+j6.50065143437473930144e-02
  +1.07651280787505632119e-01+j6.69877726167166787086e-02
  +1.14795735207115515153e-01+j6.87985216539731270213e-02
  +1.22151813059599337330e-01+j7.04282841923880020829e-02
  +1.29721716925604191317e-01+j7.18659808002446026665e-02
  +1.37507333866991571236e-01+j7.30999120269980040554e-02
  +1.45510188890680874918e-01+j7.41177417142992456256e-02
  +1.53731394508741570082e-01+j7.49064818062092491191e-02
  +1.62171596203368573175e-01+j7.54524790405011469563e-02
  +1.70830913619540225579e-01+j7.57414039502977004537e-02
  +1.79708877327973692850e-01+j7.57582426558970067898e-02
  +1.88804361027421763186e-01+j7.54872919803318137566e-02
  +1.98115509089361679917e-01+j7.49121584784838701054e-02
  +2.07639659390881581302e-01+j7.40157620280224859410e-02
  +2.17373261434180620189e-01+j7.27803446902222372916e-02
  +2.27311789814809539489e-01+j7.11874856089337870735e-02
  +2.37449653176787178754e-01+j6.92181227754080224956e-02
  +2.47780098882271621052e-01+j6.68525825436791648615e-02
  +2.58295113727638636636e-01+j6.40706178340614690425e-02
  +2.68985321157736934072e-01+j6.08514560087083516970e-02
  +2.79839875566515461358e-01+j5.71738574403654123413e-02
  +2.90846354425701780766e-01+j5.30161858206377942238e-02
  +3.01990649154071921778e-01+j4.83564912634566954064e-02
  +3.13256855827590052765e-01+j4.31726072493081036718e-02
  +3.24627167034602648332e-01+j3.74422624217728636231e-02
  +3.36081766398445280775e-01+j3.11432081853333653232e-02
  +3.47598727519898287319e-01+j2.42533629573859071948e-02
  +3.59153919330058801762e-01+j1.67509737928840558852e-02
  +3.70720920085603034000e-01+j8.61479592208204414394e-03
  +3.82270942476922059861e-01-j1.75709484333975805978e-04
  +3.93772772547492933004e-01-j9.64015928690567514003e-03
  +4.05192725330945135997e-01-j1.97970143842166393378e-02
  +4.16494620289933281665e-01-j3.06633284449039783537e-02
  +4.27639779776076867090e-01-j4.22544805047359722794e-02
  +4.38587053809498639279e-01-j5.45838930744094105729e-02
  +4.49292874485424376108e-01-j6.76627379611073748178e-02
  +4.59711343239586900378e-01-j8.14996326084307110005e-02
  +4.69794354028522931355e-01-j9.61003303935942382319e-02
  +4.79491755192064161850e-01-j1.11467408973190323929e-01
  +4.88751552350826234949e-01-j1.27599961420167440362e-01
  +4.97520154142480852677e-01-j1.44493295522303749623e-01
  +5.05742661911421476084e-01-j1.62138647189425860740e-01
  +5.13363203636978626676e-01-j1.80522914413509122378e-01
  +5.20325311421660385847e-01-j1.99628418610566876756e-01
  +5.26572340775749325736e-01-j2.19432700412722725414e-01
  +5.32047928749535214976e-01-j2.39908357041280162480e-01
  +5.36696486708287734402e-01-j2.61022928246771812599e-01
  +5.40463722255689615892e-01-j2.82738837425333622289e-01
  +5.43297183533697936042e-01-j3.05013393893926398892e-01
  +5.45146817912120273952e-01-j3.27798861421414289286e-01
  +5.45965535984934580149e-01-j3.51042596970318310223e-01
  +5.45709770870359323069e-01-j3.74687262220594563544e-01
  +5.44340022123155464762e-01-j3.98671108850290334402e-01
  +5.41821373162379105182e-01-j4.22928336781421110313e-01
  +5.38123971037869242018e-01-j4.47389522717712928568e-01
  +5.33223457635173869740e-01-j4.71982114370934291436e-01
  +5.27101342066859768209e-01-j4.96630983868887321275e-01
  +5.19745305016623304617e-01-j5.21259032040088499116e-01
  +5.11149427171347148224e-01-j5.45787833657309318092e-01
  +5.01314335555908985320e-01-j5.70138312369168454019e-01
  +4.90247263520552478688e-01-j5.94231433021588983934e-01
  +4.77962022249079854230e-01-j6.17988898420844146031e-01
  +4.64478883876402737219e-01-j6.41333837351713564878e-01
  +4.49824378536693603170e-01-j6.64191470852818488524e-01
  +4.34031009818496404939e-01-j6.86489744359925824213e-01
  +4.17136895094324222644e-01-j7.08159914330599327137e-01
  +3.99185338942144196661e-01-j7.29137079313402658443e-01
  +3.80224349320589072310e-01-j7.49360647060981155398e-01
  +3.60306107251640750366e-01-j7.68774731134186151138e-01
  +3.39486401475140919803e-01-j7.87328472423661662738e-01
  +3.17824039859831986021e-01-j8.04976283042254103783e-01
  +2.95380249295408348065e-01-j8.21678012035792715295e-01
  +2.72218075376310320035e-01-j8.37399034247228724048e-01
  +2.48401792461594494998e-01-j8.52110265386668119802e-01
  +2.23996333708348621672e-01-j8.65788107856630073655e-01
  +1.99066749487496252868e-01-j8.78414333122715884627e-01
  +1.73677701262534317506e-01-j8.89975907383037223575e-01
  +1.47892996605482024419e-01-j9.00464767969217150245e-01
  +1.21775169597770460683e-01-j9.09877558313517575961e-01
  +9.53851094690273126897e-02-j9.18215329458268114671e-01
  +6.87817390076648355057e-02-j9.25483215991189989147e-01
  +4.20217430686943976825e-02-j9.31690093995852119946e-01
  +1.51593464321851875698e-02-j9.36848228146116124293e-01
  -1.17538606534691655869e-02-j9.40972914484484945774e-01
  -3.86690516674288234378e-02-j9.44082124743652051357e-01
  -6.55402507721279531383e-02-j9.46196157332650167326e-01
  -9.23243809900274187141e-02-j9.47337299345254790772e-01
  -1.18981277357603984490e-01-j9.47529503185868926529e-01
</dep>
<dep S[1,1] frequency>
  -7.27946877210937981495e-01-j3.72578532907452020240e-01
  -7.51532582029176721150e-01-j3.55540810134116924690e-01
  -7.73130566945403607804e-01-j3.37985809618535693044e-01
  -7.92888277963325838193e-01-j3.20074248235608982416e-01
  -8.10947130071944521923e-01-j3.01936349307720286461e-01
  -8.27440738642061579533e-01-j2.83676903611487840617e-01
  -8.42493959995318619782e-01-j2.65379619296461422007e-01
  -8.56222501874894681428e-01-j2.47110815042430986832e-01
  -8.68732924557027996748e-01-j2.28922526703990436570e-01
  -8.80122900515631467755e-01-j2.10855102178768738508e-01
  -8.90481636837580969868e-01-j1.92939357053028476274e-01
  -8.99890392020894602787e-01-j1.75198357840737700686e-01
  -9.08423039236290086329e-01-j1.57648892305280757808e-01
  -9.16146643183404774113e-01-j1.40302678624708410116e-01
  -9.23122028621540580140e-01-j1.23167357708234573299e-01
  -9.29404326525569146611e-01-j1.06247306145110159692e-01
  -9.35043489405171346363e-01-j8.95443012161093038204e-02
  -9.40084771234204863433e-01-j7.30580641532722341314e-02
  -9.44569170123004342443e-01-j5.67867033586372804699e-02
  -9.48533833669019110779e-01-j4.07270755182919594328e-02
  -9.52012428092068097030e-01-j2.48750793910904877126e-02
  -9.55035472983462363494e-01-j9.22589442695023742580e-03
  -9.57630643908320977609e-01+j6.22582580155921216924e-03
  -9.59823045294600274424e-01+j2.14857971611120968092e-02
  -9.61635456091046170179e-01+j3.65599787927890079731e-02
  -9.63088550629227158062e-01+j5.14544717094284204117e-02
  -9.64201097017711949988e-01+j6.61754376362988366855e-02
  -9.64990135254025771516e-01+j8.07290343891588907388e-02
  -9.65471137079336627629e-01+j9.51213647498789366397e-02
  -9.65658149433678669737e-01+j1.09358436345597109796e-01
  -9.65563923203508145399e-01+j1.23446130484385921400e-01
  -9.65200028793491648926e-01+j1.37390178266937446061e-01
  -9.64576959903562847209e-01+j1.51196142594119370406e-01
  -9.63704226752168380266e-01+j1.64869404936674984752e-01
  -9.62590439857812008029e-01+j1.78415155935568781054e-01
  -9.61243385373681258343e-01+j1.91838389067517545161e-01
  -9.59670092863916135428e-01+j2.05143896746568243916e-01
  -9.57876896314421744094e-01+j2.18336268344764578009e-01
  -9.55869489085256263117e-01+j2.31419889707054349248e-01
  -9.53652973434914064121e-01+j2.44398943811409752325e-01
  -9.51231905178243963839e-01+j2.57277412287454376738e-01
  -9.48610333978785025266e-01+j2.70059077558282067955e-01
  -9.45791839722019411774e-01+j2.82747525412244793408e-01
  -9.42779565367829586187e-01+j2.95346147846267892412e-01
  -9.39576246637684020513e-01+j3.07858146050735137500e-01
  -9.36184238854106953731e-01+j3.20286533429433695197e-01
  -9.32605541216363187473e-01+j3.32634138567224846295e-01
  -9.28841818766484417225e-01+j3.44903608073847678384e-01
  -9.24894422273338179252e-01+j3.57097409245102470621e-01
  -9.20764406239100718921e-01+j3.69217832493113684578e-01
  -9.16452545211804081582e-01+j3.81266993505819939969e-01
  -9.11959348569312266974e-01+j3.93246835102759484393e-01
  -9.07285073923979723531e-01+j4.05159128759577213952e-01
  -9.02429739282913478959e-01+j4.17005475778160550338e-01
  -8.97393134086237553859e-01+j4.28787308082640261642e-01
  -8.92174829234682609247e-01+j4.40505888624182606605e-01
  -8.86774186208099668427e-01+j4.52162311379487036334e-01
  -8.81190365368038408533e-01+j4.63757500929360522157e-01
  -8.75422333530087581899e-01+j4.75292211604839476280e-01
  -8.69468870885335087806e-01+j4.86767026188882900861e-01
  -8.63328577344708913976e-01+j4.98182354162187923663e-01
  -8.56999878375373835837e-01+j5.09538429481679711053e-01
  -8.50481030394352410795e-01+j5.20835307880278319814e-01
  -8.43770125781330593284e-01+j5.32072863676311680337e-01
  -8.36865097570013927175e-01+j5.43250786080629155528e-01
  -8.29763723875427183785e-01+j5.54368574989101858819e-01
  -8.22463632113111131616e-01+j5.65425536247760707198e-01
  -8.14962303065297377636e-01+j5.76420776377393528911e-01
  -8.07257074848836575498e-01+j5.87353196743931937895e-01
  -7.99345146839714248976e-01+j5.98221487160657261484e-01
  -7.91223583609720892973e-01+j6.09024118907819600466e-01
  -7.82889318931862643325e-01+j6.19759337155134093500e-01
  -7.74339159912773689065e-01+j6.30425152772415287039e-01
  -7.65569791312361913604e-01+j6.41019333513790590118e-01
  -7.56577780113511955129e-01+j6.51539394561065243749e-01
  -7.47359580407588652839e-01+j6.61982588412424743929e-01
  -7.37911538664999810955e-01+j6.72345894103400953945e-01
  -7.28229899463970764550e-01+j6.82626005748128261708e-01
  -7.18310811755073053142e-01+j6.92819320390490100969e-01
  -7.08150335743975567482e-01+j7.02921925156684279656e-01
  -6.97744450480152322847e-01+j7.12929583703239444503e-01
  -6.87089062245171966481e-01+j7.22837721957613421608e-01
  -6.76180013840432025951e-01+j7.32641413152244735940e-01
  -6.65013094880899879868e-01+j7.42335362157549916162e-01
  -6.53584053208658644074e-01+j7.51913889124673273656e-01
  -6.41888607547470235737e-01+j7.61370912455367698790e-01
  -6.29922461527637866929e-01+j7.70699931123760006990e-01
  -6.17681319218474467192e-01+j7.79894006383709981201e-01
  -6.05160902314312521000e-01+j7.88945742905511115950e-01
  -5.92356969128440047356e-01+j7.97847269397520264533e-01
  -5.79265335558024618834e-01+j8.06590218781745527110e-01
  -5.65881898191635035467e-01+j8.15165708007731026896e-01
  -5.52202659739189138932e-01+j8.23564317606559681550e-01
  -5.38223756971915712199e-01+j8.31776071106514303111e-01
  -5.23941491367067024854e-01+j8.39790414454036793224e-01
  -5.09352362658051283084e-01+j8.47596195608555369461e-01
  -4.94453105495493594468e-01+j8.55181644507319815851e-01
  -4.79240729427618084024e-01+j8.62534353627179006807e-01
  -4.63712562409111295203e-01+j8.69641259404051680804e-01
  -4.47866298045712540876e-01+j8.76488624808048233383e-01
  -4.31700046776400059301e-01+j8.83062023412781837983e-01
  -4.15212391185702855978e-01+j8.89346325341451748869e-01
  -3.98402445624578993577e-01+j8.95325685519656300215e-01
  -3.81269920298435871509e-01+j9.00983534715611544819e-01
  -3.63815189954537432371e-01+j9.06302573902125985228e-01
  -3.46039367266986752636e-01+j9.11264772531137023925e-01
  -3.27944380974794280625e-01+j9.15851371370009936790e-01
  -3.09533058775899760917e-01+j9.20042890608760544069e-01
  -2.90809214916363967252e-01+j9.23819144007604897695e-01
  -2.71777742337905192649e-01+j9.27159259913755695592e-01
  -2.52444709157478963668e-01+j9.30041710033489343878e-01
  -2.32817459148369709787e-01+j9.32444346898425591164e-01
  -2.12904715772409353081e-01+j9.34344451011472454383e-01
  -1.92716689176480521217e-01+j9.35718788695135361699e-01
  -1.72265185412988824920e-01+j9.36543681690215068514e-01
  -1.51563716973121404008e-01+j9.36795089562360572266e-01
  -1.30627613533967956716e-01+j9.36448705963947469755e-01
  -1.09474131616655090404e-01+j9.35480069764826893675e-01
  -8.81225616344510909173e-02+j9.33864692003063101566e-01
  -6.65943305797196405393e-02+j9.31578199510807114514e-01
  -4.49130983604013600541e-02+j9.28596495936150234662e-01
  -2.31048455553191089962e-02+j9.24895940703899910318e-01
  -1.19795011899073711170e-03+j9.20453546232224528723e-01
  +2.07767496612341617812e-02+j9.15247193443760709286e-01
  +4.27859088610914595208e-02+j9.09255865275732544362e-01
  +6.47936493514411904204e-02+j9.02459897502109642531e-01
  +8.67615561847230043480e-02+j8.94841245731148537956e-01
  +1.08648700233463957332e-01+j8.86383766936027495120e-01
  +1.30411690387513407030e-01+j8.77073513319040931613e-01
  +1.52004758541020856821e-01+j8.66899035708441068060e-01
  +1.73379880424687243812e-01+j8.55851693052858131239e-01
  +1.94486935050068199260e-01+j8.43925963925994060411e-01
  +2.15273905118426117644e-01+j8.31119755303124541079e-01
  +2.35687120197687199896e-01+j8.17434703243439142462e-01
  +2.55671543782097610009e-01+j8.02876459535485809127e-01
  +2.75171104519817799616e-01+j7.87454957866229321439e-01
  +2.94129070930277514151e-01+j7.71184652689668737047e-01
  +3.12488467848104911617e-01+j7.54084723731587081019e-01
  +3.30192531645647546767e-01+j7.36179239004800090029e-01
  +3.47185200030114216041e-01+j7.17497269354222755311e-01
  +3.63411630922292228085e-01+j6.98072947927906417576e-01
  +3.78818743646244238121e-01+j6.77945468597117795184e-01
  +3.93355774445015626828e-01+j6.57159018234237501943e-01
  +4.06974837241449505232e-01+j6.35762638899592058550e-01
  +4.19631479643458260576e-01+j6.13810017371862359781e-01
  +4.31285223504933590277e-01+j5.91359201053423877426e-01
  +4.41900078948593677541e-01+j5.68472241048512794137e-01
  +4.51445020677471886561e-01+j5.45214765093966491349e-01
  +4.59894415678597179298e-01+j5.21655484952243120311e-01
  +4.67228392071041942479e-01+j4.97865644780189353646e-01
  +4.73433139869488373019e-01+j4.73918418785069184285e-01
  +4.78501135803549526582e-01+j4.49888268092294874023e-01
  +4.82431286013334792440e-01+j4.25850268102270779202e-01
  +4.85228982377152673333e-01+j4.01879418641112984290e-01
  +4.86906070346271035998e-01+j3.78049949860069289809e-01
  +4.87480728382442884961e-01+j3.54434637076594449834e-01
  +4.86977261327174282268e-01+j3.31104137561376521415e-01
  +4.85425812187368466155e-01+j3.08126361666761106051e-01
  +4.82861998813807924424e-01+j2.85565889689281204866e-01
  +4.79326483699287542173e-01+j2.63483444508909814274e-01
  +4.74864486568397192734e-01+j2.41935428411362535295e-01
  +4.69525250523372295053e-01+j2.20973530651580152284e-01
  +4.63361473221736985817e-01+j2.00644410336958067820e-01
  +4.56428714882411323828e-01+j1.80989457181579743716e-01
  +4.48784794857391755585e-01+j1.62044630688061130908e-01
  +4.40489188093001415858e-01+j1.43840376425682758832e-01
  +4.31602432078939168836e-01+j1.26401616355461765551e-01
  +4.22185553897128640344e-01+j1.09747808655306533510e-01
  +4.12299525794346366503e-01+j9.38930712570108516601e-02
  +4.02004756374950644737e-01+j7.88463623428583837427e-02
  +3.91360623104315685783e-01+j6.46117103694420769067e-02
  +3.80425050387592222911e-01+j5.11884857836499285177e-02
  +3.69254136094200546836e-01+j3.85717064533140363558e-02
  +3.57901828079877970534e-01+j2.67523689265320718800e-02
  +3.46419651050097421319e-01+j1.57177979270934631284e-02
  +3.34856483037064334152e-01+j5.45200695263678425384e-03
  +3.23258379843616328042e-01-j4.06393657004605612926e-03
  +3.11668445049510300926e-01-j1.28515474387284889257e-02
  +3.00126742579066685401e-01-j2.09345652680696936443e-02
  +2.88670248388845973597e-01-j2.83386078877955194244e-02
  +2.77332837539027488027e-01-j3.50908391528435281703e-02
</dep>
