<Qucs Dataset 1.0.7>
<indep frequency 181>
  +1.00000000000000000000e+09
  +1.05000000000000000000e+09
  +1.10000000000000000000e+09
  +1.15000000000000000000e+09
  +1.20000000000000000000e+09
  +1.25000000000000000000e+09
  +1.30000000000000000000e+09
  +1.35000000000000000000e+09
  +1.40000000000000000000e+09
  +1.45000000000000000000e+09
  +1.50000000000000000000e+09
  +1.55000000000000000000e+09
  +1.60000000000000000000e+09
  +1.65000000000000000000e+09
  +1.70000000000000000000e+09
  +1.75000000000000000000e+09
  +1.80000000000000000000e+09
  +1.85000000000000000000e+09
  +1.90000000000000000000e+09
  +1.95000000000000000000e+09
  +2.00000000000000000000e+09
  +2.05000000000000000000e+09
  +2.10000000000000000000e+09
  +2.15000000000000000000e+09
  +2.20000000000000000000e+09
  +2.25000000000000000000e+09
  +2.30000000000000000000e+09
  +2.35000000000000000000e+09
  +2.40000000000000000000e+09
  +2.45000000000000000000e+09
  +2.50000000000000000000e+09
  +2.55000000000000000000e+09
  +2.60000000000000000000e+09
  +2.65000000000000000000e+09
  +2.70000000000000000000e+09
  +2.75000000000000000000e+09
  +2.80000000000000000000e+09
  +2.85000000000000000000e+09
  +2.90000000000000000000e+09
  +2.95000000000000000000e+09
  +3.00000000000000000000e+09
  +3.05000000000000000000e+09
  +3.10000000000000000000e+09
  +3.15000000000000000000e+09
  +3.20000000000000000000e+09
  +3.25000000000000000000e+09
  +3.30000000000000000000e+09
  +3.35000000000000000000e+09
  +3.40000000000000000000e+09
  +3.45000000000000000000e+09
  +3.50000000000000000000e+09
  +3.55000000000000000000e+09
  +3.60000000000000000000e+09
  +3.65000000000000000000e+09
  +3.70000000000000000000e+09
  +3.75000000000000000000e+09
  +3.80000000000000000000e+09
  +3.85000000000000000000e+09
  +3.90000000000000000000e+09
  +3.95000000000000000000e+09
  +4.00000000000000000000e+09
  +4.05000000000000000000e+09
  +4.10000000000000000000e+09
  +4.15000000000000000000e+09
  +4.20000000000000000000e+09
  +4.25000000000000000000e+09
  +4.30000000000000000000e+09
  +4.35000000000000000000e+09
  +4.40000000000000000000e+09
  +4.45000000000000000000e+09
  +4.50000000000000000000e+09
  +4.55000000000000000000e+09
  +4.60000000000000000000e+09
  +4.65000000000000000000e+09
  +4.70000000000000000000e+09
  +4.75000000000000000000e+09
  +4.80000000000000000000e+09
  +4.85000000000000000000e+09
  +4.90000000000000000000e+09
  +4.95000000000000000000e+09
  +5.00000000000000000000e+09
  +5.05000000000000000000e+09
  +5.10000000000000000000e+09
  +5.15000000000000000000e+09
  +5.20000000000000000000e+09
  +5.25000000000000000000e+09
  +5.30000000000000000000e+09
  +5.35000000000000000000e+09
  +5.40000000000000000000e+09
  +5.45000000000000000000e+09
  +5.50000000000000000000e+09
  +5.55000000000000000000e+09
  +5.60000000000000000000e+09
  +5.65000000000000000000e+09
  +5.70000000000000000000e+09
  +5.75000000000000000000e+09
  +5.80000000000000000000e+09
  +5.85000000000000000000e+09
  +5.90000000000000000000e+09
  +5.95000000000000000000e+09
  +6.00000000000000000000e+09
  +6.05000000000000000000e+09
  +6.10000000000000000000e+09
  +6.15000000000000000000e+09
  +6.20000000000000000000e+09
  +6.25000000000000000000e+09
  +6.30000000000000000000e+09
  +6.35000000000000000000e+09
  +6.40000000000000000000e+09
  +6.45000000000000000000e+09
  +6.50000000000000000000e+09
  +6.55000000000000000000e+09
  +6.60000000000000000000e+09
  +6.65000000000000000000e+09
  +6.70000000000000000000e+09
  +6.75000000000000000000e+09
  +6.80000000000000000000e+09
  +6.85000000000000000000e+09
  +6.90000000000000000000e+09
  +6.95000000000000000000e+09
  +7.00000000000000000000e+09
  +7.05000000000000000000e+09
  +7.10000000000000000000e+09
  +7.15000000000000000000e+09
  +7.20000000000000000000e+09
  +7.25000000000000000000e+09
  +7.30000000000000000000e+09
  +7.35000000000000000000e+09
  +7.40000000000000000000e+09
  +7.45000000000000000000e+09
  +7.50000000000000000000e+09
  +7.55000000000000000000e+09
  +7.60000000000000000000e+09
  +7.65000000000000000000e+09
  +7.70000000000000000000e+09
  +7.75000000000000000000e+09
  +7.80000000000000000000e+09
  +7.85000000000000000000e+09
  +7.90000000000000000000e+09
  +7.95000000000000000000e+09
  +8.00000000000000000000e+09
  +8.05000000000000000000e+09
  +8.10000000000000000000e+09
  +8.15000000000000000000e+09
  +8.20000000000000000000e+09
  +8.25000000000000000000e+09
  +8.30000000000000000000e+09
  +8.35000000000000000000e+09
  +8.40000000000000000000e+09
  +8.45000000000000000000e+09
  +8.50000000000000000000e+09
  +8.55000000000000000000e+09
  +8.60000000000000000000e+09
  +8.65000000000000000000e+09
  +8.70000000000000000000e+09
  +8.75000000000000000000e+09
  +8.80000000000000000000e+09
  +8.85000000000000000000e+09
  +8.90000000000000000000e+09
  +8.95000000000000000000e+09
  +9.00000000000000000000e+09
  +9.05000000000000000000e+09
  +9.10000000000000000000e+09
  +9.15000000000000000000e+09
  +9.20000000000000000000e+09
  +9.25000000000000000000e+09
  +9.30000000000000000000e+09
  +9.35000000000000000000e+09
  +9.40000000000000000000e+09
  +9.45000000000000000000e+09
  +9.50000000000000000000e+09
  +9.55000000000000000000e+09
  +9.60000000000000000000e+09
  +9.65000000000000000000e+09
  +9.70000000000000000000e+09
  +9.75000000000000000000e+09
  +9.80000000000000000000e+09
  +9.85000000000000000000e+09
  +9.90000000000000000000e+09
  +9.95000000000000000000e+09
  +1.00000000000000000000e+10
</indep>
<dep S21_phase frequency>
  -3.10808991873317914667e+01
  -3.25346817099181606636e+01
  -3.39758364831603856260e+01
  -3.54041752401642355608e+01
  -3.68195479966514440662e+01
  -3.82218417143501270061e+01
  -3.96109788366883961430e+01
  -4.09869157220372670736e+01
  -4.23496409985228368100e+01
  -4.36991738628511967590e+01
  -4.50355623439711933997e+01
  -4.63588815504879860896e+01
  -4.76692319189313380434e+01
  -4.89667374779971993348e+01
  -5.02515441420073898371e+01
  -5.15238180450001550525e+01
  -5.27837439250692312953e+01
  -5.40315235669123055118e+01
  -5.52673743090099449660e+01
  -5.64915276204124126025e+01
  -5.77042277508277763332e+01
  -5.89057304565574000321e+01
  -6.00963018037746437017e+01
  -6.12762170497667071345e+01
  -6.24457596019706002721e+01
  -6.36052200539858745287e+01
  -6.47548952971967537451e+01
  -6.58950877061683826241e+01
  -6.70261043956477351458e+01
  -6.81482565466939149701e+01
  -6.92618587992724741298e+01
  -7.03672287084881844521e+01
  -7.14646862615560962695e+01
  -7.25545534525552682226e+01
  -7.36371539120183484783e+01
  -7.47128125884326692585e+01
  -7.57818554788020151136e+01
  -7.68446094054904591530e+01
  -7.79014018366816713979e+01
  -7.89525607478999518207e+01
  -7.99984145221666267389e+01
  -8.10392918865136095974e+01
  -8.20755218826937351650e+01
  -8.31074338701037618193e+01
  -8.41353575590563025344e+01
  -8.51596230726934777522e+01
  -8.61805610359857610092e+01
  -8.71985026903846716095e+01
  -8.82137800328543164596e+01
  -8.92267259781285133613e+01
  -9.02376745431715789891e+01
  -9.12469610529506809371e+01
  -9.22549223667402600313e+01
  -9.32618971242919201359e+01
  -9.42682260113121799350e+01
  -9.52742520437922593146e+01
  -9.62803208708207733935e+01
  -9.72867810956027767588e+01
  -9.82939846144896733904e+01
  -9.93022869738897924208e+01
  -1.00312047744999787824e+02
  -1.01323630916351589804e+02
  -1.02337405304214186685e+02
  -1.03353744980929661779e+02
  -1.04373029721285533356e+02
  -1.05395645467042712085e+02
  -1.06421984809736372313e+02
  -1.07452447491854229611e+02
  -1.08487440926463392543e+02
  -1.09527380735306948623e+02
  -1.10572691305318386412e+02
  -1.11623806363402380271e+02
  -1.12681169569203873948e+02
  -1.13745235125425764977e+02
  -1.14816468405058799362e+02
  -1.15895346594642319360e+02
  -1.16982359352382033535e+02
  -1.18078009479605739784e+02
  -1.19182813603616125420e+02
  -1.20297302869513615065e+02
  -1.21422023637985589062e+02
  -1.22557538185385467955e+02
  -1.23704425401642637894e+02
  -1.24863281480635251341e+02
  -1.26034720596613169619e+02
  -1.27219375559047279012e+02
  -1.28417898436907961468e+02
  -1.29630961141787082624e+02
  -1.30859255957495349776e+02
  -1.32103496001723783593e+02
  -1.33364415603076281513e+02
  -1.34642770574206053880e+02
  -1.35939338358922668704e+02
  -1.37254918027961565485e+02
  -1.38590330094606486000e+02
  -1.39946416117534653267e+02
  -1.41324038054127328223e+02
  -1.42724077323063966105e+02
  -1.44147433530355584708e+02
  -1.45595022808144733517e+02
  -1.47067775710683235957e+02
  -1.48566634607060564122e+02
  -1.50092550505683504980e+02
  -1.51646479241407831751e+02
  -1.53229376952972756953e+02
  -1.54842194776302733317e+02
  -1.56485872678847329098e+02
  -1.58161332361944857894e+02
  -1.59869469162883405033e+02
  -1.61611142896586898132e+02
  +1.66128324104204097011e+01
  +1.48016999233616601828e+01
  +1.29547725453689288599e+01
  +1.10714465814568328028e+01
  +9.15121645700495633946e+00
  +7.19369038171840902152e+00
  +5.19860679641683454122e+00
  +3.16585137933881899386e+00
  +1.09547432210512751816e+00
  -1.01229248485135503444e+00
  -3.15701878865938034835e+00
  -5.33806033126930667976e+00
  -7.55454478626928604967e+00
  -9.80535987951852305855e+00
  -1.20891443231698616501e+01
  -1.44042821914635119640e+01
  -1.67489013332368585907e+01
  -1.91208763461377770909e+01
  -2.15178365287833592845e+01
  -2.39371790802411688048e+01
  -2.63760876352335706940e+01
  -2.88315560160618993280e+01
  -3.13004168595458089897e+01
  -3.37793745531939606508e+01
  -3.62650417050151645526e+01
  -3.87539781916503187631e+01
  -4.12427316942116277687e+01
  -4.37278785515867625122e+01
  -4.62060637437685883810e+01
  -4.86740388644876844637e+01
  -5.11286970490622962870e+01
  -5.35671039809262197195e+01
  -5.59865242959355384755e+01
  -5.83844429219762446337e+01
  -6.07585811167170319891e+01
  -6.31069071835531332226e+01
  -6.54276420420887490081e+01
  -6.77192599953994118778e+01
  -6.99804851657548852017e+01
  -7.22102841611222174834e+01
  -7.44078555873461624515e+01
  -7.65726170387331706024e+01
  -7.87041901879028955591e+01
  -8.08023845602455992321e+01
  -8.28671805254962237086e+01
  -8.48987119748528868968e+01
  -8.68972490821862635357e+01
  -8.88631814767234828878e+01
  -9.07970020857046193896e+01
  -9.26992918414942295158e+01
  -9.45707053901493424064e+01
  -9.64119578884326244861e+01
  -9.82238129340342425166e+01
  -1.00007071639155029175e+02
  -1.01762562830137596848e+02
  -1.03491134334833816411e+02
  -1.05193645304046825117e+02
  -1.06870959502864224078e+02
  -1.08523939501192032253e+02
  -1.10153441689529969949e+02
  -1.11760312045318613627e+02
  -1.13345382576427837762e+02
  -1.14909468371040958345e+02
  -1.16453365186868481373e+02
  -1.17977847516977320197e+02
  -1.19483667074242774220e+02
  -1.20971551641315159031e+02
  -1.22442204237877973583e+02
  -1.23896302561730877301e+02
  -1.25334498664778109855e+02
  -1.26757418829282073602e+02
</dep>
<dep S11_phase frequency>
  -1.21139830840412273005e+02
  -1.22592139030213019169e+02
  -1.24031876633262953646e+02
  -1.25458847552373342182e+02
  -1.26872895132640266525e+02
  -1.28273900612986068381e+02
  -1.29661781495353665150e+02
  -1.31036489845768102214e+02
  -1.32398010543233397129e+02
  -1.33746359492962398008e+02
  -1.35081581820316472431e+02
  -1.36403750061010327954e+02
  -1.37712962362114808457e+02
  -1.39009340707007055471e+02
  -1.40293029175966182720e+02
  -1.41564192252630192570e+02
  -1.42823013184973973466e+02
  -1.44069692408017715479e+02
  -1.45304446034071958138e+02
  -1.46527504415017006068e+02
  -1.47739110779907264259e+02
  -1.48939519950126026515e+02
  -1.50128997133320012836e+02
  -1.51307816796515282931e+02
  -1.52476261618066786241e+02
  -1.53634621517468985985e+02
  -1.54783192761540277615e+02
  -1.55922277145035707235e+02
  -1.57052181243432130486e+02
  -1.58173215735335048748e+02
  -1.59285694791777387991e+02
  -1.60389935529532039027e+02
  -1.61486257525490231046e+02
  -1.62574982389110573422e+02
  -1.63656433389959914848e+02
  -1.64730935137390417822e+02
  -1.65798813309477083067e+02
  -1.66860394428416242363e+02
  -1.67916005679699537723e+02
  -1.68965974772491705380e+02
  -1.70010629838774462996e+02
  -1.71050299368961759683e+02
  -1.72085312181821251443e+02
  -1.73115997426701937911e+02
  -1.74142684616200625669e+02
  -1.75165703687552792189e+02
  -1.76185385091181785810e+02
  -1.77202059904973822313e+02
  -1.78216059972997072691e+02
  -1.79227718067507453270e+02
  +1.79762631926782546543e+02
  +1.78754654807068504851e+02
  +1.77748013826232948986e+02
  +1.76742370446707383280e+02
  +1.75737384074976603188e+02
  +1.74732711777181663138e+02
  +1.73728007976193083550e+02
  +1.72722924130427969658e+02
  +1.71717108394611784661e+02
  +1.70710205262609349575e+02
  +1.69701855192388507021e+02
  +1.68691694213120058521e+02
  +1.67679353514372508016e+02
  +1.66664459017323025591e+02
  +1.65646630927879812134e+02
  +1.64625483271595754786e+02
  +1.63600623410253746215e+02
  +1.62571651540017370507e+02
  +1.61538160171073684523e+02
  +1.60499733588742856227e+02
  +1.59455947296106444355e+02
  +1.58406367438300151207e+02
  +1.57350550208747080205e+02
  +1.56288041237766236691e+02
  +1.55218374964191298204e+02
  +1.54141073990873991306e+02
  +1.53055648425241230370e+02
  +1.51961595206424192384e+02
  +1.50858397420889502882e+02
  +1.49745523608997757492e+02
  +1.48622427065485510411e+02
  +1.47488545137540825181e+02
  +1.46343298524926325399e+02
  +1.45186090587506981819e+02
  +1.44016306666592555530e+02
  +1.42833313427704808873e+02
  +1.41636458233764159331e+02
  +1.40425068559266350121e+02
  +1.39198451457813348497e+02
  +1.37955893097394891811e+02
  +1.36696658380106640607e+02
  +1.35419990665559254239e+02
  +1.34125111620100256005e+02
  +1.32811221217145487117e+02
  +1.31477497917416258133e+02
  +1.30123099061699093681e+02
  +1.28747161512872679623e+02
  +1.27348802588369409250e+02
  +1.25927121328899247032e+02
  +1.24481200154098118560e+02
  +1.23010106960670881904e+02
  +1.21512897723438612729e+02
  +1.19988619664282538224e+02
  +1.18436315058057175520e+02
  +1.16855025747816100079e+02
  +1.15243798443764404738e+02
  +1.13601690880754588875e+02
  +1.11927778907328828950e+02
  +1.10221164574623102794e+02
  +1.08480985285175393074e+02
  +1.06706424049021606493e+02
  +1.04896720876587281168e+02
  +1.03051185313975892655e+02
  +1.01169210095542041472e+02
  +9.92502858505357750118e+01
  +9.72940167547516665536e+01
  +9.53001369645650839857e+01
  +9.32685276100646518671e+01
  +9.11992340574510365059e+01
  +8.90924830805555103552e+01
  +8.69486995102622728382e+01
  +8.47685218628174510513e+01
  +8.25528163884341665835e+01
  +8.03026889360391749051e+01
  +7.80194940047004905637e+01
  +7.57048403535028597844e+01
  +7.33605925750867982060e+01
  +7.09888681080657306666e+01
  +6.85920292722973385935e+01
  +6.61726700579023656701e+01
  +6.37335975799213514392e+01
  +6.12778083179544807990e+01
  +5.88084594828796340948e+01
  +5.63288360768547988755e+01
  +5.38423144226896468467e+01
  +5.13523231184349029377e+01
  +4.88623025083983222316e+01
  +4.63756638414772339729e+01
  +4.38957493049470883761e+01
  +4.14257940751888682485e+01
  +3.89688914202449225854e+01
  +3.65279617315910059006e+01
  +3.41057261669117579572e+01
  +3.17046853672598913931e+01
  +2.93271034866665871732e+01
  +2.69749975550583229733e+01
  +2.46501319989820970591e+01
  +2.23540179786890540470e+01
  +2.00879170705680465403e+01
  +1.78528487331412222261e+01
  +1.56496009420496235975e+01
  +1.34787433613884672923e+01
  +1.13406424302965582740e+01
  +9.23547777887089083038e+00
  +7.16325943987630875398e+00
  +5.12384538631182451240e+00
  +3.11695899424508882092e+00
  +1.14220610089364216222e+00
  -8.00908603797228280108e-01
  -2.71296605045200855955e+00
  -4.59461826995629252224e+00
  -6.44657497164178572291e+00
  -8.26959127036598218297e+00
  -1.00644565787004562907e+01
  -1.18319846532599655120e+01
  -1.35730047633132375751e+01
  -1.52883539343544256894e+01
  -1.69788702084382627788e+01
  -1.86453868559584030606e+01
  -2.02887274693705883521e+01
  -2.19097018674762260559e+01
  -2.35091027386884938721e+01
  -2.50877029527258592623e+01
  -2.66462534720345303185e+01
  -2.81854817966709880750e+01
  -2.97060908791648472516e+01
  -3.12087584489075773320e+01
  -3.26941366888199738128e+01
  -3.41628522103902980689e+01
  -3.56155062766612218184e+01
  -3.70526752263632133122e+01
</dep>
<dep S21_dB frequency>
  -6.45637021928599175169e-01
  -7.06420773489493281083e-01
  -7.69302767140338406016e-01
  -8.34189959083420085051e-01
  -9.00990105970206789365e-01
  -9.69612131691568346348e-01
  -1.03996646373447054756e+00
  -1.11196533896074845060e+00
  -1.18552307906546783300e+00
  -1.26055633632281294254e+00
  -1.33698431054237776294e+00
  -1.41472893841220304090e+00
  -1.49371505662352310750e+00
  -1.57387054033613571491e+00
  -1.65512641866716747607e+00
  -1.73741696897648378872e+00
  -1.82067979176847982714e+00
  -1.90485586805322593129e+00
  -1.98988960100410872123e+00
  -2.07572884372229049532e+00
  -2.16232491487205003011e+00
  -2.24963260389479957624e+00
  -2.33761016743714700183e+00
  -2.42621931855369910025e+00
  -2.51542521016298525893e+00
  -2.60519641415163993869e+00
  -2.69550489743944954313e+00
  -2.78632599623366505881e+00
  -2.87763838962591878001e+00
  -2.96942407360821913898e+00
  -3.06166833651827774432e+00
  -3.15435973686058090948e+00
  -3.24749008439663189307e+00
  -3.34105442534859875536e+00
  -3.43505103252226895449e+00
  -3.52948140112361308240e+00
  -3.62435025102097707617e+00
  -3.71966553619123052599e+00
  -3.81543846208423520494e+00
  -3.91168351164456939983e+00
  -4.00841848074485440634e+00
  -4.10566452381110025271e+00
  -4.20344621045442501384e+00
  -4.30179159397435117995e+00
  -4.40073229265615317729e+00
  -4.50030358485853554384e+00
  -4.60054451897634475444e+00
  -4.70149803946381616981e+00
  -4.80321113022710832752e+00
  -4.90573497683160475447e+00
  -5.00912514913263606786e+00
  -5.11344180612354470838e+00
  -5.21874992500833023712e+00
  -5.32511955675065618010e+00
  -5.43262611063323408445e+00
  -5.54135067068509812316e+00
  -5.65138034720437865133e+00
  -5.76280866703421246200e+00
  -5.87573600674230789309e+00
  -5.99027007342587580752e+00
  -6.10652643852500176536e+00
  -6.22462913079621493750e+00
  -6.34471129549279844184e+00
  -6.46691592784413238348e+00
  -6.59139669015087470427e+00
  -6.71831882325316431803e+00
  -6.84786016482769355207e+00
  -6.98021228897958501136e+00
  -7.11558178398425145161e+00
  -7.25419168788475143828e+00
  -7.39628310506236630317e+00
  -7.54211703100574926140e+00
  -7.69197641746483551373e+00
  -7.84616851620060362649e+00
  -8.00502754689352791218e+00
  -8.16891774378895973996e+00
  -8.33823684678050724983e+00
  -8.51342011642700668972e+00
  -8.69494496961998741824e+00
  -8.88333635425017220655e+00
  -9.07917300858403564234e+00
  -9.28309478592593961821e+00
  -9.49581126990192458948e+00
  -9.71811196365174012612e+00
  -9.95087841188956723215e+00
  -1.01950987145522411481e+01
  -1.04518850235813012262e+01
  -1.07224947931620313568e+01
  -1.10083567971787577022e+01
  -1.13111032633121695312e+01
  -1.16326099423985027670e+01
  -1.19750465973078625836e+01
  -1.23409413553654463414e+01
  -1.27332637770758303475e+01
  -1.31555336026583695741e+01
  -1.36119653640962585683e+01
  -1.41076641077608311292e+01
  -1.46488956203863089911e+01
  -1.52434680906475055195e+01
  -1.59012854486669716891e+01
  -1.66351744319432839347e+01
  -1.74621660749932985368e+01
  -1.84055689106611737316e+01
  -1.94985050448931360734e+01
  -2.07903550134394699000e+01
  -2.23595597716076035510e+01
  -2.43422004922803303373e+01
  -2.70075872274955486319e+01
  -3.10216841916318841754e+01
  -3.90930057704766369397e+01
  -4.38522056357259160109e+01
  -3.22348645878551209876e+01
  -2.73313320906761525464e+01
  -2.41433276410059534101e+01
  -2.17611336650038147411e+01
  -1.98496814028161523424e+01
  -1.82479560521920021188e+01
  -1.68661608911440801251e+01
  -1.56491441954610888132e+01
  -1.45606555375619688419e+01
  -1.35756401670035753426e+01
  -1.26760990258582744161e+01
  -1.18487001993735479033e+01
  -1.10833207100874968631e+01
  -1.03721142134613319996e+01
  -9.70889145100223238671e+00
  -9.08869474851387515457e+00
  -8.50749732875464026449e+00
  -7.96198546807236162692e+00
  -7.44939719944200628987e+00
  -6.96740061177447245200e+00
  -6.51400054929252014801e+00
  -6.08746615388929335211e+00
  -5.68627404808781911072e+00
  -5.30906350852813702090e+00
  -4.95460101828026289184e+00
  -4.62175228844866037292e+00
  -4.30946031810654694993e+00
  -4.01672838990305347551e+00
  -3.74260712568525111266e+00
  -3.48618488554772332222e+00
  -3.24658090793975961930e+00
  -3.02294067379778486071e+00
  -2.81443304507358682542e+00
  -2.62024878475007172440e+00
  -2.43960011601815685012e+00
  -2.27172102529686359418e+00
  -2.11586805838006863922e+00
  -1.97132140143875678184e+00
  -1.83738607861035019297e+00
  -1.71339313493500311480e+00
  -1.59870070689238974460e+00
  -1.49269491229484541073e+00
  -1.39479051653257024590e+00
  -1.30443135307365620790e+00
  -1.22109049282330328623e+00
  -1.14427016973075534878e+00
  -1.07350147930122341577e+00
  -1.00834387289939475529e+00
  -9.48384474422283574313e-01
  -8.93237247568526182562e-01
  -8.42542042003633806502e-01
  -7.95963545630209989845e-01
  -7.53190168276001825731e-01
  -7.13932879709266332569e-01
  -6.77924022212426979905e-01
  -6.44916115179649640510e-01
  -6.14680666482620985391e-01
  -5.87007002766421370765e-01
  -5.61701128457253062720e-01
  -5.38584621118427975262e-01
  -5.17493568898481748342e-01
  -4.98277554173131242976e-01
  -4.80798686086083670865e-01
  -4.64930683521219134668e-01
  -4.50558009073882048678e-01
  -4.37575053809451497422e-01
  -4.25885371977808513400e-01
  -4.15400964374987191619e-01
  -4.06041608684209964775e-01
  -3.97734234870283365204e-01
</dep>
<dep S11_dB frequency>
  -8.65159030384118388213e+00
  -8.28726952222169899187e+00
  -7.94465553532056301123e+00
  -7.62189485847788361639e+00
  -7.31735842327087837589e+00
  -7.02960533091110395532e+00
  -6.75735375733942511545e+00
  -6.49945738198781075567e+00
  -6.25488612734763993473e+00
  -6.02271029508173683098e+00
  -5.80208740196775885067e+00
  -5.59225117947412808661e+00
  -5.39250232045032618089e+00
  -5.20220064665885573163e+00
  -5.02075843952383049640e+00
  -4.84763472918128712763e+00
  -4.68233037773777027724e+00
  -4.52438382446974074469e+00
  -4.37336738572688510374e+00
  -4.22888402208466374077e+00
  -4.09056450105587554589e+00
  -3.95806489628228241884e+00
  -3.83106437429218971147e+00
  -3.70926322812949171848e+00
  -3.59238112385119201520e+00
  -3.48015553135603283863e+00
  -3.37234031549260793170e+00
  -3.26870446709790662965e+00
  -3.16903095667300416238e+00
  -3.07311569595236688812e+00
  -2.98076659474001282035e+00
  -2.89180270216593493515e+00
  -2.80605342300486793050e+00
  -2.72335780096181867549e+00
  -2.64356386188958358829e+00
  -2.56652801081059411814e+00
  -2.49211447738427693821e+00
  -2.42019480511860418659e+00
  -2.35064738019158125937e+00
  -2.28335699623331578323e+00
  -2.21821445183897481002e+00
  -2.15511617794789156477e+00
  -2.09396389254111703337e+00
  -2.03466428038455582339e+00
  -1.97712869578919003821e+00
  -1.92127288657200390176e+00
  -1.86701673758920971835e+00
  -1.81428403238121949137e+00
  -1.76300223161653102366e+00
  -1.71310226715466273895e+00
  -1.66451835066822684261e+00
  -1.61718779587084471316e+00
  -1.57105085349593864841e+00
  -1.52605055826004853969e+00
  -1.48213258712667772521e+00
  -1.43924512826034955992e+00
  -1.39733876013220559287e+00
  -1.35636634030243041771e+00
  -1.31628290346701648517e+00
  -1.27704556841376848375e+00
  -1.23861345358913665926e+00
  -1.20094760103010389507e+00
  -1.16401090846782762078e+00
  -1.12776806946085805805e+00
  -1.09218552146537906111e+00
  -1.05723140180090191542e+00
  -1.02287551151898181701e+00
  -9.89089287234051650621e-01
  -9.55845781026392171675e-01
  -9.23119648580232432522e-01
  -8.90887145773944344462e-01
  -8.59126133995252838638e-01
  -8.27816094512331179800e-01
  -7.96938152291793766580e-01
  -7.66475109717249081243e-01
  -7.36411490727355011465e-01
  -7.06733595960237326317e-01
  -6.77429569561720068549e-01
  -6.48489478388255546903e-01
  -6.19905404410900140455e-01
  -5.91671551204601020579e-01
  -5.63784365486265204304e-01
  -5.36242674744862424241e-01
  -5.09047842086585378141e-01
  -4.82203939495871314325e-01
  -4.55717940786961317468e-01
  -4.29599935589104031664e-01
  -4.03863365767182846966e-01
  -3.78525285725956062155e-01
  -3.53606648075004137421e-01
  -3.29132616136858402456e-01
  -3.05132904756997558327e-01
  -2.81642150812074554267e-01
  -2.58700314702358324936e-01
  -2.36353113945221154912e-01
  -2.14652489744061730770e-01
  -1.93657107076495860198e-01
  -1.73432888408710295103e-01
  -1.54053580580833210378e-01
  -1.35601353696707310759e-01
  -1.18167429969059351036e-01
  -1.01852739390184160451e-01
  -8.67685977938658925535e-02
  -7.30374013195370930251e-02
  -6.07933294620499470318e-02
  -5.01830467684301201325e-02
  -4.13663908158361653955e-02
  -3.45170313687867963415e-02
  -2.98230825843372113204e-02
  -2.74876468419399007381e-02
  -2.77292652836387230886e-02
  -3.07822465522836173635e-02
  -3.68968416438910928878e-02
  -4.63392294264742127252e-02
  -5.93912744512898188587e-02
  -7.63500164773169565091e-02
  -9.75268499812889516631e-02
  -1.23246352210928278303e-01
  -1.53844720461933259781e-01
  -1.89667783627871622265e-01
  -2.31068560059134148199e-01
  -2.78404343667140785623e-01
  -3.32033313185908673937e-01
  -3.92310675527283492237e-01
  -4.59584372959203069087e-01
  -5.34190404829163467681e-01
  -6.16447836851408359493e-01
  -7.06653593364081511474e-01
  -8.05077148957260457784e-01
  -9.11955253804269561080e-01
  -1.02748684018383018568e+00
  -1.15182826447008102022e+00
  -1.28508903802162866015e+00
  -1.42732819115285436418e+00
  -1.57855139660853049932e+00
  -1.73870895331604780054e+00
  -1.90769469902511090709e+00
  -2.08534588378089980054e+00
  -2.27144399749135628142e+00
  -2.46571650683397702863e+00
  -2.66783942203344714983e+00
  -2.87744058491096943442e+00
  -3.09410354779563734340e+00
  -3.31737189941525967285e+00
  -3.54675388902451516060e+00
  -3.78172720333959366812e+00
  -4.02174376129157096216e+00
  -4.26623440773287843086e+00
  -4.51461340733768068390e+00
  -4.76628266229474917282e+00
  -5.02063560037287448523e+00
  -5.27706070214858069534e+00
  -5.53494465652028555525e+00
  -5.79367515130944621404e+00
  -6.05264332029870466556e+00
  -6.31124587928232028133e+00
  -6.56888699162569267287e+00
  -6.82497990864327519489e+00
  -7.07894843210273538858e+00
  -7.33022824571367337398e+00
  -7.57826815994714664271e+00
  -7.82253131033902882052e+00
  -8.06249634393391900744e+00
  -8.29765862204572535177e+00
  -8.52753146037020215431e+00
  -8.75164741995530093277e+00
  -8.96955965486982442769e+00
  -9.18084331485006543971e+00
  -9.38509699396940888505e+00
  -9.58194420967136650802e+00
  -9.77103489053610019255e+00
  -9.95204684609224443648e+00
  -1.01246871880083482154e+01
  -1.02886936692331261156e+01
  -1.04438359062169396907e+01
  -1.05899164492870561105e+01
  -1.07267716675954023486e+01
  -1.08542724177584144485e+01
  -1.09723244692752945895e+01
  -1.10808686648872303238e+01
  -1.11798808000239109361e+01
</dep>
<dep Zin_ohm frequency>
  +1.76219690106455755085e+03
  +1.71236429773579743596e+03
  +1.66313085395940333910e+03
  +1.61459153228042964656e+03
  +1.56682156512898200162e+03
  +1.51987896408831284134e+03
  +1.47380685581945385820e+03
  +1.42863562042874195868e+03
  +1.38438482235237916029e+03
  +1.34106493419693765645e+03
  +1.29867886114069074210e+03
  +1.25722327816423080549e+03
  +1.21668979512520013486e+03
  +1.17706596603765456166e+03
  +1.13833615925918775247e+03
  +1.10048230495282905395e+03
  +1.06348453542441961872e+03
  +1.02732173291851995600e+03
  +9.91971998327413530205e+02
  +9.57413053121344660212e+02
  +9.23622585715433274345e+02
  +8.90578552493981078442e+02
  +8.58259442852639836019e+02
  +8.26644516913367510824e+02
  +7.95714024037529043198e+02
  +7.65449409923807593259e+02
  +7.35833519947398031036e+02
  +7.06850806496801396861e+02
  +6.78487548416433241982e+02
  +6.50732091301754394408e+02
  +6.23575118351595619970e+02
  +5.97009962804001247605e+02
  +5.71032974706046729807e+02
  +5.45643956928561578934e+02
  +5.20846687933711791629e+02
  +4.96649551776831970074e+02
  +4.73066298980227202264e+02
  +4.50116964825847333032e+02
  +4.27828973418886278068e+02
  +4.06238454994605376669e+02
  +3.85391797612905918413e+02
  +3.65347438012033194354e+02
  +3.46177862737794612258e+02
  +3.27971729148638473816e+02
  +3.10835912767250761135e+02
  +2.94897128561902945876e+02
  +2.80302553201293960683e+02
  +2.67218614278549011942e+02
  +2.55826889878609165407e+02
  +2.46316046257202259540e+02
  +2.38869184618493903827e+02
  +2.33647090872207598977e+02
  +2.30769614410407740479e+02
  +2.30299111379573332670e+02
  +2.32230474398564496141e+02
  +2.36490893233496819903e+02
  +2.42949479220752095898e+02
  +2.51433788899528167349e+02
  +2.61748721473446266828e+02
  +2.73693709821275376726e+02
  +2.87075807235135073370e+02
  +3.01718063248272756027e+02
  +3.17463783460388413005e+02
  +3.34177766110811376166e+02
  +3.51745614521328377577e+02
  +3.70072001452372489894e+02
  +3.89078490199075304190e+02
  +4.08701285172234406673e+02
  +4.28889116552256837167e+02
  +4.49601354244047001885e+02
  +4.70806381185675604684e+02
  +4.92480220550920932965e+02
  +5.14605394280511632132e+02
  +5.37169983959022488307e+02
  +5.60166864418999693953e+02
  +5.83593082658910248028e+02
  +6.07449358030726784818e+02
  +6.31739683284898205784e+02
  +6.56471009507430380836e+02
  +6.81653001053290608979e+02
  +7.07297849217335283356e+02
  +7.33420135601534070702e+02
  +7.60036737979644840379e+02
  +7.87166772981974418144e+02
  +8.14831571177408477524e+02
  +8.43054681167262174313e+02
  +8.71861900168336433126e+02
  +9.01281329287350445156e+02
  +9.31343452305905088906e+02
  +9.62081237329255827717e+02
  +9.93530261124186949928e+02
  +1.02572885639825335602e+03
  +1.05871828266887018799e+03
  +1.09254292174843499197e+03
  +1.12725049924103177545e+03
  +1.16289233381662097599e+03
  +1.19952361640804156195e+03
  +1.23720372187191765079e+03
  +1.27599655607366184995e+03
  +1.31597094180548265285e+03
  +1.35720104743053661878e+03
  +1.39976686267137279174e+03
  +1.44375472653129372702e+03
  +1.48925791295667477243e+03
  +1.53637728051826343290e+03
  +1.58522199310949849860e+03
  +1.63591031942537597388e+03
  +1.68857051978590470753e+03
  +1.74334182968590039309e+03
  +1.80037555025692699928e+03
  +1.85983625657047105051e+03
  +1.92190313532198365465e+03
  +1.98677146380598878750e+03
  +2.05465424206716215849e+03
  +2.12578398946403649461e+03
  +2.20041471528622560072e+03
  +2.27882407005851518988e+03
  +2.36131567908716897364e+03
  +2.44822165172430959501e+03
  +2.53990524743353398662e+03
  +2.63676366119451085979e+03
  +2.73923086351521033066e+03
  +2.84778039075541983038e+03
  +2.96292792466749961022e+03
  +3.08523341926822695314e+03
  +3.21530241920876687800e+03
  +3.35378605449482256518e+03
  +3.50137897581198467378e+03
  +3.65881419280210502620e+03
  +3.82685337056537855460e+03
  +4.00627060173525524078e+03
  +4.19782698053817603068e+03
  +4.40223245460963880760e+03
  +4.62009045211323336844e+03
  +4.85181978897091721592e+03
  +5.09754761758170479879e+03
  +5.35696720281101079308e+03
  +5.62915600723662100791e+03
  +5.91235433516267858067e+03
  +6.20371447598154463776e+03
  +6.49904674028071713110e+03
  +6.79261252396536565357e+03
  +7.07704233818778175191e+03
  +7.34347848302565580525e+03
  +7.58203921593538689194e+03
  +7.78265184316013164789e+03
  +7.93619593641478786594e+03
  +8.03575794850119382318e+03
  +8.07768948674494276929e+03
  +8.06216107070872112672e+03
  +7.99304225104054330586e+03
  +7.87716104132732834842e+03
  +7.72318642594712400751e+03
  +7.54044739937994381762e+03
  +7.33794324655618220277e+03
  +7.12367384900749857479e+03
  +6.90429830929689251207e+03
  +6.68505593768325798010e+03
  +6.46985909565629845019e+03
  +6.26147581778282619780e+03
  +6.06174239346909143933e+03
  +5.87176923938035633910e+03
  +5.69212155531287953636e+03
  +5.52296826135160881677e+03
  +5.36419957565329150384e+03
  +5.21551688963992637582e+03
  +5.07649972961420826323e+03
  +4.94665456356088907341e+03
  +4.82544965094177496212e+03
  +4.71233940040833567764e+03
  +4.60678097814587090397e+03
  +4.50824527719862362574e+03
  +4.41622383906851064239e+03
  +4.33023290952668958198e+03
  +4.24981549619575071119e+03
  +4.17454205843970339629e+03
  +4.10401028376476915582e+03
  +4.03784427504944369502e+03
  +3.97569337798811466200e+03
  +3.91723080918297273456e+03
  +3.86215219551967902589e+03
</dep>
<dep Zin_norm frequency>
  +3.52439380212911501644e+01
  +3.42472859547159487192e+01
  +3.32626170791880682032e+01
  +3.22918306456085915102e+01
  +3.13364313025796406009e+01
  +3.03975792817662586742e+01
  +2.94761371163890757430e+01
  +2.85727124085748407367e+01
  +2.76876964470475854796e+01
  +2.68212986839387532711e+01
  +2.59735772228138159790e+01
  +2.51444655632846156834e+01
  +2.43337959025040042604e+01
  +2.35413193207530930806e+01
  +2.27667231851837570389e+01
  +2.20096460990565816473e+01
  +2.12696907084883939376e+01
  +2.05464346583703978411e+01
  +1.98394399665482694672e+01
  +1.91482610624268936306e+01
  +1.84724517143086650606e+01
  +1.78115710498796211425e+01
  +1.71651888570527972888e+01
  +1.65328903382673502165e+01
  +1.59142804807505804376e+01
  +1.53089881984761522205e+01
  +1.47166703989479614734e+01
  +1.41370161299360272977e+01
  +1.35697509683286643423e+01
  +1.30146418260350884566e+01
  +1.24715023670319133942e+01
  +1.19401992560800245258e+01
  +1.14206594941209349514e+01
  +1.09128791385712311524e+01
  +1.04169337586742347668e+01
  +9.93299103553663975674e+00
  +9.46132597960454369002e+00
  +9.00233929651694708696e+00
  +8.55657946837772520610e+00
  +8.12476909989210760443e+00
  +7.70783595225811879459e+00
  +7.30694876024066442000e+00
  +6.92355725475589167672e+00
  +6.55943458297277004476e+00
  +6.21671825534501465427e+00
  +5.89794257123805909515e+00
  +5.60605106402587871628e+00
  +5.34437228557098009674e+00
  +5.11653779757218352131e+00
  +4.92632092514404540395e+00
  +4.77738369236987825417e+00
  +4.67294181744415215718e+00
  +4.61539228820815505827e+00
  +4.60598222759146658234e+00
  +4.64460948797129002941e+00
  +4.72981786466993625595e+00
  +4.85898958441504191796e+00
  +5.02867577799056331145e+00
  +5.23497442946892554971e+00
  +5.47387419642550732135e+00
  +5.74151614470270121870e+00
  +6.03436126496545455211e+00
  +6.34927566920776875747e+00
  +6.68355532221622805622e+00
  +7.03491229042656751602e+00
  +7.40144002904744979787e+00
  +7.78156980398150555089e+00
  +8.17402570344468770713e+00
  +8.57778233104513709861e+00
  +8.99202708488093982453e+00
  +9.41612762371351230684e+00
  +9.84960441101841865930e+00
  +1.02921078856102337085e+01
  +1.07433996791804489135e+01
  +1.12033372883799930975e+01
  +1.16718616531782046764e+01
  +1.21489871606145367622e+01
  +1.26347936656979644710e+01
  +1.31294201901486076167e+01
  +1.36330600210658126059e+01
  +1.41459569843467054540e+01
  +1.46684027120306819114e+01
  +1.52007347595928976602e+01
  +1.57433354596394874392e+01
  +1.62966314235481704031e+01
  +1.68610936233452441968e+01
  +1.74372380033667297994e+01
  +1.80256265857470090452e+01
  +1.86268690461181023466e+01
  +1.92416247465851171228e+01
  +1.98706052224837392828e+01
  +2.05145771279650652730e+01
  +2.11743656533774036177e+01
  +2.18508584349686998394e+01
  +2.25450099848206377828e+01
  +2.32578466763324200883e+01
  +2.39904723281608305285e+01
  +2.47440744374383534421e+01
  +2.55199311214732382780e+01
  +2.63194188361096514939e+01
  +2.71440209486107342229e+01
  +2.79953372534274578243e+01
  +2.88750945306258728351e+01
  +2.97851582591334960171e+01
  +3.07275456103652686579e+01
  +3.17044398621899716773e+01
  +3.27182063885075180565e+01
  +3.37714103957180924453e+01
  +3.48668365937180055880e+01
  +3.60075110051385394172e+01
  +3.71967251314094227155e+01
  +3.84380627064396733772e+01
  +3.97354292761197740447e+01
  +4.10930848413432414645e+01
  +4.25156797892807318817e+01
  +4.40082943057245117302e+01
  +4.55764814011703052188e+01
  +4.72263135817433834518e+01
  +4.89644330344861913318e+01
  +5.07981049486706837115e+01
  +5.27352732238902177642e+01
  +5.47846172703042100238e+01
  +5.69556078151083937655e+01
  +5.92585584933499944782e+01
  +6.17046683853645419049e+01
  +6.43060483841753409706e+01
  +6.70757210898964473245e+01
  +7.00275795162396974547e+01
  +7.31762838560421045031e+01
  +7.65370674113075750711e+01
  +8.01254120347051070894e+01
  +8.39565396107635137923e+01
  +8.80446490921927704676e+01
  +9.24018090422646594106e+01
  +9.70363957794183420447e+01
  +1.01950952351634100523e+02
  +1.07139344056220224388e+02
  +1.12583120144732419021e+02
  +1.18247086703253572182e+02
  +1.24074289519630895029e+02
  +1.29980934805614339211e+02
  +1.35852250479307315345e+02
  +1.41540846763755638449e+02
  +1.46869569660513121789e+02
  +1.51640784318707744660e+02
  +1.55653036863202629547e+02
  +1.58723918728295757319e+02
  +1.60715158970023878737e+02
  +1.61553789734898856523e+02
  +1.61243221414174428219e+02
  +1.59860845020810870665e+02
  +1.57543220826546559010e+02
  +1.54463728518942474466e+02
  +1.50808947987598884311e+02
  +1.46758864931123639508e+02
  +1.42473476980149968085e+02
  +1.38085966185937849104e+02
  +1.33701118753665156191e+02
  +1.29397181913125962183e+02
  +1.25229516355656528503e+02
  +1.21234847869381823671e+02
  +1.17435384787607119961e+02
  +1.13842431106257592432e+02
  +1.10459365227032179746e+02
  +1.07283991513065828372e+02
  +1.04310337792798520695e+02
  +1.01529994592284168675e+02
  +9.89330912712177905632e+01
  +9.65089930188354969687e+01
  +9.42467880081667175318e+01
  +9.21356195629174266060e+01
  +9.01649055439724804728e+01
  +8.83244767813702083004e+01
  +8.66046581905337973240e+01
  +8.49963099239150210451e+01
  +8.34908411687940770207e+01
  +8.20802056752953745900e+01
  +8.07568855009888721952e+01
  +7.95138675597622892610e+01
  +7.83446161836594541228e+01
  +7.72430439103935810863e+01
</dep>
<dep S[2,2] frequency>
  -1.90993649442748214540e-01-j3.16116719327573014731e-01
  -2.07466211812515455293e-01-j3.24503955328082571707e-01
  -2.24226468567505859975e-01-j3.32030793821623815276e-01
  -2.41224631295378966200e-01-j3.38698769545654976287e-01
  -2.58412561882774227673e-01-j3.44512532031948148781e-01
  -2.75743954237488764214e-01-j3.49479587971305627470e-01
  -2.93174482859303753290e-01-j3.53610038958671213383e-01
  -3.10661919687009235869e-01-j3.56916318460158366044e-01
  -3.28166221017576087426e-01-j3.59412931410763747397e-01
  -3.45649586574180656129e-01-j3.61116199402312265665e-01
  -3.63076493001487865531e-01-j3.62044013970944655867e-01
  -3.80413704191448265313e-01-j3.62215600052168296141e-01
  -3.97630260904153876034e-01-j3.61651291250905504437e-01
  -4.14697452149834056012e-01-j3.60372318179495165769e-01
  -4.31588770752249495377e-01-j3.58400610755173765209e-01
  -4.48279855428484919067e-01-j3.55758615022720880994e-01
  -4.64748421602601102798e-01-j3.52469124779862530428e-01
  -4.80974183030406343686e-01-j3.48555128033086303319e-01
  -4.96938766156009348318e-01-j3.44039668099220652397e-01
  -5.12625618953626460694e-01-j3.38945718991446043322e-01
  -5.28019915836446140922e-01-j3.33296074585697765791e-01
  -5.43108460042524665567e-01-j3.27113250951422129820e-01
  -5.57879584738546374645e-01-j3.20419401146824545101e-01
  -5.72323053920047120080e-01-j3.13236241719594354915e-01
  -5.86429964032340711455e-01-j3.05584990116786747727e-01
  -6.00192647092275599618e-01-j2.97486312188805612777e-01
  -6.13604575957707565337e-01-j2.88960278969359884993e-01
  -6.26660272269586648974e-01-j2.80026331923395765955e-01
  -6.39355217481987869732e-01-j2.70703255875364034999e-01
  -6.51685767296656504044e-01-j2.61009158859065282243e-01
  -6.63649069731896190660e-01-j2.50961458165360140615e-01
  -6.75242986979099790723e-01-j2.40576871903689037957e-01
  -6.86466021134343185039e-01-j2.29871415436060155812e-01
  -6.97317243835580247158e-01-j2.18860402086766936414e-01
  -7.07796229788016151296e-01-j2.07558447576386001510e-01
  -7.17902994119972159837e-01-j1.95979477673953295103e-01
  -7.27637933478501697238e-01-j1.84136738605722188877e-01
  -7.37001770747080064972e-01-j1.72042809802147478315e-01
  -7.45995503246446367562e-01-j1.59709618606379388783e-01
  -7.54620354263242476556e-01-j1.47148456607140654118e-01
  -7.62877727738799915613e-01-j1.34369997296354348748e-01
  -7.70769165941995959557e-01-j1.21384314787046601603e-01
  -7.78296309944243702716e-01-j1.08200903360089528693e-01
  -7.85460862712130891694e-01-j9.48286976387648639086e-02
  -7.92264554632104878173e-01-j8.12760932186217810447e-02
  -7.98709111282681627486e-01-j6.75509676062558406251e-02
  -8.04796223272148503192e-01-j5.36607013446949443480e-02
  -8.10527517963027688275e-01-j3.96121992254178725834e-02
  -8.15904532909217383718e-01-j2.54119115072612353212e-02
  -8.20928690836604246783e-01-j1.10658550814276626650e-02
  -8.25601276003555706318e-01+j3.42036546098458543730e-03
  -8.29923411783593079072e-01+j1.80415368865327399583e-02
  -8.33896039318593906842e-01+j3.27928165148167125031e-02
  -8.37519897097048104939e-01+j4.76697115505755886211e-02
  -8.40795501318158722270e-01+j6.26680585384720156839e-02
  -8.43723126908809017976e-01+j7.77840029142017053143e-02
  -8.46302789066528005080e-01+j9.30139786137271218358e-02
  -8.48534225207760228749e-01+j1.08354687691127007931e-01
  -8.50416877206856214322e-01+j1.23803079884348687933e-01
  -8.51949873817141267729e-01+j1.39356332057088166954e-01
  -8.53132013171604586255e-01+j1.55011827433880949867e-01
  -8.53961745266807237265e-01+j1.70767134534206055374e-01
  -8.54437154339940385661e-01+j1.86619985699753410113e-01
  -8.54555941055462398026e-01+j2.02568255096875177168e-01
  -8.54315404424663249472e-01+j2.18609936063572957154e-01
  -8.53712423388859886764e-01+j2.34743117656913080626e-01
  -8.52743438004980425227e-01+j2.50965960242504282363e-01
  -8.51404430181184057602e-01+j2.67276669952346779269e-01
  -8.49690903920110707226e-01+j2.83673471821018929884e-01
  -8.47597865038634878943e-01+j3.00154581392535257933e-01
  -8.45119800345914495843e-01+j3.16718174571269994733e-01
  -8.42250656276382958509e-01+j3.33362355469970728095e-01
  -8.38983816991537123542e-01+j3.50085121986018876772e-01
  -8.35312081984430299109e-01+j3.66884328813637750066e-01
  -8.31227643244128566735e-01+j3.83757647574746618702e-01
  -8.26722062064619400701e-01+j4.00702523724534021010e-01
  -8.21786245614542609772e-01+j4.17716129859738716235e-01
  -8.16410423421288333756e-01+j4.34795315028133122492e-01
  -8.10584123966379022086e-01+j4.51936549607082516111e-01
  -8.04296151639595890970e-01+j4.69135865287565567705e-01
  -7.97534564358107211923e-01+j4.86388789668249055254e-01
  -7.90286652225041907904e-01+j5.03690274932632964244e-01
  -7.82538917680926315867e-01+j5.21034620051829433507e-01
  -7.74277057692533077216e-01+j5.38415385927364154028e-01
  -7.65485948628555568085e-01+j5.55825302863720005497e-01
  -7.56149634591786634630e-01+j5.73256169741228172043e-01
  -7.46251320114780680726e-01+j5.90698744248410512192e-01
  -7.35773368282160555864e-01+j6.08142623531865433861e-01
  -7.24697305519459100687e-01+j6.25576114634701641037e-01
  -7.13003834487163201672e-01+j6.42986094125580165404e-01
  -7.00672856741057392682e-01+j6.60357856374632179453e-01
  -6.87683507066641053207e-01+j6.77674950016045829493e-01
  -6.74014201667105128379e-01+j6.94919002257009865708e-01
  -6.59642702680150017081e-01+j7.12069530857610932806e-01
  -6.44546201817504216258e-01+j7.29103743825744832208e-01
  -6.28701426258653439660e-01+j7.45996327156512872847e-01
  -6.12084770281774992462e-01+j7.62719221309492434457e-01
  -5.94672456471748933637e-01+j7.79241387573588406568e-01
  -5.76440730695688685614e-01+j7.95528566033045558825e-01
  -5.57366095364475122587e-01+j8.11543027535552630169e-01
  -5.37425585782849823957e-01+j8.27243322890002574788e-01
  -5.16597094602954109988e-01+j8.42584033502741580612e-01
  -4.94859749501576628994e-01+j8.57515528810010807526e-01
  -4.72194349156272896728e-01+j8.71983737189933272305e-01
  -4.48583862347362916090e-01+j8.85929938542529105128e-01
  -4.24013994499363833235e-01+j8.99290588404375479392e-01
  -3.98473825125055747254e-01+j9.11997185295863599386e-01
  -3.71956518368634803107e-01+j9.23976194946283468923e-01
  -3.44460107075271415589e-01+j9.35149047045078174456e-01
  -3.15988348456173684387e-01+j9.45432222138577138537e-01
  -2.86551646388251535225e-01+j9.54737448108373798483e-01
  -2.56168031617341362960e-01+j9.62972027170018396447e-01
  -2.24864186581425429257e-01+j9.70039315317037242892e-01
  -1.92676496234187089041e-01+j9.75839376361076094035e-01
  -1.59652100188707679607e-01+j9.80269831902019439518e-01
  -1.25849914855088590437e-01+j9.83226926391845945652e-01
  -9.13415872543358181579e-02+j9.84606822612213550272e-01
  -5.62123352144034069133e-02+j9.84307137065944304233e-01
  -2.05616221853329485258e-02+j9.82228716740672358476e-01
  +1.54963904230761249925e-02+j9.78277648297628976692e-01
  +5.18326739271809458498e-02+j9.72367477991284756556e-01
  +8.83035073571850209762e-02+j9.64421605779463453345e-01
  +1.24751055182801717791e-01+j9.54375800660073769777e-01
  +1.61004399007778381536e-01+j9.42180767109296657402e-01
  +1.96881062288957325856e-01+j9.27804675767250675023e-01
  +2.32189049699586508302e-01+j9.11235556690590531304e-01
  +2.66729400218648438070e-01+j8.92483442254135006522e-01
  +3.00299226110659955857e-01+j8.71582140895289847471e-01
  +3.32695180016371216958e-01+j8.48590523990768841323e-01
  +3.63717261378602385591e-01+j8.23593217507161745594e-01
  +3.93172843873752009269e-01+j7.96700608337010729443e-01
  +4.20880780214006822160e-01+j7.68048102256229325846e-01
  +4.46675422446377368146e-01+j7.37794605087794819198e-01
  +4.70410387171416866092e-01+j7.06120238818249479351e-01
  +4.91961897685273097380e-01+j6.73223347120101456298e-01
  +5.11231549629118653399e-01+j6.39316886438192510944e-01
  +5.28148372794392750862e-01+j6.04624335776810517551e-01
  +5.42670097508604065695e-01+j5.69375287135761465329e-01
  +5.54783576644456655202e-01+j5.33800896485236431310e-01
  +5.64504360117935588548e-01+j4.98129380639600660707e-01
  +5.71875463815153639580e-01+j4.62581738095248884424e-01
  +5.76965415437235895624e-01+j4.27367852867198305677e-01
  +5.79865692632887563818e-01+j3.92683111768347414827e-01
  +5.80687691826465179901e-01+j3.58705630417074039507e-01
  +5.79559378323118989940e-01+j3.25594144922489781013e-01
  +5.76621769713527188017e-01+j2.93486588036131534896e-01
  +5.72025396443450517836e-01+j2.62499333515277655238e-01
  +5.65926867530722965682e-01+j2.32727062772183468375e-01
  +5.58485648099895426455e-01+j2.04243185016134004561e-01
  +5.49861131062897801058e-01+j1.77100726623298010409e-01
  +5.40210060140865588885e-01+j1.51333597239312583893e-01
  +5.29684337377169689454e-01+j1.26958138395206088234e-01
  +5.18429226746663918135e-01+j1.03974864074938416758e-01
  +5.06581947333375692821e-01+j8.23703103965377214646e-02
  +4.94270635272072100808e-01+j6.21189220167602459965e-02
  +4.81613643277808978205e-01+j4.31849148036408114759e-02
  +4.68719139871597967328e-01+j2.55240666904183732822e-02
  +4.55684966900160803860e-01+j9.08540060441610786146e-03
  +4.42598713084985551092e-01-j6.18726563257970818555e-03
  +4.29537962528495576020e-01-j2.03539178804481024621e-02
  +4.16570679783375086291e-01-j3.34771000575440069724e-02
  +4.03755696744371450624e-01-j4.56208250879751309181e-02
  +3.91143270818778754361e-01-j5.68496381352992796732e-02
  +3.78775688228639495492e-01-j6.72278241459610959030e-02
  +3.66687890634417312796e-01-j7.68187492155852635900e-02
  +3.54908107363916258681e-01-j8.56843237690785852756e-02
  +3.43458479263783034163e-01-j9.38845748183523287622e-02
  +3.32355663498879461137e-01-j1.01477314450250710731e-01
  +3.21611411482352893554e-01-j1.08517892042669372721e-01
  +3.11233114531187349261e-01-j1.15059018373037669214e-01
  +3.01224313832888057618e-01-j1.21150650658630509859e-01
  +2.91585172915722945497e-01-j1.26839928563144466178e-01
  +2.82312912081178479795e-01-j1.32171152250290302455e-01
  +2.73402205228961581174e-01-j1.37185794611327183112e-01
  +2.64845540226532394357e-01-j1.41922540803640195861e-01
  +2.56633544489501042030e-01-j1.46417349187060341631e-01
  +2.48755277784288131304e-01-j1.50703528618843451969e-01
  +2.41198494474049257574e-01-j1.54811827859301365251e-01
  +2.33949877532405120517e-01-j1.58770533545692704713e-01
  +2.26995246671554101736e-01-j1.62605573813335457789e-01
  +2.20319742892586323268e-01-j1.66340625184224211175e-01
</dep>
<dep S[2,1] frequency>
  +7.95087093476776418655e-01-j4.79265757134490710811e-01
  +7.77213913167568826168e-01-j4.95801519291054260119e-01
  +7.58983892948767668862e-01-j5.11475515834147076433e-01
  +7.40446546997144405822e-01-j5.26289184014810174084e-01
  +7.21649728539007329076e-01-j5.40247070533913520407e-01
  +7.02639447891706736549e-01-j5.53356573687825759045e-01
  +6.83459723692786624838e-01-j5.65627680885759431817e-01
  +6.64152465881559850303e-01-j5.77072705380734296554e-01
  +6.44757388631265082601e-01-j5.87706025623313976780e-01
  +6.25311951150707145963e-01-j5.97543830197873937493e-01
  +6.05851324073510388857e-01-j6.06603870850863535757e-01
  +5.86408379029083270950e-01-j6.14905225679159506136e-01
  +5.67013698928684028999e-01-j6.22468074126027226534e-01
  +5.47695606498889042690e-01-j6.29313485037568898228e-01
  +5.28480208640940585241e-01-j6.35463218671217244804e-01
  +5.09391454279974564834e-01-j6.40939543221834107101e-01
  +4.90451203485930575798e-01-j6.45765066142931609683e-01
  +4.71679305788245351039e-01-j6.49962580290553093576e-01
  +4.53093685763256814880e-01-j6.53554924705034512300e-01
  +4.34710434140485879606e-01-j6.56564859669141132059e-01
  +4.16543902845768421184e-01-j6.59014955538393287782e-01
  +3.98606802571087992515e-01-j6.60927494727374775785e-01
  +3.80910301630204839451e-01-j6.62324386151931898681e-01
  +3.63464125021429385054e-01-j6.63227091368101984159e-01
  +3.46276652773327142665e-01-j6.63656561611200124240e-01
  +3.29355016793290711341e-01-j6.63633184919818597258e-01
  +3.12705195572175909113e-01-j6.63176742526396356681e-01
  +2.96332106220261071172e-01-j6.62306373706100459664e-01
  +2.80239693419347735137e-01-j6.61040548296172092435e-01
  +2.64431014974633393777e-01-j6.59397046126738772820e-01
  +2.48908323736754394373e-01-j6.57392942639117738857e-01
  +2.33673145740949245175e-01-j6.55044600007334554270e-01
  +2.18726354476185519404e-01-j6.52367663121239282908e-01
  +2.04068241254038912347e-01-j6.49377059834229330981e-01
  +1.89698581695034146355e-01-j6.46087004923899588249e-01
  +1.75616698390518577444e-01-j6.42511007259214728116e-01
  +1.61821519831149646107e-01-j6.38661879712371538531e-01
  +1.48311635720098422553e-01-j6.34551751396742469424e-01
  +1.35085348810273925269e-01-j6.30192081853884977782e-01
  +1.22140723421403696314e-01-j6.25593676852253866016e-01
  +1.09475630805057219663e-01-j6.20766705497706516859e-01
  +9.70877915341998437571e-02-j6.15720718391072674436e-01
  +8.49748150997237383653e-02-j6.10464666601077676766e-01
  +7.31342368989831292936e-02-j6.05006921251348583901e-01
  +6.15635528025164149857e-02-j5.99355293548716749896e-01
  +5.02602514840579592259e-02-j5.93517055106191793179e-01
  +3.92218446965161490758e-02-j5.87498958438044560637e-01
  +2.84458956732836810988e-02-j5.81307257526773812906e-01
  +1.79300458296711845430e-02-j5.74947728381981937318e-01
  +7.67203993436130562977e-03-j5.68425689530146716066e-01
  -2.33025008475429284971e-03-j5.61746022391470201107e-01
  -1.20788025418978057363e-02-j5.54913191516006154558e-01
  -2.15754244494075209104e-02-j5.47931264666108530648e-01
  -3.08217308821048009693e-02-j5.40803932746122151265e-01
  -3.98191251099325460583e-02-j5.33534529593185036234e-01
  -4.85687793649621571412e-02-j5.26126051655318671685e-01
  -5.70716161149503048433e-02-j5.18581177594883979687e-01
  -6.53282897217560137859e-02-j5.10902287866772053526e-01
  -7.33391683689862405870e-02-j5.03091484331939065022e-01
  -8.11043161491739883484e-02-j4.95150609977981770449e-01
  -8.86234752068838088634e-02-j4.87081268829599844938e-01
  -9.58960478402143406962e-02-j4.78884846143112885564e-01
  -1.02921078469392593413e-01-j4.70562528990893180758e-01
  -1.09697235387670746776e-01-j4.62115327353682103784e-01
  -1.16222792216548465039e-01-j4.53544095851534823094e-01
  -1.22495608994706475792e-01-j4.44849556257573164331e-01
  -1.28513112838005955085e-01-j4.36032320953059659985e-01
  -1.34272278116768478684e-01-j4.27092917497646495928e-01
  -1.39769606106441124371e-01-j4.18031814505078813671e-01
  -1.45001104078986253754e-01-j4.08849449032259115722e-01
  -1.49962263815203777906e-01-j3.99546255708636499637e-01
  -1.54648039532978370802e-01-j3.90122697853243105559e-01
  -1.59052825243642059760e-01-j3.80579300848688129033e-01
  -1.63170431568603169215e-01-j3.70916688064908683931e-01
  -1.66994062071700477556e-01-j3.61135619650533756797e-01
  -1.70516289189951736338e-01-j3.51237034536467318535e-01
  -1.73729029877143226201e-01-j3.41222096024401289061e-01
  -1.76623521111881315315e-01-j3.31092241362595185450e-01
  -1.79190295465005894338e-01-j3.20849235741936189559e-01
  -1.81419156971791423194e-01-j3.10495231176878772050e-01
  -1.83299157613093594010e-01-j3.00032830767799019167e-01
  -1.84818574777732058667e-01-j2.89465158872903138843e-01
  -1.85964890157358453404e-01-j2.78795937748472610895e-01
  -1.86724770616095020470e-01-j2.68029571244479292158e-01
  -1.87084051682114504978e-01-j2.57171236167397565531e-01
  -1.87027724428491581854e-01-j2.46226981941316203084e-01
  -1.86539926647984272146e-01-j2.35203839210060189346e-01
  -1.85603939382510241263e-01-j2.24109938024230015419e-01
  -1.84202190044783109535e-01-j2.12954636244254119637e-01
  -1.82316263568374992143e-01-j2.01748658759725585377e-01
  -1.79926923244802472457e-01-j1.90504248071196369274e-01
  -1.77014143152987357688e-01-j1.79235326697296054599e-01
  -1.73557154358066040301e-01-j1.67957671750322251603e-01
  -1.69534507352375130029e-01-j1.56689101858724394445e-01
  -1.64924153529992872924e-01-j1.45449676395678517693e-01
  -1.59703548823899726949e-01-j1.34261906687708876262e-01
  -1.53849782986316907518e-01-j1.23150978513652295532e-01
  -1.47339738349715393406e-01-j1.12144984748173831557e-01
  -1.40150282256575775541e-01-j1.01275166440379177368e-01
  -1.32258497674094949170e-01-j9.05761599310016402020e-02
  -1.23641956794188143109e-01-j8.00862467852526127565e-02
  -1.14279042631527105733e-01-j6.98476023374297733115e-02
  -1.04149323737841012494e-01-j5.99065374947489251434e-02
  -9.32339871057350777495e-02-j5.03137271225732249369e-02
  -8.15163340872334662990e-02-j4.11244168282845420914e-02
  -6.89823436389727095985e-02-j3.23985982832840010981e-02
  -5.56213063557879014431e-02-j2.42011413915093655247e-02
  -4.14265314878599147375e-02-j1.66018696659753633993e-02
  -2.63961273676972876800e-02-j9.67556317194236299717e-03
  -1.05338533152300427298e-02-j3.50187142477387854805e-03
  +6.14996194043939455737e-03+j1.83488318604966183130e-03
  +2.36374440539366334479e-02+j6.24603237747209209807e-03
  +4.19021523546633037349e-02+j9.63904127462953362604e-03
  +6.09080332552593417539e-02+j1.19181621760294058354e-02
  +8.06083724568724263593e-02+j1.29852841070468953688e-02
  +1.00944777276268812805e-01+j1.27409973161891499488e-02
  +1.21846227410785878931e-01+j1.10858880245335144482e-02
  +1.43228239433115411838e-01+j7.92207291862588244835e-03
  +1.64992196776319349771e-01+j3.15497483485227027400e-03
  +1.87024902302456969005e-01-j3.30466932219489282346e-03
  +2.09198413997124660346e-01-j1.15385901324247443916e-02
  +2.31370225063674356258e-01-j2.16185932354146827239e-02
  +2.53383846848180716016e-01-j3.36040459031625021735e-02
  +2.75069845820231584366e-01-j4.75393127470133472490e-02
  +2.96247373658609869373e-01-j6.34512274243927004713e-02
  +3.16726212054181277544e-01-j8.13467020376704291751e-02
  +3.36309331303510872235e-01-j1.01210587154930531373e-01
  +3.54795934848532334982e-01-j1.23003901270862678330e-01
  +3.71984931972608456885e-01-j1.46662547430231049450e-01
  +3.87678749866182392747e-01-j1.72096625384347834409e-01
  +4.01687366720495264705e-01-j1.99190429380735778420e-01
  +4.13832422201262817296e-01-j2.27803194661886782013e-01
  +4.23951243414242784358e-01-j2.57770621099718100222e-01
  +4.31900615770182572106e-01-j2.88907162230383651735e-01
  +4.37560130736308339205e-01-j3.21009025247289636606e-01
  +4.40834957040700081699e-01-j3.53857785804634616955e-01
  +4.41657907959088380512e-01-j3.87224484504630594994e-01
  +4.39990713088648677243e-01-j4.20874043129486286041e-01
  +4.35824445630199674984e-01-j4.54569820736853091869e-01
  +4.29179102021764569130e-01-j4.88078124266352442184e-01
  +4.20102375839381203537e-01-j5.21172495598854923493e-01
  +4.08667708429310605478e-01-j5.53637616039520108480e-01
  +3.94971731614820853462e-01-j5.85272697785278683824e-01
  +3.79131240857798257338e-01-j6.15894267094300507104e-01
  +3.61279849427916355253e-01-j6.45338282209945934831e-01
  +3.41564475571928871656e-01-j6.73461567250683512675e-01
  +3.20141806517307003777e-01-j7.00142578319288833022e-01
  +2.97174867260755481979e-01-j7.25281547753753641494e-01
  +2.72829800778839060005e-01-j7.48800075307694101845e-01
  +2.47272941955270525449e-01-j7.70640250517862890334e-01
  +2.20668242385409774098e-01-j7.90763398744137924190e-01
  +1.93175079172856367649e-01-j8.09148545089320436752e-01
  +1.64946459287482444234e-01-j8.25790686745811686187e-01
  +1.36127612921199209195e-01-j8.40698956589928214633e-01
  +1.06854955000734150317e-01-j8.53894750393840551439e-01
  +7.72553836455212861178e-02-j8.65409878087807671321e-01
  +4.74458776429967227228e-02-j8.75284787133249642110e-01
  +1.75333515039327314522e-02-j8.83566894083995579834e-01
  -1.23852742015714521739e-02-j8.90309049406944663652e-01
  -4.22228283333209927775e-02-j8.95568150974643595319e-01
  -7.19015089218415920369e-02-j8.99403913515216202335e-01
  -1.01352401932392074957e-01-j9.01877794747375949314e-01
  -1.30514929625026976368e-01-j9.03052073871082550127e-01
  -1.59336254684723566122e-01-j9.02989074388567458662e-01
  -1.87770661956301321283e-01-j9.01750520716919967690e-01
  -2.15778935522194570407e-01-j8.99397016528181603157e-01
  -2.43327745124449823511e-01-j8.95987632022681168564e-01
  -2.70389052620947811789e-01-j8.91579587227185776932e-01
  -2.96939546304574031321e-01-j8.86228018752148738457e-01
  -3.22960108498033415803e-01-j8.79985818105955996948e-01
  -3.48435319841768897930e-01-j8.72903530537077032569e-01
  -3.73353002080907103721e-01-j8.65029304368013285398e-01
  -3.97703799885991193808e-01-j8.56408881829520018947e-01
  -4.21480801265287585711e-01-j8.47085623448408542302e-01
  -4.44679195399248106124e-01-j8.37100559051453974035e-01
  -4.67295966207672996973e-01-j8.26492459396990009068e-01
  -4.89329619609016719384e-01-j8.15297923319843520495e-01
  -5.10779942215644044978e-01-j8.03551476066814207577e-01
  -5.31647789099018774905e-01-j7.91285675206309102592e-01
  -5.51934898230481141290e-01-j7.78531221118617500210e-01
  -5.71643729235701503200e-01-j7.65317069616554657152e-01
</dep>
<dep S[1,2] frequency>
  +7.95087093476776196610e-01-j4.79265757134490544278e-01
  +7.77213913167565384477e-01-j4.95801519291058978567e-01
  +7.58983892948765004327e-01-j5.11475515834150629146e-01
  +7.40446546997140297997e-01-j5.26289184014813393730e-01
  +7.21649728539005441696e-01-j5.40247070533915629831e-01
  +7.02639447891706736549e-01-j5.53356573687825759045e-01
  +6.83459723692791065730e-01-j5.65627680885754213769e-01
  +6.64152465881564402217e-01-j5.77072705380731076907e-01
  +6.44757388631265193624e-01-j5.87706025623313199624e-01
  +6.25311951150707145963e-01-j5.97543830197873937493e-01
  +6.05851324073508501478e-01-j6.06603870850864868025e-01
  +5.86408379029084270151e-01-j6.14905225679159395114e-01
  +5.67013698928683917977e-01-j6.22468074126027115511e-01
  +5.47695606498884601798e-01-j6.29313485037572561964e-01
  +5.28480208640939697062e-01-j6.35463218671218688094e-01
  +5.09391454279967459406e-01-j6.40939543221839214127e-01
  +4.90451203485934184023e-01-j6.45765066142929611281e-01
  +4.71679305788247960063e-01-j6.49962580290551872331e-01
  +4.53093685763256703858e-01-j6.53554924705034623322e-01
  +4.34710434140483770182e-01-j6.56564859669141132059e-01
  +4.16543902845768421184e-01-j6.59014955538393287782e-01
  +3.98606802571088214560e-01-j6.60927494727374775785e-01
  +3.80910301630203340650e-01-j6.62324386151932786859e-01
  +3.63464125021429773632e-01-j6.63227091368102095181e-01
  +3.46276652773327031642e-01-j6.63656561611200013218e-01
  +3.29355016793290655830e-01-j6.63633184919818486236e-01
  +3.12705195572172689467e-01-j6.63176742526397466904e-01
  +2.96332106220259294815e-01-j6.62306373706101236820e-01
  +2.80239693419348290249e-01-j6.61040548296171315279e-01
  +2.64431014974634392978e-01-j6.59397046126738439753e-01
  +2.48908323736753311906e-01-j6.57392942639117627834e-01
  +2.33673145740950022331e-01-j6.55044600007334998359e-01
  +2.18726354476183715292e-01-j6.52367663121238727797e-01
  +2.04068241254036331078e-01-j6.49377059834230219160e-01
  +1.89698581695036561090e-01-j6.46087004923899699271e-01
  +1.75616698390516356998e-01-j6.42511007259214950160e-01
  +1.61821519831147758728e-01-j6.38661879712370983420e-01
  +1.48311635720098922153e-01-j6.34551751396741581246e-01
  +1.35085348810272898312e-01-j6.30192081853885754938e-01
  +1.22140723421405347771e-01-j6.25593676852254199083e-01
  +1.09475630805057039252e-01-j6.20766705497706738903e-01
  +9.70877915341998992682e-02-j6.15720718391072896480e-01
  +8.49748150997240714322e-02-j6.10464666601077898811e-01
  +7.31342368989821023373e-02-j6.05006921251349139013e-01
  +6.15635528025163386578e-02-j5.99355293548716749896e-01
  +5.02602514840560718468e-02-j5.93517055106191571134e-01
  +3.92218446965161490758e-02-j5.87498958438044893704e-01
  +2.84458956732833619097e-02-j5.81307257526773701883e-01
  +1.79300458296718992490e-02-j5.74947728381981715273e-01
  +7.67203993436290677954e-03-j5.68425689530146938111e-01
  -2.33025008475324160728e-03-j5.61746022391470534174e-01
  -1.20788025418988049370e-02-j5.54913191516005932513e-01
  -2.15754244494062094595e-02-j5.47931264666109418826e-01
  -3.08217308821037011546e-02-j5.40803932746122151265e-01
  -3.98191251099318938023e-02-j5.33534529593184925211e-01
  -4.85687793649633853255e-02-j5.26126051655318449640e-01
  -5.70716161149496734040e-02-j5.18581177594884534798e-01
  -6.53282897217569297199e-02-j5.10902287866771831482e-01
  -7.33391683689874063212e-02-j5.03091484331939509111e-01
  -8.11043161491741271263e-02-j4.95150609977981770449e-01
  -8.86234752068840725414e-02-j4.87081268829599456360e-01
  -9.58960478402138272180e-02-j4.78884846143112941075e-01
  -1.02921078469392607291e-01-j4.70562528990892958713e-01
  -1.09697235387670372075e-01-j4.62115327353681770717e-01
  -1.16222792216549034028e-01-j4.53544095851534712072e-01
  -1.22495608994706503547e-01-j4.44849556257573330864e-01
  -1.28513112838006038352e-01-j4.36032320953059993052e-01
  -1.34272278116768700729e-01-j4.27092917497646440417e-01
  -1.39769606106441318660e-01-j4.18031814505078203048e-01
  -1.45001104078986198243e-01-j4.08849449032259615322e-01
  -1.49962263815203805661e-01-j3.99546255708636777193e-01
  -1.54648039532978343047e-01-j3.90122697853242439425e-01
  -1.59052825243641254849e-01-j3.80579300848688517611e-01
  -1.63170431568602697370e-01-j3.70916688064908739442e-01
  -1.66994062071700366534e-01-j3.61135619650533923330e-01
  -1.70516289189951542049e-01-j3.51237034536467318535e-01
  -1.73729029877143004157e-01-j3.41222096024401344572e-01
  -1.76623521111881565115e-01-j3.31092241362595407494e-01
  -1.79190295465006282916e-01-j3.20849235741936300581e-01
  -1.81419156971791034616e-01-j3.10495231176878883073e-01
  -1.83299157613093399721e-01-j3.00032830767799241212e-01
  -1.84818574777731947645e-01-j2.89465158872903138843e-01
  -1.85964890157358592182e-01-j2.78795937748472832940e-01
  -1.86724770616094826181e-01-j2.68029571244479070113e-01
  -1.87084051682114366200e-01-j2.57171236167397565531e-01
  -1.87027724428491165520e-01-j2.46226981941314732039e-01
  -1.86539926647984022345e-01-j2.35203839210060383635e-01
  -1.85603939382509852685e-01-j2.24109938024230459508e-01
  -1.84202190044783636891e-01-j2.12954636244254730260e-01
  -1.82316263568375075410e-01-j2.01748658759725557621e-01
  -1.79926923244802139390e-01-j1.90504248071196674585e-01
  -1.77014143152987607488e-01-j1.79235326697296221132e-01
  -1.73557154358065929278e-01-j1.67957671750321974047e-01
  -1.69534507352375157785e-01-j1.56689101858724366689e-01
  -1.64924153529993483547e-01-j1.45449676395679350360e-01
  -1.59703548823899921238e-01-j1.34261906687708709729e-01
  -1.53849782986316990785e-01-j1.23150978513652184509e-01
  -1.47339738349715421162e-01-j1.12144984748174067479e-01
  -1.40150282256575775541e-01-j1.01275166440379163491e-01
  -1.32258497674094782637e-01-j9.05761599310017928577e-02
  -1.23641956794188254132e-01-j8.00862467852529319456e-02
  -1.14279042631527077978e-01-j6.98476023374298704560e-02
  -1.04149323737840915349e-01-j5.99065374947491263713e-02
  -9.32339871057353691830e-02-j5.03137271225729820756e-02
  -8.15163340872336467102e-02-j4.11244168282846184193e-02
  -6.89823436389727234763e-02-j3.23985982832844521262e-02
  -5.56213063557877973597e-02-j2.42011413915097645111e-02
  -4.14265314878600465764e-02-j1.66018696659753911549e-02
  -2.63961273676973952329e-02-j9.67556317194293025175e-03
  -1.05338533152304261037e-02-j3.50187142477365346768e-03
  +6.14996194043947955882e-03+j1.83488318604950939247e-03
  +2.36374440539370983538e-02+j6.24603237747188653334e-03
  +4.19021523546634286350e-02+j9.63904127462899065759e-03
  +6.09080332552595082873e-02+j1.19181621760287691919e-02
  +8.06083724568714271586e-02+j1.29852841070465761797e-02
  +1.00944777276268687904e-01+j1.27409973161895073018e-02
  +1.21846227410786683842e-01+j1.10858880245342100723e-02
  +1.43228239433115883683e-01+j7.92207291862678623928e-03
  +1.64992196776319710594e-01+j3.15497483485200616235e-03
  +1.87024902302456469405e-01-j3.30466932219570727614e-03
  +2.09198413997125076680e-01-j1.15385901324251572558e-02
  +2.31370225063674800348e-01-j2.16185932354152066104e-02
  +2.53383846848180827038e-01-j3.36040459031627103403e-02
  +2.75069845820231917433e-01-j4.75393127470127574430e-02
  +2.96247373658609591818e-01-j6.34512274243923674044e-02
  +3.16726212054181166522e-01-j8.13467020376702071305e-02
  +3.36309331303510428146e-01-j1.01210587154931613840e-01
  +3.54795934848532334982e-01-j1.23003901270862900375e-01
  +3.71984931972609567108e-01-j1.46662547430230799650e-01
  +3.87678749866182947859e-01-j1.72096625384348833609e-01
  +4.01687366720495431238e-01-j1.99190429380735278819e-01
  +4.13832422201261929118e-01-j2.27803194661886976302e-01
  +4.23951243414242617824e-01-j2.57770621099717989200e-01
  +4.31900615770182072506e-01-j2.88907162230383707247e-01
  +4.37560130736308228183e-01-j3.21009025247289025984e-01
  +4.40834957040700303743e-01-j3.53857785804634006332e-01
  +4.41657907959088491534e-01-j3.87224484504631094595e-01
  +4.39990713088649343376e-01-j4.20874043129486175019e-01
  +4.35824445630200396629e-01-j4.54569820736853202892e-01
  +4.29179102021765235264e-01-j4.88078124266352442184e-01
  +4.20102375839381148026e-01-j5.21172495598855145538e-01
  +4.08667708429310105878e-01-j5.53637616039520219502e-01
  +3.94971731614820575906e-01-j5.85272697785278794846e-01
  +3.79131240857799589605e-01-j6.15894267094300174037e-01
  +3.61279849427915966675e-01-j6.45338282209946823009e-01
  +3.41564475571929593301e-01-j6.73461567250684178809e-01
  +3.20141806517307281332e-01-j7.00142578319289166089e-01
  +2.97174867260755204423e-01-j7.25281547753753752517e-01
  +2.72829800778839282049e-01-j7.48800075307694434912e-01
  +2.47272941955270608716e-01-j7.70640250517861780111e-01
  +2.20668242385409912876e-01-j7.90763398744138146235e-01
  +1.93175079172855673759e-01-j8.09148545089320769819e-01
  +1.64946459287483859768e-01-j8.25790686745811464142e-01
  +1.36127612921197932438e-01-j8.40698956589928658722e-01
  +1.06854955000732707027e-01-j8.53894750393840551439e-01
  +7.72553836455212583623e-02-j8.65409878087807449276e-01
  +4.74458776429978121292e-02-j8.75284787133249531088e-01
  +1.75333515039329847218e-02-j8.83566894083995690856e-01
  -1.23852742015723993330e-02-j8.90309049406944996718e-01
  -4.22228283333202017436e-02-j8.95568150974643151230e-01
  -7.19015089218420361261e-02-j8.99403913515216868468e-01
  -1.01352401932391672501e-01-j9.01877794747375838291e-01
  -1.30514929625026088189e-01-j9.03052073871082661150e-01
  -1.59336254684722816721e-01-j9.02989074388567236618e-01
  -1.87770661956301487816e-01-j9.01750520716920078712e-01
  -2.15778935522193626717e-01-j8.99397016528181936224e-01
  -2.43327745124450739445e-01-j8.95987632022680946520e-01
  -2.70389052620947589745e-01-j8.91579587227185998977e-01
  -2.96939546304573365187e-01-j8.86228018752148627435e-01
  -3.22960108498032805180e-01-j8.79985818105956774104e-01
  -3.48435319841768786908e-01-j8.72903530537076810525e-01
  -3.73353002080906770654e-01-j8.65029304368013396420e-01
  -3.97703799885991582386e-01-j8.56408881829519907924e-01
  -4.21480801265286586510e-01-j8.47085623448408986391e-01
  -4.44679195399248050613e-01-j8.37100559051454751192e-01
  -4.67295966207673496573e-01-j8.26492459396990231113e-01
  -4.89329619609016441828e-01-j8.15297923319842632317e-01
  -5.10779942215643822934e-01-j8.03551476066814207577e-01
  -5.31647789099018441838e-01-j7.91285675206309435659e-01
  -5.51934898230480364134e-01-j7.78531221118618610433e-01
  -5.71643729235700837066e-01-j7.65317069616554879197e-01
</dep>
<dep S[1,1] frequency>
  -1.90993649442748603118e-01-j3.16116719327572681664e-01
  -2.07466211812518869229e-01-j3.24503955328087290155e-01
  -2.24226468567508496754e-01-j3.32030793821627201456e-01
  -2.41224631295383462604e-01-j3.38698769545659639224e-01
  -2.58412561882777946920e-01-j3.44512532031952478651e-01
  -2.75743954237488708703e-01-j3.49479587971305627470e-01
  -2.93174482859301033244e-01-j3.53610038958668160269e-01
  -3.10661919687004461910e-01-j3.56916318460153703107e-01
  -3.28166221017575643337e-01-j3.59412931410763136775e-01
  -3.45649586574180767151e-01-j3.61116199402312154643e-01
  -3.63076493001490030466e-01-j3.62044013970946487735e-01
  -3.80413704191447377134e-01-j3.62215600052168074097e-01
  -3.97630260904153931545e-01-j3.61651291250905393415e-01
  -4.14697452149838774460e-01-j3.60372318179498885016e-01
  -4.31588770752249217821e-01-j3.58400610755173820721e-01
  -4.48279855428492246538e-01-j3.55758615022726931709e-01
  -4.64748421602597328040e-01-j3.52469124779860309982e-01
  -4.80974183030402735461e-01-j3.48555128033083860828e-01
  -4.96938766156009237296e-01-j3.44039668099220652397e-01
  -5.12625618953628126029e-01-j3.38945718991447431101e-01
  -5.28019915836446029900e-01-j3.33296074585697821302e-01
  -5.43108460042524332501e-01-j3.27113250951422185331e-01
  -5.57879584738547817935e-01-j3.20419401146824822657e-01
  -5.72323053920046898035e-01-j3.13236241719594465938e-01
  -5.86429964032340822477e-01-j3.05584990116786636705e-01
  -6.00192647092275599618e-01-j2.97486312188805612777e-01
  -6.13604575957710562939e-01-j2.88960278969361106238e-01
  -6.26660272269588425331e-01-j2.80026331923396543111e-01
  -6.39355217481987869732e-01-j2.70703255875363313354e-01
  -6.51685767296655615866e-01-j2.61009158859064893665e-01
  -6.63649069731898078039e-01-j2.50961458165360973283e-01
  -6.75242986979099013567e-01-j2.40576871903689648580e-01
  -6.86466021134345627530e-01-j2.29871415436060405613e-01
  -6.97317243835582467604e-01-j2.18860402086768268681e-01
  -7.07796229788013597783e-01-j2.07558447576385307620e-01
  -7.17902994119973048015e-01-j1.95979477673954544104e-01
  -7.27637933478504028706e-01-j1.84136738605722272144e-01
  -7.37001770747079176793e-01-j1.72042809802146895448e-01
  -7.45995503246447255741e-01-j1.59709618606380054917e-01
  -7.54620354263240922243e-01-j1.47148456607140903918e-01
  -7.62877727738799915613e-01-j1.34369997296354487526e-01
  -7.70769165941995959557e-01-j1.21384314787046670991e-01
  -7.78296309944243480672e-01-j1.08200903360089625838e-01
  -7.85460862712131668850e-01-j9.48286976387652524867e-02
  -7.92264554632104767151e-01-j8.12760932186217810447e-02
  -7.98709111282683181798e-01-j6.75509676062556740916e-02
  -8.04796223272148281147e-01-j5.36607013446951802704e-02
  -8.10527517963027799297e-01-j3.96121992254177546222e-02
  -8.15904532909216717584e-01-j2.54119115072612700157e-02
  -8.20928690836602803493e-01-j1.10658550814281275709e-02
  -8.25601276003554485072e-01+j3.42036546098392624238e-03
  -8.29923411783594189295e-01+j1.80415368865328717973e-02
  -8.33896039318592796619e-01+j3.27928165148160810638e-02
  -8.37519897097046328582e-01+j4.76697115505756441323e-02
  -8.40795501318158056137e-01+j6.26680585384720156839e-02
  -8.43723126908810572289e-01+j7.77840029142019273589e-02
  -8.46302789066527338946e-01+j9.30139786137264834576e-02
  -8.48534225207761783061e-01+j1.08354687691127382632e-01
  -8.50416877206856880456e-01+j1.23803079884348854467e-01
  -8.51949873817141489774e-01+j1.39356332057088111442e-01
  -8.53132013171604475232e-01+j1.55011827433880700067e-01
  -8.53961745266806571131e-01+j1.70767134534206027618e-01
  -8.54437154339940607706e-01+j1.86619985699753715425e-01
  -8.54555941055461953937e-01+j2.02568255096875621257e-01
  -8.54315404424663693561e-01+j2.18609936063573012666e-01
  -8.53712423388860108808e-01+j2.34743117656913080626e-01
  -8.52743438004980758294e-01+j2.50965960242504060318e-01
  -8.51404430181184390669e-01+j2.67276669952346890291e-01
  -8.49690903920110596204e-01+j2.83673471821018541306e-01
  -8.47597865038634212809e-01+j3.00154581392534758333e-01
  -8.45119800345914495843e-01+j3.16718174571269606155e-01
  -8.42250656276383180554e-01+j3.33362355469970950139e-01
  -8.38983816991536568430e-01+j3.50085121986018488194e-01
  -8.35312081984429855019e-01+j3.66884328813637750066e-01
  -8.31227643244128677757e-01+j3.83757647574746618702e-01
  -8.26722062064619733768e-01+j4.00702523724533632432e-01
  -8.21786245614542165683e-01+j4.17716129859738605212e-01
  -8.16410423421288888868e-01+j4.34795315028133178004e-01
  -8.10584123966379355153e-01+j4.51936549607082294067e-01
  -8.04296151639595446881e-01+j4.69135865287564901571e-01
  -7.97534564358107100901e-01+j4.86388789668248888720e-01
  -7.90286652225041574837e-01+j5.03690274932632853222e-01
  -7.82538917680926315867e-01+j5.21034620051829100440e-01
  -7.74277057692532966193e-01+j5.38415385927364598118e-01
  -7.65485948628555568085e-01+j5.55825302863720116520e-01
  -7.56149634591787633831e-01+j5.73256169741227616932e-01
  -7.46251320114780791748e-01+j5.90698744248410401170e-01
  -7.35773368282160555864e-01+j6.08142623531864767727e-01
  -7.24697305519458101486e-01+j6.25576114634701863082e-01
  -7.13003834487163201672e-01+j6.42986094125580165404e-01
  -7.00672856741056726548e-01+j6.60357856374631846386e-01
  -6.87683507066641497296e-01+j6.77674950016045496426e-01
  -6.74014201667105128379e-01+j6.94919002257010087753e-01
  -6.59642702680150350147e-01+j7.12069530857611376895e-01
  -6.44546201817503661147e-01+j7.29103743825744832208e-01
  -6.28701426258653661705e-01+j7.45996327156513094891e-01
  -6.12084770281775103484e-01+j7.62719221309492656502e-01
  -5.94672456471749155682e-01+j7.79241387573588295545e-01
  -5.76440730695688685614e-01+j7.95528566033045558825e-01
  -5.57366095364475122587e-01+j8.11543027535552630169e-01
  -5.37425585782849490890e-01+j8.27243322890002241721e-01
  -5.16597094602954109988e-01+j8.42584033502741469590e-01
  -4.94859749501576573483e-01+j8.57515528810010363436e-01
  -4.72194349156272286105e-01+j8.71983737189932939238e-01
  -4.48583862347362638534e-01+j8.85929938542529438195e-01
  -4.24013994499363611190e-01+j8.99290588404375923481e-01
  -3.98473825125055469698e-01+j9.11997185295863821430e-01
  -3.71956518368634636573e-01+j9.23976194946283801990e-01
  -3.44460107075271748656e-01+j9.35149047045078063434e-01
  -3.15988348456173961942e-01+j9.45432222138577693649e-01
  -2.86551646388251590736e-01+j9.54737448108374020528e-01
  -2.56168031617340918871e-01+j9.62972027170018396447e-01
  -2.24864186581426123146e-01+j9.70039315317037242892e-01
  -1.92676496234187227818e-01+j9.75839376361075427901e-01
  -1.59652100188708179207e-01+j9.80269831902019106451e-01
  -1.25849914855088562682e-01+j9.83226926391846611786e-01
  -9.13415872543362483693e-02+j9.84606822612213217205e-01
  -5.62123352144048571422e-02+j9.84307137065944526277e-01
  -2.05616221853324177005e-02+j9.82228716740672247454e-01
  +1.54963904230761284619e-02+j9.78277648297628310559e-01
  +5.18326739271813830001e-02+j9.72367477991284312466e-01
  +8.83035073571857287433e-02+j9.64421605779463453345e-01
  +1.24751055182802272903e-01+j9.54375800660073325687e-01
  +1.61004399007778797870e-01+j9.42180767109296768425e-01
  +1.96881062288957520146e-01+j9.27804675767250452978e-01
  +2.32189049699586480546e-01+j9.11235556690590975393e-01
  +2.66729400218648715626e-01+j8.92483442254134562432e-01
  +3.00299226110660122391e-01+j8.71582140895289070315e-01
  +3.32695180016372271670e-01+j8.48590523990769285412e-01
  +3.63717261378601663946e-01+j8.23593217507162966839e-01
  +3.93172843873752175803e-01+j7.96700608337011062510e-01
  +4.20880780214007821360e-01+j7.68048102256229103801e-01
  +4.46675422446377368146e-01+j7.37794605087794597154e-01
  +4.70410387171416977115e-01+j7.06120238818248924240e-01
  +4.91961897685273596981e-01+j6.73223347120102233454e-01
  +5.11231549629119097489e-01+j6.39316886438193399123e-01
  +5.28148372794393083929e-01+j6.04624335776809629373e-01
  +5.42670097508603843650e-01+j5.69375287135761465329e-01
  +5.54783576644456766225e-01+j5.33800896485235543132e-01
  +5.64504360117936698771e-01+j4.98129380639601104797e-01
  +5.71875463815153528557e-01+j4.62581738095248828913e-01
  +5.76965415437235562557e-01+j4.27367852867198472211e-01
  +5.79865692632887563818e-01+j3.92683111768347803405e-01
  +5.80687691826465957057e-01+j3.58705630417073706440e-01
  +5.79559378323118212784e-01+j3.25594144922489947547e-01
  +5.76621769713527854151e-01+j2.93486588036131479384e-01
  +5.72025396443451183970e-01+j2.62499333515277322171e-01
  +5.65926867530723076705e-01+j2.32727062772183440620e-01
  +5.58485648099895870544e-01+j2.04243185016134143339e-01
  +5.49861131062898245148e-01+j1.77100726623298149187e-01
  +5.40210060140865699907e-01+j1.51333597239312250826e-01
  +5.29684337377169134342e-01+j1.26958138395206004967e-01
  +5.18429226746665361425e-01+j1.03974864074938777581e-01
  +5.06581947333375248732e-01+j8.23703103965374716644e-02
  +4.94270635272070879562e-01+j6.21189220167600308908e-02
  +4.81613643277808645138e-01+j4.31849148036405894313e-02
  +4.68719139871598633462e-01+j2.55240666904183732822e-02
  +4.55684966900161358971e-01+j9.08540060441589969464e-03
  +4.42598713084984329846e-01-j6.18726563258004125245e-03
  +4.29537962528496020109e-01-j2.03539178804487685959e-02
  +4.16570679783375197314e-01-j3.34771000575445065728e-02
  +4.03755696744371006535e-01-j4.56208250879750198958e-02
  +3.91143270818779753562e-01-j5.68496381352995017178e-02
  +3.78775688228640328159e-01-j6.72278241459611791697e-02
  +3.66687890634417812397e-01-j7.68187492155855689013e-02
  +3.54908107363916536237e-01-j8.56843237690784742533e-02
  +3.43458479263782590074e-01-j9.38845748183525508068e-02
  +3.32355663498880293805e-01-j1.01477314450251765443e-01
  +3.21611411482353393154e-01-j1.08517892042668692709e-01
  +3.11233114531187182727e-01-j1.15059018373038238203e-01
  +3.01224313832888446196e-01-j1.21150650658630287815e-01
  +2.91585172915723500608e-01-j1.26839928563144577200e-01
  +2.82312912081178035706e-01-j1.32171152250290191432e-01
  +2.73402205228961969752e-01-j1.37185794611327988024e-01
  +2.64845540226531173111e-01-j1.41922540803640362395e-01
  +2.56633544489500264874e-01-j1.46417349187060646942e-01
  +2.48755277784288353349e-01-j1.50703528618842591547e-01
  +2.41198494474049562886e-01-j1.54811827859302031385e-01
  +2.33949877532405592362e-01-j1.58770533545693343092e-01
  +2.26995246671554518070e-01-j1.62605573813336096167e-01
  +2.20319742892586711847e-01-j1.66340625184224877309e-01
</dep>
