<Qucs Dataset 1.0.7>
<indep frequency 181>
  +1.00000000000000000000e+09
  +1.05000000000000000000e+09
  +1.10000000000000000000e+09
  +1.15000000000000000000e+09
  +1.20000000000000000000e+09
  +1.25000000000000000000e+09
  +1.30000000000000000000e+09
  +1.35000000000000000000e+09
  +1.40000000000000000000e+09
  +1.45000000000000000000e+09
  +1.50000000000000000000e+09
  +1.55000000000000000000e+09
  +1.60000000000000000000e+09
  +1.65000000000000000000e+09
  +1.70000000000000000000e+09
  +1.75000000000000000000e+09
  +1.80000000000000000000e+09
  +1.85000000000000000000e+09
  +1.90000000000000000000e+09
  +1.95000000000000000000e+09
  +2.00000000000000000000e+09
  +2.05000000000000000000e+09
  +2.10000000000000000000e+09
  +2.15000000000000000000e+09
  +2.20000000000000000000e+09
  +2.25000000000000000000e+09
  +2.30000000000000000000e+09
  +2.35000000000000000000e+09
  +2.40000000000000000000e+09
  +2.45000000000000000000e+09
  +2.50000000000000000000e+09
  +2.55000000000000000000e+09
  +2.60000000000000000000e+09
  +2.65000000000000000000e+09
  +2.70000000000000000000e+09
  +2.75000000000000000000e+09
  +2.80000000000000000000e+09
  +2.85000000000000000000e+09
  +2.90000000000000000000e+09
  +2.95000000000000000000e+09
  +3.00000000000000000000e+09
  +3.05000000000000000000e+09
  +3.10000000000000000000e+09
  +3.15000000000000000000e+09
  +3.20000000000000000000e+09
  +3.25000000000000000000e+09
  +3.30000000000000000000e+09
  +3.35000000000000000000e+09
  +3.40000000000000000000e+09
  +3.45000000000000000000e+09
  +3.50000000000000000000e+09
  +3.55000000000000000000e+09
  +3.60000000000000000000e+09
  +3.65000000000000000000e+09
  +3.70000000000000000000e+09
  +3.75000000000000000000e+09
  +3.80000000000000000000e+09
  +3.85000000000000000000e+09
  +3.90000000000000000000e+09
  +3.95000000000000000000e+09
  +4.00000000000000000000e+09
  +4.05000000000000000000e+09
  +4.10000000000000000000e+09
  +4.15000000000000000000e+09
  +4.20000000000000000000e+09
  +4.25000000000000000000e+09
  +4.30000000000000000000e+09
  +4.35000000000000000000e+09
  +4.40000000000000000000e+09
  +4.45000000000000000000e+09
  +4.50000000000000000000e+09
  +4.55000000000000000000e+09
  +4.60000000000000000000e+09
  +4.65000000000000000000e+09
  +4.70000000000000000000e+09
  +4.75000000000000000000e+09
  +4.80000000000000000000e+09
  +4.85000000000000000000e+09
  +4.90000000000000000000e+09
  +4.95000000000000000000e+09
  +5.00000000000000000000e+09
  +5.05000000000000000000e+09
  +5.10000000000000000000e+09
  +5.15000000000000000000e+09
  +5.20000000000000000000e+09
  +5.25000000000000000000e+09
  +5.30000000000000000000e+09
  +5.35000000000000000000e+09
  +5.40000000000000000000e+09
  +5.45000000000000000000e+09
  +5.50000000000000000000e+09
  +5.55000000000000000000e+09
  +5.60000000000000000000e+09
  +5.65000000000000000000e+09
  +5.70000000000000000000e+09
  +5.75000000000000000000e+09
  +5.80000000000000000000e+09
  +5.85000000000000000000e+09
  +5.90000000000000000000e+09
  +5.95000000000000000000e+09
  +6.00000000000000000000e+09
  +6.05000000000000000000e+09
  +6.10000000000000000000e+09
  +6.15000000000000000000e+09
  +6.20000000000000000000e+09
  +6.25000000000000000000e+09
  +6.30000000000000000000e+09
  +6.35000000000000000000e+09
  +6.40000000000000000000e+09
  +6.45000000000000000000e+09
  +6.50000000000000000000e+09
  +6.55000000000000000000e+09
  +6.60000000000000000000e+09
  +6.65000000000000000000e+09
  +6.70000000000000000000e+09
  +6.75000000000000000000e+09
  +6.80000000000000000000e+09
  +6.85000000000000000000e+09
  +6.90000000000000000000e+09
  +6.95000000000000000000e+09
  +7.00000000000000000000e+09
  +7.05000000000000000000e+09
  +7.10000000000000000000e+09
  +7.15000000000000000000e+09
  +7.20000000000000000000e+09
  +7.25000000000000000000e+09
  +7.30000000000000000000e+09
  +7.35000000000000000000e+09
  +7.40000000000000000000e+09
  +7.45000000000000000000e+09
  +7.50000000000000000000e+09
  +7.55000000000000000000e+09
  +7.60000000000000000000e+09
  +7.65000000000000000000e+09
  +7.70000000000000000000e+09
  +7.75000000000000000000e+09
  +7.80000000000000000000e+09
  +7.85000000000000000000e+09
  +7.90000000000000000000e+09
  +7.95000000000000000000e+09
  +8.00000000000000000000e+09
  +8.05000000000000000000e+09
  +8.10000000000000000000e+09
  +8.15000000000000000000e+09
  +8.20000000000000000000e+09
  +8.25000000000000000000e+09
  +8.30000000000000000000e+09
  +8.35000000000000000000e+09
  +8.40000000000000000000e+09
  +8.45000000000000000000e+09
  +8.50000000000000000000e+09
  +8.55000000000000000000e+09
  +8.60000000000000000000e+09
  +8.65000000000000000000e+09
  +8.70000000000000000000e+09
  +8.75000000000000000000e+09
  +8.80000000000000000000e+09
  +8.85000000000000000000e+09
  +8.90000000000000000000e+09
  +8.95000000000000000000e+09
  +9.00000000000000000000e+09
  +9.05000000000000000000e+09
  +9.10000000000000000000e+09
  +9.15000000000000000000e+09
  +9.20000000000000000000e+09
  +9.25000000000000000000e+09
  +9.30000000000000000000e+09
  +9.35000000000000000000e+09
  +9.40000000000000000000e+09
  +9.45000000000000000000e+09
  +9.50000000000000000000e+09
  +9.55000000000000000000e+09
  +9.60000000000000000000e+09
  +9.65000000000000000000e+09
  +9.70000000000000000000e+09
  +9.75000000000000000000e+09
  +9.80000000000000000000e+09
  +9.85000000000000000000e+09
  +9.90000000000000000000e+09
  +9.95000000000000000000e+09
  +1.00000000000000000000e+10
</indep>
<dep S21_phase frequency>
  -7.12681579516779635242e+01
  -7.38390750625336664825e+01
  -7.63430078985857534235e+01
  -7.87850664795689112907e+01
  -8.11701406064330512891e+01
  -8.35028865768304200401e+01
  -8.57877221749492093750e+01
  -8.80288277930977329788e+01
  -9.02301519746745412931e+01
  -9.23954200348071879034e+01
  -9.45281447185664944755e+01
  -9.66316381034732359012e+01
  -9.87090241504585037546e+01
  -1.00763251463316819923e+02
  -1.02797105938318850349e+02
  -1.04813223079416331984e+02
  -1.06814099826024218487e+02
  -1.08802105794276712913e+02
  -1.10779493872766110485e+02
  -1.12748410143158565688e+02
  -1.14710903117196906464e+02
  -1.16668932296371352209e+02
  -1.18624376070531980076e+02
  -1.20579038978077534239e+02
  -1.22534658354028792360e+02
  -1.24492910393986889517e+02
  -1.26455415662221085427e+02
  -1.28423744071349318574e+02
  -1.30399419359582424249e+02
  -1.32383923089529986328e+02
  -1.34378698190294358028e+02
  -1.36385152062137706253e+02
  -1.38404659260514534935e+02
  -1.40438563773755930697e+02
  -1.42488180906268667059e+02
  -1.44554798776792182480e+02
  -1.46639679439072381228e+02
  -1.48744059630292099428e+02
  -1.50869151150784176707e+02
  -1.53016140876924737313e+02
  -1.55186190407709432293e+02
  -1.57380435344371704787e+02
  -1.59599984201490428859e+02
  -1.61845916947414451670e+02
  -1.64119283171488802964e+02
  -1.66421099875522941147e+02
  -1.68752348887229601360e+02
  -1.71113973893955034100e+02
  -1.73506877096007201544e+02
  -1.75931915480197517354e+02
  -1.78389896715949674899e+02
  +1.79118425321542048323e+02
  +1.76592355394047586969e+02
  +1.74031262098800482363e+02
  +1.71434583409067300863e+02
  +1.68801832538931307681e+02
  +1.66132604109638464251e+02
  +1.63426580589341227778e+02
  +1.60683538971756661340e+02
  +1.57903357652024681101e+02
  +1.55086023449829781384e+02
  +1.52231638720503184459e+02
  +1.49340428484318437086e+02
  +1.46412747492451302378e+02
  +1.43449087135142065108e+02
  +1.40450082083565320090e+02
  +1.37416516542018200653e+02
  +1.34349329971645772730e+02
  +1.31249622131606002995e+02
  +1.28118657269084479822e+02
  +1.24957867276873471951e+02
  +1.21768853627540210027e+02
  +1.18553387887811183532e+02
  +1.15313410617245665435e+02
  +1.12051028462929210150e+02
  +1.08768509278253318939e+02
  +1.05468275119875258383e+02
  +1.02152893013407194189e+02
  +9.88250634253116686523e+01
  +9.54876064352597779816e+01
  +9.21434456683602149951e+01
  +8.87955901178741981994e+01
  +8.54471140631876835414e+01
  +8.21011353611631733429e+01
  +7.87607924574001287965e+01
  +7.54292205231444370384e+01
  +7.21095271696738393530e+01
  +6.88047682215929512495e+01
  +6.55179240412832086804e+01
  +6.22518768875790442507e+01
  +5.90093897627915424664e+01
  +5.57930871550066314057e+01
  +5.26054380198289379678e+01
  +4.94487412711602587478e+01
  +4.63251139684515678141e+01
  +4.32364823027041325076e+01
  +4.01845753997903401000e+01
  +3.71709218813324184794e+01
  +3.41968490537714728816e+01
  +3.12634845377279262379e+01
  +2.83717601038396196600e+01
  +2.55224174484812174057e+01
  +2.27160156229383218829e+01
  +1.99529398217419959849e+01
  +1.72334112386285092100e+01
  +1.45574977101770208776e+01
  +1.19251248857444736018e+01
  +9.33608768598018912144e+00
  +6.79006183912645688849e+00
  +4.28661531297868503287e+00
  +1.82521948935874367415e+00
  -5.94740043795956352390e-01
  -2.97395318095203275988e+00
  -5.31317554186336149513e+00
  -7.61321932058183836745e+00
  -9.87494477318106156360e+00
  -1.20992523602780011061e+01
  -1.42870755466993326621e+01
  -1.64393742494088677120e+01
  -1.85571289158908001582e+01
  -2.06413352083591519204e+01
  -2.26929992641712381385e+01
  -2.47131334993465898719e+01
  -2.67027529200039417390e+01
  -2.86628719054334872851e+01
  -3.05945014264108081647e+01
  -3.24986466628460846096e+01
  -3.43763049859428306831e+01
  -3.62284642714936566676e+01
  -3.80561015126390813634e+01
  -3.98601817024079636553e+01
  -4.16416569582959823492e+01
  +1.36598534136718683385e+02
  +1.34859467000414468885e+02
  +1.33140231346209276353e+02
  +1.31439931326455763383e+02
  +1.29757685541843983401e+02
  +1.28092626932949457341e+02
  +1.26443902568256504537e+02
  +1.24810673341500717015e+02
  +1.23192113589758889702e+02
  +1.21587410642388292104e+02
  +1.19995764309725785779e+02
  +1.18416386319401979677e+02
  +1.16848499707080620169e+02
  +1.15291338167592755326e+02
  +1.13744145371592352944e+02
  +1.12206174252138268344e+02
  +1.10676686264958092920e+02
  +1.09154950625566840472e+02
  +1.07640243525880379138e+02
  +1.06131847332512393223e+02
  +1.04629049768522918384e+02
  +1.03131143080034163972e+02
  +1.01637423188812448416e+02
  +1.00147188831627346417e+02
  +9.86597406869952493480e+01
  +9.71743804896831164797e+01
  +9.56904101332181653561e+01
  +9.42071307604940955116e+01
  +9.27238418425053652072e+01
  +9.12398402451487413600e+01
  +8.97544192840344408069e+01
  +8.82668677672426298386e+01
  +8.67764690260296163160e+01
  +8.52824999335604303496e+01
  +8.37842299118967162030e+01
  +8.22809199276405394130e+01
  +8.07718214768787987623e+01
  +7.92561755603698543382e+01
  +7.77332116502823282644e+01
  +7.62021466502252025066e+01
  +7.46621838508587529759e+01
  +7.31125118839747898392e+01
  +7.15523036786926098785e+01
  +6.99807154242589462001e+01
  +6.83968855449543724490e+01
  +6.67999336937569125894e+01
  +6.51889597727537903893e+01
  +6.35630429898276005929e+01
  +6.19212409628969453479e+01
</dep>
<dep S11_phase frequency>
  -1.61295588786831103789e+02
  -1.63863129061066047143e+02
  -1.66363666414825217998e+02
  -1.68802304805920044828e+02
  -1.71183929009772271002e+02
  -1.73513191157747712623e+02
  -1.75794505589985192273e+02
  -1.78032049870475475473e+02
  +1.79770229752989251892e+02
  +1.77608609792880258738e+02
  +1.75479578913946227203e+02
  +1.73379826069343437212e+02
  +1.71306227978913369725e+02
  +1.69255836391232321603e+02
  +1.67225865449043595845e+02
  +1.65213679383641533605e+02
  +1.63216780691968125439e+02
  +1.61232798896139797762e+02
  +1.59259479944842951227e+02
  +1.57294676286572354229e+02
  +1.55336337623483387915e+02
  +1.53382502339794456248e+02
  +1.51431289588643153365e+02
  +1.49480892014897392528e+02
  +1.47529569087729214516e+02
  +1.45575641015050592841e+02
  +1.43617483211652711361e+02
  +1.41653521293677783888e+02
  +1.39682226573544369330e+02
  +1.37702112031439099837e+02
  +1.35711728741773356433e+02
  +1.33709662735477422757e+02
  +1.31694532281530484852e+02
  +1.29664985573677142838e+02
  +1.27619698810752495888e+02
  +1.25557374661427502360e+02
  +1.23476741106442105433e+02
  +1.21376550653488010312e+02
  +1.19255579921824278244e+02
  +1.17112629595438647812e+02
  +1.14946524745073432427e+02
  +1.12756115520720896939e+02
  +1.10540278217226500601e+02
  +1.08297916716418356486e+02
  +1.06027964309666003828e+02
  +1.03729385904971309174e+02
  +1.01401180622562748113e+02
  +9.90423847825003207390e+01
  +9.66520752869539734320e+01
  +9.42293733985957118193e+01
  +9.17734489148788981083e+01
  +8.92835247358660382133e+01
  +8.67588818206350254059e+01
  +8.41988645241128068619e+01
  +8.16028863023953476841e+01
  +7.89704357701259880287e+01
  +7.63010830882719091051e+01
  +7.35944866545374907219e+01
  +7.08504000616186004891e+01
  +6.80686792804052629435e+01
  +6.52492900160108035834e+01
  +6.23923151740333494786e+01
  +5.94979623627185674195e+01
  +5.65665713436593904362e+01
  +5.35986213294294415732e+01
  +5.05947380112554796483e+01
  +4.75557001838071897737e+01
  +4.44824458178542556652e+01
  +4.13760774155829196275e+01
  +3.82378664685962874614e+01
  +3.50692568260958452697e+01
  +3.18718667717197874367e+01
  +2.86474896033314578858e+01
  +2.53980925122242382486e+01
  +2.21258135681353955704e+01
  +1.88329566354655639770e+01
  +1.55219840751473263651e+01
  +1.21955071262618659489e+01
  +8.85627391165162691777e+00
  +5.50715507162818784792e+00
  +2.15112709776821819929e+00
  -1.20874648775558446445e+00
  -4.56933588607909424439e+00
  -7.92746741329559423406e+00
  -1.12799471658192018708e+01
  -1.46235855368215190708e+01
  -1.79552221163529566184e+01
  -2.12717504800607812854e+01
  -2.45701423630236845952e+01
  -2.78474707271037829059e+01
  -3.11009312620499365210e+01
  -3.43278619106588394061e+01
  -3.75257600737858751927e+01
  -4.06922972280470958140e+01
  -4.38253307733236923127e+01
  -4.69229130140368440038e+01
  -4.99832972631445429101e+01
  -5.30049411369538887584e+01
  -5.59865071788880257486e+01
  -5.89268610089082969239e+01
  -6.18250672409599317803e+01
  -6.46803834430702266900e+01
  -6.74922524338709877156e+01
  -7.02602932163536166854e+01
  -7.29842908460177000052e+01
  -7.56641855180695017680e+01
  -7.83000611388542893110e+01
  -8.08921336222048239506e+01
  -8.34407391236575080029e+01
  -8.59463223961395783590e+01
  -8.84094254211200905047e+01
  -9.08306764404579212169e+01
  -9.32107794870761807715e+01
  -9.55505044877612732535e+01
  -9.78506779891604168142e+01
  -1.00112174538625552600e+02
  -1.02335908734963524580e+02
  -1.04522827950296729682e+02
  -1.06673905712964639747e+02
  -1.08790135732484401387e+02
  -1.10872526540773890247e+02
  -1.12922096718873802956e+02
  -1.14939870675014347512e+02
  -1.16926874937806985599e+02
  -1.18884134927370880064e+02
  -1.20812672167115422894e+02
  -1.22713501899501096659e+02
  -1.24587631070240959730e+02
  -1.26436056646927681868e+02
  -1.28259764239878364833e+02
  -1.30059726994968229974e+02
  -1.31836904730309356637e+02
  -1.33592243290747376250e+02
  -1.35326674096265776370e+02
  -1.37041113862444433380e+02
  -1.38736464473113187523e+02
  -1.40413612987231147144e+02
  -1.42073431763816444118e+02
  -1.43716778690420795783e+02
  -1.45344497502202273154e+02
  -1.46957418180087870496e+02
  -1.48556357417841297774e+02
  -1.50142119149060192740e+02
  -1.51715495126233889778e+02
  -1.53277265544993070989e+02
  -1.54828199707590499656e+02
  -1.56369056720472372035e+02
  -1.57900586221535661480e+02
  -1.59423529133328287344e+02
  -1.60938618439039800023e+02
  -1.62446579978659997323e+02
  -1.63948133263146729632e+02
  -1.65443992304864281095e+02
  -1.66934866462915408647e+02
  -1.68421461302307960750e+02
  -1.69904479466179168412e+02
  -1.71384621560530405304e+02
  -1.72862587051132067018e+02
  -1.74339075172415334691e+02
  -1.75814785848303671401e+02
  -1.77290420625026627022e+02
  -1.78766683616024010917e+02
  +1.79755717540926269749e+02
  +1.78276070714230883141e+02
  +1.76793658296575273425e+02
  +1.75307756210596494384e+02
  +1.73817632902273203399e+02
  +1.72322548322347358862e+02
  +1.70821752896326387372e+02
  +1.69314486483904090619e+02
  +1.67799977328997812265e+02
  +1.66277441002031565631e+02
  +1.64746079336616247701e+02
  +1.63205079363389984337e+02
  +1.61653612244509616858e+02
  +1.60090832213131108119e+02
  +1.58515875523204158526e+02
  +1.56927859416053962605e+02
  +1.55325881111541804103e+02
  +1.53709016833117374290e+02
  +1.52076320877818943700e+02
</dep>
<dep S21_dB frequency>
  -3.12632508186899960023e+00
  -3.32113575915526837434e+00
  -3.51162530726419719329e+00
  -3.69742119871425956035e+00
  -3.87822627354454763093e+00
  -4.05380812853870686752e+00
  -4.22398973509651920466e+00
  -4.38864122540130718875e+00
  -4.54767275984653895904e+00
  -4.70102837566238918043e+00
  -4.84868071290829405484e+00
  -4.99062651621801833812e+00
  -5.12688281653083421929e+00
  -5.25748370487663585493e+00
  -5.38247761899560295262e+00
  -5.50192507240887351827e+00
  -5.61589676409668037138e+00
  -5.72447201488167856098e+00
  -5.82773748385778134207e+00
  -5.92578612467552545695e+00
  -6.01871634721554649161e+00
  -6.10663135517972399668e+00
  -6.18963863446723916439e+00
  -6.26784957094312122905e+00
  -6.34137917940832629426e+00
  -6.41034592831768801346e+00
  -6.47487164711491924862e+00
  -6.53508150501681406297e+00
  -6.59110405173653024491e+00
  -6.64307131202000533676e+00
  -6.69111892702474619909e+00
  -6.73538633652288076803e+00
  -6.77601699669167079065e+00
  -6.81315862888160150845e+00
  -6.84696349525212433207e+00
  -6.87758869754704171839e+00
  -6.90519649556458947615e+00
  -6.92995464207197642281e+00
  -6.95203673102961960950e+00
  -6.97162255603781844115e+00
  -6.98889847590259183363e+00
  -7.00405778414923663178e+00
  -7.01730107919223211610e+00
  -7.02883663170890216065e+00
  -7.03888074556526444070e+00
  -7.04765810840714301833e+00
  -7.05540212777123798560e+00
  -7.06235524827998339958e+00
  -7.06876924518153515464e+00
  -7.07490548917081962799e+00
  -7.08103517709213292619e+00
  -7.08743952278177857806e+00
  -7.09440990195660070583e+00
  -7.10224794470960318904e+00
  -7.11126556882265781212e+00
  -7.12178494677461504381e+00
  -7.13413839900034574271e+00
  -7.14866820566457317199e+00
  -7.16572632896026817662e+00
  -7.18567403774550417239e+00
  -7.20888142621788752251e+00
  -7.23572681832569752913e+00
  -7.26659604976795403530e+00
  -7.30188161979384986466e+00
  -7.34198170563680818645e+00
  -7.38729903337925453144e+00
  -7.43823960041905429819e+00
  -7.49521124658458859358e+00
  -7.55862207339688918495e+00
  -7.62887871408357476355e+00
  -7.70638446076288374798e+00
  -7.79153725975413458116e+00
  -7.88472759122966060374e+00
  -7.98633625530971524853e+00
  -8.09673209310103914049e+00
  -8.21626967785907424968e+00
  -8.34528701815429307942e+00
  -8.48410332127803989977e+00
  -8.63301687074790535803e+00
  -8.79230307623639362191e+00
  -8.96221275712970211202e+00
  -9.14297072185665449240e+00
  -9.33477470382084106859e+00
  -9.53779471106116361057e+00
  -9.75217284066142653387e+00
  -9.97802360059700532702e+00
  -1.02154347715255653384e+01
  -1.04644688295211061302e+01
  -1.07251649386019245469e+01
  -1.09975415098879736320e+01
  -1.12815993131528173876e+01
  -1.15773251171976312435e+01
  -1.18846958286125836679e+01
  -1.22036830946823293687e+01
  -1.25342583359292945033e+01
  -1.28763981773823275034e+01
  -1.32300902552932839740e+01
  -1.35953393878244490622e+01
  -1.39721741142457229756e+01
  -1.43606536275419038873e+01
  -1.47608751502650967780e+01
  -1.51729818334685866432e+01
  -1.55971712944316838190e+01
  -1.60337049520023953164e+01
  -1.64829183707351667465e+01
  -1.69452328896126438451e+01
  -1.74211688923050793676e+01
  -1.79113611798210712323e+01
  -1.84165770418829843891e+01
  -1.89377378031456089502e+01
  -1.94759448629620308679e+01
  -2.00325115800502189245e+01
  -2.06090028168451091517e+01
  -2.12072846145418267838e+01
  -2.18295874148901383194e+01
  -2.24785876307759693304e+01
  -2.31575144407664303969e+01
  -2.38702918519922704377e+01
  -2.46217310392621087090e+01
  -2.54177959563127870979e+01
  -2.62659784725212759326e+01
  -2.71758420791965917829e+01
  -2.81598340134469111717e+01
  -2.92345422529053600158e+01
  -3.04227259803675167404e+01
  -3.17567715371509464717e+01
  -3.32849735439002856197e+01
  -3.50839638736678054443e+01
  -3.72863085425576699095e+01
  -4.01528966356776777502e+01
  -4.43215825374721674734e+01
  -5.23032207751287785413e+01
  -5.88328720122569492901e+01
  -4.66809509126279920110e+01
  -4.18838284061941976688e+01
  -3.88634009010057823730e+01
  -3.66639153307927188052e+01
  -3.49384590049109462484e+01
  -3.35214013550208065340e+01
  -3.23206282346914477444e+01
  -3.12795854115477176549e+01
  -3.03610410522390239407e+01
  -2.95391741317328353489e+01
  -2.87953389848185139499e+01
  -2.81156294030180653465e+01
  -2.74893961860024447219e+01
  -2.69083026248242518363e+01
  -2.63656994329606853000e+01
  -2.58561976393495456250e+01
  -2.53753686622924803373e+01
  -2.49195286568309342101e+01
  -2.44855802224504373044e+01
  -2.40708940815565632931e+01
  -2.36732191958801436726e+01
  -2.32906134934818709326e+01
  -2.29213897833798654347e+01
  -2.25640730304871048872e+01
  -2.22173662442071844225e+01
  -2.18801229794883020929e+01
  -2.15513249719842292507e+01
  -2.12300638013377032109e+01
  -2.09155257455229346419e+01
  -2.06069791859130155842e+01
  -2.03037640683814935016e+01
  -2.00052830347619305940e+01
  -1.97109939214355378567e+01
  -1.94204033847636949872e+01
  -1.91330614615809331269e+01
  -1.88485569106421060326e+01
  -1.85665132104299424043e+01
  -1.82865851120115223694e+01
  -1.80084556641380046926e+01
  -1.77318336425928642086e+01
  -1.74564513277120099133e+01
  -1.71820625836702483014e+01
  -1.69084412009996682968e+01
  -1.66353794702659705251e+01
  -1.63626869601484230543e+01
  -1.60901894775740004206e+01
  -1.58177281912196967539e+01
  -1.55451589027544088140e+01
</dep>
<dep S11_dB frequency>
  -2.93022714759499658399e+00
  -2.75245481215247389528e+00
  -2.59255141960413393321e+00
  -2.44838483569305687126e+00
  -2.31812155183453372231e+00
  -2.20017940195614691845e+00
  -2.09318868530756541091e+00
  -1.99596000667986173127e+00
  -1.90745753354943348157e+00
  -1.82677665483703410843e+00
  -1.75312523944821774258e+00
  -1.68580785517959275133e+00
  -1.62421243389776370769e+00
  -1.56779896677109475966e+00
  -1.51608989054694109910e+00
  -1.46866188732685842844e+00
  -1.42513886955540725054e+00
  -1.38518596169525110007e+00
  -1.34850432230296046754e+00
  -1.31482667650738971332e+00
  -1.28391345040263860078e+00
  -1.25554941654492968617e+00
  -1.22954077431327490899e+00
  -1.20571260094827059639e+00
  -1.18390661908067196251e+00
  -1.16397923488275889525e+00
  -1.14579980791740587698e+00
  -1.12924911957209683777e+00
  -1.11421801184419710928e+00
  -1.10060617235553737103e+00
  -1.08832104495180459480e+00
  -1.07727684819789937265e+00
  -1.06739368660385847143e+00
  -1.05859674158783234610e+00
  -1.05081553106352054705e+00
  -1.04398322818696609460e+00
  -1.03803603125581433986e+00
  -1.03291257806299796584e+00
  -1.02855339920124499997e+00
  -1.02490040592074516113e+00
  -1.02189640918765789479e+00
  -1.01948466759395217629e+00
  -1.01760846274762317698e+00
  -1.01621070173963135019e+00
  -1.01523354724898351442e+00
  -1.01461807681564097905e+00
  -1.01430397378228498440e+00
  -1.01422925337617964026e+00
  -1.01433002835902552619e+00
  -1.01454031959926416206e+00
  -1.01479191779137001284e+00
  -1.01501430332703845849e+00
  -1.01513463197305897623e+00
  -1.01507779447711610210e+00
  -1.01476655845169072556e+00
  -1.01412180080874492205e+00
  -1.01306283856909029595e+00
  -1.01150786497624500804e+00
  -1.00937449644154542128e+00
  -1.00658043387393747459e+00
  -1.00304423936328190869e+00
  -9.98686225968699936573e-01
  -9.93429454526211785925e-01
  -9.87200826983207879728e-01
  -9.79932260889727180242e-01
  -9.71561924481493033312e-01
  -9.62035506484846925090e-01
  -9.51307489622876811808e-01
  -9.39342392120278146805e-01
  -9.26115937638612440885e-01
  -9.11616111394087269559e-01
  -8.95844059074171195078e-01
  -8.78814785898210382165e-01
  -8.60557616011472514828e-01
  -8.41116377496384903800e-01
  -8.20549285641049674922e-01
  -7.98928506554338446755e-01
  -7.76339394437017382700e-01
  -7.52879408301909025525e-01
  -7.28656727040888574365e-01
  -7.03788594704863879059e-01
  -6.78399439888501709639e-01
  -6.52618823401614811530e-01
  -6.26579276253809158703e-01
  -6.00414094822798172224e-01
  -5.74255161570115135738e-01
  -5.48230857706547780595e-01
  -5.22464128944219341477e-01
  -4.97070757299413246155e-01
  -4.72157881425939951470e-01
  -4.47822795910061965952e-01
  -4.24152047161613365844e-01
  -4.01220830811523820891e-01
  -3.79092683621564563445e-01
  -3.57819452451527408865e-01
  -3.37441514264974540271e-01
  -3.17988214764811316648e-01
  -2.99478489118701785010e-01
  -2.81921626290330851194e-01
  -2.65318138525878044476e-01
  -2.49660699251939427468e-01
  -2.34935115660495935641e-01
  -2.21121306210758650224e-01
  -2.08194257798017035022e-01
  -1.96124942097783250272e-01
  -1.84881175310790957234e-01
  -1.74428409992004068707e-01
  -1.64730451690146301180e-01
  -1.55750096651377345491e-01
  -1.47449689805067146731e-01
  -1.39791604642227118571e-01
  -1.32738648441624196295e-01
  -1.26254397641386212348e-01
  -1.20303469053464007210e-01
  -1.14851733141932574322e-01
  -1.09866475800029519960e-01
  -1.05316515030685731169e-01
  -1.01172278719425232096e-01
  -9.74058493396820768151e-02
  -9.39909809927213790726e-02
  -9.09030936941700173914e-02
  -8.81192493060618808887e-02
  -8.56181129988335676284e-02
  -8.33799036299980173004e-02
  -8.13863359554243270821e-02
  -7.96205571535717054887e-02
  -7.80670797470352784142e-02
  -7.67117126511235314368e-02
  -7.55414917652698081341e-02
  -7.45446112497694657328e-02
  -7.37103563938373979036e-02
  -7.30290387794423900836e-02
  -7.24919342756944612427e-02
  -7.20912242559677979292e-02
  -7.18199403136916825208e-02
  -7.16719126571805226211e-02
  -7.16417222878945048059e-02
  -7.17246570064618144125e-02
  -7.19166712449908207549e-02
  -7.22143496897084125052e-02
  -7.26148746336562483927e-02
  -7.31159969831325501355e-02
  -7.37160108320890905542e-02
  -7.44137315153350353825e-02
  -7.52084770522179618668e-02
  -7.61000528975778189889e-02
  -7.70887399246748955539e-02
  -7.81752855754679343292e-02
  -7.93608981263129731332e-02
  -8.06472440319215416737e-02
  -8.20364483260853649682e-02
  -8.35310980754991327935e-02
  -8.51342489012116288016e-02
  -8.68494346019816620963e-02
  -8.86806799344934254536e-02
  -9.06325166271710058741e-02
  -9.27100027267600823588e-02
  -9.49187454010836928475e-02
  -9.72649273460809843384e-02
  -9.97553369716602106321e-02
  -1.02397402568154743951e-01
  -1.05199230684573111216e-01
  -1.08169648979748178608e-01
  -1.11318253840259881460e-01
  -1.14655463091850401414e-01
  -1.18192574167305677890e-01
  -1.21941828130493340465e-01
  -1.25916479995294816607e-01
  -1.30130875818654956344e-01
  -1.34600537089292232595e-01
  -1.39342252976608460546e-01
  -1.44374181048979893793e-01
  -1.49715957115034825620e-01
  -1.55388814886362552903e-01
  -1.61415716203151038410e-01
  -1.67821492605616517935e-01
  -1.74632999071100525335e-01
  -1.81879280768648787792e-01
  -1.89591753706133514523e-01
  -1.97804400157429116636e-01
  -2.06553979754925454149e-01
</dep>
<dep Zin_ohm frequency>
  +5.86316761451560182650e+02
  +5.28935690315576835019e+02
  +4.75854815457202562357e+02
  +4.27262689066992720655e+02
  +3.83547328800858906561e+02
  +3.45337024433919623334e+02
  +3.13519518465230930815e+02
  +2.89189281657077515320e+02
  +2.73453252707072010708e+02
  +2.67075727840383706280e+02
  +2.70107351817279493389e+02
  +2.81770647407560261399e+02
  +3.00710983280822858887e+02
  +3.25409312871270458345e+02
  +3.54494518140517357097e+02
  +3.86873113429848217493e+02
  +4.21732693740295076168e+02
  +4.58493501733999153203e+02
  +4.96751776689475832427e+02
  +5.36231618071612388121e+02
  +5.76748656744666845952e+02
  +6.18184032980630831844e+02
  +6.60466176742874154115e+02
  +7.03558157959893151201e+02
  +7.47448919120403729721e+02
  +7.92147195955091660835e+02
  +8.37677304945770515587e+02
  +8.84076239120811806060e+02
  +9.31391693207404841814e+02
  +9.79680760709180503909e+02
  +1.02900912766004989862e+03
  +1.07945064376124469163e+03
  +1.13108719015643396233e+03
  +1.18400879010130961433e+03
  +1.23831392813317711443e+03
  +1.29411005764340075075e+03
  +1.35151428776306079271e+03
  +1.41065424940973957746e+03
  +1.47166914808322098907e+03
  +1.53471101819667524069e+03
  +1.59994620091691786001e+03
  +1.66755707512803360260e+03
  +1.73774407967945057862e+03
  +1.81072807501335796587e+03
  +1.88675310413981242164e+03
  +1.96608962740930519431e+03
  +2.04903832346491890348e+03
  +2.13593457122592963060e+03
  +2.22715375619238056970e+03
  +2.32311758067049049714e+03
  +2.42430160427356440778e+03
  +2.53124430175482984851e+03
  +2.64455800470296935600e+03
  +2.76494219858917176680e+03
  +2.89319978653259840939e+03
  +3.03025711936498373689e+03
  +3.17718884741874353494e+03
  +3.33524900103904974458e+03
  +3.50591019560022323276e+03
  +3.69091354487691205577e+03
  +3.89233284835348013075e+03
  +4.11265803929266803607e+03
  +4.35490497054967454460e+03
  +4.62276174216496019653e+03
  +4.92078654135161013983e+03
  +5.25467938156540367345e+03
  +5.63166192845130990463e+03
  +6.06101885245034463878e+03
  +6.55488643385598061286e+03
  +7.12942998155712939479e+03
  +7.80665157071700559754e+03
  +8.61725555839833032223e+03
  +9.60536073131861849106e+03
  +1.08365856222607471864e+04
  +1.24126240243140146049e+04
  +1.44990661264361187932e+04
  +1.73820376405153947417e+04
  +2.15912714198250105255e+04
  +2.81757888888253764890e+04
  +3.91845651939931631205e+04
  +5.60137017058576384443e+04
  +6.18317805532275961014e+04
  +4.56305909828685762477e+04
  +3.20065835873869909847e+04
  +2.38951774320954245923e+04
  +1.88682468082972955017e+04
  +1.55182071255782320804e+04
  +1.31453256732029185514e+04
  +1.13828366032505236944e+04
  +1.00243106776577496930e+04
  +8.94591714887569105485e+03
  +8.06929577254851119505e+03
  +7.34260840114390339295e+03
  +6.73026600372123084526e+03
  +6.20705852351279463619e+03
  +5.75464532047927968961e+03
  +5.35937345940695831814e+03
  +5.01087480827532453986e+03
  +4.70113691803699020966e+03
  +4.42387151634705969627e+03
  +4.17407532427803744213e+03
  +3.94771832296373122517e+03
  +3.74151840056096307308e+03
  +3.55277573903486700146e+03
  +3.37924927696938812005e+03
  +3.21906330180935583485e+03
  +3.07063594457254203007e+03
  +2.93262381749445694368e+03
  +2.80387870115226178314e+03
  +2.68341333108812114006e+03
  +2.57037413061321922214e+03
  +2.46401929925770264163e+03
  +2.36370106903988516933e+03
  +2.26885123235057426427e+03
  +2.17896925878989168268e+03
  +2.09361247629177387353e+03
  +2.01238790991391056195e+03
  +1.93494546067004148426e+03
  +1.86097217446005743113e+03
  +1.79018740303524054980e+03
  +1.72233869901248090173e+03
  +1.65719831813149085065e+03
  +1.59456022637355295046e+03
  +1.53423752881667405745e+03
  +1.47606025237690414542e+03
  +1.41987342677290484971e+03
  +1.36553541782897264056e+03
  +1.31291647511802443660e+03
  +1.26189746233920709528e+03
  +1.21236874403212050311e+03
  +1.16422920649108073121e+03
  +1.11738539424557097846e+03
  +1.07175074636476551859e+03
  +1.02724491924100107099e+03
  +9.83793184502698068172e+02
  +9.41325892375199487105e+02
  +8.99777992208562636733e+02
  +8.59088603072575324404e+02
  +8.19200628321521207909e+02
  +7.80060408887116409460e+02
  +7.41617410796271315121e+02
  +7.03823943055796917179e+02
  +6.66634902622854724541e+02
  +6.30007543712190567931e+02
  +5.93901269207964446650e+02
  +5.58277442486812901734e+02
  +5.23099218575297527423e+02
  +4.88331394348685307705e+02
  +4.53940278582969199306e+02
  +4.19893584378353580178e+02
  +3.86160349314396512455e+02
  +3.52710893745532928278e+02
  +3.19516837159239457833e+02
  +2.86551211551112601228e+02
  +2.53788751420597748165e+02
  +2.21206533669746420401e+02
  +1.88785377399062042514e+02
  +1.56513085151946768292e+02
  +1.24392824746779922407e+02
  +9.24689904170887331247e+01
  +6.09335707041892078450e+01
  +3.08743687176331000899e+01
  +1.64536850674772203718e+01
  +4.08825290830512173557e+01
  +7.18889490141400244738e+01
  +1.03828793001140468277e+02
  +1.36145041010270205106e+02
  +1.68722937913892025108e+02
  +2.01539487209750944885e+02
  +2.34600760132293032711e+02
  +2.67924786450323608733e+02
  +3.01535624087232463353e+02
  +3.35460979682500351373e+02
  +3.69731173716177579536e+02
  +4.04378686241674756729e+02
  +4.39437981873617843576e+02
  +4.74945482953621024080e+02
  +5.10939629571312252665e+02
  +5.47460996285677765627e+02
  +5.84552450386695568341e+02
  +6.22259344252327878166e+02
</dep>
<dep Zin_norm frequency>
  +1.17263352290312035109e+01
  +1.05787138063115371267e+01
  +9.51709630914405124713e+00
  +8.54525378133985391571e+00
  +7.67094657601717777595e+00
  +6.90674048867839296406e+00
  +6.27039036930461879393e+00
  +5.78378563314155069719e+00
  +5.46906505414144028521e+00
  +5.34151455680767384138e+00
  +5.40214703634558990331e+00
  +5.63541294815120519246e+00
  +6.01421966561645682248e+00
  +6.50818625742540923795e+00
  +7.08989036281034756826e+00
  +7.73746226859696406564e+00
  +8.43465387480590145231e+00
  +9.16987003467998285089e+00
  +9.93503553378951664854e+00
  +1.07246323614322474072e+01
  +1.15349731348933364217e+01
  +1.23636806596126156421e+01
  +1.32093235348574822297e+01
  +1.40711631591978640898e+01
  +1.49489783824080753050e+01
  +1.58429439191018328614e+01
  +1.67535460989154110223e+01
  +1.76815247824162362633e+01
  +1.86278338641480978310e+01
  +1.95936152141836110729e+01
  +2.05801825532009985409e+01
  +2.15890128752248919852e+01
  +2.26217438031286803835e+01
  +2.36801758020261914339e+01
  +2.47662785626635439939e+01
  +2.58822011528680135939e+01
  +2.70302857552612145753e+01
  +2.82130849881947902702e+01
  +2.94333829616644209182e+01
  +3.06942203639335033927e+01
  +3.19989240183383572003e+01
  +3.33511415025606723361e+01
  +3.47548815935890118567e+01
  +3.62145615002671590332e+01
  +3.77350620827962472958e+01
  +3.93217925481861030335e+01
  +4.09807664692983735222e+01
  +4.27186914245185889172e+01
  +4.45430751238476148046e+01
  +4.64623516134098082375e+01
  +4.84860320854712867344e+01
  +5.06248860350966012334e+01
  +5.28911600940593871201e+01
  +5.52988439717834339149e+01
  +5.78639957306519647773e+01
  +6.06051423872996721798e+01
  +6.35437769483748695620e+01
  +6.67049800207809937547e+01
  +7.01182039120044606761e+01
  +7.38182708975382411154e+01
  +7.78466569670696060257e+01
  +8.22531607858533675426e+01
  +8.70980994109934982816e+01
  +9.24552348432992090466e+01
  +9.84157308270322062072e+01
  +1.05093587631308082564e+02
  +1.12633238569026190135e+02
  +1.21220377049006884818e+02
  +1.31097728677119619078e+02
  +1.42588599631142585622e+02
  +1.56133031414340109677e+02
  +1.72345111167966592802e+02
  +1.92107214626372353905e+02
  +2.16731712445214952822e+02
  +2.48252480486280290961e+02
  +2.89981322528722387233e+02
  +3.47640752810307901655e+02
  +4.31825428396500228700e+02
  +5.63515777776507547969e+02
  +7.83691303879863198745e+02
  +1.12027403411715272341e+03
  +1.23663561106455199479e+03
  +9.12611819657371484027e+02
  +6.40131671747739801503e+02
  +4.77903548641908457739e+02
  +3.77364936165945891844e+02
  +3.10364142511564637061e+02
  +2.62906513464058377849e+02
  +2.27656732065010487531e+02
  +2.00486213553155010914e+02
  +1.78918342977513816550e+02
  +1.61385915450970230722e+02
  +1.46852168022878061038e+02
  +1.34605320074424611221e+02
  +1.24141170470255900682e+02
  +1.15092906409585594929e+02
  +1.07187469188139161247e+02
  +1.00217496165506489092e+02
  +9.40227383607398081722e+01
  +8.84774303269411888095e+01
  +8.34815064855607431582e+01
  +7.89543664592746239350e+01
  +7.48303680112192637353e+01
  +7.10555147806973366187e+01
  +6.75849855393877589904e+01
  +6.43812660361871138548e+01
  +6.14127188914508437279e+01
  +5.86524763498891346103e+01
  +5.60775740230452370838e+01
  +5.36682666217624202432e+01
  +5.14074826122643884219e+01
  +4.92803859851540551062e+01
  +4.72740213807977056604e+01
  +4.53770246470114884119e+01
  +4.35793851757978316641e+01
  +4.18722495258354783232e+01
  +4.02477581982782126602e+01
  +3.86989092134008316748e+01
  +3.72194434892011472016e+01
  +3.58037480607048124170e+01
  +3.44467739802496168977e+01
  +3.31439663626298184340e+01
  +3.18912045274710607146e+01
  +3.06847505763334815754e+01
  +2.95212050475380820558e+01
  +2.83974685354580955732e+01
  +2.73107083565794539481e+01
  +2.62583295023604890162e+01
  +2.52379492467841437531e+01
  +2.42473748806424111990e+01
  +2.32845841298216136295e+01
  +2.23477078849114185743e+01
  +2.14350149272953096613e+01
  +2.05448983848200228408e+01
  +1.96758636900539620740e+01
  +1.88265178475039896000e+01
  +1.79955598441712538715e+01
  +1.71817720614515074828e+01
  +1.63840125664304245845e+01
  +1.56012081777423290418e+01
  +1.48323482159254265156e+01
  +1.40764788611159392673e+01
  +1.33326980524570952724e+01
  +1.26001508742438108612e+01
  +1.18780253841592884356e+01
  +1.11655488497362576084e+01
  +1.04619843715059506195e+01
  +9.76662788697370665147e+00
  +9.07880557165938384401e+00
  +8.39787168756707202988e+00
  +7.72320698628792978724e+00
  +7.05421787491065810372e+00
  +6.39033674318478972509e+00
  +5.73102423102225166929e+00
  +5.07577502841195471461e+00
  +4.42413067339492815933e+00
  +3.77570754798124097462e+00
  +3.13026170303893547242e+00
  +2.48785649493559857248e+00
  +1.84937980834177473355e+00
  +1.21867141408378421019e+00
  +6.17487374352661988475e-01
  +3.29073701349544389672e-01
  +8.17650581661024333791e-01
  +1.43777898028280048948e+00
  +2.07657586002280947213e+00
  +2.72290082020540413765e+00
  +3.37445875827784069756e+00
  +4.03078974419501889770e+00
  +4.69201520264586058317e+00
  +5.35849572900647164175e+00
  +6.03071248174464891179e+00
  +6.70921959365000741826e+00
  +7.39462347432355127097e+00
  +8.08757372483349534775e+00
  +8.78875963747235644519e+00
  +9.49890965907242090793e+00
  +1.02187925914262454086e+01
  +1.09492199257135549573e+01
  +1.16910490077339108694e+01
  +1.24451868850465583449e+01
</dep>
<dep S[2,2] frequency>
  -6.75964246079068131756e-01-j2.28859280812139520567e-01
  -6.99713199843520428090e-01-j2.02449720000947686049e-01
  -7.21032015485081667627e-01-j1.74920073844383350270e-01
  -7.40002813561432049028e-01-j1.46493568269652429947e-01
  -7.56715045997988444704e-01-j1.17363026857559379912e-01
  -7.71261568650529416580e-01-j8.76942887621157129985e-02
  -7.83735698136681646631e-01-j5.76295146017906101399e-02
  -7.94229061100651390070e-01-j2.72902843477680207007e-02
  -8.02830070948898355532e-01+j3.21956441036251594934e-03
  -8.09622894000640691559e-01+j3.38113788269521903240e-02
  -8.14686791926921394236e-01+j6.44094145262150419295e-02
  -8.18095749354191159597e-01+j9.49488287108197076547e-02
  -8.19918314285709382006e-01+j1.25373923312539159447e-01
  -8.20217594632161595136e-01+j1.55636615175013537371e-01
  -8.19051366925582668976e-01+j1.85695109048535256235e-01
  -8.16472263585633961647e-01+j2.15512749537357439777e-01
  -8.12528013299745666131e-01+j2.45057029449634589113e-01
  -8.07261715531870871487e-01+j2.74298733827708918209e-01
  -8.00712135213038966874e-01+j3.03211200998022178954e-01
  -7.92914007569280987475e-01+j3.31769684089283367623e-01
  -7.83898346042194660299e-01+j3.59950798511780023503e-01
  -7.73692748545718123054e-01+j3.87732042803895948779e-01
  -7.62321699034656741212e-01+j4.15091382002058972844e-01
  -7.49806862659773587509e-01+j4.42006884265513655397e-01
  -7.36167373748865871974e-01+j4.68456402889357415020e-01
  -7.21420116559926771771e-01+j4.94417297078060147264e-01
  -7.05579999261145451861e-01+j5.19866185940864200532e-01
  -6.88660221949498274618e-01+j5.44778731125632020849e-01
  -6.70672539760087671468e-01+j5.69129444345278234785e-01
  -6.51627522269762504692e-01+j5.92891516785647332277e-01
  -6.31534810480509301023e-01+j6.16036668030244372041e-01
  -6.10403372696412871434e-01+j6.38535012707778681929e-01
  -5.88241760593101625787e-01+j6.60354943574723352029e-01
  -5.65058366728991900985e-01+j6.81463030195689878354e-01
  -5.40861684668453190916e-01+j7.01823932788158244556e-01
  -5.15660572782378756607e-01+j7.21400331160694907595e-01
  -4.89464522663895951204e-01+j7.40152869000736290950e-01
  -4.62283932947460007856e-01+j7.58040114062953351848e-01
  -4.34130389149773365798e-01+j7.75018535074948333730e-01
  -4.05016949960908312356e-01+j7.91042496415091389572e-01
  -3.74958440204603948853e-01+j8.06064271828629830274e-01
  -3.43971750458236580350e-01+j8.20034078633024909877e-01
  -3.12076143076372991558e-01+j8.32900134021054450173e-01
  -2.79293564098070212776e-01+j8.44608735200142235477e-01
  -2.45648960238604691098e-01+j8.55104365207501104784e-01
  -2.11170599873002379221e-01+j8.64329826312114635201e-01
  -1.75890396613544358617e-01+j8.72226402955864177358e-01
  -1.39844233768855907840e-01+j8.78734056196647683734e-01
  -1.03072287650081001464e-01+j8.83791651597111482808e-01
  -6.56193473623000317341e-02+j8.87337222454073315525e-01
  -2.75351283874348540248e-02+j8.89308270188107652388e-01
  +1.11254230713600243963e-02+j8.89642103612258705603e-01
  +5.03018383564495935589e-02+j8.88276218675742579300e-01
  +8.99278509591430741388e-02+j8.85148720135559230471e-01
  +1.29931141554792350945e-01+j8.80198786446349412671e-01
  +1.70233107960166801798e-01+j8.73367178976123481604e-01
  +2.10748664936809187997e-01+j8.64596796447158255638e-01
  +2.51386079248574756395e-01+j8.53833275257580459616e-01
  +2.92046845931752507841e-01+j8.41025636042546875792e-01
  +3.32625612365133549453e-01+j8.26126976459286677112e-01
  +3.73010157443959100565e-01+j8.09095209691579220213e-01
  +4.13081433967095013049e-01+j7.89893847521356273766e-01
  +4.52713683229056806923e-01+j7.68492825951921920691e-01
  +4.91774631738879419718e-01+j7.44869370225716975753e-01
  +5.30125780913613398049e-01+j7.19008894592508607246e-01
  +5.67622801435690771399e-01+j6.90905930287194713912e-01
  +6.04116044608564495277e-01+j6.60565072817763554447e-01
  +6.39451183350834617691e-01+j6.28001936814119976482e-01
  +6.73469995261396503494e-01+j5.93244103355108021169e-01
  +7.06011299272126358062e-01+j5.56332040932416949097e-01
  +7.36912055575641433691e-01+j5.17319977148492537999e-01
  +7.66008635579735974730e-01+j4.76276694078995754822e-01
  +7.93138264439840479092e-01+j4.33286216235388044193e-01
  +8.18140633162658503785e-01+j3.88448356594507437922e-01
  +8.40859670363446221053e-01+j3.41879083635837022204e-01
  +8.61145455625320965787e-01+j2.93710671197580541758e-01
  +8.78856247331774032006e-01+j2.44091593680715257531e-01
  +8.93860588260154020901e-01+j1.93186132096047263884e-01
  +9.06039442725007471147e-01+j1.41173661954094975535e-01
  +9.15288310359112844417e-01+j8.82476021674435812114e-02
  +9.21519254505285489998e-01+j3.46140148805910430330e-02
  +9.24662778455459855032e-01-j1.95101408751375236805e-02
  +9.24669481126628389767e-01-j7.38990841802943942973e-02
  +9.21511425748329782159e-01-j1.28320582924802029101e-01
  +9.15183161043693127468e-01-j1.82538572018961481325e-01
  +9.05702344192699571046e-01-j2.36315957013256250363e-01
  +8.93109928205276570878e-01-j2.89417529512042803752e-01
  +8.77469892501604786794e-01-j3.41612912636380994247e-01
  +8.58868513511250264436e-01-j3.92679450778104288666e-01
  +8.37413190779547456088e-01-j4.42404958405264836507e-01
  +8.13230862144419641702e-01-j4.90590247769518539300e-01
  +7.86466057799677820128e-01-j5.37051364689546839593e-01
  +7.57278656436267461061e-01-j5.81621474458177356581e-01
  +7.25841416359097824085e-01-j6.24152355392857072225e-01
  +6.92337360050001349165e-01-j6.64515474503442171716e-01
  +6.56957091975824414298e-01-j7.02602637022513687448e-01
  +6.19896126749048703708e-01-j7.38326218028307779129e-01
  +5.81352298545599666113e-01-j7.71618999144971895454e-01
  +5.41523313688259677612e-01-j8.02433645609772372431e-01
  +5.00604497352124200305e-01-j8.30741868395172278206e-01
  +4.58786773310736806231e-01-j8.56533322374152472634e-01
  +4.16254903341489124191e-01-j8.79814294771657068317e-01
  +3.73186001064340744371e-01-j9.00606238605026532262e-01
  +3.29748324169449213983e-01-j9.18944203879728971351e-01
  +2.86100339604247633218e-01-j9.34875215458487285325e-01
  +2.42390048580555739210e-01-j9.48456641281843704228e-01
  +1.98754552320772687191e-01-j9.59754588493855642639e-01
  +1.55319835256664318113e-01-j9.68842358479216070322e-01
  +1.12200739796961490580e-01-j9.75798985240349359138e-01
  +6.95011055978765335261e-02-j9.80707875246101701272e-01
  +2.73140462733477661084e-02-j9.83655561096340780303e-01
  -1.42776625742678606873e-02-j9.84730576219205566701e-01
  -5.52011084750642921914e-02-j9.84022453430944299413e-01
  -9.53927027049538550640e-02-j9.81620846566808480382e-01
  -1.34797596308829176204e-01-j9.77614771515411873359e-01
  -1.73369068894997313546e-01-j9.72091960807336952222e-01
  -2.11067905001947997423e-01-j9.65138324349683829340e-01
  -2.47861770369702999472e-01-j9.56837507879235826813e-01
  -2.83724598139514283535e-01-j9.47270540141477268570e-01
  -3.18635992901873277283e-01-j9.36515559606404868198e-01
  -3.52580658638083244139e-01-j9.24647611626212340141e-01
  -3.85547854964305491965e-01-j9.11738507253552432630e-01
  -4.17530884685764158704e-01-j8.97856735410961892541e-01
  -4.48526614491885577962e-01-j8.83067420679909620418e-01
  -4.78535029653360810542e-01-j8.67432319619497738117e-01
  -5.07558822799682229920e-01-j8.51009849195864642724e-01
  -5.35603016238750173628e-01-j8.33855141577664715768e-01
  -5.62674616807118721518e-01-j8.16020120210837918151e-01
  -5.88782301889166581610e-01-j7.97553592713340364639e-01
  -6.13936134996364124561e-01-j7.78501356718015458114e-01
  -6.38147309135983387129e-01-j7.58906315333738756834e-01
  -6.61427916106064328616e-01-j7.38808599388371844974e-01
  -6.83790739816213521962e-01-j7.18245694061472095271e-01
  -7.05249071740010724518e-01-j6.97252567910853326971e-01
  -7.25816546643955562423e-01-j6.75861802647259146681e-01
  -7.45506996801710397627e-01-j6.54103722318380320644e-01
  -7.64334322983615033209e-01-j6.32006520830551643542e-01
  -7.82312380604551882435e-01-j6.09596386967208636598e-01
  -7.99454879513352700826e-01-j5.86897626261245197732e-01
  -8.15775296010649686451e-01-j5.63932779247290350000e-01
  -8.31286795786480681159e-01-j5.40722735762959150208e-01
  -8.46002166571874880674e-01-j5.17286845088558155936e-01
  -8.59933759398608277280e-01-j4.93643021815522109463e-01
  -8.73093437457125420842e-01-j4.69807847417537449708e-01
  -8.85492531633600976626e-01-j4.45796667567518178910e-01
  -8.97141801892736845403e-01-j4.21623685300343997717e-01
  -9.08051403753072139402e-01-j3.97302050167520903745e-01
  -9.18230859176121794185e-01-j3.72843943567452817955e-01
  -9.27689031259839258503e-01-j3.48260660465184557211e-01
  -9.36434102190771611163e-01-j3.23562687739788468200e-01
  -9.44473553968287360405e-01-j2.98759779416876647407e-01
  -9.51814151468557190228e-01-j2.73861029059411897890e-01
  -9.58461927466202956438e-01-j2.48874939602441030972e-01
  -9.64422169277816765387e-01-j2.23809490927760201817e-01
  -9.69699406734591540236e-01-j1.98672205483207159338e-01
  -9.74297401231344784023e-01-j1.73470212258794637128e-01
  -9.78219135636860137595e-01-j1.48210309438980669672e-01
  -9.81466804886060861790e-01-j1.22899026056939641993e-01
  -9.84041807108651855884e-01-j9.75426829836440328902e-02
  -9.85944735181905174137e-01-j7.21474535915699183297e-02
  -9.87175368627835170265e-01-j4.67194244406433506489e-02
  -9.87732665807458110052e-01-j2.12646563424211815230e-02
  -9.87614756397937165744e-01+j4.21075383221612697948e-03
  -9.86818934172415729300e-01+j2.97006102263822971410e-02
  -9.85341650138244928847e-01+j5.51985535649619288301e-02
  -9.83178506127272866522e-01+j8.06979948182372230914e-02
  -9.80324248973020173636e-01+j1.06192046550026286678e-01
  -9.76772765454276603592e-01+j1.31673451525605278434e-01
  -9.72517078233942622312e-01+j1.57134508140944484378e-01
  -9.67549343076493539861e-01+j1.82566992221138535424e-01
  -9.61860847688281062062e-01+j2.07962074722728706977e-01
  -9.55442012592879308386e-01+j2.33310234862684623414e-01
  -9.48282394529989636212e-01+j2.58601168186712471186e-01
  -9.40370692951975506446e-01+j2.83823689082729979649e-01
  -9.31694760288305778850e-01+j3.08965627242526297280e-01
  -9.22241616755977600128e-01+j3.34013717577950952631e-01
  -9.11997470614824057300e-01+j3.58953483109000992535e-01
  -9.00947744901540614748e-01+j3.83769110362433774064e-01
  -8.89077111826501953473e-01+j4.08443316853893123586e-01
  -8.76369536184014030766e-01+j4.32957210277378323759e-01
  -8.62808329310313926186e-01+j4.57290139097256798095e-01
</dep>
<dep S[2,1] frequency>
  +2.24066676446703721970e-01-j6.60767048970140491448e-01
  +1.89894680733717929888e-01-j6.55289524126514533187e-01
  +1.57590821593283580970e-01-j6.48578931039473505216e-01
  +1.27065093625492980811e-01-j6.40848933099797846147e-01
  +9.82198805656479823067e-02-j6.32282134312798449471e-01
  +7.09538997029661444582e-02-j6.23033454049966239907e-01
  +4.51651646121141378543e-02-j6.13233388072021434745e-01
  +2.07531582819700938236e-02-j6.02991059838912546454e-01
  -2.37961811907110888653e-03-j5.92397010492333619958e-01
  -2.43265824803467201054e-02-j5.81525706528739361190e-01
  -4.51763815302361482207e-02-j5.70437764472109920533e-01
  -6.50124816777792741140e-02-j5.59181904597556456160e-01
  -8.39129681808316874037e-02-j5.47796653145798839724e-01
  -1.01950495517812864121e-01-j5.36311816171961996957e-01
  -1.19192344595946728147e-01-j5.24749749421276612260e-01
  -1.35700552697714110773e-01-j5.13126448308342308913e-01
  -1.51532090234786531724e-01-j5.01452480817804802093e-01
  -1.66739064808804599016e-01-j4.89733784374169700548e-01
  -1.81368938096140741578e-01-j4.77972345731591641282e-01
  -1.95464744959047503903e-01-j4.66166780897671273465e-01
  -2.09065307172496300803e-01-j4.54312830141877344037e-01
  -2.22205436437262204841e-01-j4.42403781315593214174e-01
  -2.34916123081969768771e-01-j4.30430833059479822644e-01
  -2.47224708164915124575e-01-j4.18383408006840873394e-01
  -2.59155037670740606703e-01-j4.06249424807565484574e-01
  -2.70727598236115141184e-01-j3.94015536685721867727e-01
  -2.81959634394833680293e-01-j3.81667343291311578213e-01
  -2.92865247755084545656e-01-j3.69189581796643018219e-01
  -3.03455478848169646344e-01-j3.56566302502883403225e-01
  -3.13738372648933672160e-01-j3.43781033646312905727e-01
  -3.23719028986915957624e-01-j3.30816939609973936776e-01
  -3.33399639262301539233e-01-j3.17656976339703522871e-01
  -3.42779511066567454947e-01-j3.04284047419064063167e-01
  -3.51855082495506454876e-01-j2.90681163962116739796e-01
  -3.60619928140719359089e-01-j2.76831611222552231855e-01
  -3.69064758961318239994e-01-j2.62719124580044427475e-01
  -3.77177418474914316615e-01-j2.48328077337085895149e-01
  -3.84942877968851349113e-01-j2.33643682529596774522e-01
  -3.92343233720298001366e-01-j2.18652210709695260515e-01
  -3.99357709526201476447e-01-j2.03341225386698049027e-01
  -4.05962668178797669860e-01-j1.87699837499832156151e-01
  -4.12131635874255275453e-01-j1.71718979930215259744e-01
  -4.17835343903857292513e-01-j1.55391702627938277370e-01
  -4.23041792338715860744e-01-j1.38713488419507147142e-01
  -4.27716340767108960108e-01-j1.21682588959737367218e-01
  -4.31821831461713323552e-01-j1.04300379589581090900e-01
  -4.35318750621632166720e-01-j8.65717310478727741785e-02
  -4.38165433527618275455e-01-j6.85053950545927159421e-02
  -4.40318319539586611189e-01-j5.01143997320959572184e-02
  -4.41732262822095100852e-01-j3.14164496612935953412e-02
  -4.42360904470387672482e-01-j1.24343240886967514036e-02
  -4.42157111288598969612e-01+j6.80373457722485697197e-03
  -4.41073485803366860392e-01+j2.62636512924379894596e-02
  -4.39062951139375490239e-01+j4.59051787287700768792e-02
  -4.36079413100527946145e-01+j6.56815997369502302394e-02
  -4.32078500155925027126e-01+j8.55394856291320920816e-02
  -4.27018379997006924942e-01+j1.05418525275664240470e-01
  -4.20860648893734867748e-01+j1.25251441079148095881e-01
  -4.13571287232025963654e-01+j1.44964008641050218218e-01
  -4.05121671379151726544e-01+j1.64475197263934808101e-01
  -3.95489628440260809761e-01+j1.83697448218594044933e-01
  -3.84660516607951252777e-01+j2.02537106829257185225e-01
  -3.72628309771874666190e-01+j2.20895022772236965247e-01
  -3.59396660986941285376e-01+j2.38667330434781499449e-01
  -3.44979915475915832612e-01+j2.55746417651317115016e-01
  -3.29404040282529508854e-01+j2.72022086564744969284e-01
  -3.12707434747555912402e-01+j2.87382904735328514878e-01
  -2.94941583933531703554e-01+j3.01717737980642941586e-01
  -2.76171516272477435283e-01+j3.14917448889332429740e-01
  -2.56476027353404911757e-01+j3.26876736703566705966e-01
  -2.35947634179987042469e-01+j3.37496085595706707405e-01
  -2.14692228643318466785e-01+j3.46683779653563450829e-01
  -1.92828405520219292590e-01+j3.54357934605030067132e-01
  -1.70486449065303719008e-01+j3.60448489002070215914e-01
  -1.47806973112007716820e-01+j3.64899091840779399298e-01
  -1.24939222265913030263e-01+j3.67668820026457843220e-01
  -1.02039055809486092774e-01+j3.68733658270587738581e-01
  -7.92666507051280472274e-02+j3.68087676407177766258e-01
  -5.67839747808445843846e-02+j3.65743845058521865887e-01
  -3.47520948833739892758e-02+j3.61734440169328763659e-01
  -1.33283964981703289404e-02+j3.56111000003617228504e-01
  +7.33619990522935052496e-03+j3.48943814308111333045e-01
  +2.70999355957181817245e-02+j3.40320943743341153276e-01
  +4.58327326724488823273e-02+j3.30346787361901816915e-01
  +6.34184491409441608578e-02+j3.19140235669551297626e-01
  +7.97567926974819402242e-02+j3.06832465338237603270e-01
  +9.47648294529279539011e-02+j2.93564447668070882536e-01
  +1.08378040962511953960e-01+j2.79484255280627980067e-01
  +1.20550902605560894543e-01+j2.64744259391997804887e-01
  +1.31256977274163133540e-01+j2.49498312837034913469e-01
  +1.40488539081302349354e-01+j2.33899011679755852722e-01
  +1.48255761025736926273e-01+j2.18095121047033935202e-01
  +1.54585517058792393241e-01+j2.02229239437202085172e-01
  +1.59519861866803086548e-01+j1.86435761153810414248e-01
  +1.63114260334644434192e-01+j1.70839179856402650914e-01
  +1.65435642884328520941e-01+j1.55552758732344337256e-01
  +1.66560362838147513198e-01+j1.40677575653550573920e-01
  +1.66572128093832649842e-01+j1.26301935914624130497e-01
  +1.65559972404191374507e-01+j1.12501131557129305238e-01
  +1.63616322248693657482e-01+j9.93375154060073123352e-02
  +1.60835204540669740592e-01+j8.68608500454477322483e-02
  +1.57310629069108115496e-01+j7.51088870580304129865e-02
  +1.53135168370570978746e-01+j6.41081297491944285261e-02
  +1.48398747266664632338e-01+j5.38747329285218790051e-02
  +1.43187645029151378040e-01+j4.44154956723748078895e-02
  +1.37583705328011590696e-01+j3.57289068563221220987e-02
  +1.31663742908982445146e-01+j2.78062081313842426877e-02
  +1.25499131340819053415e-01+j2.06324444741264184655e-02
  +1.19155553075097619953e-01+j1.41874780779878660597e-02
  +1.12692891310484322176e-01+j8.44694685846785614514e-03
  +1.06165242545830845744e-01+j3.38315398284467269002e-03
  +9.96210290213236787649e-02-j1.03412055357404914814e-03
  +9.31031912654603499568e-02-j4.83689129090469991518e-03
  +8.66494424834282350734e-02-j8.05832325917775656177e-03
  +8.02925683598610662184e-02-j1.07321714906808089035e-02
  +7.40607578540796313016e-02-j1.28923009852800370123e-02
  +6.79779526170645326255e-02-j1.45722825059136085191e-02
  +6.20642046636843275342e-02-j1.58050585469774566849e-02
  +5.63360338240509392338e-02-j1.66226731919035253249e-02
  +5.08067782299981146599e-02-j1.70560592834182005173e-02
  +4.54869326408336230316e-02-j1.71348763008230334237e-02
  +4.03844707657189938566e-02-j1.68873925100219979267e-02
  +3.55051488983996327287e-02-j1.63404052688529144444e-02
  +3.08527891517914494568e-02-j1.55191937862260032760e-02
  +2.64295413785636430781e-02-j1.44474991103043064189e-02
  +2.22361235060175958800e-02-j1.31475266282216809305e-02
  +1.82720405176195928310e-02-j1.16399668740267119710e-02
  +1.45357826978009738172e-02-j9.94403094518304941918e-03
  +1.10250040392345493440e-02-j8.07749730860257871001e-03
  +7.73668190936594758755e-03-j6.05676722644890933034e-03
  +4.66725920076983737811e-03-j3.89692644481217211408e-03
  +1.81277026151139132419e-03-j1.61181116226514434958e-03
  -8.31048071112639894983e-04+j7.85923370190620999495e-04
  -3.26865901724395857900e-03+j3.28473297047730036086e-03
  -5.50464069823145950994e-03+j5.87411446169191359123e-03
  -7.54361204586307797920e-03+j8.54453629217678291285e-03
  -9.39016861002235463107e-03+j1.12873705150481028203e-02
  -1.10488271706645577869e-02+j1.40948266380442940177e-02
  -1.25239781375409021252e-02+j1.69598877151648057271e-02
  -1.38198448004365967434e-02+j1.98762489346217333108e-02
  -1.49404485716196789441e-02+j2.28382588602655117738e-02
  -1.58895794391702080417e-02+j2.58408634033278419850e-02
  -1.66707709236751516757e-02+j2.88795525355379223420e-02
  -1.72872789007515494097e-02+j3.19503097013058984244e-02
  -1.77420637174455358975e-02+j3.50495638437891832151e-02
  -1.80377750915954974953e-02+j3.81741439254670300585e-02
  -1.81767393396238922942e-02+j4.13212357969269875047e-02
  -1.81609485300420064879e-02+j4.44883412465085018028e-02
  -1.79920512073970875755e-02+j4.76732390471440170554e-02
  -1.76713443747065178380e-02+j5.08739478041792189678e-02
  -1.71997664619114067064e-02+j5.40886903983076872127e-02
  -1.65778910439021605339e-02+j5.73158598102629923687e-02
  -1.58059211045614746161e-02+j6.05539861079840771585e-02
  -1.48836836734387873565e-02+j6.38017043720413984387e-02
  -1.38106246894949668408e-02+j6.70577233307900477666e-02
  -1.25858039722077982153e-02+j7.03207944725760536464e-02
  -1.12078902046794312564e-02+j7.35896813980412428657e-02
  -9.67515585653752792361e-03+j7.68631291710167308118e-02
  -7.98547199688670605866e-03+j8.01398334212118507169e-02
  -6.13630296967119896745e-03+j8.34184089460012767603e-02
  -4.12470092609563705049e-03+j8.66973575517406558344e-02
  -1.94730023151657620842e-03+j8.99750348672188199339e-02
  +3.99688211899183461033e-04+j9.32496158530100732742e-02
  +2.92048266010946390436e-03+j9.65190587205745909039e-02
  +5.61973614562834636321e-03+j9.97810669640560587990e-02
  +8.50254189533894595698e-03+j1.03033049195844550461e-01
  +1.15744383902695435057e-02+j1.06272076464329817691e-01
  +1.48414138727692036107e-02+j1.09494836718989366209e-01
  +1.83099100647461793256e-02+j1.12697586074389094479e-01
  +2.19868248134854615827e-02+j1.15876096511109388798e-01
  +2.58795133281979269912e-02+j1.19025599638670362412e-01
  +2.99957876099918932522e-02+j1.22140726133741300830e-01
  +3.43439136093146024642e-02+j1.25215440457096899296e-01
  +3.89326055672531354257e-02+j1.28242970446106663296e-01
  +4.37710169090546608039e-02+j1.31215731376971733724e-01
  +4.88687269589492198629e-02+j1.34125244094362244818e-01
  +5.42357226334623521158e-02+j1.36962046817185101322e-01
  +5.98823741449112587065e-02+j1.39715600250408772398e-01
  +6.58194036065202492392e-02+j1.42374185666956198926e-01
  +7.20578452746498676618e-02+j1.44924795673989692535e-01
  +7.86089959912856378610e-02+j1.47353017448472900508e-01
</dep>
<dep S[1,2] frequency>
  +2.24066676446703888503e-01-j6.60767048970140602471e-01
  +1.89894680733720844223e-01-j6.55289524126513533986e-01
  +1.57590821593286106728e-01-j6.48578931039472950104e-01
  +1.27065093625489067275e-01-j6.40848933099799400459e-01
  +9.82198805656480239401e-02-j6.32282134312798671516e-01
  +7.09538997029629386892e-02-j6.23033454049966572974e-01
  +4.51651646121105226905e-02-j6.13233388072022878035e-01
  +2.07531582819726508060e-02-j6.02991059838912102364e-01
  -2.37961811906881818418e-03-j5.92397010492335285292e-01
  -2.43265824803448951763e-02-j5.81525706528739583234e-01
  -4.51763815302350935088e-02-j5.70437764472111141778e-01
  -6.50124816777767622344e-02-j5.59181904597556789227e-01
  -8.39129681808348099059e-02-j5.47796653145797618478e-01
  -1.01950495517812933510e-01-j5.36311816171961885935e-01
  -1.19192344595950155961e-01-j5.24749749421275613059e-01
  -1.35700552697712001349e-01-j5.13126448308343197091e-01
  -1.51532090234788974215e-01-j5.01452480817803358804e-01
  -1.66739064808805126372e-01-j4.89733784374168812370e-01
  -1.81368938096140019933e-01-j4.77972345731592140883e-01
  -1.95464744959045644279e-01-j4.66166780897672938799e-01
  -2.09065307172496855914e-01-j4.54312830141877010970e-01
  -2.22205436437263231797e-01-j4.42403781315592659062e-01
  -2.34916123081971489617e-01-j4.30430833059478323843e-01
  -2.47224708164915291109e-01-j4.18383408006840706861e-01
  -2.59155037670740773237e-01-j4.06249424807565706619e-01
  -2.70727598236114530561e-01-j3.94015536685721978749e-01
  -2.81959634394833458249e-01-j3.81667343291312743947e-01
  -2.92865247755083601966e-01-j3.69189581796643573330e-01
  -3.03455478848169812878e-01-j3.56566302502883347714e-01
  -3.13738372648933394604e-01-j3.43781033646312850216e-01
  -3.23719028986916290691e-01-j3.30816939609974547398e-01
  -3.33399639262302149856e-01-j3.17656976339704244516e-01
  -3.42779511066568398636e-01-j3.04284047419063008455e-01
  -3.51855082495506454876e-01-j2.90681163962116739796e-01
  -3.60619928140718248866e-01-j2.76831611222555507013e-01
  -3.69064758961317407326e-01-j2.62719124580044260941e-01
  -3.77177418474912873325e-01-j2.48328077337086033927e-01
  -3.84942877968852015247e-01-j2.33643682529597218611e-01
  -3.92343233720298889544e-01-j2.18652210709692984558e-01
  -3.99357709526203252803e-01-j2.03341225386698465361e-01
  -4.05962668178797503327e-01-j1.87699837499831628795e-01
  -4.12131635874256274654e-01-j1.71718979930215231988e-01
  -4.17835343903856792913e-01-j1.55391702627939581882e-01
  -4.23041792338715749722e-01-j1.38713488419507174898e-01
  -4.27716340767108738063e-01-j1.21682588959737950085e-01
  -4.31821831461713434575e-01-j1.04300379589579203521e-01
  -4.35318750621632111208e-01-j8.65717310478722329448e-02
  -4.38165433527618164433e-01-j6.85053950545926881865e-02
  -4.40318319539586389144e-01-j5.01143997320963943687e-02
  -4.41732262822095600452e-01-j3.14164496612952190424e-02
  -4.42360904470388394127e-01-j1.24343240886960401670e-02
  -4.42157111288599469212e-01+j6.80373457722544764531e-03
  -4.41073485803366305280e-01+j2.62636512924378784373e-02
  -4.39062951139374990639e-01+j4.59051787287705348461e-02
  -4.36079413100527946145e-01+j6.56815997369502302394e-02
  -4.32078500155925637749e-01+j8.55394856291317590147e-02
  -4.27018379997006369830e-01+j1.05418525275665281304e-01
  -4.20860648893734978770e-01+j1.25251441079147707303e-01
  -4.13571287232026019165e-01+j1.44964008641050051684e-01
  -4.05121671379152170633e-01+j1.64475197263935196679e-01
  -3.95489628440260698738e-01+j1.83697448218594294733e-01
  -3.84660516607951918910e-01+j2.02537106829256824403e-01
  -3.72628309771874000056e-01+j2.20895022772236965247e-01
  -3.59396660986940508220e-01+j2.38667330434782165582e-01
  -3.44979915475915999146e-01+j2.55746417651317003994e-01
  -3.29404040282529786410e-01+j2.72022086564744636217e-01
  -3.12707434747556189958e-01+j2.87382904735328237322e-01
  -2.94941583933531481510e-01+j3.01717737980642108919e-01
  -2.76171516272477823861e-01+j3.14917448889332263207e-01
  -2.56476027353404856246e-01+j3.26876736703566816988e-01
  -2.35947634179987181247e-01+j3.37496085595708372740e-01
  -2.14692228643318383519e-01+j3.46683779653563450829e-01
  -1.92828405520218959524e-01+j3.54357934605030233666e-01
  -1.70486449065303691253e-01+j3.60448489002069716314e-01
  -1.47806973112007355997e-01+j3.64899091840778622142e-01
  -1.24939222265912433518e-01+j3.67668820026458953443e-01
  -1.02039055809485704196e-01+j3.68733658270587572048e-01
  -7.92666507051276586493e-02+j3.68087676407177155635e-01
  -5.67839747808453268463e-02+j3.65743845058522143443e-01
  -3.47520948833744819373e-02+j3.61734440169328763659e-01
  -1.33283964981703757779e-02+j3.56111000003617228504e-01
  +7.33619990522890730311e-03+j3.48943814308110444866e-01
  +2.70999355957183066246e-02+j3.40320943743341153276e-01
  +4.58327326724494582555e-02+j3.30346787361901983449e-01
  +6.34184491409437861575e-02+j3.19140235669551297626e-01
  +7.97567926974815932795e-02+j3.06832465338240156782e-01
  +9.47648294529272738895e-02+j2.93564447668071104580e-01
  +1.08378040962511704159e-01+j2.79484255280626980866e-01
  +1.20550902605560714131e-01+j2.64744259391998804087e-01
  +1.31256977274162606184e-01+j2.49498312837035135514e-01
  +1.40488539081301627709e-01+j2.33899011679755353121e-01
  +1.48255761025736787495e-01+j2.18095121047034185002e-01
  +1.54585517058791782619e-01+j2.02229239437201419038e-01
  +1.59519861866803280837e-01+j1.86435761153810775070e-01
  +1.63114260334643712547e-01+j1.70839179856402206825e-01
  +1.65435642884328021340e-01+j1.55552758732344864612e-01
  +1.66560362838147235642e-01+j1.40677575653551240054e-01
  +1.66572128093832094731e-01+j1.26301935914623547630e-01
  +1.65559972404190874906e-01+j1.12501131557128597471e-01
  +1.63616322248693241148e-01+j9.93375154060071874351e-02
  +1.60835204540668658124e-01+j8.68608500454478987818e-02
  +1.57310629069107255074e-01+j7.51088870580302464530e-02
  +1.53135168370571561614e-01+j6.41081297491939844369e-02
  +1.48398747266664604583e-01+j5.38747329285220177830e-02
  +1.43187645029151322529e-01+j4.44154956723748980951e-02
  +1.37583705328011340896e-01+j3.57289068563219971986e-02
  +1.31663742908981418189e-01+j2.78062081313849122910e-02
  +1.25499131340819081171e-01+j2.06324444741262172376e-02
  +1.19155553075097467297e-01+j1.41874780779879961640e-02
  +1.12692891310484238909e-01+j8.44694685846816319119e-03
  +1.06165242545830998400e-01+j3.38315398284504001772e-03
  +9.96210290213231791645e-02-j1.03412055357372128540e-03
  +9.31031912654596283119e-02-j4.83689129090510237102e-03
  +8.66494424834282073178e-02-j8.05832325917852157482e-03
  +8.02925683598610384628e-02-j1.07321714906805087963e-02
  +7.40607578540793259902e-02-j1.28923009852796761898e-02
  +6.79779526170648101813e-02-j1.45722825059132858605e-02
  +6.20642046636848895846e-02-j1.58050585469772138236e-02
  +5.63360338240513972008e-02-j1.66226731919039763530e-02
  +5.08067782299979342486e-02-j1.70560592834177043864e-02
  +4.54869326408336993595e-02-j1.71348763008230889349e-02
  +4.03844707657188203842e-02-j1.68873925100217342488e-02
  +3.55051488983994106841e-02-j1.63404052688529803639e-02
  +3.08527891517914841513e-02-j1.55191937862263189957e-02
  +2.64295413785631677639e-02-j1.44474991103047713248e-02
  +2.22361235060176791467e-02-j1.31475266282213270469e-02
  +1.82720405176197316088e-02-j1.16399668740264240069e-02
  +1.45357826978005869739e-02-j9.94403094518308931782e-03
  +1.10250040392341555617e-02-j8.07749730860226472506e-03
  +7.73668190936593284240e-03-j6.05676722644893882064e-03
  +4.66725920077061540159e-03-j3.89692644481240283230e-03
  +1.81277026151133516252e-03-j1.61181116226496632358e-03
  -8.31048071112456881657e-04+j7.85923370190817131668e-04
  -3.26865901724379941812e-03+j3.28473297047750635927e-03
  -5.50464069823176395391e-03+j5.87411446169202808298e-03
  -7.54361204586313088827e-03+j8.54453629217681760732e-03
  -9.39016861002207360587e-03+j1.12873705150480195536e-02
  -1.10488271706648284037e-02+j1.40948266380443408552e-02
  -1.25239781375410218212e-02+j1.69598877151648265438e-02
  -1.38198448004368118491e-02+j1.98762489346223265863e-02
  -1.49404485716194447564e-02+j2.28382588602658136157e-02
  -1.58895794391699131387e-02+j2.58408634033279356601e-02
  -1.66707709236749469783e-02+j2.88795525355378043808e-02
  -1.72872789007517020654e-02+j3.19503097013058012799e-02
  -1.77420637174454005891e-02+j3.50495638437891277039e-02
  -1.80377750915955113731e-02+j3.81741439254672035308e-02
  -1.81767393396240380110e-02+j4.13212357969273968994e-02
  -1.81609485300418295461e-02+j4.44883412465088071142e-02
  -1.79920512073968308364e-02+j4.76732390471439684831e-02
  -1.76713443747066288603e-02+j5.08739478041790177398e-02
  -1.71997664619112956841e-02+j5.40886903983077149682e-02
  -1.65778910439025213563e-02+j5.73158598102634989080e-02
  -1.58059211045613150215e-02+j6.05539861079836608249e-02
  -1.48836836734385427605e-02+j6.38017043720413012942e-02
  -1.38106246894948749004e-02+j6.70577233307900200110e-02
  -1.25858039722076854583e-02+j7.03207944725760675242e-02
  -1.12078902046794711550e-02+j7.35896813980409930656e-02
  -9.67515585653762506813e-03+j7.68631291710168140785e-02
  -7.98547199688661411832e-03+j8.01398334212119062281e-02
  -6.13630296967086503318e-03+j8.34184089460015681938e-02
  -4.12470092609578536935e-03+j8.66973575517409611457e-02
  -1.94730023151643526214e-03+j8.99750348672191252453e-02
  +3.99688211899183461033e-04+j9.32496158530100732742e-02
  +2.92048266010934030532e-03+j9.65190587205747713151e-02
  +5.61973614562871585931e-03+j9.97810669640558228766e-02
  +8.50254189533920269606e-03+j1.03033049195844314538e-01
  +1.15744383902690716609e-02+j1.06272076464329581769e-01
  +1.48414138727691203440e-02+j1.09494836718989255187e-01
  +1.83099100647462278979e-02+j1.12697586074389274891e-01
  +2.19868248134854234188e-02+j1.15876096511109319409e-01
  +2.58795133281978298467e-02+j1.19025599638670320779e-01
  +2.99957876099918585577e-02+j1.22140726133740953885e-01
  +3.43439136093149563478e-02+j1.25215440457096816029e-01
  +3.89326055672535795149e-02+j1.28242970446106829829e-01
  +4.37710169090547718262e-02+j1.31215731376972011279e-01
  +4.88687269589492823130e-02+j1.34125244094362133795e-01
  +5.42357226334625394659e-02+j1.36962046817184768255e-01
  +5.98823741449112795232e-02+j1.39715600250408494842e-01
  +6.58194036065201659724e-02+j1.42374185666956087903e-01
  +7.20578452746499092951e-02+j1.44924795673989581513e-01
  +7.86089959912855545943e-02+j1.47353017448473122553e-01
</dep>
<dep S[1,1] frequency>
  -6.75964246079068020734e-01-j2.28859280812139548322e-01
  -6.99713199843517541510e-01-j2.02449720000946797871e-01
  -7.21032015485079225137e-01-j1.74920073844382795158e-01
  -7.40002813561436156853e-01-j1.46493568269654261815e-01
  -7.56715045997988444704e-01-j1.17363026857559366034e-01
  -7.71261568650529638624e-01-j8.76942887621174615997e-02
  -7.83735698136684422188e-01-j5.76295146017908321845e-02
  -7.94229061100648503491e-01-j2.72902843477678958006e-02
  -8.02830070948897134286e-01+j3.21956441036300167191e-03
  -8.09622894000638915202e-01+j3.38113788269518156238e-02
  -8.14686791926920284013e-01+j6.44094145262136263952e-02
  -8.18095749354189050173e-01+j9.49488287108190276431e-02
  -8.19918314285713045741e-01+j1.25373923312539770070e-01
  -8.20217594632161706159e-01+j1.55636615175013676149e-01
  -8.19051366925585333512e-01+j1.85695109048536699525e-01
  -8.16472263585632407334e-01+j2.15512749537356024243e-01
  -8.12528013299746554310e-01+j2.45057029449634006246e-01
  -8.07261715531871537621e-01+j2.74298733827709972921e-01
  -8.00712135213037967674e-01+j3.03211200998021845887e-01
  -7.92914007569278100895e-01+j3.31769684089281868822e-01
  -7.83898346042195326433e-01+j3.59950798511780412081e-01
  -7.73692748545719788389e-01+j3.87732042803896170824e-01
  -7.62321699034658961658e-01+j4.15091382002060305112e-01
  -7.49806862659774031599e-01+j4.42006884265514043975e-01
  -7.36167373748866094019e-01+j4.68456402889357192976e-01
  -7.21420116559924995414e-01+j4.94417297078060147264e-01
  -7.05579999261145340839e-01+j5.19866185940863312354e-01
  -6.88660221949497386440e-01+j5.44778731125631354715e-01
  -6.70672539760087893512e-01+j5.69129444345278123762e-01
  -6.51627522269762282647e-01+j5.92891516785647110233e-01
  -6.31534810480509301023e-01+j6.16036668030243594885e-01
  -6.10403372696412649390e-01+j6.38535012707779126018e-01
  -5.88241760593102624988e-01+j6.60354943574724351230e-01
  -5.65058366728992012007e-01+j6.81463030195689656310e-01
  -5.40861684668451081492e-01+j7.01823932788155246953e-01
  -5.15660572782379311718e-01+j7.21400331160694685551e-01
  -4.89464522663895285071e-01+j7.40152869000736512994e-01
  -4.62283932947460840523e-01+j7.58040114062952685714e-01
  -4.34130389149774253976e-01+j7.75018535074949221908e-01
  -4.05016949960909200534e-01+j7.91042496415091389572e-01
  -3.74958440204603948853e-01+j8.06064271828630052319e-01
  -3.43971750458237524040e-01+j8.20034078633024243743e-01
  -3.12076143076373324625e-01+j8.32900134021053339950e-01
  -2.79293564098069935220e-01+j8.44608735200141902411e-01
  -2.45648960238605024164e-01+j8.55104365207500549673e-01
  -2.11170599873002517999e-01+j8.64329826312116744624e-01
  -1.75890396613543553705e-01+j8.72226402955866175759e-01
  -1.39844233768855685796e-01+j8.78734056196647794756e-01
  -1.03072287650080418597e-01+j8.83791651597110816674e-01
  -6.56193473623004064343e-02+j8.87337222454071872235e-01
  -2.75351283874348262692e-02+j8.89308270188108873633e-01
  +1.11254230713592194846e-02+j8.89642103612259482759e-01
  +5.03018383564481919024e-02+j8.88276218675742690323e-01
  +8.99278509591434627168e-02+j8.85148720135559785582e-01
  +1.29931141554792239923e-01+j8.80198786446349412671e-01
  +1.70233107960168328354e-01+j8.73367178976123148537e-01
  +2.10748664936810103931e-01+j8.64596796447160143018e-01
  +2.51386079248574700884e-01+j8.53833275257579904505e-01
  +2.92046845931752063752e-01+j8.41025636042546542726e-01
  +3.32625612365133105364e-01+j8.26126976459286788135e-01
  +3.73010157443959322610e-01+j8.09095209691579553279e-01
  +4.13081433967095013049e-01+j7.89893847521355385588e-01
  +4.52713683229057695101e-01+j7.68492825951921920691e-01
  +4.91774631738878698073e-01+j7.44869370225717974954e-01
  +5.30125780913612842937e-01+j7.19008894592509162358e-01
  +5.67622801435690771399e-01+j6.90905930287194713912e-01
  +6.04116044608564273233e-01+j6.60565072817763332402e-01
  +6.39451183350834062580e-01+j6.28001936814119643415e-01
  +6.73469995261395837360e-01+j5.93244103355107577080e-01
  +7.06011299272126580107e-01+j5.56332040932417060120e-01
  +7.36912055575640545513e-01+j5.17319977148494425379e-01
  +7.66008635579735308596e-01+j4.76276694078995477266e-01
  +7.93138264439840368070e-01+j4.33286216235388932372e-01
  +8.18140633162658170718e-01+j3.88448356594507659967e-01
  +8.40859670363446443098e-01+j3.41879083635837077715e-01
  +8.61145455625321742943e-01+j2.93710671197581540959e-01
  +8.78856247331774587117e-01+j2.44091593680715229775e-01
  +8.93860588260154687035e-01+j1.93186132096046514484e-01
  +9.06039442725008248303e-01+j1.41173661954095697180e-01
  +9.15288310359112289305e-01+j8.82476021674434979447e-02
  +9.21519254505285156931e-01+j3.46140148805910152774e-02
  +9.24662778455459966054e-01-j1.95101408751375028638e-02
  +9.24669481126628500789e-01-j7.38990841802945053196e-02
  +9.21511425748329449092e-01-j1.28320582924802001346e-01
  +9.15183161043693016445e-01-j1.82538572018962286236e-01
  +9.05702344192698793890e-01-j2.36315957013254418495e-01
  +8.93109928205275682700e-01-j2.89417529512042470685e-01
  +8.77469892501604897816e-01-j3.41612912636381937936e-01
  +8.58868513511249487280e-01-j3.92679450778106620135e-01
  +8.37413190779547011999e-01-j4.42404958405264669974e-01
  +8.13230862144418864546e-01-j4.90590247769518261745e-01
  +7.86466057799677598084e-01-j5.37051364689546617548e-01
  +7.57278656436267016971e-01-j5.81621474458178022715e-01
  +7.25841416359098823285e-01-j6.24152355392857183247e-01
  +6.92337360050000905076e-01-j6.64515474503442948873e-01
  +6.56957091975824303276e-01-j7.02602637022513021314e-01
  +6.19896126749048148596e-01-j7.38326218028307335040e-01
  +5.81352298545599888158e-01-j7.71618999144971784432e-01
  +5.41523313688259233523e-01-j8.02433645609772372431e-01
  +5.00604497352124422349e-01-j8.30741868395171723094e-01
  +4.58786773310736917253e-01-j8.56533322374151917522e-01
  +4.16254903341488680102e-01-j8.79814294771657512406e-01
  +3.73186001064340966416e-01-j9.00606238605026976352e-01
  +3.29748324169449213983e-01-j9.18944203879728971351e-01
  +2.86100339604247910774e-01-j9.34875215458486952258e-01
  +2.42390048580555739210e-01-j9.48456641281844481384e-01
  +1.98754552320773436591e-01-j9.59754588493855309572e-01
  +1.55319835256664096068e-01-j9.68842358479215182143e-01
  +1.12200739796961379557e-01-j9.75798985240349470160e-01
  +6.95011055978764780150e-02-j9.80707875246102034339e-01
  +2.73140462733479916224e-02-j9.83655561096340669280e-01
  -1.42776625742672691466e-02-j9.84730576219205011590e-01
  -5.52011084750638758578e-02-j9.84022453430944410435e-01
  -9.53927027049539799641e-02-j9.81620846566808591405e-01
  -1.34797596308829342737e-01-j9.77614771515411984382e-01
  -1.73369068894998007435e-01-j9.72091960807336841199e-01
  -2.11067905001947886401e-01-j9.65138324349683496273e-01
  -2.47861770369702416605e-01-j9.56837507879235937835e-01
  -2.83724598139515060691e-01-j9.47270540141476935503e-01
  -3.18635992901872333594e-01-j9.36515559606404757176e-01
  -3.52580658638083299650e-01-j9.24647611626211896052e-01
  -3.85547854964305380943e-01-j9.11738507253552432630e-01
  -4.17530884685764214215e-01-j8.97856735410961892541e-01
  -4.48526614491885744496e-01-j8.83067420679909842463e-01
  -4.78535029653360699520e-01-j8.67432319619498071184e-01
  -5.07558822799682340943e-01-j8.51009849195864198634e-01
  -5.35603016238749840561e-01-j8.33855141577664937813e-01
  -5.62674616807118832540e-01-j8.16020120210838251218e-01
  -5.88782301889166803655e-01-j7.97553592713339920550e-01
  -6.13936134996364346605e-01-j7.78501356718015680158e-01
  -6.38147309135982498951e-01-j7.58906315333738756834e-01
  -6.61427916106064106572e-01-j7.38808599388371622929e-01
  -6.83790739816213521962e-01-j7.18245694061472095271e-01
  -7.05249071740010502474e-01-j6.97252567910853215949e-01
  -7.25816546643955562423e-01-j6.75861802647258924637e-01
  -7.45506996801710508649e-01-j6.54103722318379876555e-01
  -7.64334322983614589120e-01-j6.32006520830551865586e-01
  -7.82312380604551993457e-01-j6.09596386967208747620e-01
  -7.99454879513352922871e-01-j5.86897626261245086710e-01
  -8.15775296010649908496e-01-j5.63932779247290350000e-01
  -8.31286795786480348092e-01-j5.40722735762959039185e-01
  -8.46002166571874658629e-01-j5.17286845088557822869e-01
  -8.59933759398608277280e-01-j4.93643021815521942930e-01
  -8.73093437457125753909e-01-j4.69807847417537505219e-01
  -8.85492531633600643559e-01-j4.45796667567518289932e-01
  -8.97141801892736734381e-01-j4.21623685300343609139e-01
  -9.08051403753072361447e-01-j3.97302050167521125790e-01
  -9.18230859176121683163e-01-j3.72843943567452595911e-01
  -9.27689031259839369525e-01-j3.48260660465184779255e-01
  -9.36434102190771944230e-01-j3.23562687739788412689e-01
  -9.44473553968287027338e-01-j2.98759779416876924962e-01
  -9.51814151468557412272e-01-j2.73861029059412119935e-01
  -9.58461927466202845416e-01-j2.48874939602441419551e-01
  -9.64422169277816543342e-01-j2.23809490927760562640e-01
  -9.69699406734591429213e-01-j1.98672205483207159338e-01
  -9.74297401231345117090e-01-j1.73470212258794637128e-01
  -9.78219135636859915550e-01-j1.48210309438980586405e-01
  -9.81466804886060639745e-01-j1.22899026056939641993e-01
  -9.84041807108651744862e-01-j9.75426829836442688126e-02
  -9.85944735181905507204e-01-j7.21474535915701264965e-02
  -9.87175368627835281288e-01-j4.67194244406435310601e-02
  -9.87732665807458221074e-01-j2.12646563424211815230e-02
  -9.87614756397937054722e-01+j4.21075383221609922391e-03
  -9.86818934172416062367e-01+j2.97006102263825955134e-02
  -9.85341650138244595780e-01+j5.51985535649623729193e-02
  -9.83178506127272644477e-01+j8.06979948182372230914e-02
  -9.80324248973020395681e-01+j1.06192046550026078511e-01
  -9.76772765454276603592e-01+j1.31673451525605333945e-01
  -9.72517078233942733334e-01+j1.57134508140944595400e-01
  -9.67549343076493650884e-01+j1.82566992221138424402e-01
  -9.61860847688281173085e-01+j2.07962074722728929022e-01
  -9.55442012592879530430e-01+j2.33310234862684373613e-01
  -9.48282394529989414167e-01+j2.58601168186712637720e-01
  -9.40370692951975173379e-01+j2.83823689082730035160e-01
  -9.31694760288305778850e-01+j3.08965627242526685858e-01
  -9.22241616755977489106e-01+j3.34013717577950786097e-01
  -9.11997470614823946278e-01+j3.58953483109000937024e-01
  -9.00947744901540392704e-01+j3.83769110362433774064e-01
  -8.89077111826501842451e-01+j4.08443316853892846030e-01
  -8.76369536184014252811e-01+j4.32957210277378490293e-01
  -8.62808329310313815164e-01+j4.57290139097257020140e-01
</dep>
