<Qucs Dataset 1.0.7>
<indep frequency 181>
  +1.00000000000000000000e+09
  +1.05000000000000000000e+09
  +1.10000000000000000000e+09
  +1.15000000000000000000e+09
  +1.20000000000000000000e+09
  +1.25000000000000000000e+09
  +1.30000000000000000000e+09
  +1.35000000000000000000e+09
  +1.40000000000000000000e+09
  +1.45000000000000000000e+09
  +1.50000000000000000000e+09
  +1.55000000000000000000e+09
  +1.60000000000000000000e+09
  +1.65000000000000000000e+09
  +1.70000000000000000000e+09
  +1.75000000000000000000e+09
  +1.80000000000000000000e+09
  +1.85000000000000000000e+09
  +1.90000000000000000000e+09
  +1.95000000000000000000e+09
  +2.00000000000000000000e+09
  +2.05000000000000000000e+09
  +2.10000000000000000000e+09
  +2.15000000000000000000e+09
  +2.20000000000000000000e+09
  +2.25000000000000000000e+09
  +2.30000000000000000000e+09
  +2.35000000000000000000e+09
  +2.40000000000000000000e+09
  +2.45000000000000000000e+09
  +2.50000000000000000000e+09
  +2.55000000000000000000e+09
  +2.60000000000000000000e+09
  +2.65000000000000000000e+09
  +2.70000000000000000000e+09
  +2.75000000000000000000e+09
  +2.80000000000000000000e+09
  +2.85000000000000000000e+09
  +2.90000000000000000000e+09
  +2.95000000000000000000e+09
  +3.00000000000000000000e+09
  +3.05000000000000000000e+09
  +3.10000000000000000000e+09
  +3.15000000000000000000e+09
  +3.20000000000000000000e+09
  +3.25000000000000000000e+09
  +3.30000000000000000000e+09
  +3.35000000000000000000e+09
  +3.40000000000000000000e+09
  +3.45000000000000000000e+09
  +3.50000000000000000000e+09
  +3.55000000000000000000e+09
  +3.60000000000000000000e+09
  +3.65000000000000000000e+09
  +3.70000000000000000000e+09
  +3.75000000000000000000e+09
  +3.80000000000000000000e+09
  +3.85000000000000000000e+09
  +3.90000000000000000000e+09
  +3.95000000000000000000e+09
  +4.00000000000000000000e+09
  +4.05000000000000000000e+09
  +4.10000000000000000000e+09
  +4.15000000000000000000e+09
  +4.20000000000000000000e+09
  +4.25000000000000000000e+09
  +4.30000000000000000000e+09
  +4.35000000000000000000e+09
  +4.40000000000000000000e+09
  +4.45000000000000000000e+09
  +4.50000000000000000000e+09
  +4.55000000000000000000e+09
  +4.60000000000000000000e+09
  +4.65000000000000000000e+09
  +4.70000000000000000000e+09
  +4.75000000000000000000e+09
  +4.80000000000000000000e+09
  +4.85000000000000000000e+09
  +4.90000000000000000000e+09
  +4.95000000000000000000e+09
  +5.00000000000000000000e+09
  +5.05000000000000000000e+09
  +5.10000000000000000000e+09
  +5.15000000000000000000e+09
  +5.20000000000000000000e+09
  +5.25000000000000000000e+09
  +5.30000000000000000000e+09
  +5.35000000000000000000e+09
  +5.40000000000000000000e+09
  +5.45000000000000000000e+09
  +5.50000000000000000000e+09
  +5.55000000000000000000e+09
  +5.60000000000000000000e+09
  +5.65000000000000000000e+09
  +5.70000000000000000000e+09
  +5.75000000000000000000e+09
  +5.80000000000000000000e+09
  +5.85000000000000000000e+09
  +5.90000000000000000000e+09
  +5.95000000000000000000e+09
  +6.00000000000000000000e+09
  +6.05000000000000000000e+09
  +6.10000000000000000000e+09
  +6.15000000000000000000e+09
  +6.20000000000000000000e+09
  +6.25000000000000000000e+09
  +6.30000000000000000000e+09
  +6.35000000000000000000e+09
  +6.40000000000000000000e+09
  +6.45000000000000000000e+09
  +6.50000000000000000000e+09
  +6.55000000000000000000e+09
  +6.60000000000000000000e+09
  +6.65000000000000000000e+09
  +6.70000000000000000000e+09
  +6.75000000000000000000e+09
  +6.80000000000000000000e+09
  +6.85000000000000000000e+09
  +6.90000000000000000000e+09
  +6.95000000000000000000e+09
  +7.00000000000000000000e+09
  +7.05000000000000000000e+09
  +7.10000000000000000000e+09
  +7.15000000000000000000e+09
  +7.20000000000000000000e+09
  +7.25000000000000000000e+09
  +7.30000000000000000000e+09
  +7.35000000000000000000e+09
  +7.40000000000000000000e+09
  +7.45000000000000000000e+09
  +7.50000000000000000000e+09
  +7.55000000000000000000e+09
  +7.60000000000000000000e+09
  +7.65000000000000000000e+09
  +7.70000000000000000000e+09
  +7.75000000000000000000e+09
  +7.80000000000000000000e+09
  +7.85000000000000000000e+09
  +7.90000000000000000000e+09
  +7.95000000000000000000e+09
  +8.00000000000000000000e+09
  +8.05000000000000000000e+09
  +8.10000000000000000000e+09
  +8.15000000000000000000e+09
  +8.20000000000000000000e+09
  +8.25000000000000000000e+09
  +8.30000000000000000000e+09
  +8.35000000000000000000e+09
  +8.40000000000000000000e+09
  +8.45000000000000000000e+09
  +8.50000000000000000000e+09
  +8.55000000000000000000e+09
  +8.60000000000000000000e+09
  +8.65000000000000000000e+09
  +8.70000000000000000000e+09
  +8.75000000000000000000e+09
  +8.80000000000000000000e+09
  +8.85000000000000000000e+09
  +8.90000000000000000000e+09
  +8.95000000000000000000e+09
  +9.00000000000000000000e+09
  +9.05000000000000000000e+09
  +9.10000000000000000000e+09
  +9.15000000000000000000e+09
  +9.20000000000000000000e+09
  +9.25000000000000000000e+09
  +9.30000000000000000000e+09
  +9.35000000000000000000e+09
  +9.40000000000000000000e+09
  +9.45000000000000000000e+09
  +9.50000000000000000000e+09
  +9.55000000000000000000e+09
  +9.60000000000000000000e+09
  +9.65000000000000000000e+09
  +9.70000000000000000000e+09
  +9.75000000000000000000e+09
  +9.80000000000000000000e+09
  +9.85000000000000000000e+09
  +9.90000000000000000000e+09
  +9.95000000000000000000e+09
  +1.00000000000000000000e+10
</indep>
<dep S21_phase frequency>
  -4.35181557593885415258e+01
  -4.56296255704344702053e+01
  -4.77328641345256485806e+01
  -4.98277310489693547879e+01
  -5.19141113964819851390e+01
  -5.39919152185693533852e+01
  -5.60610768890775830187e+01
  -5.81215543999375015005e+01
  -6.01733285709294918320e+01
  -6.22164021951195351789e+01
  -6.42507991311491792885e+01
  -6.62765633530961935094e+01
  -6.82937579680289559292e+01
  -7.03024642106839365852e+01
  -7.23027804240138465275e+01
  -7.42948210335834602347e+01
  -7.62787155230217166491e+01
  -7.82546074170008552073e+01
  -8.02226532774273408677e+01
  -8.21830217177902682124e+01
  -8.41358924399468577349e+01
  -8.60814552968974311398e+01
  -8.80199093845180584594e+01
  -8.99514621645856209398e+01
  -9.18763286209533021065e+01
  -9.37947304501544181221e+01
  -9.57068952873525802261e+01
  -9.76130559680938887368e+01
  -9.95134498260012776427e+01
  -1.01408318026206913487e+02
  -1.03297904934089231688e+02
  -1.05182457518609140834e+02
  -1.07062224789375889600e+02
  -1.08937457266398510569e+02
  -1.10808406481335026683e+02
  -1.12675324508989049832e+02
  -1.14538463527663111563e+02
  -1.16398075406972452583e+02
  -1.18254411321662502132e+02
  -1.20107721389947457169e+02
  -1.21958254334892131965e+02
  -1.23806257167363554572e+02
  -1.25651974889084968368e+02
  -1.27495650214369291575e+02
  -1.29337523309122616411e+02
  -1.31177831545771056199e+02
  -1.33016809272788947283e+02
  -1.34854687597568386082e+02
  -1.36691694181419535425e+02
  -1.38528053045549370381e+02
  -1.40363984386915404912e+02
  -1.42199704402918882806e+02
  -1.44035425123957139704e+02
  -1.45871354252909753768e+02
  -1.47707695010702792615e+02
  -1.49544645987142672539e+02
  -1.51382400996281916150e+02
  -1.53221148935627780929e+02
  -1.55061073648570300065e+02
  -1.56902353789460931921e+02
  -1.58745162690826163043e+02
  -1.60589668232266916448e+02
  -1.62436032710640574805e+02
  -1.64284412711183421152e+02
  -1.66134958979287205239e+02
  -1.67987816292693310061e+02
  -1.69843123333934101993e+02
  -1.71701012562889559376e+02
  -1.73561610089399749768e+02
  -1.75425035545914056456e+02
  -1.77291401960223367951e+02
  -1.79160815628369249453e+02
  +1.78966624012115516962e+02
  +1.77090824508430387141e+02
  +1.75211700517929415355e+02
  +1.73329173932428062699e+02
  +1.71443174001020764763e+02
  +1.69553637450983757162e+02
  +1.67660508606282803612e+02
  +1.65763739503154567956e+02
  +1.63863290002175602922e+02
  +1.61959127896184611473e+02
  +1.60051229013376683952e+02
  +1.58139577314839442579e+02
  +1.56224164985758733337e+02
  +1.54304992519482283342e+02
  +1.52382068793593788314e+02
  +1.50455411137114509756e+02
  +1.48525045387927804086e+02
  +1.46591005939495914845e+02
  +1.44653335775925683038e+02
  +1.42712086494429740924e+02
  +1.40767318314229044063e+02
  +1.38819100070950128156e+02
  +1.36867509195584489134e+02
  +1.34912631677099113858e+02
  +1.32954562007828656078e+02
  +1.30993403110812948853e+02
  +1.29029266248302491249e+02
  +1.27062270910719959716e+02
  +1.25092544685432983442e+02
  +1.23120223104782027690e+02
  +1.21145449472903209198e+02
  +1.19168374670980469432e+02
  +1.17189156940686487474e+02
  +1.15207961645681663754e+02
  +1.13224961011178663739e+02
  +1.11240333841705506757e+02
  +1.09254265217353975004e+02
  +1.07266946168932165051e+02
  +1.05278573332599165724e+02
  +1.03289348584703219558e+02
  +1.01299478657696866435e+02
  +9.93091747381491813940e+01
  +9.73186520480218888451e+01
  +9.53281294105112095849e+01
  +9.33378288018922717129e+01
  +9.13479748909237372345e+01
  +8.93587945674874362112e+01
  +8.73705164622306682531e+01
  +8.53833704590778523880e+01
  +8.33975872025374513896e+01
  +8.14133976018036094047e+01
  +7.94310323336780896852e+01
  +7.74507213463733990011e+01
  +7.54726933662579426709e+01
  +7.34971754095980429611e+01
  +7.15243923013186275739e+01
  +6.95545662027626150348e+01
  +6.75879161503650180975e+01
  +6.56246576070779497059e+01
  +6.36650020282962358920e+01
  +6.17091564439167896694e+01
  +5.97573230580544603185e+01
  +5.78096988678049967803e+01
  +5.58664753023051972036e+01
  +5.39278378831939448901e+01
  +5.19939659074304003639e+01
  +5.00650321532648305833e+01
  +4.81412026100010237428e+01
  +4.62226362320324355437e+01
  +4.43094847174761454767e+01
  +4.24018923115739312379e+01
  +4.04999956348807046425e+01
  +3.86039235361165751215e+01
  +3.67137969694226740103e+01
  +3.48297288956292874218e+01
  +3.29518242070259361753e+01
  +3.10801796750139942560e+01
  +2.92148839199203003147e+01
  +2.73560174021599742389e+01
  +2.55036524338595889105e+01
  +2.36578532099841289948e+01
  +2.18186758579499020527e+01
  +1.99861685046690524814e+01
  +1.81603713599207665652e+01
  +1.63413168149385406025e+01
  +1.45290295550630688126e+01
  +1.27235266853306132617e+01
  +1.09248178678404883613e+01
  +9.13290546978193162886e+00
  +7.34778472099123458605e+00
  +5.56944387995912570943e+00
  +3.79786440721394935593e+00
  +2.03302114505612641082e+00
  +2.74882502652484428385e-01
  -1.47658935446314987239e+00
  -3.22143831138089176136e+00
  -4.95971410815975577435e+00
  -6.69147214234050391468e+00
  -8.41677327036168421159e+00
  -1.01356836086164587840e+01
  -1.18482743347796937172e+01
  -1.35546214900216170918e+01
  -1.52548057826643894686e+01
  -1.69489123937660828290e+01
  -1.86370307851144723088e+01
  -2.03192545100176928941e+01
  -2.19956810272473610723e+01
  +1.56333588481483189980e+02
  +1.54668449290447114208e+02
</dep>
<dep S11_phase frequency>
  -1.33548191416265211728e+02
  -1.35658256232877590719e+02
  -1.37760114756242927569e+02
  -1.39853622118364000926e+02
  -1.41938659683658897848e+02
  -1.44015134388071089688e+02
  -1.46082978007241024443e+02
  -1.48142146358715422139e+02
  -1.50192618444896140772e+02
  -1.52234395544577353121e+02
  -1.54267500261430399178e+02
  -1.56291975538002816393e+02
  -1.58307883643723272371e+02
  -1.60315305145085034155e+02
  -1.62314337865771392444e+02
  -1.64305095843937294831e+02
  -1.66287708293246737412e+02
  -1.68262318573654169995e+02
  -1.70229083177228943669e+02
  -1.72188170733659148937e+02
  -1.74139761039454100455e+02
  -1.76084044114199286923e+02
  -1.78021219286657355951e+02
  -1.79951494312909488826e+02
  +1.78124915471718679782e+02
  +1.76207787965769455241e+02
  +1.74296895078963871129e+02
  +1.72392003473327548591e+02
  +1.70492875268049658644e+02
  +1.68599268708325411126e+02
  +1.66710938798664329852e+02
  +1.64827637901401629961e+02
  +1.62949116301317019406e+02
  +1.61075122737432138820e+02
  +1.59205404903198939337e+02
  +1.57339709916351779384e+02
  +1.55477784759831962447e+02
  +1.53619376695197416893e+02
  +1.51764233649993371955e+02
  +1.49912104580575373802e+02
  +1.48062739811878003593e+02
  +1.46215891355613564428e+02
  +1.44371313208378467152e+02
  +1.42528761631099513352e+02
  +1.40687995411237608323e+02
  +1.38848776109104733223e+02
  +1.37010868289623914507e+02
  +1.35174039740795905118e+02
  +1.33338061680093062478e+02
  +1.31502708949937130001e+02
  +1.29667760203368004568e+02
  +1.27832998080945813513e+02
  +1.25998209379869749114e+02
  +1.24163185216243121545e+02
  +1.22327721181342681689e+02
  +1.20491617492703653625e+02
  +1.18654679140762084444e+02
  +1.16816716031741421489e+02
  +1.14977543127411223622e+02
  +1.13136980582285175956e+02
  +1.11294853878774702594e+02
  +1.09450993960745748268e+02
  +1.07605237365881009737e+02
  +1.05757426357186687937e+02
  +1.03907409053928191156e+02
  +1.02055039562226824046e+02
  +1.00200178105481981561e+02
  +9.83426911547497013544e+01
  +9.64824515591253089042e+01
  +9.46193386761463699486e+01
  +9.27532385021613379195e+01
  +9.08840438025593186921e+01
  +8.90116542417001852527e+01
  +8.71359765123279004229e+01
  +8.52569244641924939287e+01
  +8.33744192315538441562e+01
  +8.14883893591824204350e+01
  +7.95987709264166767298e+01
  +7.77055076687848043093e+01
  +7.58085510966455444759e+01
  +7.39078606102454216398e+01
  +7.20034036105460728550e+01
  +7.00951556051227271382e+01
  +6.81831003083895978989e+01
  +6.62672297353633439343e+01
  +6.43475442881384935845e+01
  +6.24240528342105704951e+01
  +6.04967727757501734231e+01
  +5.85657301089074024958e+01
  +5.66309594722015177126e+01
  +5.46925041830396239106e+01
  +5.27504162613971487872e+01
  +5.08047564396940316556e+01
  +4.88555941579082642079e+01
  +4.69030075429848878343e+01
  +4.49470833716200672825e+01
  +4.29879170155431324929e+01
  +4.10256123684539701912e+01
  +3.90602817538354543103e+01
  +3.70920458129225636412e+01
  +3.51210333721856997613e+01
  +3.31473812897710686798e+01
  +3.11712342804379609618e+01
  +2.91927447186352715391e+01
  +2.72120724194794796347e+01
  +2.52293843975118612377e+01
  +2.32448546032501006664e+01
  +2.12586636376825062200e+01
  +1.92709984449975095799e+01
  +1.72820519839883530722e+01
  +1.52920228787205001453e+01
  +1.33011150492041476667e+01
  +1.13095373229613844757e+01
  +9.31750302852800338371e+00
  +7.32522957207616176589e+00
  +5.33293799848228644578e+00
  +3.34085253829558803673e+00
  +1.34920014219140238509e+00
  -6.41789995399290158495e-01
  -2.63188692168821036788e+00
  -4.62085841807273745019e+00
  -6.60847149786919185743e+00
  -8.59449290722223935290e+00
  -1.05786896271371482214e+01
  -1.25608293745580343881e+01
  -1.45406811004089977502e+01
  -1.65180154825264295937e+01
  -1.84926054114415094887e+01
  -2.04642264670170064278e+01
  -2.24326573840080669697e+01
  -2.43976805046944740241e+01
  -2.63590822168257084002e+01
  -2.83166533752312865602e+01
  -3.02701897055659898683e+01
  -3.22194921887910510350e+01
  -3.41643674251345927928e+01
  -3.61046279764215469754e+01
  -3.80400926858146917198e+01
  -3.99705869741688317731e+01
  -4.18959431123568037947e+01
  -4.38160004690875908295e+01
  -4.57306057338932632206e+01
  -4.76396131151192392394e+01
  -4.95428845128991710567e+01
  -5.14402896672463754157e+01
  -5.33317062815270261922e+01
  -5.52170201217107106118e+01
  -5.70961250919205838272e+01
  -5.89689232869061754627e+01
  -6.08353250221743024895e+01
  -6.26952488425944522987e+01
  -6.45486215103799310100e+01
  -6.63953779734114846178e+01
  -6.82354613149294380037e+01
  -7.00688226856620559602e+01
  -7.18954212195014434883e+01
  -7.37152239338541903635e+01
  -7.55282056158193313422e+01
  -7.73343486953440049092e+01
  -7.91336431065125225359e+01
  -8.09260861381096390232e+01
  -8.27116822745855273524e+01
  -8.44904430285228755793e+01
  -8.62623867656799063752e+01
  -8.80275385236492837748e+01
  -8.97859298251290169901e+01
  -9.15375984867674361567e+01
  -9.32825884244902852060e+01
  -9.50209494561767229470e+01
  -9.67527371024979743197e+01
  -9.84780123866814420808e+01
  -1.00196841633915624925e+02
  -1.01909296271052440375e+02
  -1.03615452627218274984e+02
  -1.05315391735891523695e+02
  -1.07009199138952141084e+02
  -1.08696964693163749871e+02
  -1.10378782379497479837e+02
  -1.12054750115662145049e+02
  -1.13724969572161768383e+02
  -1.15389545992156868692e+02
</dep>
<dep S21_dB frequency>
  -4.39601379260029290208e-01
  -4.80333696678272858982e-01
  -5.22457913536504503504e-01
  -5.65909834248152332492e-01
  -6.10625168140476182188e-01
  -6.56539779873249851327e-01
  -7.03589924898644469842e-01
  -7.51712469504672964327e-01
  -8.00845095130925499483e-01
  -8.50926486804340909131e-01
  -9.01896505689701588615e-01
  -9.53696345894441188662e-01
  -1.00626867579836720701e+00
  -1.05955776429424419760e+00
  -1.11350959242850455766e+00
  -1.16807195101667793402e+00
  -1.22319452487752355907e+00
  -1.27882896438797555305e+00
  -1.33492894510009474374e+00
  -1.39145021618870123881e+00
  -1.44835063851775713850e+00
  -1.50559021311474161564e+00
  -1.56313110084186979165e+00
  -1.62093763403625779063e+00
  -1.67897632087871562234e+00
  -1.73721584321665312167e+00
  -1.79562704854658861109e+00
  -1.85418293682121282373e+00
  -1.91285864271461969466e+00
  -1.97163141393875696039e+00
  -2.03048058616773907659e+00
  -2.08938755508545970230e+00
  -2.14833574603379240386e+00
  -2.20731058169977467642e+00
  -2.26629944824074014420e+00
  -2.32529166021409006149e+00
  -2.38427842463638972603e+00
  -2.44325280446893877695e+00
  -2.50220968179175073942e+00
  -2.56114572089816805445e+00
  -2.62005933151448422436e+00
  -2.67895063232245789209e+00
  -2.73782141493680786226e+00
  -2.79667510846882239051e+00
  -2.85551674478404926560e+00
  -2.91435292454483452218e+00
  -2.97319178410820939007e+00
  -3.03204296333573530831e+00
  -3.09091757435502545448e+00
  -3.14982817130143644135e+00
  -3.20878872105378354362e+00
  -3.26781457496898530835e+00
  -3.32692244160995187485e+00
  -3.38613036045137771879e+00
  -3.44545767654228063392e+00
  -3.50492501609455953115e+00
  -3.56455426296265720509e+00
  -3.62436853597322805598e+00
  -3.68439216705878314073e+00
  -3.74465068014598223556e+00
  -3.80517077074435139394e+00
  -3.86598028618045219673e+00
  -3.92710820641815105958e+00
  -3.98858462540517333395e+00
  -4.05044073288434791635e+00
  -4.11270879660683075230e+00
  -4.17542214488619478630e+00
  -4.23861514942874162415e+00
  -4.30232320838113224681e+00
  -4.36658272953319404053e+00
  -4.43143111361823649474e+00
  -4.49690673765511839122e+00
  -4.56304893827864610500e+00
  -4.62989799500895848894e+00
  -4.69749511341528158681e+00
  -4.76588240813351138314e+00
  -4.83510288570332491531e+00
  -4.90520042719747628723e+00
  -4.97621977062235565370e+00
  -5.04820649307780922044e+00
  -5.12120699267321555226e+00
  -5.19526847020725135451e+00
  -5.27043891062917069235e+00
  -5.34676706431260750918e+00
  -5.42430242818582541986e+00
  -5.50309522677680984515e+00
  -5.58319639324724548146e+00
  -5.66465755050681440963e+00
  -5.74753099251672416869e+00
  -5.83186966591115130143e+00
  -5.91772715208612165583e+00
  -6.00515764992677691936e+00
  -6.09421595936761129053e+00
  -6.18495746600494467060e+00
  -6.27743812700584324915e+00
  -6.37171445858635010495e+00
  -6.46784352535780016069e+00
  -6.56588293187239013804e+00
  -6.66589081672754080188e+00
  -6.76792584962229604173e+00
  -6.87204723179128418309e+00
  -6.97831470027708622439e+00
  -7.08678853653739615481e+00
  -7.19752957992147468502e+00
  -7.31059924658762927407e+00
  -7.42605955447705845529e+00
  -7.54397315499892417989e+00
  -7.66440337212849875925e+00
  -7.78741424966683482012e+00
  -7.91307060746080903613e+00
  -8.04143810743694409382e+00
  -8.17258333035969641855e+00
  -8.30657386428944022327e+00
  -8.44347840578355857133e+00
  -8.58336687496133521336e+00
  -8.72631054563750296893e+00
  -8.87238219182587073419e+00
  -9.02165625201910437170e+00
  -9.17420901277513856087e+00
  -9.33011881327587744295e+00
  -9.48946627268349907069e+00
  -9.65233454230061127532e+00
  -9.81880958474830656257e+00
  -9.98898048261812832038e+00
  -1.01629397793317792775e+01
  -1.03407838552668955856e+01
  -1.05226133425821473111e+01
  -1.07085335826132403980e+01
  -1.08986551302219893955e+01
  -1.10930943100769461296e+01
  -1.12919738305436094805e+01
  -1.14954234616801809210e+01
  -1.17035807848005024567e+01
  -1.19165920221987686745e+01
  -1.21346129569727949615e+01
  -1.23578099544693813527e+01
  -1.25863610987620546666e+01
  -1.28204574598167297950e+01
  -1.30603045096873326969e+01
  -1.33061237093052824321e+01
  -1.35581542913059216460e+01
  -1.38166552690283737093e+01
  -1.40819077075253868969e+01
  -1.43542172993736993902e+01
  -1.46339172966088320038e+01
  -1.49213718606243865850e+01
  -1.52169799049158154247e+01
  -1.55211795218154957610e+01
  -1.58344531047746137631e+01
  -1.61573333035399073765e+01
  -1.64904099823894938481e+01
  -1.68343383936627120079e+01
  -1.71898488331963683606e+01
  -1.75577581151544883653e+01
  -1.79389832969814584374e+01
  -1.83345582090765972794e+01
  -1.87456535100941579230e+01
  -1.91736012146096150843e+01
  -1.96199249503556991669e+01
  -2.00863776347751645801e+01
  -2.05749888720555489385e+01
  -2.10881252499018501112e+01
  -2.16285679984856891167e+01
  -2.21996143854847716170e+01
  -2.28052121296607204215e+01
  -2.34501406471891336025e+01
  -2.41402601960512939172e+01
  -2.48828619398654851125e+01
  -2.56871723536451526115e+01
  -2.65651016063286888880e+01
  -2.75323928573618346149e+01
  -2.86104614755570842988e+01
  -2.98294898576772737897e+01
  -3.12339715490338285520e+01
  -3.28934761321633430953e+01
  -3.49259347218344160524e+01
  -3.75563841016262216499e+01
  -4.13057206503009766152e+01
  -4.79581298140076341951e+01
  -6.49778899326988010898e+01
  -4.58676227078070937182e+01
</dep>
<dep S11_dB frequency>
  -1.03441905172806265512e+01
  -9.96967078482584412313e+00
  -9.61663642447141953085e+00
  -9.28326305899138048972e+00
  -8.96794986377970637648e+00
  -8.66928321151897485208e+00
  -8.38600748460584455302e+00
  -8.11700142701436710979e+00
  -7.86125882224925476294e+00
  -7.61787258238811215705e+00
  -7.38602155066393617489e+00
  -7.16495948039119756601e+00
  -6.95400577267179276220e+00
  -6.75253764550288337887e+00
  -6.55998347553575467117e+00
  -6.37581710646275290344e+00
  -6.19955295884347190594e+00
  -6.03074180805418169626e+00
  -5.86896712212402427156e+00
  -5.71384187107793728444e+00
  -5.56500573521998109783e+00
  -5.42212265249681468759e+00
  -5.28487865530223732691e+00
  -5.15297995539435582657e+00
  -5.02615124234389298863e+00
  -4.90413416648990008184e+00
  -4.78668598191281358112e+00
  -4.67357832871242973027e+00
  -4.56459613698877131327e+00
  -4.45953663752898776806e+00
  -4.35820846636630587767e+00
  -4.26043085220424089243e+00
  -4.16603287722597848131e+00
  -4.07485280310305686413e+00
  -3.98673745511412613851e+00
  -3.90154165820675302712e+00
  -3.81912771963785946383e+00
  -3.73936495349459185888e+00
  -3.66212924298145381385e+00
  -3.58730263685672001728e+00
  -3.51477297682829803449e+00
  -3.44443355308890186706e+00
  -3.37618278549199235528e+00
  -3.30992392814546310120e+00
  -3.24556479544381115687e+00
  -3.18301750776720737690e+00
  -3.12219825526298322416e+00
  -3.06302707828371589827e+00
  -3.00542766319858722923e+00
  -2.94932715241802601014e+00
  -2.89465596758238241648e+00
  -2.84134764496066827277e+00
  -2.78933868219102754082e+00
  -2.73856839557102338389e+00
  -2.68897878717094851453e+00
  -2.64051442110467160518e+00
  -2.59312230834356549636e+00
  -2.54675179950691710218e+00
  -2.50135448510302405012e+00
  -2.45688410273252211269e+00
  -2.41329645079846155653e+00
  -2.37054930829597454434e+00
  -2.32860236028104328199e+00
  -2.28741712864039525854e+00
  -2.24695690780491785787e+00
  -2.20718670506694625288e+00
  -2.16807318517735980734e+00
  -2.12958461891342132333e+00
  -2.09169083531910526830e+00
  -2.05436317733230700000e+00
  -2.01757446052158906369e+00
  -1.98129893466475914821e+00
  -1.94551224790858645619e+00
  -1.91019141325629671080e+00
  -1.87531477713562644283e+00
  -1.84086198980597126607e+00
  -1.80681397736897486617e+00
  -1.77315291515208439677e+00
  -1.73986220223958110154e+00
  -1.70692643693173384811e+00
  -1.67433139291734622844e+00
  -1.64206399595146712578e+00
  -1.61011230083619039100e+00
  -1.57846546850909352777e+00
  -1.54711374305156490472e+00
  -1.51604842843715026390e+00
  -1.48526186484952615885e+00
  -1.45474740440868943736e+00
  -1.42449938615548754584e+00
  -1.39451311015594048293e+00
  -1.36478481059916245677e+00
  -1.33531162777684819787e+00
  -1.30609157884649795811e+00
  -1.27712352729609324165e+00
  -1.24840715104449961892e+00
  -1.21994290912860869902e+00
  -1.19173200694687553280e+00
  -1.16377636004662154967e+00
  -1.13607855646176725273e+00
  -1.10864181762737179504e+00
  -1.08146995791580757817e+00
  -1.05456734285985764821e+00
  -1.02793884614658237453e+00
  -1.00158980548477072325e+00
  -9.75525977466901172974e-01
  -9.49753491563818830201e-01
  -9.24278803406712867741e-01
  -8.99108647525264093048e-01
  -8.74249989725401355223e-01
  -8.49709979300464546270e-01
  -8.25495901280787758303e-01
  -8.01615128933605758377e-01
  -7.78075076731223447268e-01
  -7.54883154009121759564e-01
  -7.32046719536402323847e-01
  -7.09573037219611180149e-01
  -6.87469233157920411870e-01
  -6.65742254260574206626e-01
  -6.44398828630282416441e-01
  -6.23445427904492754934e-01
  -6.02888231734635127168e-01
  -5.82733094568067988561e-01
  -5.62985514881573112511e-01
  -5.43650606996746721400e-01
  -5.24733075588798336675e-01
  -5.06237192979397176984e-01
  -4.88166779283590646088e-01
  -4.70525185458729400256e-01
  -4.53315279281604088801e-01
  -4.36539434258157776902e-01
  -4.20199521448661905687e-01
  -4.04296904170149296043e-01
  -3.88832435517855179441e-01
  -3.73806458628507032316e-01
  -3.59218809590338639115e-01
  -3.45068822888334125754e-01
  -3.31355339258742664921e-01
  -3.18076715813435662028e-01
  -3.05230838283923111565e-01
  -2.92815135225033773558e-01
  -2.80826594011129526685e-01
  -2.69261778451986399929e-01
  -2.58116847851874942066e-01
  -2.47387577333274655267e-01
  -2.37069379246871686506e-01
  -2.27157325490734807172e-01
  -2.17646170564686186610e-01
  -2.08530375190356109805e-01
  -1.99804130333118251661e-01
  -1.91461381469111902032e-01
  -1.83495852948061644039e-01
  -1.75901072311586137431e-01
  -1.68670394435889270390e-01
  -1.61797025377464626095e-01
  -1.55274045810789074196e-01
  -1.49094433957423222470e-01
  -1.43251087916334896022e-01
  -1.37736847315959476390e-01
  -1.32544514218903064506e-01
  -1.27666873220179277748e-01
  -1.23096710690050042958e-01
  -1.18826833121753766553e-01
  -1.14850084553649395280e-01
  -1.11159363043652634206e-01
  -1.07747636182071573896e-01
  -1.04607955636188854065e-01
  -1.01733470726833780118e-01
  -9.91174410435373687278e-02
  -9.67532481104043107223e-02
  -9.46344061197775532346e-02
  -9.27545717556174376117e-02
  -9.11075531318469716835e-02
  -8.96873178747495530816e-02
  -8.84880003810307735890e-02
  -8.75039082855105510017e-02
  -8.67295281743508672534e-02
  -8.61595305810467643193e-02
  -8.57887743033070582221e-02
  -8.56123100799360964297e-02
  -8.56253836666112932985e-02
  -8.58234383498458486272e-02
</dep>
<dep Zin_ohm frequency>
  +1.66905961364797576607e+03
  +1.61255267598963951059e+03
  +1.55676116952305346786e+03
  +1.50182181664138397537e+03
  +1.44785307995589164420e+03
  +1.39495827329615281087e+03
  +1.34322855210070679277e+03
  +1.29274575976353185069e+03
  +1.24358512075905559868e+03
  +1.19581778047360489836e+03
  +1.14951319598043846781e+03
  +1.10474138166070588341e+03
  +1.06157500854253680700e+03
  +1.02009134622522185509e+03
  +9.80374020843850644269e+02
  +9.42514541315509063679e+02
  +9.06613519041735003157e+02
  +8.72781474174483832940e+02
  +8.41139087030018117730e+02
  +8.11816721489757014751e+02
  +7.84953027174520798326e+02
  +7.60692431858663439925e+02
  +7.39181381119000093349e+02
  +7.20563284167751703535e+02
  +7.04972291187457017259e+02
  +6.92526249103248687788e+02
  +6.83319424718572349775e+02
  +6.77415785071753248303e+02
  +6.74843710016126010487e+02
  +6.75592921553755900277e+02
  +6.79614136069425740061e+02
  +6.86821532643007003571e+02
  +6.97097689661863569199e+02
  +7.10300291858050059091e+02
  +7.26269733542664880588e+02
  +7.44836759639144247558e+02
  +7.65829452215519040692e+02
  +7.89079112794767070227e+02
  +8.14424837297494036648e+02
  +8.41716781593324185451e+02
  +8.70818250473112357213e+02
  +9.01606813155592590192e+02
  +9.33974668335143405784e+02
  +9.67828468833123224613e+02
  +1.00308878567799035864e+03
  +1.03968935522406331984e+03
  +1.07757621772336574395e+03
  +1.11670682517039085724e+03
  +1.15704917152195116614e+03
  +1.19858097948718068437e+03
  +1.24128896426110418361e+03
  +1.28516818488830472234e+03
  +1.33022148744971696033e+03
  +1.37645904014513348557e+03
  +1.42389795793322173267e+03
  +1.47256201317787417793e+03
  +1.52248142835718590504e+03
  +1.57369274704699660106e+03
  +1.62623877990651021719e+03
  +1.68016862314205968687e+03
  +1.73553774782495429463e+03
  +1.79240815944275277616e+03
  +1.85084862814423013333e+03
  +1.91093499129047859242e+03
  +1.97275053115234595680e+03
  +2.03638643191348546679e+03
  +2.10194232157304486464e+03
  +2.16952690592264843872e+03
  +2.23925870354166590914e+03
  +2.31126689275835406079e+03
  +2.38569228382520668674e+03
  +2.46268843222548139238e+03
  +2.54242291215421619199e+03
  +2.62507877291068052727e+03
  +2.71085620533543396959e+03
  +2.79997445069298419185e+03
  +2.89267399075234152406e+03
  +2.98921906551957454212e+03
  +3.08990057446742957836e+03
  +3.19503942862016765503e+03
  +3.30499043504278097316e+03
  +3.42014681286983022801e+03
  +3.54094546192519010219e+03
  +3.66787313245150062357e+03
  +3.80147367909819831766e+03
  +3.94235662624728593073e+03
  +4.09120732784555002581e+03
  +4.24879907701283445931e+03
  +4.41600761404149579903e+03
  +4.59382860316550340940e+03
  +4.78339880857597017894e+03
  +4.98602191244293317141e+03
  +5.20320020170307361695e+03
  +5.43667373394052265212e+03
  +5.68846911598693350243e+03
  +5.96096075052975356812e+03
  +6.25694841274384725693e+03
  +6.57975644074464707955e+03
  +6.93336185826249766251e+03
  +7.32256170099192331691e+03
  +7.75319416984792314906e+03
  +8.23243475312945156475e+03
  +8.76919839779682843073e+03
  +9.37469425091307493858e+03
  +1.00632039747748131049e+04
  +1.08531943089562228124e+04
  +1.17689403211623121024e+04
  +1.28429474484258207667e+04
  +1.41196545311442823731e+04
  +1.56612447010842734016e+04
  +1.75570114324941787345e+04
  +1.99388360076335848134e+04
  +2.30071806666323900572e+04
  +2.70741773825251875678e+04
  +3.26270675764730876836e+04
  +4.03670715906795521732e+04
  +5.08731436974001699127e+04
  +6.23856541975119180279e+04
  +6.66698760425216896692e+04
  +5.86886006015350503731e+04
  +4.69836420202299123048e+04
  +3.74446768851401575375e+04
  +3.05518598826597954030e+04
  +2.55826963285187011934e+04
  +2.19063892218259425135e+04
  +1.91043797733255414641e+04
  +1.69094754771747611812e+04
  +1.51488274120126843627e+04
  +1.37075935989216195594e+04
  +1.25072390655481322028e+04
  +1.14925638402497424977e+04
  +1.06237883549901489459e+04
  +9.87159724021483270917e+03
  +9.21395176713352702791e+03
  +8.63398681820613091986e+03
  +8.11859012118057398766e+03
  +7.65742132084428158123e+03
  +7.24222116173718313803e+03
  +6.86631611162746685295e+03
  +6.52425723369002116669e+03
  +6.21155293592351426923e+03
  +5.92446845263181057817e+03
  +5.65987348303746421152e+03
  +5.41512506880960154376e+03
  +5.18797659056414886436e+03
  +4.97650635479166703590e+03
  +4.77906103707409329218e+03
  +4.59421050725420809613e+03
  +4.42071145815048021177e+03
  +4.25747790426237133943e+03
  +4.10355708629632863449e+03
  +3.95810966261836028934e+03
  +3.82039332524243218359e+03
  +3.68974917029463813378e+03
  +3.56559029837169055099e+03
  +3.44739223116079983811e+03
  +3.33468481596421497670e+03
  +3.22704535579760340624e+03
  +3.12409275421137499507e+03
  +3.02548250438663808382e+03
  +2.93090238396692211609e+03
  +2.84006874243776201183e+03
  +2.75272328812206023940e+03
  +2.66863029813065622875e+03
  +2.58757418774627876701e+03
  +2.50935738638065413397e+03
  +2.43379847593583008347e+03
  +2.36073055451909476687e+03
  +2.28999979431467454560e+03
  +2.22146416725021936145e+03
  +2.15499231610458173236e+03
  +2.09046255203943064771e+03
  +2.02776196232427537325e+03
  +1.96678561436025165676e+03
  +1.90743584407290882154e+03
  +1.84962161840230965026e+03
  +1.79325796302202684274e+03
  +1.73826544761044306142e+03
  +1.68456972201248731835e+03
  +1.63210109749657954126e+03
  +1.58079416805388109424e+03
</dep>
<dep Zin_norm frequency>
  +3.33811922729595167425e+01
  +3.22510535197927907802e+01
  +3.11352233904610677939e+01
  +3.00364363328276802179e+01
  +2.89570615991178321735e+01
  +2.78991654659230547963e+01
  +2.68645710420141341501e+01
  +2.58549151952706353086e+01
  +2.48717024151811116894e+01
  +2.39163556094720988199e+01
  +2.29902639196087683615e+01
  +2.20948276332141197997e+01
  +2.12315001708507367084e+01
  +2.04018269245044372440e+01
  +1.96074804168770135959e+01
  +1.88502908263101822683e+01
  +1.81322703808347007737e+01
  +1.74556294834896768009e+01
  +1.68227817406003623546e+01
  +1.62363344297951393003e+01
  +1.56990605434904164639e+01
  +1.52138486371732692959e+01
  +1.47836276223800009433e+01
  +1.44112656833550349944e+01
  +1.40994458237491411268e+01
  +1.38505249820649734005e+01
  +1.36663884943714464271e+01
  +1.35483157014350652503e+01
  +1.34968742003225194992e+01
  +1.35118584310751170818e+01
  +1.35922827213885142328e+01
  +1.37364306528601396451e+01
  +1.39419537932372712419e+01
  +1.42060058371610011818e+01
  +1.45253946708532986065e+01
  +1.48967351927828843827e+01
  +1.53165890443103815954e+01
  +1.57815822558953406940e+01
  +1.62884967459498817277e+01
  +1.68343356318664838511e+01
  +1.74163650094622468600e+01
  +1.80321362631118518038e+01
  +1.86794933667028679736e+01
  +1.93565693766624633554e+01
  +2.00617757135598075990e+01
  +2.07937871044812645493e+01
  +2.15515243544673147369e+01
  +2.23341365034078158658e+01
  +2.31409834304390251702e+01
  +2.39716195897436143980e+01
  +2.48257792852220831037e+01
  +2.57033636977660933098e+01
  +2.66044297489943382118e+01
  +2.75291808029026690008e+01
  +2.84779591586644329482e+01
  +2.94512402635574837007e+01
  +3.04496285671437192377e+01
  +3.14738549409399333001e+01
  +3.25247755981302049122e+01
  +3.36033724628411931690e+01
  +3.47107549564990875979e+01
  +3.58481631888550538179e+01
  +3.70169725628846038035e+01
  +3.82186998258095727010e+01
  +3.94550106230469168622e+01
  +4.07277286382697099043e+01
  +4.20388464314608967243e+01
  +4.33905381184529659322e+01
  +4.47851740708333139196e+01
  +4.62253378551670834895e+01
  +4.77138456765041354402e+01
  +4.92537686445096269949e+01
  +5.08484582430843232714e+01
  +5.25015754582136082718e+01
  +5.42171241067086810972e+01
  +5.59994890138596801421e+01
  +5.78534798150468319022e+01
  +5.97843813103914953899e+01
  +6.17980114893485890093e+01
  +6.39007885724033570796e+01
  +6.60998087008556183264e+01
  +6.84029362573966039918e+01
  +7.08189092385038065913e+01
  +7.33574626490300119031e+01
  +7.60294735819639697638e+01
  +7.88471325249457208884e+01
  +8.18241465569110033584e+01
  +8.49759815402566971443e+01
  +8.83201522808299159806e+01
  +9.18765720633100642090e+01
  +9.56679761715193990312e+01
  +9.97204382488586560385e+01
  +1.04064004034061468928e+02
  +1.08733474678810452474e+02
  +1.13769382319738667775e+02
  +1.19219215010595064541e+02
  +1.25138968254876942865e+02
  +1.31595128814892945002e+02
  +1.38667237165249957798e+02
  +1.46451234019838466338e+02
  +1.55063883396958459571e+02
  +1.64648695062589041527e+02
  +1.75383967955936583394e+02
  +1.87493885018261494224e+02
  +2.01264079495496247318e+02
  +2.17063886179124438058e+02
  +2.35378806423246231816e+02
  +2.56858948968516415334e+02
  +2.82393090622885665653e+02
  +3.13224894021685486223e+02
  +3.51140228649883567869e+02
  +3.98776720152671714459e+02
  +4.60143613332647817060e+02
  +5.41483547650503737714e+02
  +6.52541351529461735481e+02
  +8.07341431813591043465e+02
  +1.01746287394800344828e+03
  +1.24771308395023834237e+03
  +1.33339752085043369334e+03
  +1.17377201203070103475e+03
  +9.39672840404598218811e+02
  +7.48893537702803087086e+02
  +6.11037197653195903513e+02
  +5.11653926570374039784e+02
  +4.38127784436518822986e+02
  +3.82087595466510833830e+02
  +3.38189509543495205435e+02
  +3.02976548240253691802e+02
  +2.74151871978432382093e+02
  +2.50144781310962628140e+02
  +2.29851276804994853364e+02
  +2.12475767099802993698e+02
  +1.97431944804296648499e+02
  +1.84279035342670539421e+02
  +1.72679736364122618397e+02
  +1.62371802423611484301e+02
  +1.53148426416885627077e+02
  +1.44844423234743658213e+02
  +1.37326322232549330238e+02
  +1.30485144673800419923e+02
  +1.24231058718470293911e+02
  +1.18489369052636206447e+02
  +1.13197469660749291620e+02
  +1.08302501376192026328e+02
  +1.03759531811282968761e+02
  +9.95301270958333361705e+01
  +9.55812207414818715279e+01
  +9.18842101450841539645e+01
  +8.84142291630096082145e+01
  +8.51495580852474205358e+01
  +8.20711417259265658686e+01
  +7.91621932523672029447e+01
  +7.64078665048486413980e+01
  +7.37949834058927649494e+01
  +7.13118059674338127252e+01
  +6.89478446232159996043e+01
  +6.66936963192842995340e+01
  +6.45409071159520664196e+01
  +6.24818550842275044488e+01
  +6.05096500877327656553e+01
  +5.86180476793384386269e+01
  +5.68013748487552376787e+01
  +5.50544657624412039354e+01
  +5.33726059626131217328e+01
  +5.17514837549255730664e+01
  +5.01871477276130804057e+01
  +4.86759695187165988273e+01
  +4.72146110903818936322e+01
  +4.57999958862934946069e+01
  +4.44292833450043858079e+01
  +4.30998463220916363525e+01
  +4.18092510407886166490e+01
  +4.05552392464855060439e+01
  +3.93357122872050339879e+01
  +3.81487168814581778520e+01
  +3.69924323680461952790e+01
  +3.58651592604405351494e+01
  +3.47653089522088620811e+01
  +3.36913944402497449460e+01
  +3.26420219499315891198e+01
  +3.16158833610776213163e+01
</dep>
<dep S[2,2] frequency>
  -2.09405113901418110656e-01-j2.20295561376767257133e-01
  -2.26952028980493020205e-01-j2.21796250466261807288e-01
  -2.44679465832391002111e-01-j2.22172357768112921361e-01
  -2.62516975982904687825e-01-j2.21423239848340225322e-01
  -2.80395468041533368897e-01-j2.19552779882442483661e-01
  -2.98247496865271966016e-01-j2.16569147457519539657e-01
  -3.16007519968049932491e-01-j2.12484543097812839108e-01
  -3.33612121234731329178e-01-j2.07314931573462202241e-01
  -3.51000202455932275303e-01-j2.01079767815708521095e-01
  -3.68113143600877601447e-01-j1.93801718983723669787e-01
  -3.84894933082911561151e-01-j1.85506385917910687766e-01
  -4.01292269551094205049e-01-j1.76222026884355342791e-01
  -4.17254636960573077609e-01-j1.65979286173441820118e-01
  -4.32734354837498835789e-01-j1.54810929771752758821e-01
  -4.47686605766665857153e-01-j1.42751589987645116642e-01
  -4.62069442194519786060e-01-j1.29837520583221843751e-01
  -4.75843774663226359856e-01-j1.16106363654286143250e-01
  -4.88973343578656682862e-01-j1.01596929208577810289e-01
  -5.01424676570480620796e-01-j8.63489881244542678562e-02
  -5.13167033432616270794e-01-j7.04030789287129754594e-02
  -5.24172340542593984125e-01-j5.38003286142842845896e-02
  -5.34415116551167579395e-01-j3.65822875267412389588e-02
  -5.43872391016489320492e-01-j1.87907781819870722817e-02
  -5.52523617530866650860e-01-j4.67757735954074660434e-04
  -5.60350582759239768116e-01+j1.83448062918890042461e-02
  -5.67337312675886273894e-01+j3.76050475352903493254e-02
  -5.73469977156911281391e-01+j5.72713001097756996272e-02
  -5.78736793957794648513e-01+j7.73021863823663835102e-02
  -5.83127932983244723353e-01+j9.76566938543801943418e-02
  -5.86635421639346454903e-01+j1.18294241856713916450e-01
  -5.89253051948453232534e-01+j1.39174738772625261607e-01
  -5.90976290004226023633e-01+j1.60258630507214838712e-01
  -5.91802188249643257301e-01+j1.81506940918505665916e-01
  -5.91729300973775851347e-01+j2.02881304912858800860e-01
  -5.90757603344020276737e-01+j2.24343994889030284856e-01
  -5.88888414219586597831e-01+j2.45857941192712925460e-01
  -5.86124322927755070367e-01+j2.67386747215767162089e-01
  -5.82469120128326522945e-01+j2.88894699745597560714e-01
  -5.77927732841609365089e-01+j3.10346775138400310379e-01
  -5.72506163671729351172e-01+j3.31708641857583974577e-01
  -5.66211434219370368659e-01+j3.52946659885810642976e-01
  -5.59051532645621684914e-01+j3.74027877486225124315e-01
  -5.51035365320972192471e-01+j3.94920025755894799069e-01
  -5.42172712470260109718e-01+j4.15591511383163303428e-01
  -5.32474187705009094351e-01+j4.36011407989870369839e-01
  -5.21951201318643476235e-01+j4.56149446410572256827e-01
  -5.10615927207082487271e-01+j4.75976004232844862596e-01
  -4.98481273266886959483e-01+j4.95462094896886362516e-01
  -4.85560855115034439855e-01+j5.14579356627922090972e-01
  -4.71868972968136124457e-01+j5.33300041452155371147e-01
  -4.57420591514276053680e-01+j5.51597004525525735907e-01
  -4.42231322607302634875e-01+j5.69443693984973076105e-01
  -4.26317410611066094361e-01+j5.86814141513653075855e-01
  -4.09695720219593995104e-01+j6.03682953794689058924e-01
  -3.92383726578242220118e-01+j6.20025305012827931961e-01
  -3.74399507530398967248e-01+j6.35816930548983472171e-01
  -3.55761737814025535975e-01+j6.51034121999801596026e-01
  -3.36489685032194341119e-01+j6.65653723642287475926e-01
  -3.16603207221661242521e-01+j6.79653130452495535252e-01
  -2.96122751843225895385e-01+j6.93010287776957834005e-01
  -2.75069356017286659188e-01+j7.05703692745806576703e-01
  -2.53464647827215672216e-01+j7.17712397507552557485e-01
  -2.31330848512315667698e-01+j7.29016014356597352730e-01
  -2.08690775370760001062e-01+j7.39594722816169558577e-01
  -1.85567845191289465534e-01+j7.49429278731014947290e-01
  -1.61986078030499636160e-01+j7.58501025415848073585e-01
  -1.37970101150082014030e-01+j7.66791906897192898640e-01
  -1.13545152926024975337e-01+j7.74284483277436375026e-01
  -8.87370865385566087724e-02+j7.80961948241112757785e-01
  -6.35723732488147896813e-02+j7.86808148713752375514e-01
  -3.80781050648120178437e-02+j7.91807606673755492999e-01
  -1.22819965960506323477e-02+j7.95945543106935549105e-01
  +1.37876141070692147250e-02+j7.99207904081983611100e-01
  +4.01017659359898387406e-02+j8.01581388912789072343e-01
  +6.66308765385880824583e-02+j8.03053480360365390389e-01
  +9.33447457776244576833e-02+j8.03612476813007181597e-01
  +1.20212561046799837339e-01+j8.03247526368138675679e-01
  +1.47202904659165439982e-01+j8.01948662723208527403e-01
  +1.74283763522642715094e-01+j7.99706842765831482645e-01
  +2.01422541316311265458e-01+j7.96513985735204266270e-01
  +2.28586073378827470126e-01+j7.92363013807803495681e-01
  +2.55740644516327941815e-01+j7.87247893940379195321e-01
  +2.82852009931649994723e-01+j7.81163680782565372773e-01
  +3.09885419469178913232e-01+j7.74106560450069647317e-01
  +3.36805645360084504603e-01+j7.66073894927565723911e-01
  +3.63577013640821344875e-01+j7.57064266848309963542e-01
  +3.90163439403511114190e-01+j7.47077524375285073610e-01
  +4.16528466020013921067e-01+j7.36114825886733492588e-01
  +4.42635308461877430286e-01+j7.24178684147402718096e-01
  +4.68446900816077260732e-01+j7.11273009626102514780e-01
  +4.93925948071232578940e-01+j6.97403152600676978778e-01
  +5.19034982220958784893e-01+j6.82575943673364049502e-01
  +5.43736422700107802086e-01+j6.66799732303404280032e-01
  +5.67992641136020104398e-01+j6.50084422949918416812e-01
  +5.91766030360595496340e-01+j6.32441508406931807151e-01
  +6.15019077590384433130e-01+j6.13884099904407065651e-01
  +6.37714441640829465818e-01+j5.94426953544725966694e-01
  +6.59815033998221167622e-01+j5.74086492643474555209e-01
  +6.81284103528550621931e-01+j5.52880825547194865166e-01
  +7.02085324557160328496e-01+j5.30829758509101634623e-01
  +7.22182888007285472831e-01+j5.07954803217134487348e-01
  +7.41541595239681772256e-01+j4.84279178587095793240e-01
  +7.60126954190299075620e-01+j4.59827806457464183243e-01
  +7.77905277359020708161e-01+j4.34627300851596620745e-01
  +7.94843781160378681783e-01+j4.08705950507722071130e-01
  +8.10910686107839562276e-01+j3.82093694416984097639e-01
  +8.26075317267119690889e-01+j3.54822090154991776068e-01
  +8.40308204382120726983e-01+j3.26924274842336937130e-01
  +8.53581181049728909827e-01+j2.98434918624037981427e-01
  +8.65867482298027013599e-01+j2.69390170616515878255e-01
  +8.77141839906558695716e-01+j2.39827597332651132334e-01
  +8.87380574798107724099e-01+j2.09786113660389961222e-01
  +8.96561685829190269104e-01+j1.79305906537153697533e-01
  +9.04664934311550816837e-01+j1.48428351530364072142e-01
  +9.11671923609719381254e-01+j1.17195922602787411249e-01
  +9.17566173180218047634e-01+j8.56520954090798231073e-02
  +9.22333186446166131134e-01+j5.38412445359867167238e-02
  +9.25960511937039099095e-01+j2.18085351622561846030e-02
  +9.28437797166451028730e-01-j1.04001903258335165470e-02
  +9.29756834771175877385e-01-j4.27385301719222718275e-02
  +9.29911600491164169746e-01-j7.51596448985416137889e-02
  +9.28898282632817817728e-01-j1.07616382082355063754e-01
  +9.26715302725160783304e-01-j1.40061403533469630567e-01
  +9.23363327150179769021e-01-j1.72447314127320450172e-01
  +9.18845269603316694429e-01-j2.04726791516370021373e-01
  +9.13166284317087462163e-01-j2.36852715936039542877e-01
  +9.06333750058788467641e-01-j2.68778299315118762713e-01
  +8.98357244991357384301e-01-j3.00457212905516302115e-01
  +8.89248512563441950718e-01-j3.31843712659446621327e-01
  +8.79021418669589604811e-01-j3.62892761603897939793e-01
  +8.67691900393198323194e-01-j3.93560148492019812316e-01
  +8.55277906712493818375e-01-j4.23802602048483356700e-01
  +8.41799331612415269177e-01-j4.53577900170333281338e-01
  +8.27277940102149278445e-01-j4.82844973495467288949e-01
  +8.11737287688532815899e-01-j5.11564002807032180975e-01
  +7.95202633899005695284e-01-j5.39696509802762514063e-01
  +7.77700850483884820186e-01-j5.67205440822607931395e-01
  +7.59260324956227861115e-01-j5.94055243194995252765e-01
  +7.39910860148160876015e-01-j6.20211933930793990477e-01
  +7.19683570475444067682e-01-j6.45643160563462936707e-01
  +6.98610775607173106749e-01-j6.70318254003041680278e-01
  +6.76725892235269022024e-01-j6.94208273339709247551e-01
  +6.54063324628985198750e-01-j7.17286042598747064503e-01
  +6.30658354643664820216e-01-j7.39526179512063230881e-01
  +6.06547031830727334523e-01-j7.60905116431419448197e-01
  +5.81766064268191662734e-01-j7.81401113564368365871e-01
  +5.56352710698421959457e-01-j8.00994264765337748990e-01
  +5.30344674522864711896e-01-j8.19666496160825763795e-01
  +5.03780000163322361217e-01-j8.37401557928872941616e-01
  +4.76696972256025364167e-01-j8.54185009588943611192e-01
  +4.49134018099629550580e-01-j8.70004199188668336795e-01
  +4.21129613731559881984e-01-j8.84848236798773224443e-01
  +3.92722193959746557201e-01-j8.98707962746909228002e-01
  +3.63950066629267265927e-01-j9.11575911035214736522e-01
  +3.34851331356385784055e-01-j9.23446268395416325347e-01
  +3.05463802916263738041e-01-j9.34314829439499172636e-01
  +2.75824939426076665150e-01-j9.44178948363608050443e-01
  +2.45971775422280908296e-01-j9.53037487658420667813e-01
  +2.15940859890251718456e-01-j9.60890764270906139188e-01
  +1.85768199266175187967e-01-j9.67740493650863120578e-01
  +1.55489205395658414144e-01-j9.73589732100950788762e-01
  +1.25138648400757751533e-01-j9.78442817831871702872e-01
  +9.47506143774820980274e-02-j9.82305311105057143983e-01
  +6.43584678190885911553e-02-j9.85183933824208990515e-01
  +3.39948186367930796359e-02-j9.87086508914682525528e-01
  +3.69149362897693315497e-03-j9.88021899806317716042e-01
  -2.65204877679063970308e-02-j9.87999950311320040974e-01
  -5.66109336282264383189e-02-j9.87031425164386355675e-01
  -8.65504957796140172999e-02-j9.85127951467843709921e-01
  -1.16310682342186597071e-01-j9.82301961260341083282e-01
  -1.45863866774912143143e-01-j9.78566635403732343335e-01
  -1.75183293644394694200e-01-j9.73935848959630257049e-01
  -2.04243081334053888654e-01-j9.68424118204603501248e-01
  -2.33018221912660805639e-01-j9.62046549411469720248e-01
  -2.61484578380369481199e-01-j9.54818789503606879521e-01
  -2.89618879508020787839e-01-j9.46756978669812676586e-01
  -3.17398712481927636198e-01-j9.37877705008981155110e-01
  -3.44802513561480061810e-01-j9.28197961256894688020e-01
  -3.71809556951133823866e-01-j9.17735103631604043350e-01
  -3.98399942081752722611e-01-j9.06506812819392382430e-01
  -4.24554579488936933984e-01-j8.94531057110011906808e-01
</dep>
<dep S[2,1] frequency>
  +6.89368606092422231413e-01-j6.54601668702900263419e-01
  +6.61672377543734535621e-01-j6.76376844882835448480e-01
  +6.33324548323270564154e-01-j6.96817106386121265515e-01
  +6.04398570621846986661e-01-j7.15911679913138976339e-01
  +5.74966719982909268971e-01-j7.33654293315639138839e-01
  +5.45099809998729978311e-01-j7.50042936242726110407e-01
  +5.14866940052367882963e-01-j7.65079605721866395918e-01
  +4.84335276011355952974e-01-j7.78770040751113223898e-01
  +4.53569863327887790039e-01-j7.91123449741363615750e-01
  +4.22633471603693355867e-01-j8.02152234368657679475e-01
  +3.91586469343343845928e-01-j8.11871713085838053736e-01
  +3.60486727343071911012e-01-j8.20299847212126786999e-01
  +3.29389548944242160911e-01-j8.27456972177263661017e-01
  +2.98347625218409073788e-01-j8.33365536152592567554e-01
  +2.67411013038973688349e-01-j8.38049847962437421955e-01
  +2.36627133930099042836e-01-j8.41535835841163093463e-01
  +2.06040791560473807165e-01-j8.43850818289853532583e-01
  +1.75694205762035482454e-01-j8.45023287994947858159e-01
  +1.45627060998079621568e-01-j8.45082709502647522193e-01
  +1.15876567274547079278e-01-j8.44059331099109577679e-01
  +8.64775315773956415599e-02-j8.41984011127972609145e-01
  +5.74624380254357414177e-02-j8.38888058784581391869e-01
  +2.88615350443194099150e-02-j8.34803089259079311724e-01
  +7.02927992819562781970e-04-j8.29760892958478102344e-01
  -2.69873241994267494548e-02-j8.23793318418099329570e-01
  -5.41851096918112423717e-02-j8.16932168416199422367e-01
  -8.08681628712816236160e-02-j8.09209108727296122510e-01
  -1.07015963023230367690e-01-j8.00655588891073133340e-01
  -1.32609633467295234821e-01-j7.91302774330180924700e-01
  -1.57631841974314179655e-01-j7.81181489121728911407e-01
  -1.82066703172107907660e-01-j7.70322168710574683992e-01
  -2.05899683545500922222e-01-j7.58754821847019478298e-01
  -2.29117509542418384960e-01-j7.46509001034598496105e-01
  -2.51708079211634572214e-01-j7.33613780784366786847e-01
  -2.73660377719430691901e-01-j7.20097742988981770473e-01
  -2.94964397022348057131e-01-j7.05988968750791201501e-01
  -3.15611059909560620618e-01-j6.91315036024034212936e-01
  -3.35592148572947834850e-01-j6.76103022458225622060e-01
  -3.54900237813421837174e-01-j6.60379512859600836805e-01
  -3.73528632948920302770e-01-j6.44170610717946678925e-01
  -3.91471312452194464271e-01-j6.27501953276888957411e-01
  -4.08722875314307565464e-01-j6.10398729656400629295e-01
  -4.25278493102222598932e-01-j5.92885701566574718768e-01
  -4.41133866655699091730e-01-j5.74987226180658228536e-01
  -4.56285187349069032425e-01-j5.56727280763656295903e-01
  -4.70729102827336876036e-01-j5.38129488679148448860e-01
  -4.84462687112519718724e-01-j5.19217146422418007745e-01
  -4.97483414965187220602e-01-j5.00013251351262177913e-01
  -5.09789140377269189841e-01-j4.80540529807894523096e-01
  -5.21378079064877542059e-01-j4.60821465345400693714e-01
  -5.32248794824081494781e-01-j4.40878326791013852581e-01
  -5.42400189607756044730e-01-j4.20733195895288569766e-01
  -5.51831497177671881360e-01-j4.00407994331811345479e-01
  -5.60542280182608876338e-01-j3.79924509826270684343e-01
  -5.68532430510215625041e-01-j3.59304421206273427725e-01
  -5.75802172757551633531e-01-j3.38569322175141018683e-01
  -5.82352070662400134182e-01-j3.17740743623215693425e-01
  -5.88183036334457676197e-01-j2.96840174299966508276e-01
  -5.93296342122389241958e-01-j2.75889079678932891415e-01
  -5.97693634949140850665e-01-j2.54908918855727306685e-01
  -6.01376952944038256632e-01-j2.33921159327118516336e-01
  -6.04348744195692177961e-01-j2.12947289506399739523e-01
  -6.06611887444886033194e-01-j1.92008828837614609064e-01
  -6.08169714531098137833e-01-j1.71127335378250450271e-01
  -6.09026034400330318341e-01-j1.50324410727304513813e-01
  -6.09185158475390564625e-01-j1.29621702183221443327e-01
  -6.08651927182647822789e-01-j1.09040902023997784975e-01
  -6.07431737422006401417e-01-j8.86037438105093250185e-02
  -6.05530570758685438015e-01-j6.83319956230248048978e-02
  -6.02955022107486970917e-01-j4.82474501511350323257e-02
  -5.99712328671699879123e-01-j2.83719115681293800046e-02
  -5.95810398890333603461e-01-j8.72717913296391749334e-03
  -5.91257841138999817865e-01+j1.06649725239109875036e-02
  -5.86063991921478844027e-01+j2.97828164601129617706e-02
  -5.80238943281087049542e-01+j4.86046998398414614728e-02
  -5.73793569153658311599e-01+j6.71090737077138094202e-02
  -5.66739550377272527371e-01+j8.52745260957774586785e-02
  -5.59089398068111864681e-01+j1.03079818421564065045e-01
  -5.50856475067306505800e-01+j1.20503925113614893116e-01
  -5.42055015160368358629e-01+j1.37526076378085421181e-01
  -5.32700139769186731264e-01+j1.54125803995909332889e-01
  -5.22807871816748703786e-01+j1.70282990014541529833e-01
  -5.12395146467053086425e-01+j1.85977918171780748358e-01
  -5.01479818447179925833e-01+j2.01191327861640761876e-01
  -4.90080665665569459311e-01+j2.15904470423933014800e-01
  -4.78217388850371682985e-01+j2.30099167510327551334e-01
  -4.65910606944447414079e-01+j2.43757871250488422632e-01
  -4.53181848009381715858e-01+j2.56863725912692408837e-01
  -4.40053535409988538785e-01+j2.69400630724442480268e-01
  -4.26548969073164252475e-01+j2.81353303490425976641e-01
  -4.12692301640796954665e-01+j2.92707344618019837945e-01
  -3.98508509365766705468e-01+j3.03449301134952831305e-01
  -3.84023357632796658034e-01+j3.13566730260025294807e-01
  -3.69263361022025060620e-01+j3.23048262066470026621e-01
  -3.54255737872533837951e-01+j3.31883660759133836127e-01
  -3.39028359345357133137e-01+j3.40063884071478805815e-01
  -3.23609693030767253674e-01+j3.47581140277102296210e-01
  -3.08028741192033328478e-01+j3.54428942303301519612e-01
  -2.92314973787569154506e-01+j3.60602158431793773374e-01
  -2.76498256464501435126e-01+j3.66097059074166564230e-01
  -2.60608773768881307742e-01+j3.70911359117620076375e-01
  -2.44676947870395095075e-01+j3.75044255350044375419e-01
  -2.28733353151878870957e-01+j3.78496458492873999457e-01
  -2.12808627065389416311e-01+j3.81270219395523302097e-01
  -1.96933377706587892098e-01+j3.83369348976608237400e-01
  -1.81138088606549396697e-01+j3.84799231534417640610e-01
  -1.65453021284582946215e-01+j3.85566831092353456967e-01
  -1.49908116145962583277e-01+j3.85680690493700351063e-01
  -1.34532892344311455490e-01+j3.85150923013980350795e-01
  -1.19356347258674846956e-01+j3.83989196317793934909e-01
  -1.04406856259698394007e-01+j3.82208708649736494944e-01
  -8.97120734569860078800e-02+j3.79824157215237379059e-01
  -7.52988341302341795958e-02+j3.76851698775991172941e-01
  -6.11930595497002655092e-02+j3.73308902555421595615e-01
  -4.74196648866392275745e-02+j3.69214695621223498723e-01
  -3.40024709013329248797e-02+j3.64589300983653885613e-01
  -2.09641200752308694277e-02+j3.59454168718717381736e-01
  -8.32599782457662564161e-03+j3.53831900493963791288e-01
  +3.89184060405637624255e-03+j3.47746167939868455754e-01
  +1.56707370003457864549e-02+j3.41221625371210812716e-01
  +2.69934903142355075989e-02+j3.34283817419105233615e-01
  +3.78444095904723887269e-02+j3.26959082184796190340e-01
  +4.82093593299105505068e-02+j3.19274450570154855189e-01
  +5.80757969618974981274e-02+j3.11257542476233495243e-01
  +6.74328021837573288177e-02+j3.02936460589855405257e-01
  +7.62710979979539654972e-02+j2.94339682498448274028e-01
  +8.45830633537347220674e-02+j2.85495951885058718567e-01
  +9.23627373769472376219e-02+j2.76434169558426034996e-01
  +9.96058152480861908051e-02+j2.67183285067269293833e-01
  +1.06309635863490958840e-01+j2.57772189633694137623e-01
  +1.12473161486856682023e-01+j2.48229611118109289025e-01
  +1.18096949666908271337e-01+j2.38584011697856562817e-01
  +1.23183117761321569983e-01+j2.28863488904222506237e-01
  +1.27735300465918105717e-01+j2.19095680618620725078e-01
  +1.31758600801140712822e-01+j2.09307674578983859970e-01
  +1.35259535054286089695e-01+j1.99525922892849566503e-01
  +1.38245972215416790263e-01+j1.89776161995034026164e-01
  +1.40727068477042721595e-01+j1.80083338426242023367e-01
  +1.42713197392351776038e-01+j1.70471540745260941030e-01
  +1.44215876303921491930e-01+j1.60963937822612118689e-01
  +1.45247689664566220769e-01+j1.51582723698588828221e-01
  +1.45822209874426067522e-01+j1.42349069124327709535e-01
  +1.45953916253919929735e-01+j1.33283079841838236757e-01
  +1.45658112761197278129e-01+j1.24403761598536624633e-01
  +1.44950845045611231843e-01+j1.15728991834374878023e-01
  +1.43848817406208473457e-01+j1.07275497925872972949e-01
  +1.42369310196802323354e-01+j9.90588418216386129567e-02
  +1.40530098187477747729e-01+j9.10934108587191232465e-02
  +1.38349370357207374083e-01+j8.33924145087899665318e-02
  +1.35845651554124396965e-01+j7.59678867677865826691e-02
  +1.33037726419711344050e-01+j6.88306938723824007775e-02
  +1.29944565931370742407e-01+j6.19905470017063572885e-02
  +1.26585256875084484207e-01+j5.54560196027677893005e-02
  +1.22978934516917631781e-01+j4.92345689631797853170e-02
  +1.19144718699334989376e-01+j4.33325616446951014660e-02
  +1.15101653546365034764e-01+j3.77553023855357744454e-02
  +1.10868650920877567789e-01+j3.25070660783022408191e-02
  +1.06464437738107070563e-01+j2.75911324328977358711e-02
  +1.01907507202395219981e-01+j2.30098229402672209420e-02
  +9.72160739991517336422e-02+j1.87645397621801421351e-02
  +9.24080334415435938888e-02+j1.48558061846684810736e-02
  +8.75009245415156733383e-02+j1.12833082874235351989e-02
  +8.25118969475987090734e-02+j8.04593749829549120811e-03
  +7.74576816675490026354e-02+j5.14183372044169518383e-03
  +7.23545654722931308456e-02+j2.56842873945017273821e-03
  +6.72183688588604416614e-02+j3.22489638458911629521e-04
  +6.20644274338690987713e-02-j1.59983802937644324638e-03
  +5.69075765657199375558e-02-j3.20298754001853121579e-03
  +5.17621391427153798581e-02-j4.49192897650933179593e-03
  +4.66419162657504757230e-02-j5.47212807139311942922e-03
  +4.15601806979791071894e-02-j6.14950607801909975708e-03
  +3.65296728895578848295e-02-j6.53040081455653377562e-03
  +3.15625993933087226062e-02-j6.62152900459746056316e-03
  +2.66706334864807610707e-02-j6.42995001919282552910e-03
  +2.18649178147721882925e-02-j5.96303110705293133720e-03
  +1.71560688771253168350e-02-j5.22841418257354376142e-03
  +1.25541831732468665145e-02-j4.23398422537399690690e-03
  +8.06884484048265432365e-03-j2.98783933018809426049e-03
  +3.70913461202956483073e-03-j1.49826243224624919802e-03
  -5.16360065323458986182e-04+j2.26305279241994133964e-04
  -4.59953390896223647533e-03+j2.17728925830144122086e-03
</dep>
<dep S[1,2] frequency>
  +6.89368606092422231413e-01-j6.54601668702900263419e-01
  +6.61672377543734535621e-01-j6.76376844882835448480e-01
  +6.33324548323270564154e-01-j6.96817106386121265515e-01
  +6.04398570621846986661e-01-j7.15911679913138976339e-01
  +5.74966719982909268971e-01-j7.33654293315639138839e-01
  +5.45099809998729978311e-01-j7.50042936242726110407e-01
  +5.14866940052367882963e-01-j7.65079605721866395918e-01
  +4.84335276011355952974e-01-j7.78770040751113223898e-01
  +4.53569863327887790039e-01-j7.91123449741363615750e-01
  +4.22633471603693355867e-01-j8.02152234368657679475e-01
  +3.91586469343343845928e-01-j8.11871713085838053736e-01
  +3.60486727343071911012e-01-j8.20299847212126786999e-01
  +3.29389548944242160911e-01-j8.27456972177263661017e-01
  +2.98347625218409073788e-01-j8.33365536152592567554e-01
  +2.67411013038973688349e-01-j8.38049847962437421955e-01
  +2.36627133930099042836e-01-j8.41535835841163093463e-01
  +2.06040791560473807165e-01-j8.43850818289853532583e-01
  +1.75694205762035482454e-01-j8.45023287994947858159e-01
  +1.45627060998079621568e-01-j8.45082709502647522193e-01
  +1.15876567274547079278e-01-j8.44059331099109577679e-01
  +8.64775315773956415599e-02-j8.41984011127972609145e-01
  +5.74624380254357414177e-02-j8.38888058784581391869e-01
  +2.88615350443194099150e-02-j8.34803089259079311724e-01
  +7.02927992819562781970e-04-j8.29760892958478102344e-01
  -2.69873241994267494548e-02-j8.23793318418099329570e-01
  -5.41851096918112423717e-02-j8.16932168416199422367e-01
  -8.08681628712816236160e-02-j8.09209108727296122510e-01
  -1.07015963023230367690e-01-j8.00655588891073133340e-01
  -1.32609633467295234821e-01-j7.91302774330180924700e-01
  -1.57631841974314179655e-01-j7.81181489121728911407e-01
  -1.82066703172107907660e-01-j7.70322168710574683992e-01
  -2.05899683545500922222e-01-j7.58754821847019478298e-01
  -2.29117509542418384960e-01-j7.46509001034598496105e-01
  -2.51708079211634572214e-01-j7.33613780784366786847e-01
  -2.73660377719430691901e-01-j7.20097742988981770473e-01
  -2.94964397022348057131e-01-j7.05988968750791201501e-01
  -3.15611059909560620618e-01-j6.91315036024034212936e-01
  -3.35592148572947834850e-01-j6.76103022458225622060e-01
  -3.54900237813421837174e-01-j6.60379512859600836805e-01
  -3.73528632948920302770e-01-j6.44170610717946678925e-01
  -3.91471312452194464271e-01-j6.27501953276888957411e-01
  -4.08722875314307565464e-01-j6.10398729656400629295e-01
  -4.25278493102222598932e-01-j5.92885701566574718768e-01
  -4.41133866655699091730e-01-j5.74987226180658228536e-01
  -4.56285187349069032425e-01-j5.56727280763656295903e-01
  -4.70729102827336876036e-01-j5.38129488679148448860e-01
  -4.84462687112519718724e-01-j5.19217146422418007745e-01
  -4.97483414965187220602e-01-j5.00013251351262177913e-01
  -5.09789140377269189841e-01-j4.80540529807894523096e-01
  -5.21378079064877542059e-01-j4.60821465345400693714e-01
  -5.32248794824081494781e-01-j4.40878326791013852581e-01
  -5.42400189607756044730e-01-j4.20733195895288569766e-01
  -5.51831497177671881360e-01-j4.00407994331811345479e-01
  -5.60542280182608876338e-01-j3.79924509826270684343e-01
  -5.68532430510215625041e-01-j3.59304421206273427725e-01
  -5.75802172757551633531e-01-j3.38569322175141018683e-01
  -5.82352070662400134182e-01-j3.17740743623215693425e-01
  -5.88183036334457676197e-01-j2.96840174299966508276e-01
  -5.93296342122389241958e-01-j2.75889079678932891415e-01
  -5.97693634949140850665e-01-j2.54908918855727306685e-01
  -6.01376952944038256632e-01-j2.33921159327118516336e-01
  -6.04348744195692177961e-01-j2.12947289506399739523e-01
  -6.06611887444886033194e-01-j1.92008828837614609064e-01
  -6.08169714531098137833e-01-j1.71127335378250450271e-01
  -6.09026034400330318341e-01-j1.50324410727304513813e-01
  -6.09185158475390564625e-01-j1.29621702183221443327e-01
  -6.08651927182647822789e-01-j1.09040902023997784975e-01
  -6.07431737422006401417e-01-j8.86037438105093250185e-02
  -6.05530570758685438015e-01-j6.83319956230248048978e-02
  -6.02955022107486970917e-01-j4.82474501511350323257e-02
  -5.99712328671699879123e-01-j2.83719115681293800046e-02
  -5.95810398890333603461e-01-j8.72717913296391749334e-03
  -5.91257841138999817865e-01+j1.06649725239109875036e-02
  -5.86063991921478844027e-01+j2.97828164601129617706e-02
  -5.80238943281087049542e-01+j4.86046998398414614728e-02
  -5.73793569153658311599e-01+j6.71090737077138094202e-02
  -5.66739550377272527371e-01+j8.52745260957774586785e-02
  -5.59089398068111864681e-01+j1.03079818421564065045e-01
  -5.50856475067306505800e-01+j1.20503925113614893116e-01
  -5.42055015160368358629e-01+j1.37526076378085421181e-01
  -5.32700139769186731264e-01+j1.54125803995909332889e-01
  -5.22807871816748703786e-01+j1.70282990014541529833e-01
  -5.12395146467053086425e-01+j1.85977918171780748358e-01
  -5.01479818447179925833e-01+j2.01191327861640761876e-01
  -4.90080665665569459311e-01+j2.15904470423933014800e-01
  -4.78217388850371682985e-01+j2.30099167510327551334e-01
  -4.65910606944447414079e-01+j2.43757871250488422632e-01
  -4.53181848009381715858e-01+j2.56863725912692408837e-01
  -4.40053535409988538785e-01+j2.69400630724442480268e-01
  -4.26548969073164252475e-01+j2.81353303490425976641e-01
  -4.12692301640796954665e-01+j2.92707344618019837945e-01
  -3.98508509365766705468e-01+j3.03449301134952831305e-01
  -3.84023357632796658034e-01+j3.13566730260025294807e-01
  -3.69263361022025060620e-01+j3.23048262066470026621e-01
  -3.54255737872533837951e-01+j3.31883660759133836127e-01
  -3.39028359345357133137e-01+j3.40063884071478805815e-01
  -3.23609693030767253674e-01+j3.47581140277102296210e-01
  -3.08028741192033328478e-01+j3.54428942303301519612e-01
  -2.92314973787569154506e-01+j3.60602158431793773374e-01
  -2.76498256464501435126e-01+j3.66097059074166564230e-01
  -2.60608773768881307742e-01+j3.70911359117620076375e-01
  -2.44676947870395095075e-01+j3.75044255350044375419e-01
  -2.28733353151878870957e-01+j3.78496458492873999457e-01
  -2.12808627065389416311e-01+j3.81270219395523302097e-01
  -1.96933377706587892098e-01+j3.83369348976608237400e-01
  -1.81138088606549396697e-01+j3.84799231534417640610e-01
  -1.65453021284582946215e-01+j3.85566831092353456967e-01
  -1.49908116145962583277e-01+j3.85680690493700351063e-01
  -1.34532892344311455490e-01+j3.85150923013980350795e-01
  -1.19356347258674846956e-01+j3.83989196317793934909e-01
  -1.04406856259698394007e-01+j3.82208708649736494944e-01
  -8.97120734569860078800e-02+j3.79824157215237379059e-01
  -7.52988341302341795958e-02+j3.76851698775991172941e-01
  -6.11930595497002655092e-02+j3.73308902555421595615e-01
  -4.74196648866392275745e-02+j3.69214695621223498723e-01
  -3.40024709013329248797e-02+j3.64589300983653885613e-01
  -2.09641200752308694277e-02+j3.59454168718717381736e-01
  -8.32599782457662564161e-03+j3.53831900493963791288e-01
  +3.89184060405637624255e-03+j3.47746167939868455754e-01
  +1.56707370003457864549e-02+j3.41221625371210812716e-01
  +2.69934903142355075989e-02+j3.34283817419105233615e-01
  +3.78444095904723887269e-02+j3.26959082184796190340e-01
  +4.82093593299105505068e-02+j3.19274450570154855189e-01
  +5.80757969618974981274e-02+j3.11257542476233495243e-01
  +6.74328021837573288177e-02+j3.02936460589855405257e-01
  +7.62710979979539654972e-02+j2.94339682498448274028e-01
  +8.45830633537347220674e-02+j2.85495951885058718567e-01
  +9.23627373769472376219e-02+j2.76434169558426034996e-01
  +9.96058152480861908051e-02+j2.67183285067269293833e-01
  +1.06309635863490958840e-01+j2.57772189633694137623e-01
  +1.12473161486856682023e-01+j2.48229611118109289025e-01
  +1.18096949666908271337e-01+j2.38584011697856562817e-01
  +1.23183117761321569983e-01+j2.28863488904222506237e-01
  +1.27735300465918105717e-01+j2.19095680618620725078e-01
  +1.31758600801140712822e-01+j2.09307674578983859970e-01
  +1.35259535054286089695e-01+j1.99525922892849566503e-01
  +1.38245972215416790263e-01+j1.89776161995034026164e-01
  +1.40727068477042721595e-01+j1.80083338426242023367e-01
  +1.42713197392351776038e-01+j1.70471540745260941030e-01
  +1.44215876303921491930e-01+j1.60963937822612118689e-01
  +1.45247689664566220769e-01+j1.51582723698588828221e-01
  +1.45822209874426067522e-01+j1.42349069124327709535e-01
  +1.45953916253919929735e-01+j1.33283079841838236757e-01
  +1.45658112761197278129e-01+j1.24403761598536624633e-01
  +1.44950845045611231843e-01+j1.15728991834374878023e-01
  +1.43848817406208473457e-01+j1.07275497925872972949e-01
  +1.42369310196802323354e-01+j9.90588418216386129567e-02
  +1.40530098187477747729e-01+j9.10934108587191232465e-02
  +1.38349370357207374083e-01+j8.33924145087899665318e-02
  +1.35845651554124396965e-01+j7.59678867677865826691e-02
  +1.33037726419711344050e-01+j6.88306938723824007775e-02
  +1.29944565931370742407e-01+j6.19905470017063572885e-02
  +1.26585256875084484207e-01+j5.54560196027677893005e-02
  +1.22978934516917631781e-01+j4.92345689631797853170e-02
  +1.19144718699334989376e-01+j4.33325616446951014660e-02
  +1.15101653546365034764e-01+j3.77553023855357744454e-02
  +1.10868650920877567789e-01+j3.25070660783022408191e-02
  +1.06464437738107070563e-01+j2.75911324328977358711e-02
  +1.01907507202395219981e-01+j2.30098229402672209420e-02
  +9.72160739991517336422e-02+j1.87645397621801421351e-02
  +9.24080334415435938888e-02+j1.48558061846684810736e-02
  +8.75009245415156733383e-02+j1.12833082874235351989e-02
  +8.25118969475987090734e-02+j8.04593749829549120811e-03
  +7.74576816675490026354e-02+j5.14183372044169518383e-03
  +7.23545654722931308456e-02+j2.56842873945017273821e-03
  +6.72183688588604416614e-02+j3.22489638458911629521e-04
  +6.20644274338690987713e-02-j1.59983802937644324638e-03
  +5.69075765657199375558e-02-j3.20298754001853121579e-03
  +5.17621391427153798581e-02-j4.49192897650933179593e-03
  +4.66419162657504757230e-02-j5.47212807139311942922e-03
  +4.15601806979791071894e-02-j6.14950607801909975708e-03
  +3.65296728895578848295e-02-j6.53040081455653377562e-03
  +3.15625993933087226062e-02-j6.62152900459746056316e-03
  +2.66706334864807610707e-02-j6.42995001919282552910e-03
  +2.18649178147721882925e-02-j5.96303110705293133720e-03
  +1.71560688771253168350e-02-j5.22841418257354376142e-03
  +1.25541831732468665145e-02-j4.23398422537399690690e-03
  +8.06884484048265432365e-03-j2.98783933018809426049e-03
  +3.70913461202956483073e-03-j1.49826243224624919802e-03
  -5.16360065323458986182e-04+j2.26305279241994133964e-04
  -4.59953390896223647533e-03+j2.17728925830144122086e-03
</dep>
<dep S[1,1] frequency>
  -2.09405113901418110656e-01-j2.20295561376767201622e-01
  -2.26952028980492992449e-01-j2.21796250466261835044e-01
  -2.44679465832390946600e-01-j2.22172357768112921361e-01
  -2.62516975982904576803e-01-j2.21423239848340086544e-01
  -2.80395468041533313386e-01-j2.19552779882442511417e-01
  -2.98247496865271966016e-01-j2.16569147457519484146e-01
  -3.16007519968049765957e-01-j2.12484543097812839108e-01
  -3.33612121234731273667e-01-j2.07314931573462174486e-01
  -3.51000202455932330814e-01-j2.01079767815708465584e-01
  -3.68113143600877545936e-01-j1.93801718983723586520e-01
  -3.84894933082911561151e-01-j1.85506385917910687766e-01
  -4.01292269551094094027e-01-j1.76222026884355315035e-01
  -4.17254636960573077609e-01-j1.65979286173441847874e-01
  -4.32734354837498835789e-01-j1.54810929771752758821e-01
  -4.47686605766665912665e-01-j1.42751589987645061131e-01
  -4.62069442194519730549e-01-j1.29837520583221815995e-01
  -4.75843774663226304344e-01-j1.16106363654286115494e-01
  -4.88973343578656738373e-01-j1.01596929208577796411e-01
  -5.01424676570480620796e-01-j8.63489881244542817340e-02
  -5.13167033432616159772e-01-j7.04030789287129477039e-02
  -5.24172340542593984125e-01-j5.38003286142842845896e-02
  -5.34415116551167579395e-01-j3.65822875267412320199e-02
  -5.43872391016489098448e-01-j1.87907781819871520790e-02
  -5.52523617530866650860e-01-j4.67757735954067721540e-04
  -5.60350582759239768116e-01+j1.83448062918889834294e-02
  -5.67337312675886384916e-01+j3.76050475352903909587e-02
  -5.73469977156911392413e-01+j5.72713001097757481994e-02
  -5.78736793957794648513e-01+j7.73021863823663418769e-02
  -5.83127932983244723353e-01+j9.76566938543802082195e-02
  -5.86635421639346454903e-01+j1.18294241856713944205e-01
  -5.89253051948453232534e-01+j1.39174738772625344874e-01
  -5.90976290004226134656e-01+j1.60258630507214838712e-01
  -5.91802188249643257301e-01+j1.81506940918505665916e-01
  -5.91729300973775962369e-01+j2.02881304912858911882e-01
  -5.90757603344020387759e-01+j2.24343994889030284856e-01
  -5.88888414219586708853e-01+j2.45857941192712786682e-01
  -5.86124322927754959345e-01+j2.67386747215767106578e-01
  -5.82469120128326522945e-01+j2.88894699745597560714e-01
  -5.77927732841609476111e-01+j3.10346775138400254868e-01
  -5.72506163671729462195e-01+j3.31708641857583863555e-01
  -5.66211434219370146614e-01+j3.52946659885810587465e-01
  -5.59051532645621795936e-01+j3.74027877486225013293e-01
  -5.51035365320972081449e-01+j3.94920025755894854580e-01
  -5.42172712470260109718e-01+j4.15591511383163247917e-01
  -5.32474187705009205374e-01+j4.36011407989870369839e-01
  -5.21951201318643587257e-01+j4.56149446410572367849e-01
  -5.10615927207082487271e-01+j4.75976004232844973618e-01
  -4.98481273266886959483e-01+j4.95462094896886307005e-01
  -4.85560855115034439855e-01+j5.14579356627922313017e-01
  -4.71868972968136179968e-01+j5.33300041452155482169e-01
  -4.57420591514276109191e-01+j5.51597004525525846930e-01
  -4.42231322607302634875e-01+j5.69443693984972965083e-01
  -4.26317410611066205384e-01+j5.86814141513653075855e-01
  -4.09695720219593939593e-01+j6.03682953794688836879e-01
  -3.92383726578242275629e-01+j6.20025305012827820939e-01
  -3.74399507530398911737e-01+j6.35816930548983472171e-01
  -3.55761737814025424953e-01+j6.51034121999801596026e-01
  -3.36489685032194341119e-01+j6.65653723642287253881e-01
  -3.16603207221661242521e-01+j6.79653130452495535252e-01
  -2.96122751843225895385e-01+j6.93010287776957722983e-01
  -2.75069356017286714700e-01+j7.05703692745806687725e-01
  -2.53464647827215672216e-01+j7.17712397507552779530e-01
  -2.31330848512315723209e-01+j7.29016014356597463753e-01
  -2.08690775370759945551e-01+j7.39594722816169447555e-01
  -1.85567845191289382267e-01+j7.49429278731014947290e-01
  -1.61986078030499580649e-01+j7.58501025415847962563e-01
  -1.37970101150082152808e-01+j7.66791906897193009662e-01
  -1.13545152926024989215e-01+j7.74284483277436486048e-01
  -8.87370865385566781613e-02+j7.80961948241112757785e-01
  -6.35723732488147896813e-02+j7.86808148713752486536e-01
  -3.80781050648119484547e-02+j7.91807606673755826066e-01
  -1.22819965960505872449e-02+j7.95945543106935549105e-01
  +1.37876141070692459500e-02+j7.99207904081983278033e-01
  +4.01017659359898248628e-02+j8.01581388912788850298e-01
  +6.66308765385881518473e-02+j8.03053480360365723456e-01
  +9.33447457776245131944e-02+j8.03612476813007070575e-01
  +1.20212561046799837339e-01+j8.03247526368138675679e-01
  +1.47202904659165412227e-01+j8.01948662723208527403e-01
  +1.74283763522642520805e-01+j7.99706842765831482645e-01
  +2.01422541316311459747e-01+j7.96513985735204377292e-01
  +2.28586073378827442371e-01+j7.92363013807803273636e-01
  +2.55740644516328052838e-01+j7.87247893940379195321e-01
  +2.82852009931649994723e-01+j7.81163680782565261751e-01
  +3.09885419469178913232e-01+j7.74106560450069758339e-01
  +3.36805645360084504603e-01+j7.66073894927565723911e-01
  +3.63577013640821400386e-01+j7.57064266848310074565e-01
  +3.90163439403511169701e-01+j7.47077524375284851565e-01
  +4.16528466020013810045e-01+j7.36114825886733381566e-01
  +4.42635308461877374775e-01+j7.24178684147402607074e-01
  +4.68446900816077205221e-01+j7.11273009626102403757e-01
  +4.93925948071232912007e-01+j6.97403152600677089801e-01
  +5.19034982220958673871e-01+j6.82575943673364271547e-01
  +5.43736422700107802086e-01+j6.66799732303404169009e-01
  +5.67992641136019771331e-01+j6.50084422949918416812e-01
  +5.91766030360595385318e-01+j6.32441508406931918174e-01
  +6.15019077590384433130e-01+j6.13884099904407065651e-01
  +6.37714441640829687863e-01+j5.94426953544725966694e-01
  +6.59815033998221167622e-01+j5.74086492643474555209e-01
  +6.81284103528550843976e-01+j5.52880825547194865166e-01
  +7.02085324557160217473e-01+j5.30829758509101745645e-01
  +7.22182888007285583853e-01+j5.07954803217134487348e-01
  +7.41541595239681772256e-01+j4.84279178587095848751e-01
  +7.60126954190299075620e-01+j4.59827806457464238754e-01
  +7.77905277359020486116e-01+j4.34627300851596620745e-01
  +7.94843781160378792805e-01+j4.08705950507722126641e-01
  +8.10910686107839895342e-01+j3.82093694416984097639e-01
  +8.26075317267119690889e-01+j3.54822090154991776068e-01
  +8.40308204382120615961e-01+j3.26924274842336881619e-01
  +8.53581181049728909827e-01+j2.98434918624037925916e-01
  +8.65867482298026902576e-01+j2.69390170616515933766e-01
  +8.77141839906558584694e-01+j2.39827597332651076822e-01
  +8.87380574798107724099e-01+j2.09786113660389988977e-01
  +8.96561685829190602171e-01+j1.79305906537153725289e-01
  +9.04664934311550705814e-01+j1.48428351530364072142e-01
  +9.11671923609719381254e-01+j1.17195922602787411249e-01
  +9.17566173180217936611e-01+j8.56520954090798231073e-02
  +9.22333186446166353178e-01+j5.38412445359866959071e-02
  +9.25960511937039099095e-01+j2.18085351622561880724e-02
  +9.28437797166450917707e-01-j1.04001903258335130775e-02
  +9.29756834771175877385e-01-j4.27385301719222718275e-02
  +9.29911600491164391791e-01-j7.51596448985415860333e-02
  +9.28898282632817928750e-01-j1.07616382082355091510e-01
  +9.26715302725160783304e-01-j1.40061403533469602811e-01
  +9.23363327150179769021e-01-j1.72447314127320422417e-01
  +9.18845269603316694429e-01-j2.04726791516370049129e-01
  +9.13166284317087351141e-01-j2.36852715936039626143e-01
  +9.06333750058788245596e-01-j2.68778299315118707202e-01
  +8.98357244991357273278e-01-j3.00457212905516191093e-01
  +8.89248512563441950718e-01-j3.31843712659446510305e-01
  +8.79021418669589826855e-01-j3.62892761603897939793e-01
  +8.67691900393198212171e-01-j3.93560148492019812316e-01
  +8.55277906712493707353e-01-j4.23802602048483301189e-01
  +8.41799331612415269177e-01-j4.53577900170333281338e-01
  +8.27277940102149500490e-01-j4.82844973495467399971e-01
  +8.11737287688532815899e-01-j5.11564002807032180975e-01
  +7.95202633899005917328e-01-j5.39696509802762514063e-01
  +7.77700850483884709163e-01-j5.67205440822607931395e-01
  +7.59260324956227639071e-01-j5.94055243194995030720e-01
  +7.39910860148160987038e-01-j6.20211933930793879455e-01
  +7.19683570475444178705e-01-j6.45643160563463047730e-01
  +6.98610775607172884705e-01-j6.70318254003041680278e-01
  +6.76725892235269133046e-01-j6.94208273339709358574e-01
  +6.54063324628985198750e-01-j7.17286042598747064503e-01
  +6.30658354643664709194e-01-j7.39526179512063452925e-01
  +6.06547031830727223500e-01-j7.60905116431419448197e-01
  +5.81766064268191551712e-01-j7.81401113564368365871e-01
  +5.56352710698422181501e-01-j8.00994264765337748990e-01
  +5.30344674522864600874e-01-j8.19666496160825763795e-01
  +5.03780000163322583262e-01-j8.37401557928872941616e-01
  +4.76696972256025364167e-01-j8.54185009588943611192e-01
  +4.49134018099629495069e-01-j8.70004199188668225773e-01
  +4.21129613731559937495e-01-j8.84848236798773224443e-01
  +3.92722193959746612713e-01-j8.98707962746909228002e-01
  +3.63950066629267099394e-01-j9.11575911035214736522e-01
  +3.34851331356385728544e-01-j9.23446268395416658414e-01
  +3.05463802916263904574e-01-j9.34314829439499172636e-01
  +2.75824939426076665150e-01-j9.44178948363608272487e-01
  +2.45971775422280991563e-01-j9.53037487658420445769e-01
  +2.15940859890251773967e-01-j9.60890764270906028166e-01
  +1.85768199266175215723e-01-j9.67740493650863342623e-01
  +1.55489205395658580677e-01-j9.73589732100950677740e-01
  +1.25138648400757723778e-01-j9.78442817831871924916e-01
  +9.47506143774820841497e-02-j9.82305311105057255006e-01
  +6.43584678190885356441e-02-j9.85183933824208990515e-01
  +3.39948186367931282081e-02-j9.87086508914682192461e-01
  +3.69149362897706889708e-03-j9.88021899806317271953e-01
  -2.65204877679064351947e-02-j9.87999950311320040974e-01
  -5.66109336282263758688e-02-j9.87031425164386244653e-01
  -8.65504957796138785220e-02-j9.85127951467843820943e-01
  -1.16310682342186680338e-01-j9.82301961260341416349e-01
  -1.45863866774912087632e-01-j9.78566635403732565379e-01
  -1.75183293644394555422e-01-j9.73935848959630257049e-01
  -2.04243081334053944165e-01-j9.68424118204603612270e-01
  -2.33018221912660916662e-01-j9.62046549411469720248e-01
  -2.61484578380369370176e-01-j9.54818789503607101565e-01
  -2.89618879508020732327e-01-j9.46756978669812787608e-01
  -3.17398712481927414153e-01-j9.37877705008981044088e-01
  -3.44802513561480006299e-01-j9.28197961256894688020e-01
  -3.71809556951133768354e-01-j9.17735103631604043350e-01
  -3.98399942081752667100e-01-j9.06506812819392160385e-01
  -4.24554579488936822962e-01-j8.94531057110011795785e-01
</dep>
