<Qucs Dataset 1.0.7>
<indep frequency 181>
  +1.00000000000000000000e+09
  +1.05000000000000000000e+09
  +1.10000000000000000000e+09
  +1.15000000000000000000e+09
  +1.20000000000000000000e+09
  +1.25000000000000000000e+09
  +1.30000000000000000000e+09
  +1.35000000000000000000e+09
  +1.40000000000000000000e+09
  +1.45000000000000000000e+09
  +1.50000000000000000000e+09
  +1.55000000000000000000e+09
  +1.60000000000000000000e+09
  +1.65000000000000000000e+09
  +1.70000000000000000000e+09
  +1.75000000000000000000e+09
  +1.80000000000000000000e+09
  +1.85000000000000000000e+09
  +1.90000000000000000000e+09
  +1.95000000000000000000e+09
  +2.00000000000000000000e+09
  +2.05000000000000000000e+09
  +2.10000000000000000000e+09
  +2.15000000000000000000e+09
  +2.20000000000000000000e+09
  +2.25000000000000000000e+09
  +2.30000000000000000000e+09
  +2.35000000000000000000e+09
  +2.40000000000000000000e+09
  +2.45000000000000000000e+09
  +2.50000000000000000000e+09
  +2.55000000000000000000e+09
  +2.60000000000000000000e+09
  +2.65000000000000000000e+09
  +2.70000000000000000000e+09
  +2.75000000000000000000e+09
  +2.80000000000000000000e+09
  +2.85000000000000000000e+09
  +2.90000000000000000000e+09
  +2.95000000000000000000e+09
  +3.00000000000000000000e+09
  +3.05000000000000000000e+09
  +3.10000000000000000000e+09
  +3.15000000000000000000e+09
  +3.20000000000000000000e+09
  +3.25000000000000000000e+09
  +3.30000000000000000000e+09
  +3.35000000000000000000e+09
  +3.40000000000000000000e+09
  +3.45000000000000000000e+09
  +3.50000000000000000000e+09
  +3.55000000000000000000e+09
  +3.60000000000000000000e+09
  +3.65000000000000000000e+09
  +3.70000000000000000000e+09
  +3.75000000000000000000e+09
  +3.80000000000000000000e+09
  +3.85000000000000000000e+09
  +3.90000000000000000000e+09
  +3.95000000000000000000e+09
  +4.00000000000000000000e+09
  +4.05000000000000000000e+09
  +4.10000000000000000000e+09
  +4.15000000000000000000e+09
  +4.20000000000000000000e+09
  +4.25000000000000000000e+09
  +4.30000000000000000000e+09
  +4.35000000000000000000e+09
  +4.40000000000000000000e+09
  +4.45000000000000000000e+09
  +4.50000000000000000000e+09
  +4.55000000000000000000e+09
  +4.60000000000000000000e+09
  +4.65000000000000000000e+09
  +4.70000000000000000000e+09
  +4.75000000000000000000e+09
  +4.80000000000000000000e+09
  +4.85000000000000000000e+09
  +4.90000000000000000000e+09
  +4.95000000000000000000e+09
  +5.00000000000000000000e+09
  +5.05000000000000000000e+09
  +5.10000000000000000000e+09
  +5.15000000000000000000e+09
  +5.20000000000000000000e+09
  +5.25000000000000000000e+09
  +5.30000000000000000000e+09
  +5.35000000000000000000e+09
  +5.40000000000000000000e+09
  +5.45000000000000000000e+09
  +5.50000000000000000000e+09
  +5.55000000000000000000e+09
  +5.60000000000000000000e+09
  +5.65000000000000000000e+09
  +5.70000000000000000000e+09
  +5.75000000000000000000e+09
  +5.80000000000000000000e+09
  +5.85000000000000000000e+09
  +5.90000000000000000000e+09
  +5.95000000000000000000e+09
  +6.00000000000000000000e+09
  +6.05000000000000000000e+09
  +6.10000000000000000000e+09
  +6.15000000000000000000e+09
  +6.20000000000000000000e+09
  +6.25000000000000000000e+09
  +6.30000000000000000000e+09
  +6.35000000000000000000e+09
  +6.40000000000000000000e+09
  +6.45000000000000000000e+09
  +6.50000000000000000000e+09
  +6.55000000000000000000e+09
  +6.60000000000000000000e+09
  +6.65000000000000000000e+09
  +6.70000000000000000000e+09
  +6.75000000000000000000e+09
  +6.80000000000000000000e+09
  +6.85000000000000000000e+09
  +6.90000000000000000000e+09
  +6.95000000000000000000e+09
  +7.00000000000000000000e+09
  +7.05000000000000000000e+09
  +7.10000000000000000000e+09
  +7.15000000000000000000e+09
  +7.20000000000000000000e+09
  +7.25000000000000000000e+09
  +7.30000000000000000000e+09
  +7.35000000000000000000e+09
  +7.40000000000000000000e+09
  +7.45000000000000000000e+09
  +7.50000000000000000000e+09
  +7.55000000000000000000e+09
  +7.60000000000000000000e+09
  +7.65000000000000000000e+09
  +7.70000000000000000000e+09
  +7.75000000000000000000e+09
  +7.80000000000000000000e+09
  +7.85000000000000000000e+09
  +7.90000000000000000000e+09
  +7.95000000000000000000e+09
  +8.00000000000000000000e+09
  +8.05000000000000000000e+09
  +8.10000000000000000000e+09
  +8.15000000000000000000e+09
  +8.20000000000000000000e+09
  +8.25000000000000000000e+09
  +8.30000000000000000000e+09
  +8.35000000000000000000e+09
  +8.40000000000000000000e+09
  +8.45000000000000000000e+09
  +8.50000000000000000000e+09
  +8.55000000000000000000e+09
  +8.60000000000000000000e+09
  +8.65000000000000000000e+09
  +8.70000000000000000000e+09
  +8.75000000000000000000e+09
  +8.80000000000000000000e+09
  +8.85000000000000000000e+09
  +8.90000000000000000000e+09
  +8.95000000000000000000e+09
  +9.00000000000000000000e+09
  +9.05000000000000000000e+09
  +9.10000000000000000000e+09
  +9.15000000000000000000e+09
  +9.20000000000000000000e+09
  +9.25000000000000000000e+09
  +9.30000000000000000000e+09
  +9.35000000000000000000e+09
  +9.40000000000000000000e+09
  +9.45000000000000000000e+09
  +9.50000000000000000000e+09
  +9.55000000000000000000e+09
  +9.60000000000000000000e+09
  +9.65000000000000000000e+09
  +9.70000000000000000000e+09
  +9.75000000000000000000e+09
  +9.80000000000000000000e+09
  +9.85000000000000000000e+09
  +9.90000000000000000000e+09
  +9.95000000000000000000e+09
  +1.00000000000000000000e+10
</indep>
<dep S21_phase frequency>
  -9.10251498739241355906e+01
  -9.32428067835936644769e+01
  -9.53903837586984622021e+01
  -9.74766614431382976136e+01
  -9.95093103123721647307e+01
  -1.01495060299809651383e+02
  -1.03439842654064264593e+02
  -1.05348908658633447999e+02
  -1.07226929138144797093e+02
  -1.09078078032691536237e+02
  -1.10906102762147185103e+02
  -1.12714383627204284721e+02
  -1.14505984096738103517e+02
  -1.16283693502461943581e+02
  -1.18050063391506668609e+02
  -1.19807438565992839585e+02
  -1.21557983657359471863e+02
  -1.23303705934916337128e+02
  -1.25046474926697513297e+02
  -1.26788039331234458018e+02
  -1.28530041617167825052e+02
  -1.30274030640411211834e+02
  -1.32021472553088102586e+02
  -1.33773760232573863505e+02
  -1.35532221420840215842e+02
  -1.37298125732570724722e+02
  -1.39072690663988595361e+02
  -1.40857086712118444893e+02
  +3.73475583044984489334e+01
  +3.55401556482217344524e+01
  +3.37196527261123861763e+01
  +3.18850307637418630691e+01
  +3.00353030481061153978e+01
  +2.81695137056280699994e+01
  +2.62867369883926436103e+01
  +2.43860770466807537105e+01
  +2.24666681702267680976e+01
  +2.05276754836201327237e+01
  +1.85682960834129531236e+01
  +1.65877606055505566474e+01
  +1.45853352118416399463e+01
  +1.25603239832280202393e+01
  +1.05120717056641179710e+01
  +8.43996703137483272883e+00
  +6.34344599418484733633e+00
  +4.22199585243346309227e+00
  +2.07515922679968056741e+00
  -9.74615068586178884269e-02
  -2.29619961765189195546e+00
  -4.52131926967476793777e+00
  -6.77301068824444030270e+00
  -9.05138531848223770737e+00
  -1.13564710621528899281e+01
  -1.36882076880538043895e+01
  -1.60464425197926239264e+01
  -1.84309265119480656381e+01
  -2.08413108308945034253e+01
  -2.32771440593032536981e+01
  -2.57378701430860630239e+01
  -2.82228271956749630078e+01
  -3.07312472667161351580e+01
  -3.32622571701256077858e+01
  -3.58148804499354795894e+01
  -3.83880405415244965184e+01
  -4.09805651610093519821e+01
  -4.35911919273666583763e+01
  -4.62185751911032625117e+01
  -4.88612940110636273516e+01
  -5.15178611885323718411e+01
  -5.41867332365147191808e+01
  -5.68663211334376228479e+01
  -5.95550016858260207187e+01
  -6.22511293050607221744e+01
  -6.49530479901124522257e+01
  -6.76591033018240750607e+01
  -7.03676541152948544777e+01
  -7.30770839450765521406e+01
  -7.57858116528463483519e+01
  -7.84923013681424635024e+01
  -8.11950714786043903359e+01
  -8.38927025756225503983e+01
  -8.65838442729862549641e+01
  -8.92672208485986686810e+01
  -9.19416356912003891466e+01
  -9.46059745641289424611e+01
  -9.72592077253786158053e+01
  -9.99003909668394953769e+01
  -1.02528665655070241769e+02
  -1.05143257871002163029e+02
  -1.07743476756561420871e+02
  -1.10328712182490619398e+02
  -1.12898431853995973029e+02
  -1.15452177969681130776e+02
  -1.17989563545090476282e+02
  -1.20510268505664683403e+02
  -1.23014035645550777076e+02
  -1.25500666539079432482e+02
  -1.27970017481339155552e+02
  -1.30421995523546172535e+02
  -1.32856554658257465462e+02
  -1.35273692199161189365e+02
  -1.37673445390484147310e+02
  -1.40055888272120711235e+02
  -1.42421128818543991201e+02
  -1.44769306362480648431e+02
  -1.47100589308214551920e+02
  -1.49415173134258481014e+02
  -1.51713278680930841347e+02
  -1.53995150715068064073e+02
  -1.56261056761603299492e+02
  -1.58511286190005137087e+02
  -1.60746149542482186234e+02
  -1.62965978090378371235e+02
  -1.65171123605213239216e+02
  -1.67361958331284455426e+02
  -1.69538875147612458250e+02
  -1.71702287908164208829e+02
  -1.73852631950731904453e+02
  -1.75990364766489818749e+02
  -1.78115966824082590847e+02
  +1.79770057455926973944e+02
  +1.77667178578324637783e+02
  +1.75574840702107877632e+02
  +1.73492460218535569538e+02
  +1.71419424173600361883e+02
  +1.69355088527712013047e+02
  +1.67298776242865869790e+02
  +1.65249775184963027641e+02
  +1.63207335826257178724e+02
  +1.61170668730093069598e+02
  +1.59138941797174709336e+02
  +1.57111277249540847833e+02
  +1.55086748325199152987e+02
  +1.53064375652986740306e+02
  +1.51043123273654373406e+02
  +1.49021894269417401802e+02
  +1.46999525960285751580e+02
  +1.44974784621390739403e+02
  +1.42946359671324842111e+02
  +1.40912857277253493749e+02
  +1.38872793318385220118e+02
  +1.36824585645446603621e+02
  +1.34766545570382135111e+02
  +1.32696868517923036279e+02
  +1.30613623769464822999e+02
  +1.28514743230560100073e+02
  +1.26398009157227861010e+02
  +1.24261040784506135992e+02
  +1.22101279814988600947e+02
  +1.19915974747828613545e+02
  +1.17702164062966602387e+02
  +1.15456658325232510265e+02
  +1.13176021343815122577e+02
  +1.10856550621236380039e+02
  +1.08494257461185824809e+02
  +1.06084847287322091347e+02
  +1.03623700968904088882e+02
  +1.01105858269983727382e+02
  +9.85260049553066892258e+01
  +9.58784656179367402729e+01
  +9.31572049601619198711e+01
  +9.03558410750358831365e+01
  +8.74676752440185651949e+01
  +8.44857438670958629245e+01
  +8.14028993168893890697e+01
  +7.82119276366884150775e+01
  +7.49057118713816691979e+01
  +7.14774500926718872051e+01
  +6.79209363669271652952e+01
  +6.42309103717050646765e+01
  +6.04034763463563493247e+01
  +5.64365838523088214629e+01
  +5.23305510240821760704e+01
  +4.80885959551859585304e+01
  +4.37173251701564993255e+01
  +3.92271130140646704376e+01
  +3.46322970756423700323e+01
  +2.99511180239846268591e+01
  +2.52053519380017334583e+01
  +2.04196201829138352934e+01
  +1.56204113118756389156e+01
</dep>
<dep S11_phase frequency>
  +1.78975589216641992607e+02
  +1.76759589408067000704e+02
  +1.74613694625206932187e+02
  +1.72529125286855759214e+02
  +1.70498211676111822044e+02
  +1.68514224361828695464e+02
  +1.66571232377949144166e+02
  +1.64663984531873211381e+02
  +1.62787809919698275962e+02
  +1.60938534368252021522e+02
  +1.59112410083114468762e+02
  +1.57306056256691533690e+02
  +1.55516408787352816034e+02
  +1.53740677589140005921e+02
  +1.51976310241774768883e+02
  +1.50220960952175062175e+02
  +1.48472463979938936518e+02
  +1.46728810827502030634e+02
  +1.44988130617017645818e+02
  +1.43248673175466194607e+02
  +1.41508794431141183168e+02
  +1.39766943791890071225e+02
  +1.38021653230925807065e+02
  +1.36271527851945023713e+02
  +1.34515237743380822621e+02
  +1.32751510963372652441e+02
  +1.30979127523533009025e+02
  +1.29196914261833654791e+02
  +1.27403740513605015394e+02
  +1.25598514505365443483e+02
  +1.23780180409482426285e+02
  +1.21947716008833126011e+02
  +1.20100130930055016165e+02
  +1.18236465411835581563e+02
  +1.16355789581221230833e+02
  +1.14457203216191317097e+02
  +1.12539835976951223984e+02
  +1.10602848091481718029e+02
  +1.08645431483005197038e+02
  +1.06666811328113084301e+02
  +1.04666248034400169331e+02
  +1.02643039625533276649e+02
  +1.00596524519728916403e+02
  +9.85260846846145597056e+01
  +9.64311491473710731270e+01
  +9.43111978339246235237e+01
  +9.21657657047641549752e+01
  +8.99944471477828642492e+01
  +8.77969005804519611047e+01
  +8.55728532047781129677e+01
  +8.33221058490517663131e+01
  +8.10445378206375721675e+01
  +7.87401116842918327166e+01
  +7.64088778711208789218e+01
  +7.40509790147631861146e+01
  +7.16666539042115715574e+01
  +6.92562409374226604086e+01
  +6.68201809570849292186e+01
  +6.43590193501642318097e+01
  +6.18734072966595860521e+01
  +5.93641020607781797480e+01
  +5.68319662297844345744e+01
  +5.42779658222278769131e+01
  +5.17031672079631903216e+01
  +4.91087328070853672557e+01
  +4.64959155629508984475e+01
  +4.38660522150495140181e+01
  +4.12205554295343503668e+01
  +3.85609048774498717194e+01
  +3.58886373817568866684e+01
  +3.32053362826777416217e+01
  +3.05126201953438993542e+01
  +2.78121313529538873865e+01
  +2.51055237416631591429e+01
  +2.23944512395464236931e+01
  +1.96805559708433719379e+01
  +1.69654570784225136038e+01
  +1.42507401023740793988e+01
  +1.15379471317126895968e+01
  +8.82856787037832546616e+00
  +6.12403172939513584794e+00
  +3.42570102556978106634e+00
  +7.34865334937795933179e-01
  -1.94726298235100880873e+00
  -4.61955209865072902176e+00
  -7.28095291661850030351e+00
  -9.93050021094325785498e+00
  -1.25673127956325387800e+01
  -1.51905928129485303657e+01
  -1.77996242500779260354e+01
  -2.03937707953762625834e+01
  -2.29724731478644628169e+01
  -2.55352458920767801942e+01
  -2.80816740458905584887e+01
  -3.06114093822241244425e+01
  -3.31241666170271926717e+01
  -3.56197195463668663251e+01
  -3.80978972051642941210e+01
  -4.05585801096472096106e+01
  -4.30016966352749463454e+01
  -4.54272195720062157420e+01
  -4.78351628895747325032e+01
  -5.02255787370392496882e+01
  -5.25985546933917689216e+01
  -5.49542112794842196877e+01
  -5.72926997359608947136e+01
  -5.96142000672710850040e+01
  -6.19189193480798465430e+01
  -6.42070902854972160867e+01
  -6.64789700283626956434e+01
  -6.87348392133498009571e+01
  -7.09750012367439495620e+01
  -7.31997817403779578171e+01
  -7.54095283002857996735e+01
  -7.76046103070797670398e+01
  -7.97854190278505654987e+01
  -8.19523678404343343118e+01
  -8.41058926321809394722e+01
  -8.62464523568247614094e+01
  -8.83745297446980799805e+01
  -9.04906321632866053051e+01
  -9.25952926270105223239e+01
  -9.46890709570877788792e+01
  -9.67725550944066412740e+01
  -9.88463625704774813130e+01
  -1.00911142143768501001e+02
  -1.02967575611037560179e+02
  -1.05016379805679989090e+02
  -1.07058308797591720918e+02
  -1.09094156311658139202e+02
  -1.11124758384677406298e+02
  -1.13150996283358310279e+02
  -1.15173799708988141788e+02
  -1.17194150317452638888e+02
  -1.19213085586495736834e+02
  -1.21231703065430551192e+02
  -1.23251165045908990692e+02
  -1.25272703695776357335e+02
  -1.27297626701395245163e+02
  -1.29327323466979464683e+02
  -1.31363271922239590594e+02
  -1.33407045991722469580e+02
  -1.35460323780207573918e+02
  -1.37524896527835068127e+02
  -1.39602678385449905818e+02
  -1.41695717053823500464e+02
  -1.43806205318318802711e+02
  -1.45936493490967876596e+02
  -1.48089102741607888447e+02
  -1.50266739254174524376e+02
  -1.52472309076982696752e+02
  -1.54708933437453794113e+02
  -1.56979964148423505321e+02
  -1.59288998524057433315e+02
  -1.61639892916281951329e+02
  -1.64036773526057800154e+02
  -1.66484042452470703211e+02
  -1.68986375868505746212e+02
  -1.71548709486233661892e+02
  -1.74176203578318990139e+02
  -1.76874174702673144566e+02
  -1.79647971642281646609e+02
  +1.77497246415962365518e+02
  +1.74556914269662399875e+02
  +1.71527836120457067182e+02
  +1.68409802095481722972e+02
  +1.65209400915428034295e+02
  +1.61950768727300726368e+02
  +1.58715357435728208202e+02
  +1.55882145164320832009e+02
  +1.62146168102352703499e+02
  -3.64441637239330731290e+01
  -3.90716055207189683074e+01
  -4.28802729155486730406e+01
  -4.70425786001946946158e+01
  -5.14084779626465078195e+01
  -5.59199650675436359393e+01
  -6.05407456832233776822e+01
  -6.52402258270718675703e+01
  -6.99889657615514693134e+01
  -7.47576214594923413870e+01
</dep>
<dep S21_dB frequency>
  -9.45161961500684455473e+00
  -9.95625285722059949478e+00
  -1.04600684723089756289e+01
  -1.09645858733198622303e+01
  -1.14714247018043096205e+01
  -1.19823188467079830843e+01
  -1.24991374136653714544e+01
  -1.30239130923473851453e+01
  -1.35588790298855457195e+01
  -1.41065160856127906897e+01
  -1.46696133225743778894e+01
  -1.52513459342489987591e+01
  -1.58553767388237414337e+01
  -1.64859902652970937709e+01
  -1.71482729210015634180e+01
  -1.78483598392788920250e+01
  -1.85937806909207061778e+01
  -1.93939566325155787752e+01
  -2.02609357880227847204e+01
  -2.12105199633374823520e+01
  -2.22640630808005752783e+01
  -2.34514886124776964493e+01
  -2.48166763653921975674e+01
  -2.64278759475436864079e+01
  -2.84000984355354404443e+01
  -3.09511148057850995485e+01
  -3.45787866238278382980e+01
  -4.09408238044291934443e+01
  -6.24891338447068349637e+01
  -3.95592542001586195966e+01
  -3.38291066923789287557e+01
  -3.03856959968230420088e+01
  -2.79082767792937360696e+01
  -2.59664295416784653980e+01
  -2.43650915684729199029e+01
  -2.29991989057124293083e+01
  -2.18056720175386544724e+01
  -2.07436849296952665611e+01
  -1.97853166611122546215e+01
  -1.89106492356979956071e+01
  -1.81049934076204834810e+01
  -1.73572218883695619240e+01
  -1.66587185585954813405e+01
  -1.60026891918502514045e+01
  -1.53836939891575479322e+01
  -1.47973213990222447478e+01
  -1.42399548522363090797e+01
  -1.37086023089830000288e+01
  -1.32007693000056463006e+01
  -1.27143627259188729539e+01
  -1.22476168159705860461e+01
  -1.17990353165763863785e+01
  -1.13673457424120023518e+01
  -1.09514627114373297445e+01
  -1.05504582023315229833e+01
  -1.01635371445386706313e+01
  -9.79001715774589342800e+00
  -9.42931155127226183765e+00
  -9.08091490898431707990e+00
  -8.74439074510327252199e+00
  -8.41936083636913323858e+00
  -8.10549592734375501379e+00
  -7.80250757573156850100e+00
  -7.51014095878812248941e+00
  -7.22816850397215127089e+00
  -6.95638423966939356546e+00
  -6.69459878705300859281e+00
  -6.44263493339221415823e+00
  -6.20032374147223563909e+00
  -5.96750116010331943528e+00
  -5.74400510766357363934e+00
  -5.52967300484098167601e+00
  -5.32433973473358790329e+00
  -5.12783600872394185188e+00
  -4.93998711551440550238e+00
  -4.76061202881451794866e+00
  -4.58952284680443600706e+00
  -4.42652453400289758179e+00
  -4.27141493385025405871e+00
  -4.12398501841955145153e+00
  -3.98401934037439842129e+00
  -3.85129665172516588711e+00
  -3.72559065414892209844e+00
  -3.60667084663642611986e+00
  -3.49430343796038922477e+00
  -3.38825229383330572830e+00
  -3.28827989151952548852e+00
  -3.19414825795379941908e+00
  -3.10561987094487790273e+00
  -3.02245850668025717312e+00
  -2.94443002035449641340e+00
  -2.87130305021838871937e+00
  -2.80284963858951075011e+00
  -2.73884576631075127295e+00
  -2.67907179974266318467e+00
  -2.62331285160156424396e+00
  -2.57135905879993398315e+00
  -2.52300578191371593917e+00
  -2.47805373201394907312e+00
  -2.43630903138406962327e+00
  -2.39758321513501826416e+00
  -2.36169318096406977148e+00
  -2.32846109432076442403e+00
  -2.29771425608154666875e+00
  -2.26928493953217547130e+00
  -2.24301020304616161027e+00
  -2.21873168435828294065e+00
  -2.19629538179574579360e+00
  -2.17555142726145156473e+00
  -2.15635385519229760831e+00
  -2.13856037114808206212e+00
  -2.12203212314291977947e+00
  -2.10663347831608893657e+00
  -2.09223180706318423461e+00
  -2.07869727631627565501e+00
  -2.06590265327520850036e+00
  -2.05372312055674122178e+00
  -2.04203610344068131610e+00
  -2.03072110965775420865e+00
  -2.01965958197676931363e+00
  -2.00873476371341652680e+00
  -1.99783157719427006960e+00
  -1.98683651517032222600e+00
  -1.97563754518011558403e+00
  -1.96412402691851206704e+00
  -1.95218664276717968065e+00
  -1.93971734179456101188e+00
  -1.92660929773405542598e+00
  -1.91275688170629365459e+00
  -1.89805565076621052256e+00
  -1.88240235373719011491e+00
  -1.86569495625186898558e+00
  -1.84783268745898388019e+00
  -1.82871611149783097616e+00
  -1.80824722759842293485e+00
  -1.78632960355934722330e+00
  -1.76286854841311768638e+00
  -1.73777133133893113559e+00
  -1.71094745536663839225e+00
  -1.68230899617364482168e+00
  -1.65177101836811446312e+00
  -1.61925208413648791250e+00
  -1.58467487209139612503e+00
  -1.54796692767499610710e+00
  -1.50906157065886614710e+00
  -1.46789899025573689073e+00
  -1.42442756425905692197e+00
  -1.37860544560794551217e+00
  -1.33040246800594341714e+00
  -1.27980243187709596953e+00
  -1.22680584319365926227e+00
  -1.17143319070361595635e+00
  -1.11372886191250097809e+00
  -1.05376581481800979390e+00
  -9.91651140654242202466e-01
  -9.27532672277534664396e-01
  -8.61606812350359296815e-01
  -7.94127773491417165985e-01
  -7.25418436369067332059e-01
  -6.55883037186763107051e-01
  -5.86021887008067898783e-01
  -5.16448293126473001458e-01
  -4.47907785105522704416e-01
  -3.81299629210517243560e-01
  -3.17700424679820514484e-01
  -2.58389290327247833634e-01
  -2.04873746299982451013e-01
  -1.58914854209657702144e-01
  -1.22549494738494774149e-01
  -9.81068606474198023903e-02
  -8.82154011430677370553e-02
  -9.57957209788473512679e-02
  -1.24034555580526881235e-01
  -1.76335239272276456113e-01
  -2.56241423264816803318e-01
  -3.67333478072089325561e-01
  -5.13101083251539691332e-01
  -6.96800584569087000375e-01
  -9.21310858481767636086e-01
  -1.18900528659213566840e+00
  -1.50165854983136659584e+00
</dep>
<dep S11_dB frequency>
  -5.36142928065313051356e-01
  -4.75800089855619057211e-01
  -4.22903580195249317875e-01
  -3.76325411664190367933e-01
  -3.35143367649710699485e-01
  -2.98598689557292018559e-01
  -2.66063463444565273530e-01
  -2.37015286095892285800e-01
  -2.11017439941295320560e-01
  -1.87703270246093290030e-01
  -1.66763792480747796709e-01
  -1.47937800922107481894e-01
  -1.31003927723764457269e-01
  -1.15774233295098810670e-01
  -1.02089006760349848557e-01
  -8.98125286699787139799e-02
  -7.88296035359730418168e-02
  -6.90427118499803288421e-02
  -6.03696634239466664584e-02
  -5.27416586445774854264e-02
  -4.61016833804432923927e-02
  -4.04031781720718130568e-02
  -3.56089339731402443334e-02
  -3.16901758468497649068e-02
  -2.86258032210158566699e-02
  -2.64017609967833986884e-02
  -2.50105203144671828230e-02
  -2.44506513563326893790e-02
  -2.47264734003143187013e-02
  -2.58477695802986767726e-02
  -2.78295555706822572706e-02
  -3.06918927871850273637e-02
  -3.44597377501331611493e-02
  -3.91628200490091310515e-02
  -4.48355419198761817601e-02
  -5.15168928389742389329e-02
  -5.92503727746512068308e-02
  -6.80839178530409511181e-02
  -7.80698222031575433943e-02
  -8.92646496762451724383e-02
  -1.01729129003511054030e-01
  -1.15528025787952418058e-01
  -1.30729984542706623163e-01
  -1.47407333815125274334e-01
  -1.65635847300991151387e-01
  -1.85494453785534890722e-01
  -2.07064888781528261275e-01
  -2.30431280903977131480e-01
  -2.55679666362925772649e-01
  -2.82897425508731203969e-01
  -3.12172636165180095169e-01
  -3.43593339568407762918e-01
  -3.77246716126126202528e-01
  -4.13218169940053892120e-01
  -4.51590323110952374108e-01
  -4.92441923261800695855e-01
  -5.35846670454748430501e-01
  -5.81871972696749617526e-01
  -6.30577642466900845086e-01
  -6.82014550064854563338e-01
  -7.36223252965841679085e-01
  -7.93232623639627876244e-01
  -8.53058501296616311649e-01
  -9.15702395604959251685e-01
  -9.81150272409227142134e-01
  -1.04937145271664777901e+00
  -1.12031765655921522473e+00
  -1.19392222267445391459e+00
  -1.27009953320335844396e+00
  -1.34874466975011464420e+00
  -1.42973332322011503770e+00
  -1.51292197492859581409e+00
  -1.59814836069778398731e+00
  -1.68523222322548749119e+00
  -1.77397635114025309377e+00
  -1.86416789611916922098e+00
  -1.95557995250236182905e+00
  -2.04797337725668127106e+00
  -2.14109882217246871861e+00
  -2.23469894502939547820e+00
  -2.32851076231626574753e+00
  -2.42226810305345630070e+00
  -2.51570412141535282302e+00
  -2.60855382519513501194e+00
  -2.70055657766785994767e+00
  -2.79145853200978910635e+00
  -2.88101496001290158233e+00
  -2.96899244026037667510e+00
  -3.05517087504821382993e+00
  -3.13934530998547334235e+00
  -3.22132753522550041581e+00
  -3.30094745250690868588e+00
  -3.37805419747085267090e+00
  -3.45251701193219684427e+00
  -3.52422586579031138498e+00
  -3.59309183296961176524e+00
  -3.65904723008259491479e+00
  -3.72204553034702545489e+00
  -3.78206106859952662091e+00
  -3.83908855600381038187e+00
  -3.89314242522488873632e+00
  -3.94425602843739397940e+00
  -3.99248071156200579068e+00
  -4.03788478861112842822e+00
  -4.08055244001152672695e+00
  -4.12058255830595854263e+00
  -4.15808756377961596939e+00
  -4.19319221136909447978e+00
  -4.22603240876487795674e+00
  -4.25675406397410416304e+00
  -4.28551197884362800039e+00
  -4.31246880321048031703e+00
  -4.33779406251534904726e+00
  -4.36166326993236186382e+00
  -4.38425713238834102725e+00
  -4.40576085830633079610e+00
  -4.42636357354650389340e+00
  -4.44625785086404867741e+00
  -4.46563935727696303957e+00
  -4.48470662306403156094e+00
  -4.50366093570011916114e+00
  -4.52270636190599972792e+00
  -4.54204990114940443391e+00
  -4.56190177440094579708e+00
  -4.58247585273645974269e+00
  -4.60399023151296482581e+00
  -4.62666795735179547933e+00
  -4.65073791708219186347e+00
  -4.67643590017755350630e+00
  -4.70400584912666097637e+00
  -4.73370131570366847740e+00
  -4.76578714534903991051e+00
  -4.80054141699405789723e+00
  -4.83825767183818378214e+00
  -4.87924747206205999817e+00
  -4.92384333954228736729e+00
  -4.97240213572277678367e+00
  -5.02530895741547034561e+00
  -5.08298164012710174120e+00
  -5.14587598143033275733e+00
  -5.21449182309151204606e+00
  -5.28938016370513608422e+00
  -5.37115151556757020046e+00
  -5.46048577330652573636e+00
  -5.55814393127368155945e+00
  -5.66498207731251213204e+00
  -5.78196820979625680792e+00
  -5.91020258352338156982e+00
  -6.05094250356164575777e+00
  -6.20563277690783454688e+00
  -6.37594343312210209973e+00
  -6.56381688696216158974e+00
  -6.77152751526372576052e+00
  -7.00175777703209689662e+00
  -7.25769671210907141301e+00
  -7.54316922477483853271e+00
  -7.86280852422896270326e+00
  -8.22229037285961261716e+00
  -8.62865803219208160613e+00
  -9.09078405930713628891e+00
  -9.62004534371594033360e+00
  -1.02313431274447701469e+01
  -1.09447064653194896522e+01
  -1.17879364223144946777e+01
  -1.28012321384840070948e+01
  -1.40459151014204906005e+01
  -1.56225923321267536892e+01
  -1.77145417724136997606e+01
  -2.07152816272721267410e+01
  -2.57704780264539792256e+01
  -4.16068031313501691670e+01
  -2.84439926401041311976e+01
  -2.12876892026173862860e+01
  -1.72698317138752130973e+01
  -1.44407407889612731111e+01
  -1.22526411903933407643e+01
  -1.04738535045697389592e+01
  -8.98503183331424537528e+00
  -7.71674750581777058045e+00
  -6.62492759712439838182e+00
  -5.67953757636185851965e+00
</dep>
<dep Zin_ohm frequency>
  +8.03054313328865276844e+01
  +9.84207296750822706599e+01
  +1.32407440946644641144e+02
  +1.71968037788093965901e+02
  +2.13296192703052412298e+02
  +2.55068011058828318482e+02
  +2.96798133415249139944e+02
  +3.38314991622416926020e+02
  +3.79577452823860085118e+02
  +4.20602732951272457740e+02
  +4.61435184468240777278e+02
  +5.02131797580196860054e+02
  +5.42755155549229925782e+02
  +5.83369949765643809769e+02
  +6.24041287218852403385e+02
  +6.64833937387787614171e+02
  +7.05812086135186746105e+02
  +7.47039368856205896918e+02
  +7.88579059547242195549e+02
  +8.30494347883455247938e+02
  +8.72848666811182170022e+02
  +9.15706050338307022685e+02
  +9.59131511155945304381e+02
  +1.00319143363041825978e+03
  +1.04795398130783655688e+03
  +1.09348952035201477884e+03
  +1.13987106185685070159e+03
  +1.18717472707044976232e+03
  +1.23548024044628937190e+03
  +1.28487145622649018151e+03
  +1.33543692504944601751e+03
  +1.38727050792352611097e+03
  +1.44047204586768657464e+03
  +1.49514809463470896844e+03
  +1.55141273524547955276e+03
  +1.60938847262222316203e+03
  +1.66920723646532314888e+03
  +1.73101150073882763536e+03
  +1.79495554078629356809e+03
  +1.86120685028623142898e+03
  +1.92994774408721991676e+03
  +2.00137717757746008829e+03
  +2.07571281881643290035e+03
  +2.15319341640363836632e+03
  +2.23408151425223104525e+03
  +2.31866657441157212816e+03
  +2.40726858126802562765e+03
  +2.50024221538100118778e+03
  +2.59798170355416277744e+03
  +2.70092647434694436015e+03
  +2.80956777616746421700e+03
  +2.92445644969825889348e+03
  +3.04621208937921392135e+03
  +3.17553388211437140853e+03
  +3.31321347788828416014e+03
  +3.46015032975092481138e+03
  +3.61737004343811804574e+03
  +3.78604640404469500936e+03
  +3.96752790319943869690e+03
  +4.16336977909983943391e+03
  +4.37537280530367024767e+03
  +4.60563031831889657042e+03
  +4.85658524193463381380e+03
  +5.13109910443263925117e+03
  +5.43253515651723228075e+03
  +5.76485748155563578621e+03
  +6.13274704111082974123e+03
  +6.54173312312663347257e+03
  +6.99833311867460815847e+03
  +7.51018200451177472132e+03
  +8.08610982210381916957e+03
  +8.73608069483570761804e+03
  +9.47082288488696394779e+03
  +1.03008284026504461508e+04
  +1.12341496582814907015e+04
  +1.22720663276361883618e+04
  +1.34013935141872370878e+04
  +1.45825972003158094594e+04
  +1.57355848234758159379e+04
  +1.67320786013018550875e+04
  +1.74123559936892015685e+04
  +1.76392160370465244341e+04
  +1.73665972101983970788e+04
  +1.66658650444072991377e+04
  +1.56837468975284900807e+04
  +1.45733686895161044959e+04
  +1.34500962448990267148e+04
  +1.23827804283579043840e+04
  +1.14039548010366488597e+04
  +1.05234592165592985111e+04
  +9.73897479889567875944e+03
  +9.04261530276841585874e+03
  +8.42457824760254879948e+03
  +7.87498334432420961093e+03
  +7.38469927790678320889e+03
  +6.94564278243082208064e+03
  +6.55081951675899563270e+03
  +6.19424942531208125729e+03
  +5.87084905213844922400e+03
  +5.57630587930848196265e+03
  +5.30696040463817553245e+03
  +5.05970194286796686356e+03
  +4.83187943603135227022e+03
  +4.62122644371744718228e+03
  +4.42579866475206108589e+03
  +4.24392214945695377537e+03
  +4.07415045309486686165e+03
  +3.91522918404382380686e+03
  +3.76606663099730803879e+03
  +3.62570937394941756793e+03
  +3.49332197873903623986e+03
  +3.36817004054921153511e+03
  +3.24960597916375490968e+03
  +3.13705710121886068009e+03
  +3.03001553595422683429e+03
  +2.92802972472903365997e+03
  +2.83069720407348950175e+03
  +2.73765847004717261370e+03
  +2.64859175044606990923e+03
  +2.56320854278822116612e+03
  +2.48124980150375722587e+03
  +2.40248267855110043456e+03
  +2.32669773873198391811e+03
  +2.25370658504554648971e+03
  +2.18333984111662448413e+03
  +2.11544544754416801879e+03
  +2.04988723733695178453e+03
  +1.98654376275237859772e+03
  +1.92530735208837199934e+03
  +1.86608338050313886924e+03
  +1.80878974391874749017e+03
  +1.75335652962548283540e+03
  +1.69972588143055895671e+03
  +1.64785206112800506162e+03
  +1.59770171169341369932e+03
  +1.54925433084454471100e+03
  +1.50250296627895045276e+03
  +1.45745514569842225683e+03
  +1.41413405518376612235e+03
  +1.37257997790255535620e+03
  +1.33285200056307303385e+03
  +1.29502998622277800678e+03
  +1.25921679749781060309e+03
  +1.22554073222833426371e+03
  +1.19415810271498344264e+03
  +1.16525584899093814784e+03
  +1.13905402722659709980e+03
  +1.11580796048632259954e+03
  +1.09580978985192223263e+03
  +1.07938913509351050379e+03
  +1.06691258801747176221e+03
  +1.05878184463931006576e+03
  +1.05543045696321678406e+03
  +1.05731945744648169239e+03
  +1.06493245381017391082e+03
  +1.07877114237766431870e+03
  +1.09935244306957224580e+03
  +1.12720850875018436454e+03
  +1.16289062847997729477e+03
  +1.20697751610483942386e+03
  +1.26008770321541351223e+03
  +1.32289480401360651740e+03
  +1.39614328706071660235e+03
  +1.48066092028822026805e+03
  +1.57736187503855421710e+03
  +1.68723093986597086769e+03
  +1.81127348323154183163e+03
  +1.95040661321685433904e+03
  +2.10525362223866477507e+03
  +2.27578740652595342908e+03
  +2.46075632484618563467e+03
  +2.65683975194221511629e+03
  +2.85756855782129423460e+03
  +3.05228049840562971440e+03
  +3.22579059630078290866e+03
  +3.35982693929322294935e+03
  +3.43696553104744634766e+03
  +3.44618064060167125717e+03
  +3.38706534400268219542e+03
  +3.26980643784674430208e+03
  +3.11098071428893035772e+03
</dep>
<dep Zin_norm frequency>
  +1.60610862665773046487e+00
  +1.96841459350164527109e+00
  +2.64814881893289300052e+00
  +3.43936075576187905156e+00
  +4.26592385406104845913e+00
  +5.10136022117656651176e+00
  +5.93596266830498286993e+00
  +6.76629983244833876910e+00
  +7.59154905647720124051e+00
  +8.41205465902544879953e+00
  +9.22870368936481533240e+00
  +1.00426359516039376274e+01
  +1.08551031109845990130e+01
  +1.16673989953128760533e+01
  +1.24808257443770482809e+01
  +1.32966787477557524255e+01
  +1.41162417227037337852e+01
  +1.49407873771241188621e+01
  +1.57715811909448433425e+01
  +1.66098869576691043903e+01
  +1.74569733362236441110e+01
  +1.83141210067661397431e+01
  +1.91826302231189060876e+01
  +2.00638286726083663325e+01
  +2.09590796261567291481e+01
  +2.18697904070402948662e+01
  +2.27974212371370157371e+01
  +2.37434945414089959570e+01
  +2.47096048089257855906e+01
  +2.56974291245298047670e+01
  +2.67087385009889182186e+01
  +2.77454101584705234984e+01
  +2.88094409173537293611e+01
  +2.99029618926941793688e+01
  +3.10282547049095924763e+01
  +3.21877694524444635249e+01
  +3.33841447293064632618e+01
  +3.46202300147765527072e+01
  +3.58991108157258693723e+01
  +3.72241370057246285796e+01
  +3.85989548817443974826e+01
  +4.00275435515492006289e+01
  +4.15142563763286602807e+01
  +4.30638683280727718738e+01
  +4.46816302850446191997e+01
  +4.63733314882314431316e+01
  +4.81453716253605108477e+01
  +5.00048443076200257451e+01
  +5.19596340710832578225e+01
  +5.40185294869388883399e+01
  +5.61913555233492800767e+01
  +5.84891289939651741747e+01
  +6.09242417875842789954e+01
  +6.35106776422874261812e+01
  +6.62642695577656866135e+01
  +6.92030065950184933854e+01
  +7.23474008687623637570e+01
  +7.57209280808938984819e+01
  +7.93505580639887710959e+01
  +8.32673955819967943626e+01
  +8.75074561060734055218e+01
  +9.21126063663779319768e+01
  +9.71317048386926700232e+01
  +1.02621982088652785592e+02
  +1.08650703130344652436e+02
  +1.15297149631112716861e+02
  +1.22654940822216602214e+02
  +1.30834662462532662630e+02
  +1.39966662373492169991e+02
  +1.50203640090235495563e+02
  +1.61722196442076381118e+02
  +1.74721613896714160319e+02
  +1.89416457697739275545e+02
  +2.06016568053008910510e+02
  +2.24682993165629824261e+02
  +2.45441326552723751320e+02
  +2.68027870283744732660e+02
  +2.91651944006316170999e+02
  +3.14711696469516311936e+02
  +3.34641572026037124488e+02
  +3.48247119873784015454e+02
  +3.52784320740930468219e+02
  +3.47331944203967964313e+02
  +3.33317300888145950921e+02
  +3.13674937950569812983e+02
  +2.91467373790322085370e+02
  +2.69001924897980529749e+02
  +2.47655608567158083133e+02
  +2.28079096020732976058e+02
  +2.10469184331185971359e+02
  +1.94779495977913569504e+02
  +1.80852306055368330817e+02
  +1.68491564952050964621e+02
  +1.57499666886484192219e+02
  +1.47693985558135665315e+02
  +1.38912855648616442750e+02
  +1.31016390335179920612e+02
  +1.23884988506241626283e+02
  +1.17416981042768981069e+02
  +1.11526117586169647211e+02
  +1.06139208092763510649e+02
  +1.01194038857359331018e+02
  +9.66375887206270505203e+01
  +9.24245288743489510352e+01
  +8.85159732950412205810e+01
  +8.48784429891390743705e+01
  +8.14830090618973343908e+01
  +7.83045836808764761372e+01
  +7.53213326199461619126e+01
  +7.25141874789883473795e+01
  +6.98664395747807276393e+01
  +6.73634008109842312706e+01
  +6.49921195832750981936e+01
  +6.27411420243772113281e+01
  +6.06003107190845327068e+01
  +5.85605944945806697888e+01
  +5.66139440814697891824e+01
  +5.47531694009434559689e+01
  +5.29718350089213956267e+01
  +5.12641708557644193434e+01
  +4.96249960300751453701e+01
  +4.80496535710220058490e+01
  +4.65339547746396746675e+01
  +4.50741317009109323521e+01
  +4.36667968223324862720e+01
  +4.23089089508833566811e+01
  +4.09977447467390376801e+01
  +3.97308752550475716703e+01
  +3.85061470417674414080e+01
  +3.73216676100627751111e+01
  +3.61757948783749512245e+01
  +3.50671305925096561396e+01
  +3.39945176286111774289e+01
  +3.29570412225601003797e+01
  +3.19540342338682741286e+01
  +3.09850866168908929410e+01
  +3.00500593255790100500e+01
  +2.91491029139684449945e+01
  +2.82826811036753227313e+01
  +2.74515995580511074081e+01
  +2.66570400112614613874e+01
  +2.59005997244555601355e+01
  +2.51843359499562140513e+01
  +2.45108146445666861268e+01
  +2.38831620542996674317e+01
  +2.33051169798187629567e+01
  +2.27810805445319424223e+01
  +2.23161592097264502854e+01
  +2.19161957970384442262e+01
  +2.15877827018702106443e+01
  +2.13382517603494363811e+01
  +2.11756368927862013152e+01
  +2.11086091392643346865e+01
  +2.11463891489296358372e+01
  +2.12986490762034783586e+01
  +2.15754228475532876530e+01
  +2.19870488613914467635e+01
  +2.25441701750036855856e+01
  +2.32578125695995439060e+01
  +2.41395503220967881930e+01
  +2.52017540643082682550e+01
  +2.64578960802721319112e+01
  +2.79228657412143306260e+01
  +2.96132184057644067821e+01
  +3.15472375007710859052e+01
  +3.37446187973194184906e+01
  +3.62254696646308360641e+01
  +3.90081322643370853598e+01
  +4.21050724447732989120e+01
  +4.55157481305190643184e+01
  +4.92151264969237089986e+01
  +5.31367950388443048837e+01
  +5.71513711564258883868e+01
  +6.10456099681125934353e+01
  +6.45158119260156581731e+01
  +6.71965387858644618291e+01
  +6.87393106209489275216e+01
  +6.89236128120334257119e+01
  +6.77413068800536422032e+01
  +6.53961287569348854731e+01
  +6.22196142857786043123e+01
</dep>
<dep S[2,2] frequency>
  -9.39990434692599796662e-01+j1.68082006460774160961e-02
  -9.45181180773992490884e-01+j5.35125765158919880493e-02
  -9.48271977464708482053e-01+j8.94094208453682648408e-02
  -9.49470122032412877644e-01+j1.24509134168881208105e-01
  -9.48949838174421689274e-01+j1.58830190151945466193e-01
  -9.46857654166497586523e-01+j1.92395580438788543765e-01
  -9.43316897397875275821e-01+j2.25230354931231779858e-01
  -9.38431434221638438586e-01+j2.57359932969892346577e-01
  -9.32288775812169401291e-01+j2.88808956059204091638e-01
  -9.24962656970387042676e-01+j3.19600520015957290099e-01
  -9.16515179672608759631e-01+j3.49755671884758256862e-01
  -9.06998598647528742056e-01+j3.79293090485362582864e-01
  -8.96456813272367925016e-01+j4.08228893161269590362e-01
  -8.84926618882470150673e-01+j4.36576528092625870681e-01
  -8.72438761163861320469e-01+j4.64346723458995858103e-01
  -8.59018829482843915279e-01+j4.91547473222160469231e-01
  -8.44688018588124256425e-01+j5.18184045352040101307e-01
  -8.29463782882249311967e-01+j5.44259002649418177633e-01
  -8.13360403199819281816e-01+j5.69772229427187415496e-01
  -7.96389482574352824962e-01+j5.94720959551790828712e-01
  -7.78560384674295891116e-01+j6.19099802970106694033e-01
  -7.59880626317456231433e-01+j6.42900769032903163236e-01
  -7.40356233628661097868e-01+j6.66113285803340171576e-01
  -7.19992069904428655391e-01+j6.88724215198897149470e-01
  -6.98792142021188888990e-01+j7.10717864324772796714e-01
  -6.76759891214614328625e-01+j7.32075993763253496383e-01
  -6.53898473219719722493e-01+j7.52777823922315736382e-01
  -6.30211032057083286873e-01+j7.72800040841717605922e-01
  -6.05700971147095423852e-01+j7.92116803124704560446e-01
  -5.80372224904432187920e-01+j8.10699751920336497690e-01
  -5.54229533486249259511e-01+j8.28518026133210683248e-01
  -5.27278722918125053454e-01+j8.45538285289744284690e-01
  -4.99526992384953183457e-01+j8.61724742744258143112e-01
  -4.70983210031919397043e-01+j8.77039212163857939686e-01
  -4.41658218159926119206e-01+j8.91441170485016476377e-01
  -4.11565148205378539270e-01+j9.04887840781485652819e-01
  -3.80719745355799443765e-01+j9.17334298713883389276e-01
  -3.49140702057789575896e-01+j9.28733606435664715839e-01
  -3.16849999015544780967e-01+j9.39036977993655264108e-01
  -2.83873251548698246616e-01+j9.48193980367604494219e-01
  -2.50240058375401031032e-01+j9.56152774322112763983e-01
  -2.15984349010155757265e-01+j9.62860399173407488504e-01
  -1.81144725021518071539e-01+j9.68263105377545008068e-01
  -1.45764789393236809945e-01+j9.72306738498564637752e-01
  -1.09893457191599638878e-01+j9.74937177586793435324e-01
  -7.35852396875524422670e-02+j9.76100830260792640125e-01
  -3.69004930489517171677e-02+j9.75745185815423243803e-01
  +9.43782495704840670991e-05+j9.73819426450869052303e-01
  +3.73267740003215345301e-02+j9.70275095218007033182e-01
  +7.47178181873342645014e-02+j9.65066817498429707634e-01
  +1.12182358041922392022e-01+j9.58153070789894978354e-01
  +1.49629054089205959510e-01+j9.49496995274038857460e-01
  +1.86960572714160083718e-01+j9.39067235146063050699e-01
  +2.24073891953429110702e-01+j9.26838798052236123581e-01
  +2.60860729835156346379e-01+j9.12793917300852131191e-01
  +2.97208102587455114119e-01+j8.96922898901535314842e-01
  +3.32999017383271755932e-01+j8.79224933085203996797e-01
  +3.68113300982762792213e-01+j8.59708847921591856611e-01
  +4.02428561710009236041e-01+j8.38393781153991324295e-01
  +4.35821277740280621504e-01+j8.15309745587437739722e-01
  +4.68167999808329460265e-01+j7.90498063462533817614e-01
  +4.99346651358667514842e-01+j7.64011646366016261567e-01
  +5.29237904073961873408e-01+j7.35915099475333955859e-01
  +5.57726601905271568427e-01+j7.06284632357536024116e-01
  +5.84703202479245232048e-01+j6.75207763125524662584e-01
  +6.10065201372004706215e-01+j6.42782808400540361937e-01
  +6.33718502499291513885e-01+j6.09118158060783621011e-01
  +6.55578697019670197932e-01+j5.74331340913266097381e-01
  +6.75572213859383263745e-01+j5.38547894880872513035e-01
  +6.93637307334175612361e-01+j5.01900062668924507037e-01
  +7.09724851353835006762e-01+j4.64525340757627636101e-01
  +7.23798915227524597427e-01+j4.26564915555578461070e-01
  +7.35837102912816454214e-01+j3.88162025276386657424e-01
  +7.45830645342778097984e-01+j3.49460289264651391417e-01
  +7.53784243823936606077e-01+j3.10602047891888388698e-01
  +7.59715670978663659696e-01+j2.71726755671888031696e-01
  +7.63655143853435025569e-01+j2.32969467935537605241e-01
  +7.65644491199275356585e-01+j1.94459457402486213251e-01
  +7.65736143180041239908e-01+j1.56318991543268365207e-01
  +7.63991976589934562725e-01+j1.18662295076000873228e-01
  +7.60482051878636600151e-01+j8.15947146772151715721e-02
  +7.55283279816521768701e-01+j4.52120954197870530966e-02
  +7.48478055517749485404e-01+j9.60037098602024505101e-03
  +7.40152895908432695293e-01-j2.51646372936538825771e-02
  +7.30397113791087848611e-01-j5.90172237516647241184e-02
  +7.19301557682755943191e-01-j9.19016204444847994992e-02
  +7.06957441890520676964e-01-j1.23771658444067511606e-01
  +6.93455286138809468000e-01-j1.54590291710800853409e-01
  +6.78883978768197393627e-01-j1.84329008575737085529e-01
  +6.63329972343049245609e-01-j2.12967156418189806910e-01
  +6.46876615649912056760e-01-j2.40491204691839599583e-01
  +6.29603621704413085602e-01-j2.66893970186762974350e-01
  +6.11586667624473223626e-01-j2.92173826493420718542e-01
  +5.92897119135159078596e-01-j3.16333917237619721696e-01
  +5.73601870065265084797e-01-j3.39381389955554668703e-01
  +5.53763285460537435512e-01-j3.61326664631315130904e-01
  +5.33439235828565005981e-01-j3.82182748060266974655e-01
  +5.12683209479732227010e-01-j4.01964602439988882843e-01
  +4.91544489860621158783e-01-j4.20688574010097293687e-01
  +4.70068385107026753822e-01-j4.38371885222977597518e-01
  +4.48296497690667428149e-01-j4.55032191866713842110e-01
  +4.26267022917249993608e-01-j4.70687204798031388897e-01
  +4.04015066081880092064e-01-j4.85354374479752159743e-01
  +3.81572969237431669498e-01-j4.99050635345060666914e-01
  +3.58970639728391383017e-01-j5.11792206111749359287e-01
  +3.36235873843193922017e-01-j5.23594441519765529947e-01
  +3.13394670106530770504e-01-j5.34471730537159350760e-01
  +2.90471527844126109486e-01-j5.44437435844063677415e-01
  +2.67489727686044398425e-01-j5.53503869332584330643e-01
  +2.44471591619313033394e-01-j5.61682298424467929543e-01
  +2.21438721048250297674e-01-j5.68982978182102638876e-01
  +1.98412212069510346391e-01-j5.75415204448206707433e-01
  +1.75412847818221390161e-01-j5.80987383574129157005e-01
  +1.52461268295183832722e-01-j5.85707114667776695960e-01
  +1.29578118547880233313e-01-j5.89581280693941778281e-01
  +1.06784176455970936104e-01-j5.92616145178736841714e-01
  +8.41004616725785081321e-02-j5.94817451695218601948e-01
  +6.15483275031829535351e-02-j5.96190523729927646102e-01
  +3.91495376725439492294e-02-j5.96740362943336211110e-01
  +1.69263300442087094577e-02-j5.96471744235511414090e-01
  -5.09853057527484554434e-03-j5.95389306408278140559e-01
  -2.69017083872139517453e-02-j5.93497637574234460089e-01
  -4.84592591508019310265e-02-j5.90801354800208011753e-01
  -6.97465972068350426039e-02-j5.87305177787869725492e-01
  -9.07384649000836929211e-02-j5.83013996688678259872e-01
  -1.11408902390600528243e-01-j5.77932934425414601698e-01
  -1.31731215919484445642e-01-j5.72067404151535230383e-01
  -1.51677942675863403066e-01-j5.65423162725637529213e-01
  -1.71220810495433334308e-01-j5.58006361316096155534e-01
  -1.90330690704457544671e-01-j5.49823594485226330164e-01
  -2.08977542504435814807e-01-j5.40881949339296008716e-01
  -2.27130347371049506888e-01-j5.31189056577343943211e-01
  -2.44757032016325037915e-01-j5.20753145535254535758e-01
  -2.61824378536694046815e-01-j5.09583105611466358198e-01
  -2.78297920444367297144e-01-j4.97688556786557823042e-01
  -2.94141823359918674896e-01-j4.85079932322292184388e-01
  -3.09318749236836998406e-01-j4.71768577159488389228e-01
  -3.23789703103838866216e-01-j4.57766866042966846795e-01
  -3.37513861461182507195e-01-j4.43088346002324440231e-01
  -3.50448381671117137337e-01-j4.27747908528113618409e-01
  -3.62548191964052801683e-01-j4.11761997625206710438e-01
  -3.73765762072909235592e-01-j3.95148860921445521655e-01
  -3.84050855050804162971e-01-j3.77928852185556163334e-01
  -3.93350261576896620408e-01-j3.60124794989521990196e-01
  -4.01607519084588748814e-01-j3.41762418863713779427e-01
  -4.08762619449651698478e-01-j3.22870881161863299003e-01
  -4.14751710875701118386e-01-j3.03483389995774455183e-01
  -4.19506802168684911347e-01-j2.83637946022692211123e-01
  -4.22955481002890654185e-01-j2.63378223557638124763e-01
  -4.25020662305545693371e-01-j2.42754614390418066439e-01
  -4.25620388848212460875e-01-j2.21825460710205535353e-01
  -4.24667713931768109337e-01-j2.00658506494362176564e-01
  -4.22070706175071530541e-01-j1.79332599292208988428e-01
  -4.17732629444013403575e-01-j1.57939676035160236900e-01
  -4.11552367548358499771e-01-j1.36587066573904958311e-01
  -4.03425184201246067595e-01-j1.15400145949467680673e-01
  -3.93243934573876852134e-01-j9.45253593005821457496e-02
  -3.80900876124221299257e-01-j7.41336294547729757198e-02
  -3.66290263375837255033e-01-j5.44241334046144387138e-02
  -3.49311953319370482873e-01-j3.56283956803505608146e-02
  -3.29876293032754230872e-01-j1.80145884587556703860e-02
  -3.07910604537472099018e-01-j1.89184315682627834931e-03
  -2.83367615721340504464e-01+j1.23857416759756422397e-02
  -2.56236196849432884548e-01+j2.44158740751452274509e-02
  -2.26554728805876959274e-01+j3.37463132904777252108e-02
  -1.94427321457502910729e-01+j3.98755347059723819214e-02
  -1.60042877868231292471e-01+j4.22570610756726888768e-02
  -1.23696613660605830853e-01+j4.03090059398755404252e-02
  -8.58130409622818723925e-02+j3.34306118411383523803e-02
  -4.69685795393763039218e-02+j2.10276287582959187095e-02
  -7.91087636702447749570e-03+j2.54810580142669773629e-03
  +3.04292989279019154836e-02-j2.24706387174826716091e-02
  +6.69388202064827575466e-02-j5.43446431783179140229e-02
  +1.00341451643259776949e-01-j9.31786709733015972024e-02
  +1.29240888924573693597e-01-j1.38800541489986467569e-01
  +1.52190733995586802152e-01-j1.90703907321769366989e-01
  +1.67790367346103114210e-01-j2.48011447995931277877e-01
  +1.74799784800846902399e-01-j3.09470870432688949236e-01
  +1.72260019689545462729e-01-j3.73493274055789747923e-01
  +1.59600787421475653893e-01-j4.38236943275596091407e-01
  +1.36715721624744629414e-01-j5.01730445892773602168e-01
</dep>
<dep S[2,1] frequency>
  -6.02643639546378718369e-03-j3.36782486999248287241e-01
  -1.79785188850615437750e-02-j3.17315581944040803197e-01
  -2.81742770315116831947e-02-j2.98587592006437974046e-01
  -3.68232861453413676256e-02-j2.80583756680502949266e-01
  -4.41021232727883266689e-02-j2.63281074989382024576e-01
  -5.01597417316112237362e-02-j2.46651851803335375735e-01
  -5.51219615783571023626e-02-j2.30666148539808518736e-01
  -5.90952049312362392985e-02-j2.15293462777016719745e-01
  -6.21695968290120679067e-02-j2.00503866142556802510e-01
  -6.44215385503559001545e-02-j1.86268762601371651311e-01
  -6.59158451690350921659e-02-j1.72561381804752167479e-01
  -6.67075246054929377193e-02-j1.59357088641930128015e-01
  -6.68432624388896334811e-02-j1.46633566432970735560e-01
  -6.63626655441873769536e-02-j1.34370914409834091297e-01
  -6.52993081916907053275e-02-j1.22551688212020670754e-01
  -6.36816164287373059905e-02-j1.11160903640916380875e-01
  -6.15336201426472731435e-02-j1.00186017866531376641e-01
  -5.88755969633709963507e-02-j8.96168979525538561548e-02
  -5.57246279032236474515e-02-j7.94457834606835111568e-02
  -5.20950811738650002014e-02-j6.96672476585397104643e-02
  -4.79990378178441340351e-02-j6.02781602355934031934e-02
  -4.34466705194680516411e-02-j5.12776532495876138928e-02
  -3.84465851141601797081e-02-j4.26670911528559404502e-02
  -3.30061328135189749333e-02-j3.44500450926818954644e-02
  -2.71316999353532518902e-02-j2.66322711751567596516e-02
  -2.08289809185070555475e-02-j1.92216919808147826410e-02
  -1.41032395643139723401e-02-j1.22283802873646707532e-02
  -6.95956274239663968961e-03-j5.66454366586107566084e-03
  +5.96889804323002593801e-04+j4.55491646701944687733e-04
  +8.56063644914264836039e-03+j6.11529944539560693650e-03
  +1.69256228365577583717e-02+j1.12963769174906289439e-02
  +2.56849670209064635806e-02+j1.59781750010258884187e-02
  +3.48306988409962173248e-02+j2.01381383241367659109e-02
  +4.43534922215435278847e-02+j2.37517575548808236585e-02
  +5.42423895488296572975e-02+j2.67926372365362291950e-02
  +6.44845177572001826416e-02+j2.92325824210387316682e-02
  +7.50647962954328895613e-02+j3.10417076347444219342e-02
  +8.59656377297635110324e-02+j3.21885719056288974183e-02
  +9.71666423903846249166e-02+j3.26403437349489372599e-02
  +1.08644289188139467339e-01+j3.23629999930594020041e-02
  +1.20371625520104649776e-01+j3.13215627384373640485e-02
  +1.32317960046916288652e-01+j2.94803778786853799831e-02
  +1.44448563055233292207e-01+j2.68034393872807231995e-02
  +1.56724380104896893195e-01+j2.32547624331178245938e-02
  +1.69101765684057381289e-01+j1.87988082435196490749e-02
  +1.81532244630839750821e-01+j1.34009627774047696686e-02
  +1.93962310092737733047e-01+j7.02807030803694488680e-03
  +2.06333267740164305604e-01-j3.50978217863324765298e-04
  +2.18581136774949502666e-01-j8.76460368082043056459e-03
  +2.30636618914520974410e-01-j1.82378475641224620241e-02
  +2.42425146916540823483e-01-j2.87916364662916049455e-02
  +2.53867024259409213016e-01-j4.04420101038451065834e-02
  +2.64877667230691393740e-01-j5.31993230492548221933e-02
  +2.75367959820082941480e-01-j6.70674330742565688590e-02
  +2.85244730395049161942e-01-j8.20428916367293842304e-02
  +2.94411357100006432219e-01-j9.81141546441110790067e-02
  +3.02768506230683631664e-01-j1.15260834008700061015e-01
  +3.10215004491933843411e-01-j1.33453012520719782597e-01
  +3.16648842086222681580e-01-j1.52650646032458703338e-01
  +3.21968299083305209418e-01-j1.72803077695126511282e-01
  +3.26073182620957413569e-01-j1.93848688853389378162e-01
  +3.28866157364035571753e-01-j2.15714710037037321610e-01
  +3.30254146533923931273e-01-j2.38317213190585547311e-01
  +3.30149775981071869069e-01-j2.61561302799817985143e-01
  +3.28472829502224172860e-01-j2.85341518926827630853e-01
  +3.25151680201347936805e-01-j3.09542459448403861622e-01
  +3.20124660442330399857e-01-j3.34039622185137830002e-01
  +3.13341332085477930480e-01-j3.58700460369467066801e-01
  +3.04763619416777931104e-01-j3.83385637359328956819e-01
  +2.94366769560542085316e-01-j4.07950459041019231066e-01
  +2.82140109201904965008e-01-j4.32246455388868966452e-01
  +2.68087572015218655874e-01-j4.56123076564687091050e-01
  +2.52227978068935432265e-01-j4.79429464116489234549e-01
  +2.34595054332021657473e-01-j5.02016254576118203801e-01
  +2.15237193842521712384e-01-j5.23737371267982698697e-01
  +1.94216959670811595284e-01-j5.44451760523682160020e-01
  +1.71610348063834600163e-01-j5.64025030724740195076e-01
  +1.47505832661489894031e-01-j5.82330956525233145449e-01
  +1.22003218059636667214e-01-j5.99252815987819542620e-01
  +9.52123359667060575884e-02-j6.14684534867596443775e-01
  +6.72516205766211516703e-02-j6.28531619510099837100e-01
  +3.82466014834204823258e-02-j6.40711867381619448736e-01
  +8.32835252517021701335e-03-j6.51155851720506939628e-01
  -2.23680665035558869091e-02-j6.59807183823419296509e-01
  -5.37051410822413990975e-02-j6.66622562757547165724e-01
  -8.55443757388545666931e-02-j6.71571627591413755631e-01
  -1.17747684502135088747e-01-j6.74636631418507937141e-01
  -1.50178677142225824870e-01-j6.75811959447159882330e-01
  -1.82703825443859768640e-01-j6.75103515260357167627e-01
  -2.15193498793405796343e-01-j6.72528000085851007661e-01
  -2.47522863090972100597e-01-j6.68112109685503163803e-01
  -2.79572641260949938946e-01-j6.61891672429265942590e-01
  -3.11229737319496879699e-01-j6.53910750437859067397e-01
  -3.42387729005206475907e-01-j6.44220723535459671716e-01
  -3.72947236372870527532e-01-j6.32879373317968507706e-01
  -4.02816175508351026480e-01-j6.19949982065300497780e-01
  -4.31909907691862104961e-01-j6.05500458636944682844e-01
  -4.60151294983343228662e-01-j5.89602500992962741400e-01
  -4.87470673403625098796e-01-j5.72330802656387360727e-01
  -5.13805754721184171352e-01-j5.53762308331649633075e-01
  -5.39101467406773782187e-01-j5.33975522049756845533e-01
  -5.63309746663705701586e-01-j5.13049869637918765086e-01
  -5.86389282647829190864e-01-j4.91065116007902147111e-01
  -6.08305235117369003106e-01-j4.68100836710720891176e-01
  -6.29028921847335609208e-01-j4.44235942394129446065e-01
  -6.48537487244482457882e-01-j4.19548254198153836025e-01
  -6.66813556736121304525e-01-j3.94114127703519057100e-01
  -6.83844881699186668556e-01-j3.68008122779293123106e-01
  -6.99623978958438530462e-01-j3.41302716531202698924e-01
  -7.14147768220465328781e-01-j3.14068056504599346646e-01
  -7.27417210225812405078e-01-j2.86371751322613943280e-01
  -7.39436947892377904878e-01-j2.58278696020509512810e-01
  -7.50214952285086944528e-01-j2.29850929454543717601e-01
  -7.59762174872950502014e-01-j2.01147521304141096987e-01
  -7.68092207217443201372e-01-j1.72224486339300458804e-01
  -7.75220948968033951587e-01-j1.43134723782694595062e-01
  -7.81166284813325950687e-01-j1.13927979752711711070e-01
  -7.85947770842649440226e-01-j8.46508309259766111854e-02
  -7.89586330605689279416e-01-j5.53466877041130095316e-02
  -7.92103961011312973639e-01-j2.60558153091720728911e-02
  -7.93523448075450610339e-01+j3.18462863398673518348e-03
  -7.93868092407752801165e-01+j3.23405413405719460718e-02
  -7.93161444213973054751e-01+j6.13808081188233628511e-02
  -7.91427047483235335257e-01+j9.02772226903274105370e-02
  -7.88688192924091313607e-01+j1.19004395503922666411e-01
  -7.84967679109805804849e-01+j1.47539650832355151433e-01
  -7.80287581190299839307e-01+j1.75862913293936412584e-01
  -7.74669026425777285105e-01+j2.03956584281558522820e-01
  -7.68131975695197311005e-01+j2.31805408604468549116e-01
  -7.60695010032356289109e-01+j2.59396331450473194291e-01
  -7.52375121144327807521e-01+j2.86718345553029552164e-01
  -7.43187504773046847539e-01+j3.13762328193869621806e-01
  -7.33145355673467169488e-01+j3.40520867382102299104e-01
  -7.22259662903641075360e-01+j3.66988076217971359583e-01
  -7.10539004057791134805e-01+j3.93159394066340706075e-01
  -6.97989337028349865477e-01+j4.19031372722343087300e-01
  -6.84613787864417844276e-01+j4.44601445238823167472e-01
  -6.70412433312258415619e-01+j4.69867674489996167697e-01
  -6.55382076691337300822e-01+j4.94828477853394177455e-01
  -6.39516015895021272541e-01+j5.19482323586398120341e-01
  -6.22803802531651462537e-01+j5.43827393534839331757e-01
  -6.05230991570774978783e-01+j5.67861205718396822029e-01
  -5.86778881372112204318e-01+j5.91580189066722494928e-01
  -5.67424244705786229304e-01+j6.14979201106793160747e-01
  -5.47139052392948244119e-01+j6.38050977700452270902e-01
  -5.25890192599556716146e-01+j6.60785501978353062569e-01
  -5.03639190724049612413e-01+j6.83169277395025531519e-01
  -4.80341937388779616214e-01+j7.05184487333614384852e-01
  -4.55948435476645819175e-01+j7.26808020932280696158e-01
  -4.30402581704303399679e-01+j7.48010341835792846865e-01
  -4.03642004213803806678e-01+j7.68754173497668724657e-01
  -3.75597985495227437713e-01+j7.88992971655607888692e-01
  -3.46195510110669624204e-01+j8.08669151985973888586e-01
  -3.15353489752259796841e-01+j8.27712039205097949157e-01
  -2.82985234794299655992e-01+j8.46035503784140274774e-01
  -2.48999262403917537290e-01+j8.63535255111355537494e-01
  -2.13300557148943248365e-01+j8.80085767018087494762e-01
  -1.75792431424046907695e-01+j8.95536825422275084563e-01
  -1.36379170048415682137e-01+j9.09709711675685706034e-01
  -9.49696854185395067383e-02+j9.22393073381413519662e-01
  -5.14824545553974333156e-02+j9.33338592612904527357e-01
  -5.85205283730691212113e-03+j9.42256646553247034781e-01
  +4.19623669482564673472e-02+j9.48812275507186830836e-01
  +9.19662908824244867967e-02+j9.52621935961213583965e-01
  +1.44116429524476730162e-01+j9.53251727764041434376e-01
  +1.98304454583896005992e-01+j9.50218044580702692059e-01
  +2.54337891026297280295e-01+j9.42991893426024518909e-01
  +3.11918555397552421660e-01+j9.31008428929309683753e-01
  +3.70619530991214141125e-01+j9.13683484744828966484e-01
  +4.29862517304204660995e-01+j8.90438947330035923677e-01
  +4.88898472562862118629e-01+j8.60738544947121320128e-01
  +5.46795681903986419137e-01+j8.24134816824696136983e-01
  +6.02440488673584906287e-01+j7.80326487971043536440e-01
  +6.54556507944913490427e-01+j7.29223103017906271184e-01
  +7.01747635932145619186e-01+j6.71010698709830655240e-01
  +7.42567994457368207861e-01+j6.06209031334419390369e-01
  +7.75617774436250573267e-01+j5.35708388673229563004e-01
  +7.99658045317870658231e-01+j4.60773596138684737866e-01
  +8.13731151319195045168e-01+j3.83005659064136028125e-01
  +8.17268331440279216515e-01+j3.04257978322396482884e-01
  +8.10164932378792390644e-01+j2.26513260629020829473e-01
</dep>
<dep S[1,2] frequency>
  -6.02643639546797307144e-03-j3.36782486999243846348e-01
  -1.79785188850598576238e-02-j3.17315581944041025242e-01
  -2.81742770315115513557e-02-j2.98587592006438085068e-01
  -3.68232861453413676256e-02-j2.80583756680502949266e-01
  -4.41021232727881393187e-02-j2.63281074989381969065e-01
  -5.01597417316109808749e-02-j2.46651851803335181446e-01
  -5.51219615783590244362e-02-j2.30666148539809601203e-01
  -5.90952049312375785051e-02-j2.15293462777014665832e-01
  -6.21695968290107356391e-02-j2.00503866142555525753e-01
  -6.44215385503558030100e-02-j1.86268762601371679066e-01
  -6.59158451690350088992e-02-j1.72561381804752222990e-01
  -6.67075246054923132188e-02-j1.59357088641929600659e-01
  -6.68432624388889257139e-02-j1.46633566432970319227e-01
  -6.63626655441884732989e-02-j1.34370914409834341097e-01
  -6.52993081916907469608e-02-j1.22551688212020754021e-01
  -6.36816164287378055908e-02-j1.11160903640916949864e-01
  -6.15336201426475576381e-02-j1.00186017866530210907e-01
  -5.88755969633706841004e-02-j8.96168979525540920772e-02
  -5.57246279032227384564e-02-j7.94457834606820401113e-02
  -5.20950811738652083682e-02-j6.96672476585395578086e-02
  -4.79990378178452650748e-02-j6.02781602355941456550e-02
  -4.34466705194689190028e-02-j5.12776532495891751440e-02
  -3.84465851141603739971e-02-j4.26670911528557739167e-02
  -3.30061328135189749333e-02-j3.44500450926818954644e-02
  -2.71316999353533004624e-02-j2.66322711751567180183e-02
  -2.08289809185067675834e-02-j1.92216919808150393800e-02
  -1.41032395643129575269e-02-j1.22283802873631042979e-02
  -6.95956274239649917701e-03-j5.66454366586129857281e-03
  +5.96889804323643465706e-04+j4.55491646702701948740e-04
  +8.56063644914188855151e-03+j6.11529944539489309779e-03
  +1.69256228365580706219e-02+j1.12963769174902663867e-02
  +2.56849670209065156223e-02+j1.59781750010258988270e-02
  +3.48306988409963630415e-02+j2.01381383241365681525e-02
  +4.43534922215430491010e-02+j2.37517575548808618224e-02
  +5.42423895488296503586e-02+j2.67926372365363783812e-02
  +6.44845177572002797861e-02+j2.92325824210386275848e-02
  +7.50647962954340136621e-02+j3.10417076347448105123e-02
  +8.59656377297637191992e-02+j3.21885719056282104678e-02
  +9.71666423903846387944e-02+j3.26403437349490066488e-02
  +1.08644289188138579161e-01+j3.23629999930588607704e-02
  +1.20371625520104955087e-01+j3.13215627384364689312e-02
  +1.32317960046916288652e-01+j2.94803778786853799831e-02
  +1.44448563055233375474e-01+j2.68034393872801229852e-02
  +1.56724380104896865440e-01+j2.32547624331179078605e-02
  +1.69101765684056909445e-01+j1.87988082435197809139e-02
  +1.81532244630839084687e-01+j1.34009627774053334537e-02
  +1.93962310092737205691e-01+j7.02807030803793714863e-03
  +2.06333267740164028048e-01-j3.50978217863386076931e-04
  +2.18581136774950057777e-01-j8.76460368082053985217e-03
  +2.30636618914520918899e-01-j1.82378475641220387515e-02
  +2.42425146916541350839e-01-j2.87916364662925590434e-02
  +2.53867024259409546083e-01-j4.04420101038447526998e-02
  +2.64877667230691560274e-01-j5.31993230492555299604e-02
  +2.75367959820082608413e-01-j6.70674330742576096931e-02
  +2.85244730395049661542e-01-j8.20428916367286764633e-02
  +2.94411357100006654264e-01-j9.81141546441114953403e-02
  +3.02768506230683909219e-01-j1.15260834008699963871e-01
  +3.10215004491933565856e-01-j1.33453012520720531997e-01
  +3.16648842086222459535e-01-j1.52650646032458953139e-01
  +3.21968299083304376751e-01-j1.72803077695126344748e-01
  +3.26073182620957247035e-01-j1.93848688853388212427e-01
  +3.28866157364036348909e-01-j2.15714710037037016299e-01
  +3.30254146533923986784e-01-j2.38317213190585297511e-01
  +3.30149775981072646225e-01-j2.61561302799818318210e-01
  +3.28472829502224894505e-01-j2.85341518926828463520e-01
  +3.25151680201348658450e-01-j3.09542459448403139977e-01
  +3.20124660442330510879e-01-j3.34039622185138607158e-01
  +3.13341332085477819458e-01-j3.58700460369466567201e-01
  +3.04763619416778264171e-01-j3.83385637359328790286e-01
  +2.94366769560540531003e-01-j4.07950459041019786177e-01
  +2.82140109201903577230e-01-j4.32246455388870520764e-01
  +2.68087572015218322807e-01-j4.56123076564687146561e-01
  +2.52227978068936320444e-01-j4.79429464116489734149e-01
  +2.34595054332023239541e-01-j5.02016254576117648689e-01
  +2.15237193842520518894e-01-j5.23737371267983364831e-01
  +1.94216959670812816530e-01-j5.44451760523682604109e-01
  +1.71610348063833823007e-01-j5.64025030724738973831e-01
  +1.47505832661489755253e-01-j5.82330956525234033627e-01
  +1.22003218059638388060e-01-j5.99252815987819875687e-01
  +9.52123359667065710665e-02-j6.14684534867595999685e-01
  +6.72516205766204161476e-02-j6.28531619510100059145e-01
  +3.82466014834203713035e-02-j6.40711867381619670780e-01
  +8.32835252517207837164e-03-j6.51155851720506828606e-01
  -2.23680665035546934194e-02-j6.59807183823419629576e-01
  -5.37051410822425717706e-02-j6.66622562757547054701e-01
  -8.55443757388541503595e-02-j6.71571627591414643810e-01
  -1.17747684502134630780e-01-j6.74636631418507382030e-01
  -1.50178677142224908936e-01-j6.75811959447160326420e-01
  -1.82703825443861100908e-01-j6.75103515260357278649e-01
  -2.15193498793406962077e-01-j6.72528000085850452550e-01
  -2.47522863090971850797e-01-j6.68112109685503385847e-01
  -2.79572641260951770814e-01-j6.61891672429265387478e-01
  -3.11229737319496435610e-01-j6.53910750437859067397e-01
  -3.42387729005206031818e-01-j6.44220723535459782738e-01
  -3.72947236372870416510e-01-j6.32879373317968174639e-01
  -4.02816175508351026480e-01-j6.19949982065300275735e-01
  -4.31909907691861827406e-01-j6.05500458636945237956e-01
  -4.60151294983343450706e-01-j5.89602500992962075266e-01
  -4.87470673403624821240e-01-j5.72330802656386805616e-01
  -5.13805754721184282374e-01-j5.53762308331648966941e-01
  -5.39101467406773782187e-01-j5.33975522049758177801e-01
  -5.63309746663706145675e-01-j5.13049869637918543042e-01
  -5.86389282647828635753e-01-j4.91065116007902591200e-01
  -6.08305235117369336173e-01-j4.68100836710721279754e-01
  -6.29028921847335609208e-01-j4.44235942394129446065e-01
  -6.48537487244482679927e-01-j4.19548254198154335626e-01
  -6.66813556736121415547e-01-j3.94114127703519390167e-01
  -6.83844881699186446511e-01-j3.68008122779292790039e-01
  -6.99623978958438197395e-01-j3.41302716531203198524e-01
  -7.14147768220464551625e-01-j3.14068056504600179313e-01
  -7.27417210225812516100e-01-j2.86371751322613554702e-01
  -7.39436947892378015901e-01-j2.58278696020510289966e-01
  -7.50214952285086944528e-01-j2.29850929454543800867e-01
  -7.59762174872950168947e-01-j2.01147521304141013720e-01
  -7.68092207217442868306e-01-j1.72224486339300403293e-01
  -7.75220948968033951587e-01-j1.43134723782694706085e-01
  -7.81166284813326394776e-01-j1.13927979752712571493e-01
  -7.85947770842649551248e-01-j8.46508309259754732068e-02
  -7.89586330605688724305e-01-j5.53466877041123433978e-02
  -7.92103961011313750795e-01-j2.60558153091720139105e-02
  -7.93523448075450610339e-01+j3.18462863398686181829e-03
  -7.93868092407752801165e-01+j3.23405413405719807662e-02
  -7.93161444213973387818e-01+j6.13808081188233697900e-02
  -7.91427047483235335257e-01+j9.02772226903274105370e-02
  -7.88688192924090980540e-01+j1.19004395503923054989e-01
  -7.84967679109805360760e-01+j1.47539650832354929388e-01
  -7.80287581190300172373e-01+j1.75862913293936190540e-01
  -7.74669026425776841016e-01+j2.03956584281558855887e-01
  -7.68131975695197311005e-01+j2.31805408604468798917e-01
  -7.60695010032356400131e-01+j2.59396331450473249802e-01
  -7.52375121144328251610e-01+j2.86718345553028775008e-01
  -7.43187504773047069584e-01+j3.13762328193868678117e-01
  -7.33145355673467502555e-01+j3.40520867382101910525e-01
  -7.22259662903640964338e-01+j3.66988076217972469806e-01
  -7.10539004057790690716e-01+j3.93159394066341594254e-01
  -6.97989337028349199343e-01+j4.19031372722343142811e-01
  -6.84613787864417844276e-01+j4.44601445238822778894e-01
  -6.70412433312258526641e-01+j4.69867674489996389742e-01
  -6.55382076691337189800e-01+j4.94828477853395121144e-01
  -6.39516015895022271742e-01+j5.19482323586397898296e-01
  -6.22803802531651462537e-01+j5.43827393534839331757e-01
  -6.05230991570774978783e-01+j5.67861205718396822029e-01
  -5.86778881372112648407e-01+j5.91580189066722161861e-01
  -5.67424244705786118281e-01+j6.14979201106792938702e-01
  -5.47139052392948355141e-01+j6.38050977700452270902e-01
  -5.25890192599556272057e-01+j6.60785501978353284613e-01
  -5.03639190724050722636e-01+j6.83169277395025309474e-01
  -4.80341937388780004792e-01+j7.05184487333614828941e-01
  -4.55948435476646041220e-01+j7.26808020932280585136e-01
  -4.30402581704303288657e-01+j7.48010341835792846865e-01
  -4.03642004213802529922e-01+j7.68754173497668946702e-01
  -3.75597985495226494024e-01+j7.88992971655608221759e-01
  -3.46195510110669291137e-01+j8.08669151985974554719e-01
  -3.15353489752259019685e-01+j8.27712039205098060179e-01
  -2.82985234794299489458e-01+j8.46035503784140496819e-01
  -2.48999262403917565045e-01+j8.63535255111355204427e-01
  -2.13300557148942748764e-01+j8.80085767018087383740e-01
  -1.75792431424046796673e-01+j8.95536825422274862518e-01
  -1.36379170048415931937e-01+j9.09709711675685372967e-01
  -9.49696854185393957160e-02+j9.22393073381413519662e-01
  -5.14824545553975998491e-02+j9.33338592612904638379e-01
  -5.85205283730795642466e-03+j9.42256646553247367848e-01
  +4.19623669482566616362e-02+j9.48812275507187274926e-01
  +9.19662908824253749751e-02+j9.52621935961213028854e-01
  +1.44116429524476452606e-01+j9.53251727764041545399e-01
  +1.98304454583896561104e-01+j9.50218044580702914104e-01
  +2.54337891026297668873e-01+j9.42991893426024296865e-01
  +3.11918555397552199615e-01+j9.31008428929308906596e-01
  +3.70619530991215362370e-01+j9.13683484744828300350e-01
  +4.29862517304203550772e-01+j8.90438947330036478789e-01
  +4.88898472562862729252e-01+j8.60738544947120876039e-01
  +5.46795681903986530159e-01+j8.24134816824696248005e-01
  +6.02440488673585017310e-01+j7.80326487971043536440e-01
  +6.54556507944912602248e-01+j7.29223103017906826295e-01
  +7.01747635932145619186e-01+j6.71010698709830655240e-01
  +7.42567994457367652750e-01+j6.06209031334419945480e-01
  +7.75617774436250795311e-01+j5.35708388673229340959e-01
  +7.99658045317870991298e-01+j4.60773596138684293777e-01
  +8.13731151319194934146e-01+j3.83005659064135639547e-01
  +8.17268331440279882649e-01+j3.04257978322396538395e-01
  +8.10164932378792279621e-01+j2.26513260629021023762e-01
</dep>
<dep S[1,1] frequency>
  -9.39990434692601350974e-01+j1.68082006460788385693e-02
  -9.45181180773991380661e-01+j5.35125765158918492714e-02
  -9.48271977464708260008e-01+j8.94094208453680289184e-02
  -9.49470122032412877644e-01+j1.24509134168881277493e-01
  -9.48949838174422688475e-01+j1.58830190151945577215e-01
  -9.46857654166497919590e-01+j1.92395580438787128230e-01
  -9.43316897397876052977e-01+j2.25230354931230614124e-01
  -9.38431434221640103921e-01+j2.57359932969892735155e-01
  -9.32288775812167624935e-01+j2.88808956059204868794e-01
  -9.24962656970386820632e-01+j3.19600520015957401121e-01
  -9.16515179672609092698e-01+j3.49755671884758367884e-01
  -9.06998598647528075922e-01+j3.79293090485363137976e-01
  -8.96456813272367591949e-01+j4.08228893161269257295e-01
  -8.84926618882471149874e-01+j4.36576528092626481303e-01
  -8.72438761163861209447e-01+j4.64346723458995747080e-01
  -8.59018829482844692436e-01+j4.91547473222159914119e-01
  -8.44688018588123701313e-01+j5.18184045352040878463e-01
  -8.29463782882248090722e-01+j5.44259002649418399677e-01
  -8.13360403199818615683e-01+j5.69772229427188858786e-01
  -7.96389482574352713939e-01+j5.94720959551790717690e-01
  -7.78560384674296557250e-01+j6.19099802970105694833e-01
  -7.59880626317456564500e-01+j6.42900769032902275057e-01
  -7.40356233628661875024e-01+j6.66113285803339616464e-01
  -7.19992069904428766414e-01+j6.88724215198897260493e-01
  -6.98792142021188888990e-01+j7.10717864324772685691e-01
  -6.76759891214613884536e-01+j7.32075993763253274338e-01
  -6.53898473219719944538e-01+j7.52777823922315736382e-01
  -6.30211032057083508917e-01+j7.72800040841717383877e-01
  -6.05700971147094535674e-01+j7.92116803124705226580e-01
  -5.80372224904432632009e-01+j8.10699751920337052802e-01
  -5.54229533486249037466e-01+j8.28518026133210683248e-01
  -5.27278722918124942431e-01+j8.45538285289744284690e-01
  -4.99526992384953016924e-01+j8.61724742744257810045e-01
  -4.70983210031919230509e-01+j8.77039212163858605820e-01
  -4.41658218159927007385e-01+j8.91441170485016032288e-01
  -4.11565148205379538471e-01+j9.04887840781485652819e-01
  -3.80719745355798611097e-01+j9.17334298713884055410e-01
  -3.49140702057789353852e-01+j9.28733606435664160728e-01
  -3.16849999015544725456e-01+j9.39036977993654486951e-01
  -2.83873251548698690705e-01+j9.48193980367604272175e-01
  -2.50240058375400309387e-01+j9.56152774322112763983e-01
  -2.15984349010155701754e-01+j9.62860399173407821571e-01
  -1.81144725021517821739e-01+j9.68263105377544119889e-01
  -1.45764789393236671167e-01+j9.72306738498564526729e-01
  -1.09893457191599472345e-01+j9.74937177586793435324e-01
  -7.35852396875532194231e-02+j9.76100830260792973192e-01
  -3.69004930489515436953e-02+j9.75745185815424243003e-01
  +9.43782495700928869553e-05+j9.73819426450868941281e-01
  +3.73267740003216663691e-02+j9.70275095218006811137e-01
  +7.47178181873342506236e-02+j9.65066817498430040700e-01
  +1.12182358041922336511e-01+j9.58153070789893535064e-01
  +1.49629054089205543177e-01+j9.49496995274038635415e-01
  +1.86960572714160860874e-01+j9.39067235146062717632e-01
  +2.24073891953428777635e-01+j9.26838798052235790514e-01
  +2.60860729835156790468e-01+j9.12793917300852575281e-01
  +2.97208102587455114119e-01+j8.96922898901535425864e-01
  +3.32999017383271977977e-01+j8.79224933085203996797e-01
  +3.68113300982763069769e-01+j8.59708847921591079455e-01
  +4.02428561710008958485e-01+j8.38393781153991213273e-01
  +4.35821277740280732527e-01+j8.15309745587437628700e-01
  +4.68167999808329238220e-01+j7.90498063462534705792e-01
  +4.99346651358667625864e-01+j7.64011646366017260767e-01
  +5.29237904073961651363e-01+j7.35915099475333844836e-01
  +5.57726601905272123538e-01+j7.06284632357536912295e-01
  +5.84703202479244454892e-01+j6.75207763125525217696e-01
  +6.10065201372005594393e-01+j6.42782808400541583183e-01
  +6.33718502499291957974e-01+j6.09118158060782954877e-01
  +6.55578697019670419976e-01+j5.74331340913266319426e-01
  +6.75572213859381820455e-01+j5.38547894880873290191e-01
  +6.93637307334173724982e-01+j5.01900062668923729881e-01
  +7.09724851353834007561e-01+j4.64525340757625637700e-01
  +7.23798915227524375382e-01+j4.26564915555578516582e-01
  +7.35837102912816787281e-01+j3.88162025276388211736e-01
  +7.45830645342780207407e-01+j3.49460289264652168573e-01
  +7.53784243823935717899e-01+j3.10602047891888277675e-01
  +7.59715670978665214008e-01+j2.71726755671887199028e-01
  +7.63655143853435247614e-01+j2.32969467935536578285e-01
  +7.65644491199275134541e-01+j1.94459457402485380584e-01
  +7.65736143180042905243e-01+j1.56318991543268670519e-01
  +7.63991976589935006814e-01+j1.18662295076000581795e-01
  +7.60482051878635822995e-01+j8.15947146772150327942e-02
  +7.55283279816521657679e-01+j4.52120954197866853352e-02
  +7.48478055517750928693e-01+j9.60037098601991545355e-03
  +7.40152895908434027561e-01-j2.51646372936536327769e-02
  +7.30397113791086405321e-01-j5.90172237516648004463e-02
  +7.19301557682756609324e-01-j9.19016204444863954448e-02
  +7.06957441890520232874e-01-j1.23771658444068108351e-01
  +6.93455286138811022312e-01-j1.54590291710801575054e-01
  +6.78883978768197060560e-01-j1.84329008575736918996e-01
  +6.63329972343048690497e-01-j2.12967156418189057510e-01
  +6.46876615649912278805e-01-j2.40491204691840071428e-01
  +6.29603621704412863558e-01-j2.66893970186762530261e-01
  +6.11586667624473223626e-01-j2.92173826493420829564e-01
  +5.92897119135159300640e-01-j3.16333917237620665386e-01
  +5.73601870065265417864e-01-j3.39381389955554335636e-01
  +5.53763285460536991422e-01-j3.61326664631315352949e-01
  +5.33439235828565894160e-01-j3.82182748060267196699e-01
  +5.12683209479732227010e-01-j4.01964602439988383242e-01
  +4.91544489860621824917e-01-j4.20688574010098181866e-01
  +4.70068385107026753822e-01-j4.38371885222978985297e-01
  +4.48296497690667594682e-01-j4.55032191866714341710e-01
  +4.26267022917249660541e-01-j4.70687204798031055830e-01
  +4.04015066081880702686e-01-j4.85354374479752936900e-01
  +3.81572969237431669498e-01-j4.99050635345060888959e-01
  +3.58970639728391605061e-01-j5.11792206111749359287e-01
  +3.36235873843193588950e-01-j5.23594441519766529147e-01
  +3.13394670106530548459e-01-j5.34471730537159905872e-01
  +2.90471527844126053974e-01-j5.44437435844063344348e-01
  +2.67489727686044509447e-01-j5.53503869332584885754e-01
  +2.44471591619313532995e-01-j5.61682298424468928744e-01
  +2.21438721048250353185e-01-j5.68982978182102083764e-01
  +1.98412212069509985568e-01-j5.75415204448207595611e-01
  +1.75412847818221362406e-01-j5.80987383574129268027e-01
  +1.52461268295184249055e-01-j5.85707114667776806982e-01
  +1.29578118547880538625e-01-j5.89581280693941778281e-01
  +1.06784176455970825081e-01-j5.92616145178736730692e-01
  +8.41004616725787856879e-02-j5.94817451695219712171e-01
  +6.15483275031827314905e-02-j5.96190523729926535879e-01
  +3.91495376725440324961e-02-j5.96740362943335433954e-01
  +1.69263300442086817021e-02-j5.96471744235511969201e-01
  -5.09853057527459574416e-03-j5.95389306408277696470e-01
  -2.69017083872138407230e-02-j5.93497637574234571112e-01
  -4.84592591508021808266e-02-j5.90801354800208455842e-01
  -6.97465972068351258706e-02-j5.87305177787869725492e-01
  -9.07384649000833876098e-02-j5.83013996688678037827e-01
  -1.11408902390600833554e-01-j5.77932934425414268631e-01
  -1.31731215919484390131e-01-j5.72067404151536007539e-01
  -1.51677942675863042243e-01-j5.65423162725637196147e-01
  -1.71220810495433362064e-01-j5.58006361316097265757e-01
  -1.90330690704457766715e-01-j5.49823594485226108119e-01
  -2.08977542504436342163e-01-j5.40881949339296896895e-01
  -2.27130347371049645666e-01-j5.31189056577344831389e-01
  -2.44757032016325731805e-01-j5.20753145535255423937e-01
  -2.61824378536693991304e-01-j5.09583105611465247975e-01
  -2.78297920444366742032e-01-j4.97688556786556712819e-01
  -2.94141823359918064273e-01-j4.85079932322292017854e-01
  -3.09318749236837164940e-01-j4.71768577159488500250e-01
  -3.23789703103838866216e-01-j4.57766866042966791284e-01
  -3.37513861461182396173e-01-j4.43088346002323607564e-01
  -3.50448381671118192049e-01-j4.27747908528114118010e-01
  -3.62548191964052635150e-01-j4.11761997625206876972e-01
  -3.73765762072909235592e-01-j3.95148860921445466143e-01
  -3.84050855050804496038e-01-j3.77928852185556607424e-01
  -3.93350261576896620408e-01-j3.60124794989521823663e-01
  -4.01607519084589081881e-01-j3.41762418863713612893e-01
  -4.08762619449651642967e-01-j3.22870881161862965936e-01
  -4.14751710875701840031e-01-j3.03483389995774621717e-01
  -4.19506802168685077881e-01-j2.83637946022691933567e-01
  -4.22955481002890820719e-01-j2.63378223557638069252e-01
  -4.25020662305545526838e-01-j2.42754614390418094194e-01
  -4.25620388848211239630e-01-j2.21825460710205146775e-01
  -4.24667713931767665247e-01-j2.00658506494362010031e-01
  -4.22070706175071919120e-01-j1.79332599292208599850e-01
  -4.17732629444012681930e-01-j1.57939676035160569967e-01
  -4.11552367548358333238e-01-j1.36587066573904791777e-01
  -4.03425184201246012083e-01-j1.15400145949467819451e-01
  -3.93243934573876463556e-01-j9.45253593005819237050e-02
  -3.80900876124221410279e-01-j7.41336294547730867421e-02
  -3.66290263375837699122e-01-j5.44241334046146607584e-02
  -3.49311953319370371851e-01-j3.56283956803505053035e-02
  -3.29876293032753842294e-01-j1.80145884587557814083e-02
  -3.07910604537472931685e-01-j1.89184315682588977126e-03
  -2.83367615721340615487e-01+j1.23857416759755867286e-02
  -2.56236196849432107392e-01+j2.44158740751446445838e-02
  -2.26554728805876903763e-01+j3.37463132904779750110e-02
  -1.94427321457502383373e-01+j3.98755347059724513104e-02
  -1.60042877868230515315e-01+j4.22570610756719255985e-02
  -1.23696613660605789220e-01+j4.03090059398749089858e-02
  -8.58130409622808454362e-02+j3.34306118411374364463e-02
  -4.69685795393771088335e-02+j2.10276287582961129985e-02
  -7.91087636702386687304e-03+j2.54810580142608711363e-03
  +3.04292989279021652838e-02-j2.24706387174822552755e-02
  +6.69388202064826465243e-02-j5.43446431783179140229e-02
  +1.00341451643259027549e-01-j9.31786709733010143353e-02
  +1.29240888924573360530e-01-j1.38800541489986384303e-01
  +1.52190733995586524596e-01-j1.90703907321768534322e-01
  +1.67790367346103280743e-01-j2.48011447995931666455e-01
  +1.74799784800847374244e-01-j3.09470870432689060259e-01
  +1.72260019689545434973e-01-j3.73493274055790469568e-01
  +1.59600787421475570627e-01-j4.38236943275596146918e-01
  +1.36715721624744906970e-01-j5.01730445892774046257e-01
</dep>
