<Qucs Dataset 1.0.7>
<indep frequency 181>
  +1.00000000000000000000e+09
  +1.05000000000000000000e+09
  +1.10000000000000000000e+09
  +1.15000000000000000000e+09
  +1.20000000000000000000e+09
  +1.25000000000000000000e+09
  +1.30000000000000000000e+09
  +1.35000000000000000000e+09
  +1.40000000000000000000e+09
  +1.45000000000000000000e+09
  +1.50000000000000000000e+09
  +1.55000000000000000000e+09
  +1.60000000000000000000e+09
  +1.65000000000000000000e+09
  +1.70000000000000000000e+09
  +1.75000000000000000000e+09
  +1.80000000000000000000e+09
  +1.85000000000000000000e+09
  +1.90000000000000000000e+09
  +1.95000000000000000000e+09
  +2.00000000000000000000e+09
  +2.05000000000000000000e+09
  +2.10000000000000000000e+09
  +2.15000000000000000000e+09
  +2.20000000000000000000e+09
  +2.25000000000000000000e+09
  +2.30000000000000000000e+09
  +2.35000000000000000000e+09
  +2.40000000000000000000e+09
  +2.45000000000000000000e+09
  +2.50000000000000000000e+09
  +2.55000000000000000000e+09
  +2.60000000000000000000e+09
  +2.65000000000000000000e+09
  +2.70000000000000000000e+09
  +2.75000000000000000000e+09
  +2.80000000000000000000e+09
  +2.85000000000000000000e+09
  +2.90000000000000000000e+09
  +2.95000000000000000000e+09
  +3.00000000000000000000e+09
  +3.05000000000000000000e+09
  +3.10000000000000000000e+09
  +3.15000000000000000000e+09
  +3.20000000000000000000e+09
  +3.25000000000000000000e+09
  +3.30000000000000000000e+09
  +3.35000000000000000000e+09
  +3.40000000000000000000e+09
  +3.45000000000000000000e+09
  +3.50000000000000000000e+09
  +3.55000000000000000000e+09
  +3.60000000000000000000e+09
  +3.65000000000000000000e+09
  +3.70000000000000000000e+09
  +3.75000000000000000000e+09
  +3.80000000000000000000e+09
  +3.85000000000000000000e+09
  +3.90000000000000000000e+09
  +3.95000000000000000000e+09
  +4.00000000000000000000e+09
  +4.05000000000000000000e+09
  +4.10000000000000000000e+09
  +4.15000000000000000000e+09
  +4.20000000000000000000e+09
  +4.25000000000000000000e+09
  +4.30000000000000000000e+09
  +4.35000000000000000000e+09
  +4.40000000000000000000e+09
  +4.45000000000000000000e+09
  +4.50000000000000000000e+09
  +4.55000000000000000000e+09
  +4.60000000000000000000e+09
  +4.65000000000000000000e+09
  +4.70000000000000000000e+09
  +4.75000000000000000000e+09
  +4.80000000000000000000e+09
  +4.85000000000000000000e+09
  +4.90000000000000000000e+09
  +4.95000000000000000000e+09
  +5.00000000000000000000e+09
  +5.05000000000000000000e+09
  +5.10000000000000000000e+09
  +5.15000000000000000000e+09
  +5.20000000000000000000e+09
  +5.25000000000000000000e+09
  +5.30000000000000000000e+09
  +5.35000000000000000000e+09
  +5.40000000000000000000e+09
  +5.45000000000000000000e+09
  +5.50000000000000000000e+09
  +5.55000000000000000000e+09
  +5.60000000000000000000e+09
  +5.65000000000000000000e+09
  +5.70000000000000000000e+09
  +5.75000000000000000000e+09
  +5.80000000000000000000e+09
  +5.85000000000000000000e+09
  +5.90000000000000000000e+09
  +5.95000000000000000000e+09
  +6.00000000000000000000e+09
  +6.05000000000000000000e+09
  +6.10000000000000000000e+09
  +6.15000000000000000000e+09
  +6.20000000000000000000e+09
  +6.25000000000000000000e+09
  +6.30000000000000000000e+09
  +6.35000000000000000000e+09
  +6.40000000000000000000e+09
  +6.45000000000000000000e+09
  +6.50000000000000000000e+09
  +6.55000000000000000000e+09
  +6.60000000000000000000e+09
  +6.65000000000000000000e+09
  +6.70000000000000000000e+09
  +6.75000000000000000000e+09
  +6.80000000000000000000e+09
  +6.85000000000000000000e+09
  +6.90000000000000000000e+09
  +6.95000000000000000000e+09
  +7.00000000000000000000e+09
  +7.05000000000000000000e+09
  +7.10000000000000000000e+09
  +7.15000000000000000000e+09
  +7.20000000000000000000e+09
  +7.25000000000000000000e+09
  +7.30000000000000000000e+09
  +7.35000000000000000000e+09
  +7.40000000000000000000e+09
  +7.45000000000000000000e+09
  +7.50000000000000000000e+09
  +7.55000000000000000000e+09
  +7.60000000000000000000e+09
  +7.65000000000000000000e+09
  +7.70000000000000000000e+09
  +7.75000000000000000000e+09
  +7.80000000000000000000e+09
  +7.85000000000000000000e+09
  +7.90000000000000000000e+09
  +7.95000000000000000000e+09
  +8.00000000000000000000e+09
  +8.05000000000000000000e+09
  +8.10000000000000000000e+09
  +8.15000000000000000000e+09
  +8.20000000000000000000e+09
  +8.25000000000000000000e+09
  +8.30000000000000000000e+09
  +8.35000000000000000000e+09
  +8.40000000000000000000e+09
  +8.45000000000000000000e+09
  +8.50000000000000000000e+09
  +8.55000000000000000000e+09
  +8.60000000000000000000e+09
  +8.65000000000000000000e+09
  +8.70000000000000000000e+09
  +8.75000000000000000000e+09
  +8.80000000000000000000e+09
  +8.85000000000000000000e+09
  +8.90000000000000000000e+09
  +8.95000000000000000000e+09
  +9.00000000000000000000e+09
  +9.05000000000000000000e+09
  +9.10000000000000000000e+09
  +9.15000000000000000000e+09
  +9.20000000000000000000e+09
  +9.25000000000000000000e+09
  +9.30000000000000000000e+09
  +9.35000000000000000000e+09
  +9.40000000000000000000e+09
  +9.45000000000000000000e+09
  +9.50000000000000000000e+09
  +9.55000000000000000000e+09
  +9.60000000000000000000e+09
  +9.65000000000000000000e+09
  +9.70000000000000000000e+09
  +9.75000000000000000000e+09
  +9.80000000000000000000e+09
  +9.85000000000000000000e+09
  +9.90000000000000000000e+09
  +9.95000000000000000000e+09
  +1.00000000000000000000e+10
</indep>
<dep S21_phase frequency>
  -9.54013287379571011115e+01
  -9.75087209606129050599e+01
  -9.95544707242843855965e+01
  -1.01546983618695762175e+02
  -1.03493525164339828848e+02
  -1.05400413181583147093e+02
  -1.07273174178545474433e+02
  -1.09116671044484874642e+02
  -1.10935207786521417006e+02
  -1.12732615830886786057e+02
  -1.14512325457985227217e+02
  -1.16277425196758542825e+02
  -1.18030711422322269755e+02
  -1.19774729945411664289e+02
  -1.21511811024508034507e+02
  -1.23244098949748163818e+02
  -1.24973577124912864633e+02
  -1.26702089396909315155e+02
  -1.28431358241139975007e+02
  -1.30163000298268428878e+02
  -1.31898539667061925229e+02
  -1.33639419284665564192e+02
  +4.46129893339018437359e+01
  +4.28573777737781824726e+01
  +4.10924936321389253635e+01
  +3.93171345133943006545e+01
  +3.75301429834961126630e+01
  +3.57304023821242253689e+01
  +3.39168334097523711534e+01
  +3.20883914221691028956e+01
  +3.02440643779151727699e+01
  +2.83828713946849653382e+01
  +2.65038618796097864561e+01
  +2.46061152053491589697e+01
  +2.26887409096557561838e+01
  +2.07508794002321153016e+01
  +1.87917031497659721140e+01
  +1.68104183676870242437e+01
  +1.48062671357268378358e+01
  +1.27785299936199905346e+01
  +1.07265289593120609624e+01
  +8.64963096480725823767e+00
  +6.54725168428091652828e+00
  +4.41885972529697923505e+00
  +2.26398114694303753680e+00
  +8.22042604640699364760e-02
  -2.12681534133146898924e+00
  -4.36334958986059184838e+00
  -6.62759265665625285635e+00
  -8.91965566558628530913e+00
  -1.12395614989733534372e+01
  -1.35872398060448009716e+01
  -1.59625223319960714008e+01
  -1.83651386941626988403e+01
  -2.07947127377103804236e+01
  -2.32507596061499306472e+01
  -2.57326836612630209800e+01
  -2.82397773819630657499e+01
  -3.07712213618529091264e+01
  -3.33260855103216400153e+01
  -3.59033315419382574873e+01
  -3.85018168137524625649e+01
  -4.11202995403839892674e+01
  -4.37574453832602898729e+01
  -4.64118353741003488722e+01
  -4.90819750951369826453e+01
  -5.17663050011520837757e+01
  -5.44632117328933560430e+01
  -5.71710402395510399742e+01
  -5.98881065013008182518e+01
  -6.26127106229143706173e+01
  -6.53431500571309129555e+01
  -6.80777327125940274755e+01
  -7.08147897059070459136e+01
  -7.35526875304414886614e+01
  -7.62898394353111513055e+01
  -7.90247158352109977386e+01
  -8.17558536042354688789e+01
  -8.44818641426675185357e+01
  -8.72014401433756063398e+01
  -8.99133610221458070555e+01
  -9.26164970124648760930e+01
  -9.53098119586157679350e+01
  -9.79923648703523610948e+01
  -1.00663310327162548674e+02
  -1.03321897839738539915e+02
  -1.05967470290607394645e+02
  -1.08599461585077065706e+02
  -1.11217393648034715170e+02
  -1.13820872902225175949e+02
  -1.16409586360039980946e+02
  -1.18983297454256984338e+02
  -1.21541841724263449009e+02
  -1.24085122463745832988e+02
  -1.26613106424280090323e+02
  -1.29125819657224127468e+02
  -1.31623343564290877339e+02
  -1.34105811215566518513e+02
  -1.36573403982794445710e+02
  -1.39026348525747465601e+02
  -1.41464914160572448054e+02
  -1.43889410631241219107e+02
  -1.46300186298704687715e+02
  -1.48697626757039785161e+02
  -1.51082153881789935213e+02
  -1.53454225312761423083e+02
  -1.55814334371732371665e+02
  -1.58163010414759497735e+02
  -1.60500819619005540062e+02
  -1.62828366205158033608e+02
  -1.65146294098565363129e+02
  -1.67455289035081477778e+02
  -1.69756081121303907366e+02
  -1.72049447863361336886e+02
  -1.74336217683651909738e+02
  -1.76617273950986657383e+02
  -1.78893559556434837532e+02
  +1.78833917925126712589e+02
  +1.76564080439173125114e+02
  +1.74295772963270650280e+02
  +1.72027756257717612698e+02
  +1.69758698774782715191e+02
  +1.67487167633484574480e+02
  +1.65211618552931980730e+02
  +1.62930384622177740539e+02
  +1.60641663768366953491e+02
  +1.58343504767901634978e+02
  +1.56033791627707699945e+02
  +1.53710226146099500966e+02
  +1.51370308446111096146e+02
  +1.49011315260001566685e+02
  +1.46630275734177217828e+02
  +1.44223944522292413239e+02
  +1.41788771945651888018e+02
  +1.39320871031186328537e+02
  +1.36815981298131049471e+02
  +1.34269429269120792014e+02
  +1.31676085849250938509e+02
  +1.29030320974715607463e+02
  +1.26325956317587667854e+02
  +1.23556217394233854634e+02
  +1.20713687225920395463e+02
  +1.17790264822787463572e+02
  +1.14777133305240340633e+02
  +1.11664744551344242041e+02
  +1.08442829975255250474e+02
  +1.05100450478576448177e+02
  +1.01626102762255484890e+02
  +9.80079038393724744083e+01
  +9.42338801997351538375e+01
  +9.02923915304517521463e+01
  +8.61727192561711348162e+01
  +8.18658444718971054499e+01
  +7.73654241914349256604e+01
  +7.26689450599024695521e+01
  +6.77789871269510655338e+01
  +6.27044689008698838961e+01
  +5.74616791062407017421e+01
  +5.20748516893773114589e+01
  +4.65760383509570417004e+01
  +4.10041042937824684600e+01
  +3.54028243008985725737e+01
  +2.98182577495762046738e+01
  +2.42957680630649228704e+01
  +1.88771513041957135215e+01
  +1.35983076972650387404e+01
  +8.48774228435135569271e+00
  +3.56597786459528887093e+00
  -1.15422134583447633105e+00
  -5.66703278476532368302e+00
  -9.97241779345475087837e+00
  -1.40748478851052105654e+01
  -1.79820798739330882654e+01
  -2.17040789728169194461e+01
  -2.52521337220067678686e+01
  -2.86381679048947823674e+01
  -3.18742318117020140278e+01
  -3.49721446749243582985e+01
  -3.79432576293313275073e+01
  -4.07983086354961344000e+01
  +1.36452655023427439573e+02
</dep>
<dep S11_phase frequency>
  +1.74602467134855828590e+02
  +1.72496694295016226306e+02
  +1.70452592576769603738e+02
  +1.68461757059439889872e+02
  +1.66516922639836366216e+02
  +1.64611771700873418922e+02
  +1.62740777752258793498e+02
  +1.60899077758719641906e+02
  +1.59082367419533142083e+02
  +1.57286814879339573281e+02
  +1.55508989301830041541e+02
  +1.53745801481464582139e+02
  +1.51994454249744279650e+02
  +1.50252400887878593494e+02
  +1.48517310115264308479e+02
  +1.46787036504891176492e+02
  +1.45059595399556172879e+02
  +1.43333141579603989157e+02
  +1.41605951073896903836e+02
  +1.39876405618606383996e+02
  +1.38142979359185289923e+02
  +1.36404227464247270518e+02
  +1.34658776379576295312e+02
  +1.32905315499036817073e+02
  +1.31142590068878973852e+02
  +1.29369395174631932832e+02
  +1.27584570686751945345e+02
  +1.25786997063572542288e+02
  +1.23975591928688970711e+02
  +1.22149307355361997907e+02
  +1.20307127803418325129e+02
  +1.18448068664766310576e+02
  +1.16571175382444607749e+02
  +1.14675523115229410109e+02
  +1.12760216925482552597e+02
  +1.10824392472166053381e+02
  +1.08867217193969011646e+02
  +1.06887891969200239828e+02
  +1.04885653239639026424e+02
  +1.02859775584811131921e+02
  +1.00809574731206566867e+02
  +9.87344109777440337439e+01
  +9.66336930142996664017e+01
  +9.45068821043625746370e+01
  +9.23534965958689326726e+01
  +9.01731167160757536294e+01
  +8.79653895970465953269e+01
  +8.57300344681158463800e+01
  +8.34668479407897478950e+01
  +8.11757093002502045920e+01
  +7.88565857063152009232e+01
  +7.65095371958784795652e+01
  +7.41347213690235946615e+01
  +7.17323976328161734273e+01
  +6.93029308708865698918e+01
  +6.68467944040088326574e+01
  +6.43645721076332932853e+01
  +6.18569595573432522428e+01
  +5.93247640829785751748e+01
  +5.67689036270256508487e+01
  +5.41904043229126912706e+01
  +5.15903967339101825473e+01
  +4.89701107229739420745e+01
  +4.63308689572557170777e+01
  +4.36740790871253636851e+01
  +4.10012246769744521657e+01
  +3.83138550022850878918e+01
  +3.56135738627269589074e+01
  +3.29020275926842415970e+01
  +3.01808924770108859548e+01
  +2.74518617995408895638e+01
  +2.47166327638878051687e+01
  +2.19768935296679721603e+01
  +1.92343106022631324947e+01
  +1.64905168008881197750e+01
  +1.37471000087434287451e+01
  +1.10055928815785097896e+01
  +8.26746365846966213553e+00
  +5.53410818271746762775e+00
  +2.80684320318971858299e+00
  +8.69009889098681237440e-02
  -2.62457474623270137215e+00
  -5.32653164473133333701e+00
  -8.01801029768504669448e+00
  -1.06981447171665191576e+01
  -1.33661617968509744969e+01
  -1.60213798826387332497e+01
  -1.86632065834210756350e+01
  -2.12911359557554078492e+01
  -2.39047451955237733046e+01
  -2.65036909653505468043e+01
  -2.90877054793078855255e+01
  -3.16565924570102481539e+01
  -3.42102230482388733890e+01
  -3.67485318174342125985e+01
  -3.92715128652695071310e+01
  -4.17792161525579004433e+01
  -4.42717440803627013679e+01
  -4.67492483696059508702e+01
  -4.92119272739770039493e+01
  -5.16600231516101757734e+01
  -5.40938204139347931232e+01
  -5.65136438642936838050e+01
  -5.89198574343730143710e+01
  -6.13128633231276367610e+01
  -6.36931015406502751830e+01
  -6.60610498582688734359e+01
  -6.84172241659375117706e+01
  -7.07621792387018757609e+01
  -7.30965099155315130020e+01
  -7.54208526961405283373e+01
  -7.77358877644509078664e+01
  -8.00423414511183040077e+01
  -8.23409891520026064882e+01
  -8.46326587246167036938e+01
  -8.69182343904851251182e+01
  -8.91986611779718856496e+01
  -9.14749499475889962241e+01
  -9.37481830500802146844e+01
  -9.60195206768002833542e+01
  -9.82902079721056196604e+01
  -1.00561582988725007226e+02
  -1.02835085579433354042e+02
  -1.05112267331833820094e+02
  -1.07394802667636611204e+02
  -1.09684501243422829475e+02
  -1.11983321806262125619e+02
  -1.14293387674332748816e+02
  -1.16617004029160653999e+02
  -1.18956677221217077545e+02
  -1.21315136302659638545e+02
  -1.23695357007455569942e+02
  -1.26100588396169314365e+02
  -1.28534382364681420086e+02
  -1.31000626174726562567e+02
  -1.33503578087171746347e+02
  -1.36047906048377512889e+02
  -1.38638729168964999872e+02
  -1.41281661402303683417e+02
  -1.43982856313831462103e+02
  -1.46749051028953203968e+02
  -1.49587606176946565029e+02
  -1.52506536566584514958e+02
  -1.55514523694639819951e+02
  -1.58620894179261085810e+02
  -1.61835532659062266703e+02
  -1.65168656433735549172e+02
  -1.68630243144550576062e+02
  -1.72228313747332578032e+02
  -1.75961440829967784794e+02
  -1.79741613008555873421e+02
  -4.53364917090237717900e+00
  -8.53174949518451875008e+00
  -1.29797458373555638644e+01
  -1.76524231798664246185e+01
  -2.25275278905284359610e+01
  -2.75911019944107778201e+01
  -3.28249794413549480510e+01
  -3.82040680930580265340e+01
  -4.36958688733785365343e+01
  -4.92612608943224685731e+01
  -5.48563129391120227751e+01
  -6.04348647577230977390e+01
  -6.59514851053368431621e+01
  -7.13643307369682560193e+01
  -7.66374676555026468350e+01
  -8.17423660481950946632e+01
  -8.66584845564618007074e+01
  -9.13730447900658475646e+01
  -9.58802131696565709262e+01
  -1.00179942329164703096e+02
  -1.04276696787572305425e+02
  -1.08178227649458236215e+02
  -1.11894495389606433378e+02
  -1.15436784549472960748e+02
  -1.18817015478200062262e+02
  -1.22047235463076006567e+02
  -1.25139261062156563753e+02
  -1.28104440983970476964e+02
  -1.30953510947625687777e+02
  -1.33696516128918943878e+02
</dep>
<dep S21_dB frequency>
  -1.15623585529461525567e+01
  -1.21609976883312214113e+01
  -1.27649893968258520971e+01
  -1.33772411481128976618e+01
  -1.40009347591098887165e+01
  -1.46396061845630924836e+01
  -1.52972499291441099700e+01
  -1.59784568096130037418e+01
  -1.66885984870304966421e+01
  -1.74340795156830132839e+01
  -1.82226896088056875556e+01
  -1.90641091232568129499e+01
  -1.99706567225397364496e+01
  -2.09584349204189663851e+01
  -2.20491600475584270669e+01
  -2.32732369904049321008e+01
  -2.46752598193285841432e+01
  -2.63246765432588567535e+01
  -2.83388160993847684210e+01
  -3.09408315152757218414e+01
  -3.46450940983610067292e+01
  -4.11984136707622923268e+01
  -5.93126439097944384571e+01
  -3.92719492375981644727e+01
  -3.36882496239185371678e+01
  -3.03080891353321426607e+01
  -2.78709406481706452041e+01
  -2.59593318746360104399e+01
  -2.43826603122703602367e+01
  -2.30378146336384972415e+01
  -2.18627073174759800622e+01
  -2.08170702687935396114e+01
  -1.98733199414767440771e+01
  -1.90117536170398579998e+01
  -1.82178247820028751391e+01
  -1.74805033845075712406e+01
  -1.67912406934320870278e+01
  -1.61432895713648534297e+01
  -1.55312431191431503663e+01
  -1.49507125819266661892e+01
  -1.43980969363359463387e+01
  -1.38704145154834996845e+01
  -1.33651776299791293923e+01
  -1.28802976199654199974e+01
  -1.24140118476035716810e+01
  -1.19648267696189343212e+01
  -1.15314729671580948889e+01
  -1.11128691824083620787e+01
  -1.07080932173192149293e+01
  -1.03163581135671318378e+01
  -9.93699243377583485426e+00
  -9.56942375340686623986e+00
  -9.21316468473220950841e+00
  -8.86780091178782825523e+00
  -8.53298083382661509688e+00
  -8.20840650533731164273e+00
  -7.89382563072271725702e+00
  -7.58902442654607600758e+00
  -7.29382120763059216273e+00
  -7.00806058790636754452e+00
  -6.73160821464461456287e+00
  -6.46434597695986656873e+00
  -6.20616764715982505152e+00
  -5.95697492736422162807e+00
  -5.71667388431836531737e+00
  -5.48517176287044883054e+00
  -5.26237417349678437972e+00
  -5.04818265183545733521e+00
  -4.84249258872079479943e+00
  -4.64519152800869150610e+00
  -4.45615782687079153845e+00
  -4.27525966956939651453e+00
  -4.10235442136395267454e+00
  -3.93728830451091704745e+00
  -3.77989637365081332376e+00
  -3.63000276354394468825e+00
  -3.48742117839543919189e+00
  -3.35195558910802438035e+00
  -3.22340110286569681008e+00
  -3.10154496855807648714e+00
  -2.98616768170837199037e+00
  -2.87704415371758148723e+00
  -2.77394491227566097891e+00
  -2.67663730257509868693e+00
  -2.58488666232519825883e+00
  -2.49845744732811558819e+00
  -2.41711428835908126445e+00
  -2.34062296413432502362e+00
  -2.26875127909312057639e+00
  -2.20126983845591661648e+00
  -2.13795271644031625868e+00
  -2.07857801656507090726e+00
  -2.02292832559957069805e+00
  -1.97079106491050470851e+00
  -1.92195874471792871319e+00
  -1.87622912811976449987e+00
  -1.83340531270844597778e+00
  -1.79329573822183352405e+00
  -1.75571412899076162439e+00
  -1.72047938001009903530e+00
  -1.68741539531755613268e+00
  -1.65635088705681843280e+00
  -1.62711914317133432561e+00
  -1.59955777115861152993e+00
  -1.57350842474680652217e+00
  -1.54881651976360168455e+00
  -1.52533094487708220655e+00
  -1.50290377232456151546e+00
  -1.48138997322120902211e+00
  -1.46064714157917685533e+00
  -1.44053523077857659196e+00
  -1.42091630593246831538e+00
  -1.40165431538926688049e+00
  -1.38261488453365322115e+00
  -1.36366513509645037594e+00
  -1.34467353338102912907e+00
  -1.32550977118319779358e+00
  -1.30604468374478943637e+00
  -1.28615020987497419291e+00
  -1.26569940043319983936e+00
  -1.24456648274743919558e+00
  -1.22262699030065347117e+00
  -1.19975796923813060602e+00
  -1.17583827602433155235e+00
  -1.15074898403650416334e+00
  -1.12437392117233225797e+00
  -1.09660036586631171041e+00
  -1.06731993548731241006e+00
  -1.03642970922469990214e+00
  -1.00383363762097177485e+00
  -9.69444303318595324015e-01
  -9.33185112895091983809e-01
  -8.94993018501889614491e-01
  -8.54821891163313862805e-01
  -8.12646695901251048255e-01
  -7.68468653302266768712e-01
  -7.22321613759387970433e-01
  -6.74279920365111973268e-01
  -6.24468095030759284825e-01
  -5.73072749993639773969e-01
  -5.20357202445846045435e-01
  -4.66679350515732060956e-01
  -4.12513447749193740144e-01
  -3.58476478505117657214e-01
  -3.05359867660429884495e-01
  -2.54167221425035394500e-01
  -2.06158640885416882815e-01
  -1.62901802041172605318e-01
  -1.26329354660217052508e-01
  -9.88011315470010836881e-02
  -8.31680446882434587508e-02
  -8.28322714185348307758e-02
  -1.01795410749782336279e-01
  -1.44682970671210109348e-01
  -2.16730504094441417395e-01
  -3.23715192098807669208e-01
  -4.71818497235863998363e-01
  -6.67412683101290760135e-01
  -9.16777762772171378458e-01
  -1.22577486915601086004e+00
  -1.59952285607420963132e+00
  -2.04213979538910184175e+00
  -2.55661222073411753541e+00
  -3.14483886990186656263e+00
  -3.80786629596521830621e+00
  -4.54630214950540079144e+00
  -5.36087141559847069061e+00
  -6.25308072891353816658e+00
  -7.22597883538435326045e+00
  -8.28504632270385599213e+00
  -9.43931732205370011002e+00
  -1.07029463276734482235e+01
  -1.20976332634932184362e+01
  -1.36567366565986461069e+01
  -1.54328864996544705690e+01
  -1.75135296045606168036e+01
  -2.00570290576995837739e+01
  -2.33939703562885590316e+01
  -2.84197830778548947706e+01
  -3.99719933013210635409e+01
  -3.58156723939889474195e+01
</dep>
<dep S11_dB frequency>
  -3.26563473535146309157e-01
  -2.85089723340460232670e-01
  -2.49033298571542549560e-01
  -2.17558732535509113948e-01
  -1.89989694405243020325e-01
  -1.65774986788134848226e-01
  -1.44462695576304284151e-01
  -1.25680359494552584820e-01
  -1.09119628768954868292e-01
  -9.45243030568208159048e-02
  -8.16809359554284963867e-02
  -7.04114054642450692967e-02
  -6.05670025708150427945e-02
  -5.20237012436052595477e-02
  -4.46783546320847213540e-02
  -3.84456225784898172892e-02
  -3.32554805135990907972e-02
  -2.90511935910506002845e-02
  -2.57876654757893293557e-02
  -2.34300906691078981992e-02
  -2.19528541699905849205e-02
  -2.13386337664294087335e-02
  -2.15776691500325738804e-02
  -2.26671689652245406110e-02
  -2.46108322991484516906e-02
  -2.74184653310956226446e-02
  -3.11056771505873637385e-02
  -3.56936413158691415171e-02
  -4.12089117092143131238e-02
  -4.76832827669936357151e-02
  -5.51536853073815169779e-02
  -6.36621100184644322928e-02
  -7.32555512544115078333e-02
  -8.39859641649265409313e-02
  -9.59102283844774083921e-02
  -1.09090111566190889336e-01
  -1.23592225984787959514e-01
  -1.39487971279649847212e-01
  -1.56853456186235723502e-01
  -1.75769391836789162786e-01
  -1.96320948925864352530e-01
  -2.18597570761522336236e-01
  -2.42692733991439896224e-01
  -2.68703648638979830654e-01
  -2.96730889048454848922e-01
  -3.26877947460934625834e-01
  -3.59250702269596156047e-01
  -3.93956793580635400431e-01
  -4.31104899579506262164e-01
  -4.70803908415019622957e-01
  -5.13161981903747510536e-01
  -5.58285509351419295676e-01
  -6.06277952204131387326e-01
  -6.57238583074581050880e-01
  -7.11261125919196990353e-01
  -7.68432307716585105695e-01
  -8.28830335845903820591e-01
  -8.92523319375730928016e-01
  -9.59567656518576783675e-01
  -1.03000641441995943737e+00
  -1.10386773105441982068e+00
  -1.18116327209796456721e+00
  -1.26188677803752336004e+00
  -1.34601273827819389872e+00
  -1.43349522944849150363e+00
  -1.52426695435666603728e+00
  -1.61823851603652979492e+00
  -1.71529795801812534606e+00
  -1.81531059741609079872e+00
  -1.91811917175267110380e+00
  -2.02354431380919308481e+00
  -2.13138536145275292455e+00
  -2.24142150159291242417e+00
  -2.35341323948547209710e+00
  -2.46710417681883065200e+00
  -2.58222307469061806984e+00
  -2.69848617097122867037e+00
  -2.81559971587386126401e+00
  -2.93326268498166786713e+00
  -3.05116962562396398795e+00
  -3.16901359040123420385e+00
  -3.28648911082500783110e+00
  -3.40329516441713497699e+00
  -3.51913809010609801575e+00
  -3.63373440925776725052e+00
  -3.74681351304234588895e+00
  -3.85812018092305963890e+00
  -3.96741689971332345266e+00
  -4.07448595774067268138e+00
  -4.17913129403814398444e+00
  -4.28118008803711269650e+00
  -4.38048408083191098683e+00
  -4.47692062462384487986e+00
  -4.57039346232912535584e+00
  -4.66083324446048230527e+00
  -4.74819779519306628401e+00
  -4.83247214392337820499e+00
  -4.91366834258391804724e+00
  -4.99182509242965899432e+00
  -5.06700720695238260305e+00
  -5.13930493998653048493e+00
  -5.20883320996321685925e+00
  -5.27573075266876045930e+00
  -5.34015923582275675585e+00
  -5.40230236937236352190e+00
  -5.46236504568680647509e+00
  -5.52057254393367191625e+00
  -5.57716983293640833352e+00
  -5.63242100688982638701e+00
  -5.68660888858422008951e+00
  -5.74003483543099335407e+00
  -5.79301878476282094965e+00
  -5.84589957681106042742e+00
  -5.89903559666501742242e+00
  -5.95280578066409749027e+00
  -6.00761103838617049888e+00
  -6.06387614905928984399e+00
  -6.12205220133336869281e+00
  -6.18261965851153671991e+00
  -6.24609214836727311138e+00
  -6.31302109859130489156e+00
  -6.38400136711332777395e+00
  -6.45967805286636753692e+00
  -6.54075471950424081058e+00
  -6.62800332554804771945e+00
  -6.72227623413370345418e+00
  -6.82452078050726562708e+00
  -6.93579701492964861842e+00
  -7.05729942592334502649e+00
  -7.19038370298665618918e+00
  -7.33659994716752894561e+00
  -7.49773422430199865119e+00
  -7.67586104323628060087e+00
  -7.87341032905532234309e+00
  -8.09325390603871852591e+00
  -8.33881866066518284697e+00
  -8.61423684323650640238e+00
  -8.92454910829996350685e+00
  -9.27598416018870963740e+00
  -9.67635258418684429671e+00
  -1.01356160286340308829e+01
  -1.06667351771082756784e+01
  -1.12869794710479283140e+01
  -1.20200399323101176918e+01
  -1.28996244314597934277e+01
  -1.39760000981588223823e+01
  -1.53289811959013899667e+01
  -1.70969418260509726792e+01
  -1.95537249588330794836e+01
  -2.33780616187477505719e+01
  -3.13620501386407966038e+01
  -3.53404649197128577498e+01
  -2.37841375591242112364e+01
  -1.87336499634562159144e+01
  -1.53916206982574603757e+01
  -1.28695268059294942731e+01
  -1.08413330084684318422e+01
  -9.15241052829401624535e+00
  -7.71820465919651343967e+00
  -6.48781618633238554850e+00
  -5.42807868866488885118e+00
  -4.51562126118411022446e+00
  -3.73256907729482945157e+00
  -3.06413225860104709852e+00
  -2.49728097666434400992e+00
  -2.02008095977205526239e+00
  -1.62142646909942866884e+00
  -1.29099181174051858001e+00
  -1.01927884380608757553e+00
  -7.97682925505712958625e-01
  -6.18535817208165750181e-01
  -4.75110089545614566742e-01
  -3.61585778488318299040e-01
  -2.72987944761043821451e-01
  -2.05106052940790484218e-01
  -1.54405136646794338695e-01
  -1.17936414909461925737e-01
  -9.32525096845439882554e-02
  -7.83302479706562138073e-02
  -7.15024022475928000553e-02
  -7.13986172990772605118e-02
</dep>
<dep Zin_ohm frequency>
  +1.26866478011476587540e+02
  +1.68986208689628483626e+02
  +2.11828601368768062230e+02
  +2.54512291380967837995e+02
  +2.96781931954115520966e+02
  +3.38592932978101885055e+02
  +3.79979971218280866196e+02
  +4.21008662757900879114e+02
  +4.61755940380789525079e+02
  +5.02301640549378646483e+02
  +5.42724879815003077965e+02
  +5.83102610796738872523e+02
  +6.23509210513595348857e+02
  +6.64016566354977953779e+02
  +7.04694399889253418223e+02
  +7.45610699112622342000e+02
  +7.86832194349248197796e+02
  +8.28424846118683490204e+02
  +8.70454330675720029831e+02
  +9.12986518219614822556e+02
  +9.56087943789654332249e+02
  +9.99826273596288388035e+02
  +1.04427077104438535571e+03
  +1.08949276756598305838e+03
  +1.13556614392145752390e+03
  +1.18256782803514852276e+03
  +1.23057831581615187133e+03
  +1.27968222184383375861e+03
  +1.32996886731772178791e+03
  +1.38153291331703121614e+03
  +1.43447504821452866963e+03
  +1.48890273907461664749e+03
  +1.54493105806581525030e+03
  +1.60268359637251978711e+03
  +1.66229347984233913849e+03
  +1.72390450270918609021e+03
  +1.78767239825026285871e+03
  +1.85376626825023322453e+03
  +1.92237019675105329952e+03
  +1.99368507788143915604e+03
  +2.06793069272793081836e+03
  +2.14534807640464850920e+03
  +2.22620222391350762337e+03
  +2.31078519231700875025e+03
  +2.39941966748182585434e+03
  +2.49246307656301223687e+03
  +2.59031234292612725767e+03
  +2.69340939885994339420e+03
  +2.80224759380202249304e+03
  +2.91737916252615832491e+03
  +3.03942394948897936047e+03
  +3.16907962290117848170e+03
  +3.30713365545171609483e+03
  +3.45447739781618929555e+03
  +3.61212262489728891524e+03
  +3.78122098991492930509e+03
  +3.96308687100248471324e+03
  +4.15922412523410821450e+03
  +4.37135725062852816336e+03
  +4.60146735175738467660e+03
  +4.85183302762594212254e+03
  +5.12507570846956969035e+03
  +5.42420781238509789546e+03
  +5.75267994488852218637e+03
  +6.11441949438597839617e+03
  +6.51384615958023550775e+03
  +6.95583818082971538388e+03
  +7.44560321831389046565e+03
  +7.98837548220467215287e+03
  +8.58881073157879836799e+03
  +9.24988071721489177435e+03
  +9.97098984945903066546e+03
  +1.07450015920562855172e+04
  +1.15540153342272424197e+04
  +1.23643673046731855720e+04
  +1.31227888332641250599e+04
  +1.37577609862909448566e+04
  +1.41909376119203079725e+04
  +1.43593422745350035257e+04
  +1.42392174527269016835e+04
  +1.38559665686880489375e+04
  +1.32726844477891972929e+04
  +1.25661534162882362580e+04
  +1.18056336459651174664e+04
  +1.10424690192760172067e+04
  +1.03091941971625783481e+04
  +9.62334536247430514777e+03
  +8.99222386492455370899e+03
  +8.41687802928084420273e+03
  +7.89490247122655364365e+03
  +7.42221752954478233733e+03
  +6.99412224510305168224e+03
  +6.60587832189457367349e+03
  +6.25300916782509557379e+03
  +5.93143351619270652009e+03
  +5.63750702264467145142e+03
  +5.36801529954915076814e+03
  +5.12014339278579791426e+03
  +4.89143567823038938513e+03
  +4.67975370975495570747e+03
  +4.48323585292976349592e+03
  +4.30026045933156456158e+03
  +4.12941319766486049048e+03
  +3.96945855927379807326e+03
  +3.81931526276645581675e+03
  +3.67803515940591569233e+03
  +3.54478520934017842592e+03
  +3.41883211401576909338e+03
  +3.29952922717454566737e+03
  +3.18630541191998008799e+03
  +3.07865555719356871123e+03
  +2.97613251006015934763e+03
  +2.87834021895042224060e+03
  +2.78492791706248272021e+03
  +2.69558520467330981774e+03
  +2.61003791461841228738e+03
  +2.52804466724079611595e+03
  +2.44939404027453747403e+03
  +2.37390229597778534298e+03
  +2.30141162287252200258e+03
  +2.23178886313458497170e+03
  +2.16492470938666883740e+03
  +2.10073336668333467969e+03
  +2.03915268705084076828e+03
  +1.98014479514727781861e+03
  +1.92369723437012612521e+03
  +1.86982467276859051708e+03
  +1.81857121682433353271e+03
  +1.77001338755746496645e+03
  +1.72426381600925037674e+03
  +1.68147571191114866451e+03
  +1.64184814773033986057e+03
  +1.60563217754088077527e+03
  +1.57313777410377247179e+03
  +1.54474151794568479090e+03
  +1.52089491332735292417e+03
  +1.50213314986926502570e+03
  +1.48908409907813893369e+03
  +1.48247737030236294231e+03
  +1.48315340147782330860e+03
  +1.49207287882024047576e+03
  +1.51032729684347782495e+03
  +1.53915215857988778225e+03
  +1.57994505164844190404e+03
  +1.63429136864066640555e+03
  +1.70400037729432733613e+03
  +1.79115311414467305440e+03
  +1.89816026753526830362e+03
  +2.02782115403517559571e+03
  +2.18336068540823725925e+03
  +2.36839308549444285745e+03
  +2.58670649653878672325e+03
  +2.84166192797619169141e+03
  +3.13483541478015104076e+03
  +3.46333760164554223593e+03
  +3.81527052885264038196e+03
  +4.16381617846080189338e+03
  +4.46374137581050672452e+03
  +4.65862844775257235597e+03
  +4.70416869123296874022e+03
  +4.59417744303674135153e+03
  +4.36347732913775962516e+03
  +4.06490315770664801676e+03
  +3.74467844088685887982e+03
  +3.43246960688845047116e+03
  +3.14309031445682512640e+03
  +2.88174932364508504179e+03
  +2.64852841784339489095e+03
  +2.44119683211715164362e+03
  +2.25672822157745986260e+03
  +2.09203347626142294757e+03
  +1.94427353958607022832e+03
  +1.81096399531328938792e+03
  +1.68998363552686851108e+03
  +1.57954324233784245735e+03
  +1.47814147970681688093e+03
  +1.38452002866705743145e+03
  +1.29762289728494624796e+03
  +1.21656144480099032990e+03
  +1.14058514800578200266e+03
  +1.06905753489890912533e+03
</dep>
<dep Zin_norm frequency>
  +2.53732956022953182185e+00
  +3.37972417379256961922e+00
  +4.23657202737536131565e+00
  +5.09024582761935651121e+00
  +5.93563863908231059696e+00
  +6.77185865956203780769e+00
  +7.59959942436561775025e+00
  +8.42017325515801751123e+00
  +9.23511880761579107002e+00
  +1.00460328109875725033e+01
  +1.08544975963000620567e+01
  +1.16620522159347768110e+01
  +1.24701842102719062666e+01
  +1.32803313270995584361e+01
  +1.40938879977850692882e+01
  +1.49122139822524477637e+01
  +1.57366438869849645243e+01
  +1.65684969223736686672e+01
  +1.74090866135144004545e+01
  +1.82597303643922970195e+01
  +1.91217588757930876397e+01
  +1.99965254719257679028e+01
  +2.08854154208877069721e+01
  +2.17898553513196624465e+01
  +2.27113228784291507623e+01
  +2.36513565607029718763e+01
  +2.46115663163230387056e+01
  +2.55936444368766764512e+01
  +2.65993773463544371793e+01
  +2.76306582663406246070e+01
  +2.86895009642905733926e+01
  +2.97780547814923330918e+01
  +3.08986211613163064271e+01
  +3.20536719274503951738e+01
  +3.32458695968467807802e+01
  +3.44780900541837240780e+01
  +3.57534479650052574584e+01
  +3.70753253650046659118e+01
  +3.84474039350210645694e+01
  +3.98737015576287845420e+01
  +4.13586138545586194937e+01
  +4.29069615280929710366e+01
  +4.45240444782701487725e+01
  +4.62157038463401761419e+01
  +4.79883933496365173710e+01
  +4.98492615312602467270e+01
  +5.18062468585225417428e+01
  +5.38681879771988718630e+01
  +5.60449518760404501450e+01
  +5.83475832505231650771e+01
  +6.07884789897795840830e+01
  +6.33815924580235687813e+01
  +6.61426731090343196229e+01
  +6.90895479563237842058e+01
  +7.22424524979457771678e+01
  +7.56244197982985895123e+01
  +7.92617374200496982439e+01
  +8.31844825046821654269e+01
  +8.74271450125705626988e+01
  +9.20293470351476941005e+01
  +9.70366605525188390402e+01
  +1.02501514169391398923e+02
  +1.08484156247701960751e+02
  +1.15053598897770442022e+02
  +1.22288389887719574745e+02
  +1.30276923191604709018e+02
  +1.39116763616594312225e+02
  +1.48912064366277803629e+02
  +1.59767509644093451016e+02
  +1.71776214631575982139e+02
  +1.84997614344297829803e+02
  +1.99419796989180611035e+02
  +2.14900031841125723986e+02
  +2.31080306684544837026e+02
  +2.47287346093463725083e+02
  +2.62455776665282485283e+02
  +2.75155219725818881216e+02
  +2.83818752238406148081e+02
  +2.87186845490700079608e+02
  +2.84784349054538040491e+02
  +2.77119331373760985571e+02
  +2.65453688955783945858e+02
  +2.51323068325764722886e+02
  +2.36112672919302355012e+02
  +2.20849380385520362324e+02
  +2.06183883943251572646e+02
  +1.92466907249486098408e+02
  +1.79844477298491057127e+02
  +1.68337560585616870412e+02
  +1.57898049424531080831e+02
  +1.48444350590895652431e+02
  +1.39882444902061024550e+02
  +1.32117566437891468922e+02
  +1.25060183356501909202e+02
  +1.18628670323854123581e+02
  +1.12750140452893433007e+02
  +1.07360305990983022184e+02
  +1.02402867855715953738e+02
  +9.78287135646077956608e+01
  +9.35950741950991158546e+01
  +8.96647170585952721922e+01
  +8.60052091866312906632e+01
  +8.25882639532972007146e+01
  +7.93891711854759591915e+01
  +7.63863052553291197455e+01
  +7.35607031881183104360e+01
  +7.08957041868035702237e+01
  +6.83766422803153801624e+01
  +6.59905845434909110736e+01
  +6.37261082383996040335e+01
  +6.15731111438713725192e+01
  +5.95226502012031843947e+01
  +5.75668043790084453804e+01
  +5.56985583412496580991e+01
  +5.39117040934661986284e+01
  +5.22007582923682491582e+01
  +5.05608933448159234558e+01
  +4.89878808054907537439e+01
  +4.74780459195557043017e+01
  +4.60282324574504357884e+01
  +4.46357772626916968761e+01
  +4.32984941877333753268e+01
  +4.20146673336666935938e+01
  +4.07830537410168147971e+01
  +3.96028959029455549512e+01
  +3.84739446874025219358e+01
  +3.73964934553718109100e+01
  +3.63714243364866689490e+01
  +3.54002677511493004658e+01
  +3.44852763201850081032e+01
  +3.36295142382229741429e+01
  +3.28369629546067969272e+01
  +3.21126435508176157896e+01
  +3.14627554820754511411e+01
  +3.08948303589136941127e+01
  +3.04178982665470591940e+01
  +3.00426629973852996613e+01
  +2.97816819815627766843e+01
  +2.96495474060472581357e+01
  +2.96630680295564665983e+01
  +2.98414575764048102258e+01
  +3.02065459368695563569e+01
  +3.07830431715977539397e+01
  +3.15989010329688362333e+01
  +3.26858273728133283953e+01
  +3.40800075458865450173e+01
  +3.58230622828934599511e+01
  +3.79632053507053655039e+01
  +4.05564230807035102089e+01
  +4.36672137081647449008e+01
  +4.73678617098888565806e+01
  +5.17341299307757367387e+01
  +5.68332385595238349651e+01
  +6.26967082956030168361e+01
  +6.92667520329108441501e+01
  +7.63054105770528110497e+01
  +8.32763235692160463941e+01
  +8.92748275162101379010e+01
  +9.31725689550514459825e+01
  +9.40833738246593753729e+01
  +9.18835488607348338519e+01
  +8.72695465827551970506e+01
  +8.12980631541329614720e+01
  +7.48935688177371758911e+01
  +6.86493921377690128338e+01
  +6.28618062891365028122e+01
  +5.76349864729017014042e+01
  +5.29705683568679006612e+01
  +4.88239366423430354303e+01
  +4.51345644315492009468e+01
  +4.18406695252284634989e+01
  +3.88854707917214028612e+01
  +3.62192799062657897480e+01
  +3.37996727105373722111e+01
  +3.15908648467568475837e+01
  +2.95628295941363354871e+01
  +2.76904005733411473500e+01
  +2.59524579456989243909e+01
  +2.43312288960198053189e+01
  +2.28117029601156389162e+01
  +2.13811506979781817961e+01
</dep>
<dep S[2,2] frequency>
  -9.58830609032781389089e-01+j9.05945223025364371194e-02
  -9.59424446998846547352e-01+j1.26366938957165636515e-01
  -9.58276288288999911202e-01+j1.61175663950395259283e-01
  -9.55555008726333476865e-01+j1.95074154142379940780e-01
  -9.51399253355626361994e-01+j2.28113575629365350483e-01
  -9.45923099052376925577e-01+j2.60341552945885679193e-01
  -9.39220568515179654590e-01+j2.91801497901803097434e-01
  -9.31369240302743151005e-01+j3.22532305170357080915e-01
  -9.22433147763898508842e-01+j3.52568275232005179376e-01
  -9.12465118037251277094e-01+j3.81939173575803814220e-01
  -9.01508669376968385656e-01+j4.10670366879699266782e-01
  -8.89599559320931709827e-01+j4.38782997898610749310e-01
  -8.76767056204474148906e-01+j4.66294174674952321968e-01
  -8.63034991003061136006e-01+j4.93217158867721050530e-01
  -8.48422634459416236119e-01+j5.19561544060434754577e-01
  -8.32945435121954513846e-01+j5.45333418904310307518e-01
  -8.16615646674199724409e-01+j5.70535512575750969333e-01
  -7.99442867291444869693e-01+j5.95167321740048715917e-01
  -7.81434509353988282498e-01+j6.19225219325110209923e-01
  -7.62596214393501559137e-01+j6.42702546127959184474e-01
  -7.42932225433404203052e-01+j6.65589686742554587084e-01
  -7.22445726738904392406e-01+j6.87874131603689153991e-01
  -7.01139159287585744806e-01+j7.09540527152957456458e-01
  -6.79014518907507524936e-01+j7.30570716290922295144e-01
  -6.56073642926945366227e-01+j7.50943771414431138211e-01
  -6.32318490276758127244e-01+j7.70636022467967141125e-01
  -6.07751419231866485404e-01+j7.89621082576186128499e-01
  -5.82375466332917923751e-01+j8.07869873978223518307e-01
  -5.56194629458420575219e-01+j8.25350657157552958232e-01
  -5.29214157493184234049e-01+j8.42029066255099323257e-01
  -5.01440848537178740507e-01+j8.57868154066198651542e-01
  -4.72883358096989392383e-01+j8.72828450150836099297e-01
  -4.43552518182766530863e-01+j8.86868035824685874147e-01
  -4.13461667678309108265e-01+j8.99942640037624141947e-01
  -3.82626993747193000495e-01+j9.12005760375353302649e-01
  -3.51067883369089672740e-01+j9.23008813624436652567e-01
  -3.18807283358875481749e-01+j9.32901320503979225585e-01
  -2.85872066396995083704e-01+j9.41631129268163391544e-01
  -2.52293399690584785322e-01+j9.49144682898497848988e-01
  -2.18107111890058907866e-01+j9.55387334506120344813e-01
  -1.83354052812334411549e-01+j9.60303715322248230279e-01
  -1.48080439382160006234e-01+j9.63838159236780400718e-01
  -1.12338180018732497478e-01+j9.65935187217197621656e-01
  -7.61851684967557868378e-02+j9.66540054069071841170e-01
  -3.96855371409492105328e-02+j9.65599358854660305695e-01
  -2.90985812409205214790e-03+j9.63061718841317637718e-01
  +3.40647193043734919371e-02+j9.58878505089195143363e-01
  +7.11544085527122810442e-02+j9.53004635702318081414e-01
  +1.08268815689910993805e-01+j9.45399420369154253052e-01
  +1.45311073033515342212e-01+j9.36027447139344825899e-01
  +1.82178089151541239277e-01+j9.24859499477584945382e-01
  +2.18760927030357404943e-01+j9.11873488587319980248e-01
  +2.54945320410626952157e-01+j8.97055382918965804606e-01
  +2.90612335808359101286e-01+j8.80400113813450291289e-01
  +3.25639184484432298028e-01+j8.61912433553280732390e-01
  +3.59900184610031093069e-01+j8.41607699894204697166e-01
  +3.93267869152380766806e-01+j8.19512559638095328118e-01
  +4.25614229687459877383e-01+j7.95665503191094858337e-01
  +4.56812080607079062933e-01+j7.70117262523458467882e-01
  +4.86736522261731918704e-01+j7.42931026670357930186e-01
  +5.15266475757845676675e-01+j7.14182451993195965834e-01
  +5.42286256741467798115e-01+j6.83959448895215649245e-01
  +5.67687150907151383272e-01+j6.52361732501848701204e-01
  +5.91368950527494496860e-01+j6.19500131824591404595e-01
  +6.13241409331375719738e-01+j5.85495659876817176048e-01
  +6.33225572833457373001e-01+j5.50478355753231785030e-01
  +6.51254942908682354918e-01+j5.14585918397359232124e-01
  +6.67276439073298033300e-01+j4.77962160185203488449e-01
  +6.81251124507364802518e-01+j4.40755316052713230768e-01
  +6.93154672125100068669e-01+j4.03116250215556748415e-01
  +7.02977554633471335421e-01+j3.65196607159111286123e-01
  +7.10724952073321758483e-01+j3.27146956201639971251e-01
  +7.16416380293183552297e-01+j2.89114979368705893314e-01
  +7.20085053611533076889e-01+j2.51243750523391040641e-01
  +7.21777004036441960366e-01+j2.13670149786867324959e-01
  +7.21549987343555132568e-01+j1.76523451508764472884e-01
  +7.19472212666556365512e-01+j1.39924116776630580450e-01
  +7.15620936750824832018e-01+j1.03982813141585667127e-01
  +7.10080966517662948156e-01+j6.87996753809299865789e-02
  +7.02943114077932085237e-01+j3.44638122189272061435e-02
  +6.94302646942315693224e-01+j1.05305545016128737634e-03
  +6.84257773130016677676e-01-j3.13660597452627906701e-02
  +6.72908196486691312366e-01-j6.27381010294940089089e-02
  +6.60353772142894257513e-01-j9.30183545982055937085e-02
  +6.46693286048682924871e-01-j1.22172277000118512102e-01
  +6.32023376269930770022e-01-j1.50174812046504124741e-01
  +6.16437607553554478557e-01-j1.77009602700155532773e-01
  +6.00025704836455786584e-01-j2.02668127535145820017e-01
  +5.82872946100212119269e-01-j2.27148790023684571393e-01
  +5.65059710408825299766e-01-j2.50455986747900261058e-01
  +5.46661173196444694078e-01-j2.72599177874172871050e-01
  +5.27747137926389164875e-01-j2.93591980078109382468e-01
  +5.08381991105560482325e-01-j3.13451298763683328108e-01
  +4.88624766256652631746e-01-j3.32196513046884245313e-01
  +4.68529301746005266693e-01-j3.49848723708731157434e-01
  +4.48144477243251015963e-01-j3.66430071268382007155e-01
  +4.27514513949268704085e-01-j3.81963128557927189544e-01
  +4.06679324469494452021e-01-j3.96470369741878658765e-01
  +3.85674899235363966010e-01-j4.09973715638604074840e-01
  +3.64533717600011741844e-01-j4.22494153470835798192e-01
  +3.43285173080108751975e-01-j4.34051427786183718904e-01
  +3.21956003620152420019e-01-j4.44663798224014583660e-01
  +3.00570719167390865145e-01-j4.54347859032930345702e-01
  +2.79152020225109376295e-01-j4.63118414730550098657e-01
  +2.57721202369701363200e-01-j4.70988406010075411068e-01
  +2.36298542952902868031e-01-j4.77968879902852639141e-01
  +2.14903667351521610041e-01-j4.84068998270864969680e-01
  +1.93555893167547232725e-01-j4.89296078899287778530e-01
  +1.72274551719313773201e-01-j4.93655663761323193484e-01
  +1.51079287002854889543e-01-j4.97151609413780060098e-01
  +1.29990333046211131718e-01-j4.99786194934142113944e-01
  +1.09028771236297228331e-01-j5.01560243314007392357e-01
  +8.82167697762960001384e-02-j5.02473252768726341699e-01
  +6.75778079411958054745e-02-j5.02523535001748400397e-01
  +4.71368882503038211240e-02-j5.01708358070836246689e-01
  +2.69207400781761863051e-02-j5.00024092141147402657e-01
  +6.95801858994851696316e-03-j4.97466357080858512241e-01
  -1.27204967772426569272e-02-j4.94030171564826758868e-01
  -3.20816997488331256960e-02-j4.89710104112299315915e-01
  -5.10899457213369601050e-02-j4.84500427310937176184e-01
  -6.97068262041491415459e-02-j4.78395277392924478388e-01
  -8.78909237574638790846e-02-j4.71388822356790915258e-01
  -1.05597541694306518156e-01-j4.63475443005904930160e-01
  -1.22778402526342367285e-01-j4.54649932645480259197e-01
  -1.39381308863407493703e-01-j4.44907722800100491334e-01
  -1.55349760248248980332e-01-j4.34245144251317438666e-01
  -1.70622519258197269387e-01-j4.22659735035409045434e-01
  -1.85133120193601813375e-01-j4.10150609888294770400e-01
  -1.98809313887974542512e-01-j3.96718909104705530488e-01
  -2.11572442749525246874e-01-j3.82368349042953026284e-01
  -2.23336741270586863761e-01-j3.67105901734151141014e-01
  -2.34008559198202015228e-01-j3.50942637451680305993e-01
  -2.43485507740776374597e-01-j3.33894771891360409022e-01
  -2.51655534150778736890e-01-j3.15984969046154029471e-01
  -2.58395937552763910183e-01-j2.97243962156459484714e-01
  -2.63572350062446947305e-01-j2.77712568442002982749e-01
  -2.67037723550458683253e-01-j2.57444188691389519441e-01
  -2.68631385851537451970e-01-j2.36507899928247555810e-01
  -2.68178263474748490580e-01-j2.14992267493102739984e-01
  -2.65488414396230165693e-01-j1.93010020287780970083e-01
  -2.60357078658951135441e-01-j1.70703746466235817270e-01
  -2.52565541442932861571e-01-j1.48252771038183017716e-01
  -2.41883218664849186652e-01-j1.25881362636822702328e-01
  -2.28071524207258735650e-01-j1.03868369803040760946e-01
  -2.10890263249117970723e-01-j8.25582859119903811340e-02
  -1.90107514180133801984e-01-j6.23735550154743689788e-02
  -1.65514195435462863060e-01-j4.38276157393664433926e-02
  -1.36944722596280710203e-01-j2.75376835968314248593e-02
  -1.04305265036240796261e-01-j1.42355360338407566090e-02
  -6.76109708756383320782e-02-j4.77354542772537304707e-03
  -2.70329273236201150787e-02-j1.21911320045436921689e-04
  +1.70457357902628614532e-02-j1.35160174392755239037e-03
  +6.39676424565007173406e-02-j9.59626954131258258496e-03
  +1.12739693516458405753e-01-j2.59860346402397898724e-02
  +1.61984140723025582531e-01-j5.15475660322235115784e-02
  +2.09919371783458763581e-01-j8.70696347737050652116e-02
  +2.54391210817400847954e-01-j1.32942210871794280758e-01
  +2.92974299387149583751e-01-j1.88989880522946518404e-01
  +3.23153576611477033609e-01-j2.54333944045179227711e-01
  +3.42576583755967556399e-01-j3.27326040438170928759e-01
  +3.49341639657566038757e-01-j4.05592103678480420115e-01
  +3.42264246650569425867e-01-j4.86204307767722276878e-01
  +3.21056786966345986123e-01-j5.65963755815058200405e-01
  +2.86372754528940953733e-01-j6.41740777569013154391e-01
  +2.39703177120319299576e-01-j7.10799473819286986576e-01
  +1.83154640657300110673e-01-j7.71038927984469046883e-01
  +1.19167312280823417536e-01-j8.21112229080780631207e-01
  +5.02371541388003453599e-02-j8.60421815179323812295e-01
  -2.13086806811012621776e-02-j8.89019613435675926105e-01
  -9.34595401006724918469e-02-j9.07454115404982331050e-01
  -1.64591925565413549348e-01-j9.16604446353226465227e-01
  -2.33478102782513574631e-01-j9.17530075236288267249e-01
  -2.99253324210281779205e-01-j9.11351188635445730313e-01
  -3.61361102496376762616e-01-j8.99163587541414455195e-01
  -4.19491368604539394127e-01-j8.81984943803567067455e-01
  -4.73521062001572012878e-01-j8.60726027666670279181e-01
  -5.23462220952354284620e-01-j8.36179912155542215402e-01
  -5.69419467465971496090e-01-j8.09022973954704238686e-01
  -6.11556843101752733993e-01-j7.79822864762684031525e-01
  -6.50072952084632560421e-01-j7.49050006283778047056e-01
  -6.85182985631894281298e-01-j7.17090328040174140867e-01
</dep>
<dep S[2,1] frequency>
  -2.48666107356457048716e-02-j2.62996165342789356423e-01
  -3.22217851099158292261e-02-j2.44461219502767168610e-01
  -3.81785878558033239805e-02-j2.26821348901410924093e-01
  -4.29081728392620501134e-02-j2.10018736707004216591e-01
  -4.65515384539927704055e-02-j1.93997689511962057018e-01
  -4.92251866174904864626e-02-j1.78705879296238295817e-01
  -5.10256326956618558310e-02-j1.64095005569237145648e-01
  -5.20330110123411113121e-02-j1.50121090576551957652e-01
  -5.23139687807411962739e-02-j1.36744546969755464971e-01
  -5.19239996172204676395e-02-j1.23930109041525085556e-01
  -5.09093348733947112517e-02-j1.11646686809811171437e-01
  -4.93084852788959193681e-02-j9.98671812286818089133e-02
  -4.71535053709959545154e-02-j8.85682849192879900757e-02
  -4.44710376647783414694e-02-j7.77302836347390224692e-02
  -4.12831814872454821996e-02-j6.73368676105817881572e-02
  -3.76082220678478004738e-02-j5.73749579587665495262e-02
  -3.34612482287227966382e-02-j4.78345506428203282034e-02
  -2.88546813725667310180e-02-j3.87085788619231860319e-02
  -2.37987340573923462916e-02-j2.99927935627607306079e-02
  -1.83018129930135713124e-02-j2.16856610823716634828e-02
  -1.23708785769523817860e-02-j1.37882764631454979992e-02
  -6.01177094091628373695e-03-j6.30429067880174456850e-03
  +7.70489226915108084068e-04+j7.60150196761705363065e-04
  +7.97141818340235674967e-03+j7.39645599934307500234e-03
  +1.55867991588903489347e-02+j1.35936359145016096017e-02
  +2.36124200193490244026e-02+j1.93383367238988308767e-02
  +3.20438144235394919979e-02+j2.46148783665057178938e-02
  +4.08760029817687997600e-02+j2.94052894706449199913e-02
  +5.01032314929979252782e-02+j3.36893456795503559720e-02
  +5.97187038603908051937e-02+j3.74446137801582729088e-02
  +6.97143077856285375837e-02+j4.06465048504782017202e-02
  +8.00803318420420656709e-02+j4.32683398621179007848e-02
  +9.08051730431828074686e-02+j4.52814314045646218454e-02
  +1.01875034575153913807e-01+j4.66551854286467379551e-02
  +1.13273613961562782948e-01+j4.73572271268728681171e-02
  +1.24981782593489118560e-01+j4.73535552639895371274e-02
  +1.36977258292356962599e-01+j4.66087294248402131402e-02
  +1.49234273390558058736e-01+j4.50860947381274898560e-02
  +1.61723241715344745462e-01+j4.27480486397918552077e-02
  +1.74410428846778875478e-01+j3.95563541315752872918e-02
  +1.87257631083171116604e-01+j3.54725037385724140115e-02
  +2.00221869674912178461e-01+j3.04581379420580562745e-02
  +2.13255108058018783002e-01+j2.44755212269336178132e-02
  +2.26304001001377846913e-01+j1.74880780036251529119e-02
  +2.39309685734707788818e-01+j9.46098951138694618801e-03
  +2.52207626194300316147e-01+j3.61851357929646806795e-04
  +2.64927522446062935213e-01-j9.83861041819158836652e-03
  +2.77393298043306257838e-01-j2.11657689664142105446e-02
  +2.89523178464538899490e-01-j3.36402785296729817111e-02
  +3.01229873760702204777e-01-j4.72772179232074721278e-02
  +3.12420878026159587471e-01-j6.20852077786014228122e-02
  +3.22998897200560963761e-01-j7.80655167905636576675e-02
  +3.32862414927158012379e-01-j9.52111752763520197140e-02
  +3.41906403675012848797e-01-j1.13506117313042484418e-01
  +3.50023185044325169102e-01-j1.32924375384300658132e-01
  +3.57103439122582411169e-01-j1.53429353651442224038e-01
  +3.63037357999792698049e-01-j1.74973207455808882349e-01
  +3.67715933196630984092e-01-j1.97496357251216697604e-01
  +3.71032360983292230916e-01-j2.20927164662991698529e-01
  +3.72883543604756118039e-01-j2.45181796612206209796e-01
  +3.73171658570473741001e-01-j2.70164300322727257697e-01
  +3.71805762746836188093e-01-j2.95766907507837795155e-01
  +3.68703393367113774204e-01-j3.21870580164070330120e-01
  +3.63792124603295019547e-01-j3.48345803332762549154e-01
  +3.57011036354354660549e-01-j3.75053622175535283922e-01
  +3.48312051662800825635e-01-j4.01846912095712105462e-01
  +3.37661100851721185379e-01-j4.28571861848562218889e-01
  +3.25039074139105488293e-01-j4.55069641097529953289e-01
  +3.10442530064759858455e-01-j4.81178216187487850508e-01
  +2.93884134351466652646e-01-j5.06734271494386656620e-01
  +2.75392812481541626735e-01-j5.31575188987385205408e-01
  +2.55013608861015650398e-01-j5.55541035918625913936e-01
  +2.32807255449302613615e-01-j5.78476510024170109681e-01
  +2.08849462600776053511e-01-j6.00232793317379109688e-01
  +1.83229954055027094428e-01-j6.20669269373004039991e-01
  +1.56051276035703040401e-01-j6.39655064686805219232e-01
  +1.27427416876955856839e-01-j6.57070381883647081089e-01
  +9.74822782130392168076e-02-j6.72807600786134107906e-01
  +6.63480413972580701509e-02-j6.86772132150157643693e-01
  +3.41634734547037882679e-02-j6.98883017724669985959e-01
  +1.07221564030028420830e-03-j7.09073278737153755991e-01
  -3.27789052030848862551e-02-j7.17290022546669181480e-01
  -6.72415065058882682747e-02-j7.23494323736021849314e-01
  -1.02167190269094515509e-01-j7.27660901127970993763e-01
  -1.37408968824646260387e-01-j7.29777616006001217386e-01
  -1.72822557151679989662e-01-j7.29844819193432914339e-01
  -2.08267518839101328787e-01-j7.27874575674595791774e-01
  -2.43608258444579617308e-01-j7.23889795271504765672e-01
  -2.78714858111845320554e-01-j7.17923296708304681246e-01
  -3.13463760727630158520e-01-j7.10016830415561517320e-01
  -3.47738305544439907369e-01-j7.00220082867836102203e-01
  -3.81429125038974137230e-01-j6.88589682320612794797e-01
  -4.14434413838409454467e-01-j6.75188222708121843496e-01
  -4.46660081883713366846e-01-j6.60083319344724306355e-01
  -4.78019804692130290125e-01-j6.43346707071144496837e-01
  -5.08434983725637557050e-01-j6.25053388702367151986e-01
  -5.37834629571158573391e-01-j6.05280839134604842222e-01
  -5.66155179993581336717e-01-j5.84108268294852961411e-01
  -5.93340264028882624636e-01-j5.61615944284894030858e-01
  -6.19340422228199183330e-01-j5.37884576579507389660e-01
  -6.44112792017332846939e-01-j5.12994757969226777838e-01
  -6.67620765960803774774e-01-j4.87026463063901959849e-01
  -6.89833629562318750850e-01-j4.60058600561080555114e-01
  -7.10726184129691795910e-01-j4.32168616096210489452e-01
  -7.30278359206026239647e-01-j4.03432142292455220289e-01
  -7.48474818134773567380e-01-j3.73922692581241222776e-01
  -7.65304559491130631521e-01-j3.43711395437224342952e-01
  -7.80760516375765267760e-01-j3.12866765834517390754e-01
  -7.94839154925169433241e-01-j2.81454510959941617276e-01
  -8.07540072836923306099e-01-j2.49537367493911560468e-01
  -8.18865598227851765323e-01-j2.17174968074653501615e-01
  -8.28820388725591161716e-01-j1.84423734886310197734e-01
  -8.37411030327012140262e-01-j1.51336798649141041073e-01
  -8.44645635226938695794e-01-j1.17963941638112898569e-01
  -8.50533437515020085407e-01-j8.43515637161948855782e-02
  -8.55084385345828312808e-01-j5.05426707451056000941e-02
  -8.58308727895956469212e-01-j1.65768851383518017739e-02
  -8.60216595123075578044e-01+j1.75095212391244738070e-02
  -8.60817568027066326586e-01+j5.16835711269239064802e-02
  -8.60120236776858893002e-01+j8.59155016154025674702e-02
  -8.58131743704325433697e-01+j1.20178657649340631108e-01
  -8.54857307778002284415e-01+j1.54449356558015643559e-01
  -8.50299726757477447592e-01+j1.88706719913126513832e-01
  -8.44458852802742687693e-01+j2.22932467832716585399e-01
  -8.37331036887414947856e-01+j2.57110669392500656993e-01
  -8.28908536967453812849e-01+j2.91227441006452480998e-01
  -8.19178884529012774074e-01+j3.25270582410062847334e-01
  -8.08124203943515473370e-01+j3.59229137118901531434e-01
  -7.95720479087738574719e-01+j3.93092860815859090895e-01
  -7.81936762077423686002e-01+j4.26851576892746220615e-01
  -7.66734319910478800963e-01+j4.60494393158174475378e-01
  -7.50065716600199383635e-01+j4.94008747319533314535e-01
  -7.31873831397918506170e-01+j5.27379241025996314818e-01
  -7.12090818517725820946e-01+j5.60586212783283688310e-01
  -6.90637021166187414778e-01+j5.93603988696438822359e-01
  -6.67419863730878359931e-01+j6.26398736602632455472e-01
  -6.42332762178039695655e-01+j6.58925833706921926236e-01
  -6.15254116059957278928e-01+j6.91126640604715736238e-01
  -5.86046478704903228696e-01+j7.22924556362615877703e-01
  -5.54556048620134300897e-01+j7.54220211826730824178e-01
  -5.20612689226550018340e-01+j7.84885644693810502481e-01
  -4.84030770940798549251e-01+j8.14757295601658770856e-01
  -4.44611244986157394532e-01+j8.43627678615455844913e-01
  -4.02145507336148122501e-01+j8.71235626293274445509e-01
  -3.56421796557477355005e-01+j8.97255110652175447150e-01
  -3.07235087330038847409e-01+j9.21282828124741826059e-01
  -2.54401675283811412598e-01+j9.42825051651433487798e-01
  -1.97779857816375359558e-01+j9.61284749759474976827e-01
  -1.37298219509995961252e-01+j9.75950708456077897779e-01
  -7.29928902743960800192e-02+j9.85991410798485512501e-01
  -5.05454268921144179993e-03+j9.90457722887828850844e-01
  +6.61154642268034636876e-02+j9.88299876406042665522e-01
  +1.39842838520902901234e-01+j9.78405481736870696885e-01
  +2.15118833208212067998e-01+j9.59665680600018777824e-01
  +2.90551273477084592844e-01+j9.31075004325821686813e-01
  +3.64345293580787543686e-01+j8.91865766287118000299e-01
  +4.34334588242334507235e-01+j8.41668915446875831599e-01
  +4.98082744087323947557e-01+j7.80680574354101430856e-01
  +5.53064669938898578749e-01+j7.09799901035121139081e-01
  +5.96918851656798588046e-01+j6.30695428623593068451e-01
  +6.27735478134922586513e-01+j5.45761077393179250272e-01
  +6.44322798350734582407e-01+j4.57944181942350869718e-01
  +6.46386769635942437517e-01+j3.70462778016153515548e-01
  +6.34575242260798311200e-01+j2.86465284317055146612e-01
  +6.10374335450673322079e-01+j2.08705940654276445034e-01
  +5.75886416698698777594e-01+j1.39303581890261096721e-01
  +5.33548081175351796013e-01+j7.96226032695708657583e-02
  +4.85852323196958479912e-01+j3.02776078101101540907e-02
  +4.35123891272394647256e-01-j8.76674053198547333088e-03
  +3.83371556742908292659e-01-j3.80427968332425689435e-02
  +3.32217423364473130043e-01-j5.84140072075314473188e-02
  +2.82888280193570762489e-01-j7.09246196941095280453e-02
  +2.36248344256820397291e-01-j7.66800574860844186276e-02
  +1.92853953805276923106e-01-j7.67618135502066700759e-02
  +1.53015378403032559218e-01-j7.21737036037502777130e-02
  +1.16856198460209184664e-01-j6.38130890104818271347e-02
  +8.43651861377936462816e-02-j5.24600754863808957373e-02
  +5.54387930510521209637e-02-j3.87785073833307736280e-02
  +2.99142885278966402796e-02-j2.33239316427579120028e-02
  +7.59459193417105337537e-03-j6.55508468578487688699e-03
  -1.17337748778466866018e-02+j1.11533784816204625118e-02
</dep>
<dep S[1,2] frequency>
  -2.48666107356485741042e-02-j2.62996165342784526953e-01
  -3.22217851099145663474e-02-j2.44461219502767335143e-01
  -3.81785878558030880581e-02-j2.26821348901411090626e-01
  -4.29081728392620223578e-02-j2.10018736707004244346e-01
  -4.65515384539926177498e-02-j1.93997689511962057018e-01
  -4.92251866174902505402e-02-j1.78705879296238240306e-01
  -5.10256326956632089153e-02-j1.64095005569238283627e-01
  -5.20330110123418398960e-02-j1.50121090576549959250e-01
  -5.23139687807400721731e-02-j1.36744546969754188215e-01
  -5.19239996172203080449e-02-j1.23930109041525127189e-01
  -5.09093348733945655349e-02-j1.11646686809811324093e-01
  -4.93084852788954058900e-02-j9.98671812286811982906e-02
  -4.71535053709954479761e-02-j8.85682849192873794530e-02
  -4.44710376647791047477e-02-j7.77302836347395220695e-02
  -4.12831814872454128107e-02-j6.73368676105818436683e-02
  -3.76082220678482168075e-02-j5.73749579587672989267e-02
  -3.34612482287228590883e-02-j4.78345506428192457360e-02
  -2.88546813725665159123e-02-j3.87085788619233525654e-02
  -2.37987340573912568853e-02-j2.99927935627593844625e-02
  -1.83018129930137864181e-02-j2.16856610823714726632e-02
  -1.23708785769534659882e-02-j1.37882764631463584221e-02
  -6.01177094091699237149e-03-j6.30429067880346714892e-03
  +7.70489226914928648608e-04+j7.60150196761906590988e-04
  +7.97141818340235674967e-03+j7.39645599934307500234e-03
  +1.55867991588902986277e-02+j1.35936359145016564393e-02
  +2.36124200193493088973e-02+j1.93383367238985255654e-02
  +3.20438144235407409988e-02+j2.46148783665070605697e-02
  +4.08760029817690287435e-02+j2.94052894706446250883e-02
  +5.01032314929987371288e-02+j3.36893456795510082280e-02
  +5.97187038603899586486e-02+j3.74446137801575998361e-02
  +6.97143077856287735061e-02+j4.06465048504779311034e-02
  +8.00803318420421073043e-02+j4.32683398621179285404e-02
  +9.08051730431830017576e-02+j4.52814314045641638784e-02
  +1.01875034575153317062e-01+j4.66551854286470779609e-02
  +1.13273613961562852337e-01+j4.73572271268728958726e-02
  +1.24981782593489174071e-01+j4.73535552639895579441e-02
  +1.36977258292357989555e-01+j4.66087294248408237629e-02
  +1.49234273390558308536e-01+j4.50860947381267196388e-02
  +1.61723241715344717706e-01+j4.27480486397920356190e-02
  +1.74410428846777820766e-01+j3.95563541315746766691e-02
  +1.87257631083171532937e-01+j3.54725037385713246052e-02
  +2.00221869674912178461e-01+j3.04581379420580562745e-02
  +2.13255108058018783002e-01+j2.44755212269329482100e-02
  +2.26304001001377819158e-01+j1.74880780036252049536e-02
  +2.39309685734707316973e-01+j9.46098951138722894794e-03
  +2.52207626194299594502e-01+j3.61851357930339124092e-04
  +2.64927522446062435613e-01-j9.83861041819030467115e-03
  +2.77393298043305813749e-01-j2.11657689664145332031e-02
  +2.89523178464539399091e-01-j3.36402785296733980447e-02
  +3.01229873760702204777e-01-j4.72772179232070904886e-02
  +3.12420878026159865026e-01-j6.20852077786026093631e-02
  +3.22998897200561574383e-01-j7.80655167905633662340e-02
  +3.32862414927158123401e-01-j9.52111752763523389032e-02
  +3.41906403675012460219e-01-j1.13506117313043719541e-01
  +3.50023185044325890747e-01-j1.32924375384299658931e-01
  +3.57103439122582244636e-01-j1.53429353651442640372e-01
  +3.63037357999792920094e-01-j1.74973207455808771327e-01
  +3.67715933196630651025e-01-j1.97496357251217474760e-01
  +3.71032360983291953360e-01-j2.20927164662992170374e-01
  +3.72883543604755285372e-01-j2.45181796612205682440e-01
  +3.73171658570473463445e-01-j2.70164300322726036452e-01
  +3.71805762746836798716e-01-j2.95766907507837406577e-01
  +3.68703393367114051760e-01-j3.21870580164070163587e-01
  +3.63792124603295852214e-01-j3.48345803332762937732e-01
  +3.57011036354355382194e-01-j3.75053622175535894545e-01
  +3.48312051662801769325e-01-j4.01846912095711383817e-01
  +3.37661100851721240890e-01-j4.28571861848562885022e-01
  +3.25039074139105488293e-01-j4.55069641097529509199e-01
  +3.10442530064760302544e-01-j4.81178216187487739486e-01
  +2.93884134351464765267e-01-j5.06734271494387100709e-01
  +2.75392812481539683844e-01-j5.31575188987386648698e-01
  +2.55013608861015372842e-01-j5.55541035918625691892e-01
  +2.32807255449303501793e-01-j5.78476510024170442748e-01
  +2.08849462600777663335e-01-j6.00232793317378776621e-01
  +1.83229954055025762161e-01-j6.20669269373004373058e-01
  +1.56051276035704150624e-01-j6.39655064686805885366e-01
  +1.27427416876955273972e-01-j6.57070381883645859844e-01
  +9.74822782130392306854e-02-j6.72807600786134663018e-01
  +6.63480413972597909966e-02-j6.86772132150158087782e-01
  +3.41634734547043364405e-02-j6.98883017724669430848e-01
  +1.07221564029941467816e-03-j7.09073278737153867013e-01
  -3.27789052030848099273e-02-j7.17290022546669736592e-01
  -6.72415065058864364067e-02-j7.23494323736021405225e-01
  -1.02167190269093419164e-01-j7.27660901127971659896e-01
  -1.37408968824647398366e-01-j7.29777616006000884319e-01
  -1.72822557151679878640e-01-j7.29844819193433802518e-01
  -2.08267518839100856942e-01-j7.27874575674595236663e-01
  -2.43608258444578895663e-01-j7.23889795271505209762e-01
  -2.78714858111846708333e-01-j7.17923296708304570224e-01
  -3.13463760727630991187e-01-j7.10016830415560851186e-01
  -3.47738305544439241235e-01-j7.00220082867836324247e-01
  -3.81429125038975858075e-01-j6.88589682320611684574e-01
  -4.14434413838409121400e-01-j6.75188222708122065541e-01
  -4.46660081883713200313e-01-j6.60083319344724528399e-01
  -4.78019804692130123591e-01-j6.43346707071143941725e-01
  -5.08434983725637557050e-01-j6.25053388702367040963e-01
  -5.37834629571158129302e-01-j6.05280839134605508356e-01
  -5.66155179993581780806e-01-j5.84108268294852073232e-01
  -5.93340264028882291569e-01-j5.61615944284894141880e-01
  -6.19340422228199294352e-01-j5.37884576579506945571e-01
  -6.44112792017332846939e-01-j5.12994757969227888061e-01
  -6.67620765960803996819e-01-j4.87026463063901682293e-01
  -6.89833629562318195738e-01-j4.60058600561080888180e-01
  -7.10726184129692128977e-01-j4.32168616096210989053e-01
  -7.30278359206026239647e-01-j4.03432142292455220289e-01
  -7.48474818134773456357e-01-j3.73922692581241833398e-01
  -7.65304559491130853566e-01-j3.43711395437224676019e-01
  -7.80760516375764823671e-01-j3.12866765834516946665e-01
  -7.94839154925169433241e-01-j2.81454510959942061366e-01
  -8.07540072836922862010e-01-j2.49537367493912282113e-01
  -8.18865598227851654300e-01-j2.17174968074653224059e-01
  -8.28820388725591161716e-01-j1.84423734886311141423e-01
  -8.37411030327012140262e-01-j1.51336798649141041073e-01
  -8.44645635226938362727e-01-j1.17963941638113037347e-01
  -8.50533437515019752340e-01-j8.43515637161948994560e-02
  -8.55084385345828312808e-01-j5.05426707451056000941e-02
  -8.58308727895956913301e-01-j1.65768851383524401522e-02
  -8.60216595123075689067e-01+j1.75095212391255528050e-02
  -8.60817568027066104541e-01+j5.16835711269245379196e-02
  -8.60120236776859559136e-01+j8.59155016154025674702e-02
  -8.58131743704325433697e-01+j1.20178657649340506208e-01
  -8.54857307778002284415e-01+j1.54449356558015643559e-01
  -8.50299726757477558614e-01+j1.88706719913126624855e-01
  -8.44458852802742687693e-01+j2.22932467832716585399e-01
  -8.37331036887414503767e-01+j2.57110669392500990060e-01
  -8.28908536967453590805e-01+j2.91227441006452147931e-01
  -8.19178884529013329185e-01+j3.25270582410062680800e-01
  -8.08124203943515251325e-01+j3.59229137118901920012e-01
  -7.95720479087738574719e-01+j3.93092860815859201917e-01
  -7.81936762077423797024e-01+j4.26851576892746387148e-01
  -7.66734319910479356075e-01+j4.60494393158173698222e-01
  -7.50065716600199716702e-01+j4.94008747319532426356e-01
  -7.31873831397918950259e-01+j5.27379241025996092773e-01
  -7.12090818517725376857e-01+j5.60586212783284798533e-01
  -6.90637021166186748644e-01+j5.93603988696439932582e-01
  -6.67419863730877471752e-01+j6.26398736602632455472e-01
  -6.42332762178039584633e-01+j6.58925833706921482147e-01
  -6.15254116059956945861e-01+j6.91126640604715847260e-01
  -5.86046478704902895629e-01+j7.22924556362616654859e-01
  -5.54556048620135300098e-01+j7.54220211826730602134e-01
  -5.20612689226550129362e-01+j7.84885644693810724526e-01
  -4.84030770940798826807e-01+j8.14757295601658881878e-01
  -4.44611244986157894132e-01+j8.43627678615455511846e-01
  -4.02145507336147955968e-01+j8.71235626293274223464e-01
  -3.56421796557477688072e-01+j8.97255110652175336128e-01
  -3.07235087330038625364e-01+j9.21282828124742159126e-01
  -2.54401675283812411799e-01+j9.42825051651433487798e-01
  -1.97779857816375803647e-01+j9.61284749759475198871e-01
  -1.37298219509996377585e-01+j9.75950708456077897779e-01
  -7.29928902743956081745e-02+j9.85991410798485512501e-01
  -5.05454268921009738924e-03+j9.90457722887828850844e-01
  +6.61154642268047543219e-02+j9.88299876406042443477e-01
  +1.39842838520903123278e-01+j9.78405481736871140974e-01
  +2.15118833208212539843e-01+j9.59665680600018222712e-01
  +2.90551273477084814889e-01+j9.31075004325821686813e-01
  +3.64345293580787765730e-01+j8.91865766287117778255e-01
  +4.34334588242335228880e-01+j8.41668915446875276487e-01
  +4.98082744087323947557e-01+j7.80680574354101208812e-01
  +5.53064669938898134660e-01+j7.09799901035121028059e-01
  +5.96918851656798699068e-01+j6.30695428623593179474e-01
  +6.27735478134922586513e-01+j5.45761077393179472317e-01
  +6.44322798350733694228e-01+j4.57944181942351369319e-01
  +6.46386769635942881607e-01+j3.70462778016153349014e-01
  +6.34575242260798200178e-01+j2.86465284317054924568e-01
  +6.10374335450673211056e-01+j2.08705940654276889124e-01
  +5.75886416698698999639e-01+j1.39303581890261124476e-01
  +5.33548081175352129080e-01+j7.96226032695708657583e-02
  +4.85852323196958146845e-01+j3.02776078101101020490e-02
  +4.35123891272394536234e-01-j8.76674053198588446034e-03
  +3.83371556742908514703e-01-j3.80427968332421248543e-02
  +3.32217423364472963510e-01-j5.84140072075316901801e-02
  +2.82888280193570595955e-01-j7.09246196941100137678e-02
  +2.36248344256820508313e-01-j7.66800574860841688274e-02
  +1.92853953805276756572e-01-j7.67618135502063508868e-02
  +1.53015378403032281662e-01-j7.21737036037502222019e-02
  +1.16856198460209642631e-01-j6.38130890104817993791e-02
  +8.43651861377935907704e-02-j5.24600754863809859430e-02
  +5.54387930510521625971e-02-j3.87785073833310026115e-02
  +2.99142885278967408935e-02-j2.33239316427583665003e-02
  +7.59459193417141593258e-03-j6.55508468578516571845e-03
  -1.17337748778465061905e-02+j1.11533784816207209856e-02
</dep>
<dep S[1,1] frequency>
  -9.58830609032782277268e-01+j9.05945223025381302095e-02
  -9.59424446998846103263e-01+j1.26366938957165497737e-01
  -9.58276288288999578135e-01+j1.61175663950394953972e-01
  -9.55555008726333587887e-01+j1.95074154142379996291e-01
  -9.51399253355627139150e-01+j2.28113575629365600284e-01
  -9.45923099052377369667e-01+j2.60341552945884235903e-01
  -9.39220568515180653790e-01+j2.91801497901801876189e-01
  -9.31369240302744594295e-01+j3.22532305170357580515e-01
  -9.22433147763897176574e-01+j3.52568275232006456132e-01
  -9.12465118037251388117e-01+j3.81939173575803814220e-01
  -9.01508669376968496678e-01+j4.10670366879699433316e-01
  -8.89599559320931043693e-01+j4.38782997898611359933e-01
  -8.76767056204474259928e-01+j4.66294174674952099924e-01
  -8.63034991003061691117e-01+j4.93217158867721217064e-01
  -8.48422634459415903052e-01+j5.19561544060434532533e-01
  -8.32945435121954957935e-01+j5.45333418904309530362e-01
  -8.16615646674199058275e-01+j5.70535512575751635467e-01
  -7.99442867291444092537e-01+j5.95167321740049271028e-01
  -7.81434509353987061253e-01+j6.19225219325111431168e-01
  -7.62596214393501226070e-01+j6.42702546127958962430e-01
  -7.42932225433404647141e-01+j6.65589686742553254817e-01
  -7.22445726738904614450e-01+j6.87874131603688265812e-01
  -7.01139159287586521963e-01+j7.09540527152957123391e-01
  -6.79014518907507635959e-01+j7.30570716290922517189e-01
  -6.56073642926945366227e-01+j7.50943771414431249234e-01
  -6.32318490276757683155e-01+j7.70636022467966697036e-01
  -6.07751419231866263360e-01+j7.89621082576185906454e-01
  -5.82375466332918034773e-01+j8.07869873978223740352e-01
  -5.56194629458419798063e-01+j8.25350657157553513343e-01
  -5.29214157493184345071e-01+j8.42029066255099545302e-01
  -5.01440848537178407440e-01+j8.57868154066198207452e-01
  -4.72883358096989447894e-01+j8.72828450150836654409e-01
  -4.43552518182766419841e-01+j8.86868035824685430057e-01
  -4.13461667678308830709e-01+j8.99942640037624919103e-01
  -3.82626993747193777651e-01+j9.12005760375352858560e-01
  -3.51067883369090671941e-01+j9.23008813624436430523e-01
  -3.18807283358874482548e-01+j9.32901320503979891718e-01
  -2.85872066396994917170e-01+j9.41631129268162725410e-01
  -2.52293399690584507766e-01+j9.49144682898497515922e-01
  -2.18107111890059268688e-01+j9.55387334506120344813e-01
  -1.83354052812333911948e-01+j9.60303715322247564146e-01
  -1.48080439382160089501e-01+j9.63838159236780511741e-01
  -1.12338180018732705645e-01+j9.65935187217197288589e-01
  -7.61851684967558284711e-02+j9.66540054069072174237e-01
  -3.96855371409489121604e-02+j9.65599358854660749785e-01
  -2.90985812409269573031e-03+j9.63061718841317748740e-01
  +3.40647193043735752038e-02+j9.58878505089195920519e-01
  +7.11544085527119896106e-02+j9.53004635702317970392e-01
  +1.08268815689911146460e-01+j9.45399420369153808963e-01
  +1.45311073033515480990e-01+j9.36027447139344825899e-01
  +1.82178089151541044988e-01+j9.24859499477583391069e-01
  +2.18760927030357238410e-01+j9.11873488587320313314e-01
  +2.54945320410627229712e-01+j8.97055382918965804606e-01
  +2.90612335808358546174e-01+j8.80400113813449514133e-01
  +3.25639184484432686606e-01+j8.61912433553281509546e-01
  +3.59900184610031148580e-01+j8.41607699894203920010e-01
  +3.93267869152380877829e-01+j8.19512559638094995051e-01
  +4.25614229687460210450e-01+j7.95665503191094192204e-01
  +4.56812080607078452310e-01+j7.70117262523458245838e-01
  +4.86736522261731530126e-01+j7.42931026670358374275e-01
  +5.15266475757845454631e-01+j7.14182451993196965034e-01
  +5.42286256741468353226e-01+j6.83959448895217092534e-01
  +5.67687150907151716339e-01+j6.52361732501848590182e-01
  +5.91368950527495385039e-01+j6.19500131824592181751e-01
  +6.13241409331374720537e-01+j5.85495659876817398093e-01
  +6.33225572833458816291e-01+j5.50478355753233339343e-01
  +6.51254942908682243896e-01+j5.14585918397358565990e-01
  +6.67276439073297700233e-01+j4.77962160185202988849e-01
  +6.81251124507363914340e-01+j4.40755316052714674058e-01
  +6.93154672125098292312e-01+j4.03116250215556193304e-01
  +7.02977554633470225198e-01+j3.65196607159109398744e-01
  +7.10724952073321536439e-01+j3.27146956201640248807e-01
  +7.16416380293184329453e-01+j2.89114979368707336604e-01
  +7.20085053611534631202e-01+j2.51243750523391040641e-01
  +7.21777004036441072188e-01+j2.13670149786867130670e-01
  +7.21549987343556464836e-01+j1.76523451508763556950e-01
  +7.19472212666556809602e-01+j1.39924116776629803294e-01
  +7.15620936750824943040e-01+j1.03982813141584667926e-01
  +7.10080966517663725313e-01+j6.87996753809297784121e-02
  +7.02943114077932751371e-01+j3.44638122189270118545e-02
  +6.94302646942314471978e-01+j1.05305545016115553736e-03
  +6.84257773130016122565e-01-j3.13660597452631584314e-02
  +6.72908196486692644633e-01-j6.27381010294945778982e-02
  +6.60353772142895145691e-01-j9.30183545982053300305e-02
  +6.46693286048681814648e-01-j1.22172277000118401080e-01
  +6.32023376269931214111e-01-j1.50174812046505512519e-01
  +6.16437607553553812423e-01-j1.77009602700155865840e-01
  +6.00025704836457007829e-01-j2.02668127535146347373e-01
  +5.82872946100211231091e-01-j2.27148790023684266082e-01
  +5.65059710408824411587e-01-j2.50455986747899261857e-01
  +5.46661173196444472033e-01-j2.72599177874173093095e-01
  +5.27747137926389053852e-01-j2.93591980078108993890e-01
  +5.08381991105560926414e-01-j3.13451298763683827708e-01
  +4.88624766256652243168e-01-j3.32196513046884800424e-01
  +4.68529301746005710783e-01-j3.49848723708730435789e-01
  +4.48144477243250738407e-01-j3.66430071268381951644e-01
  +4.27514513949269203685e-01-j3.81963128557927411588e-01
  +4.06679324469494118954e-01-j3.96470369741878270187e-01
  +3.85674899235364687655e-01-j4.09973715638605074041e-01
  +3.64533717600011519799e-01-j4.22494153470836908415e-01
  +3.43285173080108640953e-01-j4.34051427786184162994e-01
  +3.21956003620152142464e-01-j4.44663798224013973037e-01
  +3.00570719167391586790e-01-j4.54347859032931067347e-01
  +2.79152020225108987717e-01-j4.63118414730550376213e-01
  +2.57721202369701307688e-01-j4.70988406010075411068e-01
  +2.36298542952902923542e-01-j4.77968879902853638342e-01
  +2.14903667351521221462e-01-j4.84068998270865191724e-01
  +1.93555893167547454770e-01-j4.89296078899287556485e-01
  +1.72274551719313717690e-01-j4.93655663761323859617e-01
  +1.51079287002855666699e-01-j4.97151609413781225832e-01
  +1.29990333046211159473e-01-j4.99786194934141836388e-01
  +1.09028771236296673219e-01-j5.01560243314008280535e-01
  +8.82167697762958891161e-02-j5.02473252768726785789e-01
  +6.75778079411960552747e-02-j5.02523535001748511419e-01
  +4.71368882503041541909e-02-j5.01708358070836024645e-01
  +2.69207400781761307940e-02-j5.00024092141147513679e-01
  +6.95801858994848920759e-03-j4.97466357080859733486e-01
  -1.27204967772425736605e-02-j4.94030171564825593133e-01
  -3.20816997488328481403e-02-j4.89710104112298538759e-01
  -5.10899457213370711273e-02-j4.84500427310937509251e-01
  -6.97068262041490860348e-02-j4.78395277392924034299e-01
  -8.78909237574637680623e-02-j4.71388822356791026280e-01
  -1.05597541694306823468e-01-j4.63475443005904985672e-01
  -1.22778402526342284018e-01-j4.54649932645480370219e-01
  -1.39381308863407188392e-01-j4.44907722800100102756e-01
  -1.55349760248248924821e-01-j4.34245144251316883555e-01
  -1.70622519258197519187e-01-j4.22659735035409600545e-01
  -1.85133120193601369285e-01-j4.10150609888294215288e-01
  -1.98809313887974903334e-01-j3.96718909104706807245e-01
  -2.11572442749525413408e-01-j3.82368349042952804240e-01
  -2.23336741270587668673e-01-j3.67105901734151807148e-01
  -2.34008559198202348295e-01-j3.50942637451681527239e-01
  -2.43485507740777262775e-01-j3.33894771891361186178e-01
  -2.51655534150778292801e-01-j3.15984969046152919248e-01
  -2.58395937552762855471e-01-j2.97243962156458485513e-01
  -2.63572350062446281171e-01-j2.77712568442002982749e-01
  -2.67037723550458960808e-01-j2.57444188691389630463e-01
  -2.68631385851537285436e-01-j2.36507899928247528054e-01
  -2.68178263474748046491e-01-j2.14992267493102101605e-01
  -2.65488414396231386938e-01-j1.93010020287781358661e-01
  -2.60357078658951024419e-01-j1.70703746466235761758e-01
  -2.52565541442932861571e-01-j1.48252771038183128738e-01
  -2.41883218664849908297e-01-j1.25881362636823035395e-01
  -2.28071524207258680139e-01-j1.03868369803040663801e-01
  -2.10890263249118442568e-01-j8.25582859119903811340e-02
  -1.90107514180133774229e-01-j6.23735550154739526452e-02
  -1.65514195435463667971e-01-j4.38276157393660686923e-02
  -1.36944722596280904492e-01-j2.75376835968312999592e-02
  -1.04305265036241073817e-01-j1.42355360338406733423e-02
  -6.76109708756380822781e-02-j4.77354542772547019158e-03
  -2.70329273236186162777e-02-j1.21911320045589577354e-04
  +1.70457357902634720759e-02-j1.35160174392741361249e-03
  +6.39676424565006063183e-02-j9.59626954131193032893e-03
  +1.12739693516458794331e-01-j2.59860346402398523225e-02
  +1.61984140723026137643e-01-j5.15475660322236017841e-02
  +2.09919371783458985625e-01-j8.70696347737051901117e-02
  +2.54391210817401458577e-01-j1.32942210871794114224e-01
  +2.92974299387149028639e-01-j1.88989880522946490649e-01
  +3.23153576611476422986e-01-j2.54333944045179061177e-01
  +3.42576583755967667422e-01-j3.27326040438170706715e-01
  +3.49341639657566205290e-01-j4.05592103678481308293e-01
  +3.42264246650568870756e-01-j4.86204307767721832789e-01
  +3.21056786966345042433e-01-j5.65963755815057867338e-01
  +2.86372754528940398622e-01-j6.41740777569013820525e-01
  +2.39703177120319632643e-01-j7.10799473819286875553e-01
  +1.83154640657300027407e-01-j7.71038927984469157906e-01
  +1.19167312280823334270e-01-j8.21112229080781297341e-01
  +5.02371541388002829098e-02-j8.60421815179323812295e-01
  -2.13086806811015050389e-02-j8.89019613435676703261e-01
  -9.34595401006724779691e-02-j9.07454115404982442072e-01
  -1.64591925565413466082e-01-j9.16604446353226132160e-01
  -2.33478102782513852187e-01-j9.17530075236288378271e-01
  -2.99253324210281834716e-01-j9.11351188635445841335e-01
  -3.61361102496376984661e-01-j8.99163587541414122128e-01
  -4.19491368604539505149e-01-j8.81984943803567400522e-01
  -4.73521062001571624300e-01-j8.60726027666670168159e-01
  -5.23462220952354062575e-01-j8.36179912155541993357e-01
  -5.69419467465971496090e-01-j8.09022973954704682775e-01
  -6.11556843101752956038e-01-j7.79822864762684253570e-01
  -6.50072952084632782466e-01-j7.49050006283777602967e-01
  -6.85182985631893837208e-01-j7.17090328040174140867e-01
</dep>
